  0.000000000000000E+000 -1.348740485530070E-002
  1.759530791788856E-002 -5.905564841903382E-003
  3.519061583577713E-002 -5.999190748998704E-003
  5.278592375366570E-002 -3.496911862835190E-003
  7.038123167155426E-002 -3.561740187237952E-003
  8.797653958944282E-002 -2.069899946253413E-003
  0.105571847507331      -2.124170348041841E-003
  0.123167155425220      -1.068447738809355E-003
  0.140762463343109      -1.122298509486047E-003
  0.158357771260997      -3.156883498431471E-004
  0.175953079178886      -3.773744471739118E-004
  0.193548387096774       2.610060768337137E-004
  0.211143695014663       1.827928204360680E-004
  0.228739002932551       6.915875286863200E-004
  0.246334310850440       5.885646255402609E-004
  0.263929618768328       9.909010187599979E-004
  0.281524926686217       8.595366041958321E-004
  0.299120234604106       1.171642116051686E-003
  0.316715542521994       1.010319308136856E-003
  0.334310850439883       1.243979417014708E-003
  0.351906158357771       1.052326177761814E-003
  0.369501466275660       1.216838276055804E-003
  0.387096774193548       9.956276586597103E-004
  0.404692082111437       1.099184400955040E-003
  0.422287390029326       8.509002337356803E-004
  0.439882697947214       9.022097299189940E-004
  0.457478005865103       6.307930488477409E-004
  0.475073313782991       6.374195030768628E-004
  0.492668621700880       3.461761611609013E-004
  0.510263929618768       3.145129717103179E-004
  0.527859237536657       6.698291723199689E-006
  0.545454545454546      -5.736952083789948E-005
  0.563049853372434      -3.782735126624546E-004
  0.580645161290323      -4.689610389372960E-004
  0.598240469208211      -7.989109521631164E-004
  0.615835777126100      -9.097201412261120E-004
  0.633431085043988      -1.242556506045427E-003
  0.651026392961877      -1.364855573866893E-003
  0.668621700879765      -1.693656203672865E-003
  0.686217008797654      -1.820045643238897E-003
  0.703812316715543      -2.139175608584954E-003
  0.721407624633431      -2.263386151184695E-003
  0.739002932551320      -2.567976682574435E-003
  0.756598240469208      -2.684579378729788E-003
  0.774193548387097      -2.970448967394511E-003
  0.791788856304985      -3.074875549507611E-003
  0.809384164222874      -3.338830610074149E-003
  0.826979472140763      -3.428742462166039E-003
  0.844574780058651      -3.671506030759332E-003
  0.862170087976540      -3.748449628688678E-003
  0.879765395894428      -3.972067919770624E-003
  0.897360703812317      -4.037119155778126E-003
  0.914956011730205      -4.242888900365907E-003
  0.932551319648094      -4.296615828085592E-003
  0.950146627565982      -4.485322739267943E-003
  0.967741935483871      -4.527832598144217E-003
  0.985337243401760      -4.699691687672252E-003
   1.00293255131965      -4.730393921441021E-003
   1.02052785923754      -4.884242432090552E-003
   1.03812316715543      -4.900004036863899E-003
   1.05571847507331      -5.031928649562769E-003
   1.07331378299120      -5.028738493087687E-003
   1.09090909090909      -5.135621561305363E-003
   1.10850439882698      -5.110499091713253E-003
   1.12609970674487      -5.189959373783379E-003
   1.14369501466276      -5.140558392355051E-003
   1.16129032258065      -5.190763874996033E-003
   1.17888563049853      -5.115293769347273E-003
   1.19648093841642      -5.134968406631965E-003
   1.21407624633431      -5.032401535290189E-003
   1.23167155425220      -5.021884672070779E-003
   1.24926686217009      -4.894011663266330E-003
   1.26686217008798      -4.856199671867248E-003
   1.28445747800587      -4.705846928338572E-003
   1.30205278592375      -4.643719713831912E-003
   1.31964809384164      -4.473750301334150E-003
   1.33724340175953      -4.390411325204237E-003
   1.35483870967742      -4.203897310215852E-003
   1.37243401759531      -4.102726109287446E-003
   1.39002932551320      -3.903132107213059E-003
   1.40762463343109      -3.788105585531821E-003
   1.42521994134897      -3.579877999642701E-003
   1.44281524926686      -3.455872390930569E-003
   1.46041055718475      -3.243290706031899E-003
   1.47800586510264      -3.113963184471258E-003
   1.49560117302053      -2.900114347280431E-003
   1.51319648093842      -2.768373761162977E-003
   1.53079178885631      -2.555834527555575E-003
   1.54838709677419      -2.424161925050133E-003
   1.56598240469208      -2.215135515086386E-003
   1.58357771260997      -2.085646628123920E-003
   1.60117302052786      -1.881955313787140E-003
   1.61876832844575      -1.756241946711761E-003
   1.63636363636364      -1.558915631686311E-003
   1.65395894428153      -1.437768291372666E-003
   1.67155425219941      -1.247555696061999E-003
   1.68914956011730      -1.131936094988065E-003
   1.70674486803519      -9.498063068235431E-004
   1.72434017595308      -8.408134022847564E-004
   1.74193548387097      -6.678446312655711E-004
   1.75953079178886      -5.666740588440988E-004
   1.77712609970675      -4.040549480715394E-004
   1.79472140762463      -3.120379138329388E-004
   1.81231671554252      -1.611757740303852E-004
   1.82991202346041      -7.990017410465367E-005
   1.84750733137830       5.784160929182169E-005
   1.86510263929619       1.273581932158856E-004
   1.88269794721408       2.513335226914663E-004
   1.90029325513196       3.085681660725812E-004
   1.91788856304985       4.184398284621611E-004
   1.93548387096774       4.631240505756915E-004
   1.95307917888563       5.587886209871025E-004
   1.97067448680352       5.908894858438616E-004
   1.98826979472141       6.724920006810702E-004
   2.00586510263930       6.922795683972276E-004
   2.02346041055718       7.604532379581705E-004
   2.04105571847507       7.689668421741242E-004
   2.05865102639296       8.250543856879449E-004
   2.07624633431085       8.235629354033536E-004
   2.09384164222874       8.687938577621031E-004
   2.11143695014663       8.584600094886836E-004
   2.12903225806452       8.940326192766684E-004
   2.14662756598241       8.760342460561170E-004
   2.16422287390029       9.031982460755755E-004
   2.18181818181818       8.788088424303037E-004
   2.19941348973607       8.989724138653914E-004
   2.21700879765396       8.697724514506301E-004
   2.23460410557185       8.848327343161899E-004
   2.25219941348974       8.527254875650972E-004
   2.26979472140762       8.643480021890629E-004
   2.28739002932551       8.306950401048767E-004
   2.30498533724340       8.400925954537435E-004
   2.32258064516129       8.059319321724665E-004
   2.34017595307918       8.140397028659945E-004
   2.35777126099707       7.801451123365653E-004
   2.37536656891496       7.876195201457319E-004
   2.39296187683284       7.544451841402581E-004
   2.41055718475073       7.614842510196584E-004
   2.42815249266862       7.286603126771669E-004
   2.44574780058651       7.344031257082009E-004
   2.46334310850440       7.010317582928611E-004
   2.48093841642229       7.049228357999882E-004
   2.49853372434018       6.706878277308514E-004
   2.51612903225806       6.726224563983227E-004
   2.53372434017595       6.375614794144574E-004
   2.55131964809384       6.377619947427365E-004
   2.56891495601173       6.022463199306978E-004
   2.58651026392962       6.013069932507435E-004
   2.60410557184751       5.661915304728662E-004
   2.62170087976540       5.654727378492522E-004
   2.63929618768328       5.325853639737037E-004
   2.65689149560117       5.338976978026713E-004
   2.67448680351906       5.045730700017454E-004
   2.69208211143695       5.089100615949273E-004
   2.70967741935484       4.839034602737584E-004
   2.72727272727273       4.918686208743111E-004
   2.74486803519062       4.716190803062272E-004
   2.76246334310850       4.835356420555363E-004
   2.78005865102639       4.682141766989085E-004
   2.79765395894428       4.841263913500805E-004
   2.81524926686217       4.735713004930447E-004
   2.83284457478006       4.931617960224229E-004
   2.85043988269795       4.870629571287284E-004
   2.86803519061584       5.102132682699261E-004
   2.88563049853372       5.085512680742216E-004
   2.90322580645161       5.352960036505141E-004
   2.92082111436950       5.380991267685075E-004
   2.93841642228739       5.684793997446016E-004
   2.95601173020528       5.757601665444621E-004
   2.97360703812317       6.097829648675743E-004
   2.99120234604106       6.215023458304780E-004
   3.00879765395894       6.590884876188133E-004
   3.02639296187683       6.749211635957171E-004
   3.04398826979472       7.152730289733312E-004
   3.06158357771261       7.339913913072710E-004
   3.07917888563050       7.757840102124851E-004
   3.09677419354839       7.960593558143109E-004
   3.11436950146628       8.379752123131596E-004
   3.13196480938416       8.584625407999064E-004
   3.14956011730205       8.991461282299978E-004
   3.16715542521994       9.184399029805325E-004
   3.18475073313783       9.564445205236294E-004
   3.20234604105572       9.729939749533630E-004
   3.21994134897361       1.006668346935643E-003
   3.23753665689150       1.018914694548497E-003
   3.25513196480938       1.047181001510189E-003
   3.27272727272727       1.054493034804147E-003
   3.29032258064516       1.076952947384775E-003
   3.30791788856305       1.079042155050062E-003
   3.32551319648094       1.095518391929246E-003
   3.34310850439883       1.092283159665615E-003
   3.36070381231672       1.102770802356705E-003
   3.37829912023460       1.094282812922275E-003
   3.39589442815249       1.098966176820040E-003
   3.41348973607038       1.085544144531611E-003
   3.43108504398827       1.084924325852448E-003
   3.44868035190616       1.067079848749602E-003
   3.46627565982405       1.061524177393769E-003
   3.48387096774194       1.039464821688954E-003
   3.50146627565982       1.029112489075918E-003
   3.51906158357771       1.002914159187571E-003
   3.53665689149560       9.878084492995879E-004
   3.55425219941349       9.574632142188629E-004
   3.57184750733138       9.375639988736000E-004
   3.58944281524927       9.029706619460142E-004
   3.60703812316716       8.781095591020549E-004
   3.62463343108504       8.389930893019849E-004
   3.64222873900293       8.089228756493822E-004
   3.65982404692082       7.652194208248808E-004
   3.67741935483871       7.300882837453013E-004
   3.69501466275660       6.820487970445319E-004
   3.71260997067449       6.421928165262763E-004
   3.73020527859238       5.902095791928324E-004
   3.74780058651026       5.460931921469344E-004
   3.76539589442815       4.906851631162870E-004
   3.78299120234604       4.429082567889210E-004
   3.80058651026393       3.847556209532483E-004
   3.81818181818182       3.341612200186611E-004
   3.83577712609971       2.743256646915281E-004
   3.85337243401760       2.221121145817727E-004
   3.87096774193548       1.617238457961563E-004
   3.88856304985337       1.089365946919293E-004
   3.90615835777126       4.897800490183801E-005
   3.92375366568915      -3.427175798708548E-006
   3.94134897360704      -6.203465834252619E-005
   3.95894428152493      -1.131475506797139E-004
   3.97653958944282      -1.695185962095573E-004
   3.99413489736070      -2.184593527670601E-004
   4.01173020527859      -2.717491542611306E-004
   4.02932551319648      -3.178408254532997E-004
   4.04692082111437      -3.677613593777867E-004
   4.06451612903226      -4.110145327823359E-004
   4.08211143695015      -4.576643704800225E-004
   4.09970674486804      -4.981619039291539E-004
   4.11730205278592      -5.416235777763621E-004
   4.13489736070381      -5.794298254305479E-004
   4.15249266862170      -6.197634479830642E-004
   4.17008797653959      -6.549142393782334E-004
   4.18768328445748      -6.921413961807415E-004
   4.20527859237537      -7.246125231231979E-004
   4.22287390029326      -7.586037154429282E-004
   4.24046920821114      -7.880346287985159E-004
   4.25806451612903      -8.182608422299410E-004
   4.27565982404692      -8.441037469878744E-004
   4.29325513196481      -8.700753129473944E-004
   4.31085043988270      -8.918686363557773E-004
   4.32844574780059      -9.131600475747143E-004
   4.34604105571848      -9.304944777744483E-004
   4.36363636363636      -9.467253757165561E-004
   4.38123167155425      -9.592329022524737E-004
   4.39882697947214      -9.700622538167058E-004
   4.41642228739003      -9.774439927504068E-004
   4.43401759530792      -9.827983949453627E-004
   4.45161290322581      -9.853375527119996E-004
   4.46920821114370      -9.857383547335254E-004
   4.48680351906158      -9.839987497855709E-004
   4.50439882697947      -9.800273817550818E-004
   4.52199413489736      -9.745953133940609E-004
   4.53958944281525      -9.668589598074999E-004
   4.55718475073314      -9.583501225946343E-004
   4.57478005865103      -9.474904077262959E-004
   4.59237536656892      -9.365630436918107E-004
   4.60997067448680      -9.232819495842251E-004
   4.62756598240469      -9.106660619154329E-004
   4.64516129032258      -8.956728805931772E-004
   4.66275659824047      -8.819832137595274E-004
   4.68035190615836      -8.658298121226131E-004
   4.69794721407625      -8.515794324618977E-004
   4.71554252199414      -8.347667140823720E-004
   4.73313782991202      -8.204353154995592E-004
   4.75073313782991      -8.034383392312918E-004
   4.76832844574780      -7.894848904284650E-004
   4.78592375366569      -7.727617509854085E-004
   4.80351906158358      -7.596324872013621E-004
   4.82111436950147      -7.436273577594680E-004
   4.83870967741935      -7.317255175209656E-004
   4.85630498533724      -7.167901515489283E-004
   4.87390029325513      -7.064169157535298E-004
   4.89149560117302      -6.928367260526144E-004
   4.90909090909091      -6.842532673618131E-004
   4.92668621700880      -6.722777275493574E-004
   4.94428152492669      -6.657071849009177E-004
   4.96187683284458      -6.555430176337703E-004
   4.97947214076246      -6.511571597925584E-004
   4.99706744868035      -6.429439058174020E-004
   5.01466275659824      -6.408000910807838E-004
   5.03225806451613      -6.344441693913481E-004
   5.04985337243402      -6.342970184816455E-004
   5.06744868035191      -6.295524430089735E-004
   5.08504398826980      -6.312172656437402E-004
   5.10263929618768      -6.279596845578977E-004
   5.12023460410557      -6.313459125375829E-004
   5.13782991202346      -6.295255435899435E-004
   5.15542521994135      -6.346101866174558E-004
   5.17302052785924      -6.342443025417603E-004
   5.19061583577713      -6.410773887894179E-004
   5.20821114369502      -6.422780109774052E-004
   5.22580645161290      -6.510330538127610E-004
   5.24340175953079      -6.539778207086798E-004
   5.26099706744868      -6.647221934208056E-004
   5.27859237536657      -6.693752785640189E-004
   5.29618768328446      -6.820066946127058E-004
   5.31378299120235      -6.882308594445540E-004
   5.33137829912024      -7.025696565802693E-004
   5.34897360703812      -7.101549917131528E-004
   5.36656891495601      -7.259462758697380E-004
   5.38416422287390      -7.345967688870231E-004
   5.40175953079179      -7.514732947902631E-004
   5.41935483870968      -7.606944801481938E-004
   5.43695014662757      -7.779353525623981E-004
   5.45454545454546      -7.868732079619379E-004
   5.47214076246334      -8.036639165110275E-004
   5.48973607038123      -8.116011469699785E-004
   5.50733137829912      -8.272782824757284E-004
   5.52492668621701      -8.336009858991503E-004
   5.54252199413490      -8.475794839217089E-004
   5.56011730205279      -8.517368994006406E-004
   5.57771260997067      -8.634837378830710E-004
   5.59530791788856      -8.649664058753760E-004
   5.61290322580645      -8.739710516448739E-004
   5.63049853372434      -8.722446844435961E-004
   5.64809384164223      -8.779309486069773E-004
   5.66568914956012      -8.724374034471409E-004
   5.68328445747801      -8.742911701172338E-004
   5.70087976539589      -8.645709566086202E-004
   5.71847507331378      -8.621720205907534E-004
   5.73607038123167      -8.478548005622735E-004
   5.75366568914956      -8.408738071250320E-004
   5.77126099706745      -8.216863971911260E-004
   5.78885630498534      -8.099036543447331E-004
   5.80645161290323      -7.857131233053282E-004
   5.82404692082111      -7.691379102686363E-004
   5.84164222873900      -7.401399784412506E-004
   5.85923753665689      -7.190345617211741E-004
   5.87683284457478      -6.854495956272079E-004
   5.89442815249267      -6.599799140785870E-004
   5.91202346041056      -6.219571138805348E-004
   5.92961876832845      -5.922560405975434E-004
   5.94721407624634      -5.499297298879177E-004
   5.96480938416422      -5.161277682244847E-004
   5.98240469208211      -4.696393656220467E-004
   6.00000000000000      -4.318831248984885E-004
   6.01759530791789      -3.814077479975022E-004
   6.03519061583578      -3.399287461566840E-004
   6.05278592375367      -2.857846044241650E-004
   6.07038123167156      -2.409440188904499E-004
   6.08797653958944      -1.835159718239233E-004
   6.10557184750733      -1.357131732589701E-004
   6.12316715542522      -7.543095438872971E-005
   6.14076246334311      -2.512324514877196E-005
   6.15835777126100       3.751013302312067E-005
   6.17595307917889       8.977031753788889E-005
   6.19354838709677       1.541234339485877E-004
   6.21114369501466       2.075751486524468E-004
   6.22873900293255       2.726264562635792E-004
   6.24633431085044       3.260306405404851E-004
   6.26392961876833       3.905603553344747E-004
   6.28152492668622       4.428579434971489E-004
   6.29912023460411       5.059159957494008E-004
   6.31671554252199       5.562318688039177E-004
   6.33431085043988       6.169902031698139E-004
   6.35190615835777       6.645392363020621E-004
   6.36950146627566       7.222352960152157E-004
   6.38709677419355       7.662750961895020E-004
   6.40469208211144       8.201576465740925E-004
   6.42228739002933       8.599042349132077E-004
   6.43988269794721       9.091632731556495E-004
   6.45747800586510       9.438865765118536E-004
   6.47507331378299       9.879148333330366E-004
   6.49266862170088       1.017108165824352E-003
   6.51026392961877       1.055463970935726E-003
   6.52785923753666       1.078750957652692E-003
   6.54545454545455       1.111109389431843E-003
   6.56304985337243       1.128223552570386E-003
   6.58064516129032       1.154368060626383E-003
   6.59824046920821       1.165155181915431E-003
   6.61583577712610       1.185010565467253E-003
   6.63343108504399       1.189565647467996E-003
   6.65102639296188       1.203419296688104E-003
   6.66862170087977       1.202129728495597E-003
   6.68621700879765       1.210378870931936E-003
   6.70381231671554       1.203656257517146E-003
   6.72140762463343       1.206725566806724E-003
   6.73900293255132       1.195020120983757E-003
   6.75659824046921       1.193379762505592E-003
   6.77419354838710       1.177193031693321E-003
   6.79178885630499       1.171370938059857E-003
   6.80938416422287       1.151269724434434E-003
   6.82697947214076       1.141807750650690E-003
   6.84457478005865       1.118191442740974E-003
   6.86217008797654       1.105317826963125E-003
   6.87976539589443       1.078361438874405E-003
   6.89736070381232       1.062259710040593E-003
   6.91495601173021       1.032173387593910E-003
   6.93255131964809       1.013077016219740E-003
   6.95014662756598       9.801306372237539E-004
   6.96774193548387       9.583439129797571E-004
   6.98533724340176       9.228929196520453E-004
   7.00293255131965       8.988322380658408E-004
   7.02052785923754       8.613797462325319E-004
   7.03812316715543       8.355548523432073E-004
   7.05571847507331       7.964811893244848E-004
   7.07331378299120       7.691197168402239E-004
   7.09090909090909       7.285918184537236E-004
   7.10850439882698       6.998335205094260E-004
   7.12609970674487       6.579841230248496E-004
   7.14369501466276       6.279556076473020E-004
   7.16129032258065       5.849183282537855E-004
   7.17888563049853       5.537581145211894E-004
   7.19648093841642       5.096888787672451E-004
   7.21407624633431       4.775632519278795E-004
   7.23167155425220       4.325891991734330E-004
   7.24926686217009       3.994973790675554E-004
   7.26686217008798       3.535235236153647E-004
   7.28445747800587       3.193536639109805E-004
   7.30205278592375       2.722938482096749E-004
   7.31964809384164       2.369865347914812E-004
   7.33724340175953       1.888234440229645E-004
   7.35483870967742       1.524064269527686E-004
   7.37243401759531       1.032346725658249E-004
   7.39002932551320       6.588416696389976E-005
   7.40762463343109       1.602614626188204E-005
   7.42521994134897      -2.166697235570825E-005
   7.44281524926686      -7.134628080684713E-005
   7.46041055718475      -1.085200835340723E-004
   7.47800586510264      -1.573480173417451E-004
   7.49560117302053      -1.934829804512414E-004
   7.51319648093842      -2.410234390398596E-004
   7.53079178885631      -2.757487530142660E-004
   7.54838709677419      -3.216712142513075E-004
   7.56598240469208      -3.546892685454068E-004
   7.58357771260997      -3.987072810499019E-004
   7.60117302052786      -4.297276594198429E-004
   7.61876832844575      -4.714801067806145E-004
   7.63636363636364      -4.999994723998618E-004
   7.65395894428153      -5.388995145494486E-004
   7.67155425219941      -5.644077919390749E-004
   7.68914956011730      -6.000536548894698E-004
   7.70674486803519      -6.222333085451872E-004
   7.72434017595308      -6.543695674530849E-004
   7.74193548387097      -6.730230286588940E-004
   7.75953079178886      -7.014969787319377E-004
   7.77712609970675      -7.165150907225440E-004
   7.79472140762463      -7.412474859065150E-004
   7.81231671554252      -7.525673148979172E-004
   7.82991202346041      -7.734662551320211E-004
   7.84750733137830      -7.809773557780443E-004
   7.86510263929619      -7.979781327698883E-004
   7.88269794721408      -8.017076170632477E-004
   7.90029325513197      -8.149156792125736E-004
   7.91788856304985      -8.150438311387001E-004
   7.93548387096774      -8.247066612238927E-004
   7.95307917888563      -8.215540222754224E-004
   7.97067448680352      -8.280630869511658E-004
   7.98826979472141      -8.221040240771568E-004
   8.00586510263930      -8.260290570805002E-004
   8.02346041055718      -8.179033845394848E-004
   8.04105571847507      -8.197638828633756E-004
   8.05865102639296      -8.097254521605479E-004
   8.07624633431085      -8.096061461706720E-004
   8.09384164222874      -7.977182365733095E-004
   8.11143695014663      -7.956940160068566E-004
   8.12903225806452      -7.820602598236977E-004
   8.14662756598241      -7.782691635985153E-004
   8.16422287390029      -7.630763909833416E-004
   8.18181818181818      -7.577624440551124E-004
   8.19941348973607      -7.413371854642755E-004
   8.21700879765396      -7.349351721419012E-004
   8.23460410557185      -7.177401839349871E-004
   8.25219941348974      -7.105155916842499E-004
   8.26979472140763      -6.925741297682664E-004
   8.28739002932551      -6.844346959139594E-004
   8.30498533724340      -6.656206761088721E-004
   8.32258064516129      -6.564247455360432E-004
   8.34017595307918      -6.365994860341958E-004
   8.35777126099707      -6.262177930634328E-004
   8.37536656891496      -6.052775764772201E-004
   8.39296187683285      -5.936414542273474E-004
   8.41055718475073      -5.715874750202306E-004
   8.42815249266862      -5.587926601451024E-004
   8.44574780058651      -5.357529333735000E-004
   8.46334310850440      -5.218445446274965E-004
   8.48093841642229      -4.977757117246406E-004
   8.49853372434018      -4.826677112709014E-004
   8.51612903225807      -4.574721153218211E-004
   8.53372434017595      -4.410654030148531E-004
   8.55131964809384      -4.146590841970655E-004
   8.56891495601173      -3.968948409134261E-004
   8.58651026392962      -3.692661272998770E-004
   8.60410557184751      -3.502135393501730E-004
   8.62170087976540      -3.216000952748717E-004
   8.63929618768329      -3.016750622052084E-004
   8.65689149560117      -2.724796239028428E-004
   8.67448680351906      -2.519060747733192E-004
   8.69208211143695      -2.222113429938142E-004
   8.70967741935484      -2.009855650527958E-004
   8.72727272727273      -1.707267393240171E-004
   8.74486803519062      -1.487348989197720E-004
   8.76246334310851      -1.177623571294344E-004
   8.78005865102639      -9.482608958756805E-005
   8.79765395894428      -6.294637425657101E-005
   8.81524926686217      -3.889199193735205E-005
   8.83284457478006      -6.087709786522511E-006
   8.85043988269795       1.886564778037619E-005
   8.86803519061584       5.226747670228377E-005
   8.88563049853373       7.782349183274152E-005
   8.90322580645161       1.115706861699190E-004
   8.92082111436950       1.375129735388898E-004
   8.93841642228739       1.714151478104998E-004
   8.95601173020528       1.975755336189419E-004
   8.97360703812317       2.314767812655727E-004
   8.99120234604106       2.577046167245287E-004
   9.00879765395895       2.914308466124140E-004
   9.02639296187683       3.174107514981857E-004
   9.04398826979472       3.503737588544787E-004
   9.06158357771261       3.753457271147800E-004
   9.07917888563050       4.068091296079070E-004
   9.09677419354839       4.301168471148915E-004
   9.11436950146628       4.594836091614716E-004
   9.13196480938416       4.805823124960168E-004
   9.14956011730205       5.073509230191019E-004
   9.16715542521994       5.257782397223538E-004
   9.18475073313783       5.495161620771876E-004
   9.20234604105572       5.648578378671676E-004
   9.21994134897361       5.851211085316219E-004
   9.23753665689150       5.968433308564519E-004
   9.25513196480938       6.130559619009595E-004
   9.27272727272727       6.206644351356221E-004
   9.29032258064516       6.324487731200165E-004
   9.30791788856305       6.356687558366706E-004
   9.32551319648094       6.428468645037443E-004
   9.34310850439883       6.415997811066305E-004
   9.36070381231672       6.441968664498341E-004
   9.37829912023460       6.386257550392645E-004
   9.39589442815249       6.369238992157053E-004
   9.41348973607038       6.275245042420512E-004
   9.43108504398827       6.223555341435421E-004
   9.44868035190616       6.102139413704372E-004
   9.46627565982405       6.026451193060280E-004
   9.48387096774194       5.887118489391917E-004
   9.50146627565982       5.796352654116327E-004
   9.51906158357771       5.647882309457959E-004
   9.53665689149560       5.550899495174769E-004
   9.55425219941349       5.402427164924020E-004
   9.57184750733138       5.308834743493746E-004
   9.58944281524927       5.170694078976682E-004
   9.60703812316716       5.092092979127571E-004
   9.62463343108504       4.977370843397727E-004
   9.64222873900293       4.926103183092307E-004
   9.65982404692082       4.843465811005091E-004
   9.67741935483871       4.824837124080563E-004
   9.69501466275660       4.778040323225558E-004
   9.71260997067449       4.794984431075085E-004
   9.73020527859238       4.786395746802491E-004
   9.74780058651026       4.840909058385602E-004
   9.76539589442815       4.872301977065182E-004
   9.78299120234604       4.966108443483194E-004
   9.80058651026393       5.039400120601914E-004
   9.81818181818182       5.174764724972593E-004
   9.83577712609971       5.290951191506827E-004
   9.85337243401760       5.464919735550316E-004
   9.87096774193548       5.617283036548759E-004
   9.88856304985337       5.821335165312570E-004
   9.90615835777126       6.000354158248826E-004
   9.92375366568915       6.224153749945398E-004
   9.94134897360704       6.418759887179802E-004
   9.95894428152493       6.650550106379854E-004
   9.97653958944282       6.848289272696159E-004
   9.99413489736071       7.074881405253704E-004
   10.0117302052786       7.261643063404055E-004
   10.0293255131965       7.468175773106703E-004
   10.0469208211144       7.629468369349728E-004
   10.0645161290323       7.802639399323774E-004
   10.0821114369501       7.925898391687396E-004
   10.0997067448680       8.053322853495522E-004
   10.1173020527859       8.126153105641445E-004
   10.1348973607038       8.195362892474252E-004
   10.1524926686217       8.205149986176216E-004
   10.1700879765396       8.203338154493432E-004
   10.1876832844575       8.136990236851676E-004
   10.2052785923754       8.050634520072110E-004
   10.2228739002933       7.894861320689757E-004
   10.2404692082111       7.713738497414844E-004
   10.2580645161290       7.463187493577405E-004
   10.2756598240469       7.184882409077878E-004
   10.2932551319648       6.837945163752976E-004
   10.3108504398827       6.461271100601014E-004
   10.3284457478006       6.017093110318708E-004
   10.3460410557185       5.541514525986800E-004
   10.3636363636364       4.999856223224413E-004
   10.3812316715543       4.425475087024846E-004
   10.3988269794721       3.786825853872463E-004
   10.4164222873900       3.115017427683715E-004
   10.4340175953079       2.383301529400894E-004
   10.4516129032258       1.621421468307340E-004
   10.4692082111437       8.055844780878751E-005
   10.4868035190616      -3.745942715205342E-006
   10.5043988269795      -9.287348355088799E-005
   10.5219941348974      -1.844360410460146E-004
   10.5395894428153      -2.802563551448334E-004
   10.5571847507331      -3.782266958693252E-004
   10.5747800586510      -4.798893065671937E-004
   10.5923753665689      -5.834106407452059E-004
   10.6099706744868      -6.900470361457784E-004
   10.6275659824047      -7.981820658224032E-004
   10.6451612903226      -9.087140922433100E-004
   10.6627565982405      -1.020262956240089E-003
   10.6803519061584      -1.133455248348347E-003
   10.6979472140762      -1.247174690344208E-003
   10.7155425219941      -1.361773942864045E-003
   10.7331378299120      -1.476392012006568E-003
   10.7507331378299      -1.591104720362646E-003
   10.7683284457478      -1.705294965105600E-003
   10.7859237536657      -1.818753428561892E-003
   10.8035190615836      -1.931079013453772E-003
   10.8211143695015      -2.041671588137967E-003
   10.8387096774194      -2.150155549605916E-003
   10.8563049853372      -2.255585683035215E-003
   10.8739002932551      -2.357872477402202E-003
   10.8914956011730      -2.455840646463854E-003
   10.9090909090909      -2.549654239567960E-003
   10.9266862170088      -2.637889694817559E-003
   10.9442815249267      -2.720939206585104E-003
   10.9618768328446      -2.797113453954849E-003
   10.9794721407625      -2.866994704711685E-003
   10.9970674486804      -2.928579594862058E-003
   11.0146627565982      -2.982479068596256E-003
   11.0322580645161      -3.026187918604395E-003
   11.0498533724340      -3.060616897532594E-003
   11.0674486803519      -3.083297888749837E-003
   11.0850439882698      -3.095542979387936E-003
   11.1026392961877      -3.094784408769656E-003
   11.1202346041056      -3.082656309715684E-003
   11.1378299120235      -3.056461791332109E-003
   11.1554252199413      -3.018131534800738E-003
   11.1730205278592      -2.964828388580113E-003
   11.1906158357771      -2.898761322727200E-003
   11.2082111436950      -2.816942788048447E-003
   11.2258064516129      -2.722079865254068E-003
   11.2434017595308      -2.611588620122589E-003
   11.2609970674487      -2.488808153321724E-003
   11.2785923753666      -2.351104935891156E-003
   11.2961876832845      -2.202136441690711E-003
   11.3137829912023      -2.039202798022073E-003
   11.3313782991202      -1.866285932706593E-003
   11.3489736070381      -1.680648082412906E-003
   11.3665689149560      -1.486626547145923E-003
   11.3841642228739      -1.281514208082395E-003
   11.4017595307918      -1.070127556382199E-003
   11.4193548387097      -8.501848048345991E-004
   11.4369501466276      -6.273446167834296E-004
   11.4545454545455      -3.991224475127262E-004
   11.4721407624633      -1.710311369215445E-004
   11.4897360703812       5.971356682502238E-005
   11.5073313782991       2.875012185535417E-004
   11.5249266862170       5.152887895885474E-004
   11.5425219941349       7.372834069596786E-004
   11.5601173020528       9.565336938745139E-004
   11.5777126099707       1.166970066728866E-003
   11.5953079178886       1.371592001151777E-003
   11.6129032258065       1.563726467466619E-003
   11.6304985337243       1.746254650076851E-003
   11.6480938416422       1.913078477611470E-003
   11.6656891495601       2.068093995632095E-003
   11.6832844574780       2.205524529343477E-003
   11.7008797653959       2.329683764557140E-003
   11.7184750733138       2.434899618625807E-003
   11.7360703812317       2.525802914265758E-003
   11.7536656891496       2.596773084929478E-003
   11.7712609970675       2.652710116269202E-003
   11.7888563049853       2.688020299277894E-003
   11.8064516129032       2.707838744733375E-003
   11.8240469208211       2.706878885519550E-003
   11.8416422287390       2.691252017275190E-003
   11.8592375366569       2.656223964613028E-003
   11.8768328445748       2.608209306307977E-003
   11.8944281524927       2.542544074015949E-003
   11.9120234604106       2.465895226673755E-003
   11.9296187683284       2.373684446692402E-003
   11.9472140762463       2.272844611962262E-003
   11.9648093841642       2.158924115006160E-003
   11.9824046920821       2.039177660277267E-003
   12.0000000000000       1.909410041970674E-003
   12.0175953079179       1.777482478547435E-003
   12.0351906158358       1.639440398153052E-003
   12.0527859237537       1.502757123169419E-003
   12.0703812316716       1.362979567891163E-003
   12.0879765395894       1.227463643916147E-003
   12.1055718475073       1.091627688777644E-003
   12.1231671554252       9.628385635015162E-004
   12.1407624633431       8.364810230179284E-004
   12.1583577712610       7.199898813048898E-004
   12.1759530791789       6.088018230268414E-004
   12.1935483870968       5.105056635461196E-004
   12.2111436950147       4.207857095647523E-004
   12.2287390029326       3.468903492235913E-004
   12.2463343108504       2.831222769449337E-004
   12.2639296187683       2.356903258232116E-004
   12.2815249266862       1.985326998432109E-004
   12.2991202346041       1.776399289396956E-004
   12.3167155425220       1.667758113309139E-004
   12.3343108504399       1.717626058326838E-004
   12.3519061583578       1.862281917849024E-004
   12.3695014662757       2.158220943230652E-004
   12.3870967741935       2.540262153685477E-004
   12.4046920821114       3.062210519379540E-004
   12.4222873900293       3.652586366745965E-004
   12.4398826979472       4.354765021229831E-004
   12.4574780058651       5.094093065592629E-004
   12.4750733137830       5.915149143208287E-004
   12.4926686217009       6.744773188424810E-004
   12.5102639296188       7.627684122871444E-004
   12.5278592375367       8.491809357278281E-004
   12.5454545454545       9.381597475886102E-004
   12.5630498533724       1.022599015679262E-003
   12.5806451612903       1.106891536880302E-003
   12.5982404692082       1.184028487653180E-003
   12.6158357771261       1.258377268919365E-003
   12.6334310850440       1.323448533465517E-003
   12.6510263929619       1.384067206208742E-003
   12.6686217008798       1.434057928969639E-003
   12.6862170087977       1.478211146850433E-003
   12.7038123167155       1.510531853557713E-003
   12.7214076246334       1.535764613369320E-003
   12.7390029325513       1.548116368500174E-003
   12.7565982404692       1.552294803935718E-003
   12.7741935483871       1.542755563716398E-003
   12.7917888563050       1.524215463510656E-003
   12.8093841642229       1.491580565327526E-003
   12.8269794721408       1.450362034402851E-003
   12.8445747800587       1.396632138606601E-003
   12.8621700879765       1.335882133458285E-003
   12.8797653958944       1.264120068946271E-003
   12.8973607038123       1.186544435177937E-003
   12.9149560117302       1.099251180373679E-003
   12.9325513196481       1.007197686686728E-003
   12.9501466275660       9.066267079910284E-004
   12.9677419354839       8.022816382137643E-004
   12.9853372434018       6.906070676588496E-004
   13.0029325513196       5.761921799375091E-004
   13.0205278592375       4.559161469669468E-004
   13.0381231671554       3.344711486551195E-004
   13.0557184750733       2.089492685761591E-004
   13.0733137829912       8.361291178298846E-005
   13.0909090909091      -4.434859801475244E-005
   13.1085043988270      -1.710254184479738E-004
   13.1260997067449      -2.990762848171076E-004
   13.1436950146628      -4.249289582386411E-004
   13.1612903225806      -5.510617645862464E-004
   13.1788856304985      -6.742378158122553E-004
   13.1964809384164      -7.967297825980377E-004
   13.2140762463343      -9.155959830078434E-004
   13.2316715542522      -1.032632257084362E-003
   13.2492668621701      -1.144973804436451E-003
   13.2668621700880      -1.254140067901222E-003
   13.2844574780059      -1.357667102567732E-003
   13.3020527859238      -1.456860760346301E-003
   13.3196480938416      -1.549666052073542E-003
   13.3372434017595      -1.637165674739791E-003
   13.3548387096774      -1.717734755012157E-003
   13.3724340175953      -1.792234809872254E-003
   13.3900293255132      -1.859507804398334E-003
   13.4076246334311      -1.920237961809686E-003
   13.4252199413490      -1.973758395332196E-003
   13.4428152492669      -2.020313660710807E-003
   13.4604105571848      -2.059457160686032E-003
   13.4780058651026      -2.091053612680552E-003
   13.4956011730205      -2.115097750659053E-003
   13.5131964809384      -2.131153661550813E-003
   13.5307917888563      -2.139724210556950E-003
   13.5483870967742      -2.140119973261707E-003
   13.5659824046921      -2.133439085718228E-003
   13.5835777126100      -2.118842687668876E-003
   13.6011730205279      -2.098266293582289E-003
   13.6187683284457      -2.071446579741159E-003
   13.6363636363636      -2.042053982740817E-003
   13.6539589442815      -2.009358327925968E-003
   13.6715542521994      -1.976744132969136E-003
   13.6891495601173      -1.942572235188285E-003
   13.7067448680352      -1.910352074701030E-003
   13.7243401759531      -1.877698769919024E-003
   13.7419354838710      -1.848349036759983E-003
   13.7595307917889      -1.819188754663622E-003
   13.7771260997067      -1.794189082087389E-003
   13.7947214076246      -1.769434190827330E-003
   13.8123167155425      -1.748867913559074E-003
   13.8299120234604      -1.727105498721216E-003
   13.8475073313783      -1.708197398732658E-003
   13.8651026392962      -1.686531432068193E-003
   13.8826979472141      -1.667012692551211E-003
   13.9002932551320      -1.643654983261121E-003
   13.9178885630499      -1.622076632792038E-003
   13.9354838709677      -1.595853903246340E-003
   13.9530791788856      -1.571322751823452E-003
   13.9706744868035      -1.541623171599495E-003
   13.9882697947214      -1.513876539732793E-003
   14.0058651026393      -1.480927699279571E-003
   14.0234604105572      -1.450967425155141E-003
   14.0410557184751      -1.416239790191154E-003
   14.0586510263930      -1.385043843232998E-003
   14.0762463343109      -1.348601631928741E-003
   14.0938416422287      -1.315686075623543E-003
   14.1114369501466      -1.276729807130993E-003
   14.1290322580645      -1.241089012967952E-003
   14.1466275659824      -1.198461126305867E-003
   14.1642228739003      -1.158862713629532E-003
   14.1818181818182      -1.111317816276227E-003
   14.1994134897361      -1.066648669880106E-003
   14.2170087976540      -1.013832847659171E-003
   14.2346041055718      -9.663755479859429E-004
   14.2521994134897      -9.137554626060363E-004
   14.2697947214076      -8.698943810013962E-004
   14.2873900293255      -8.230457590905070E-004
   14.3049853372434      -7.874866853957542E-004
   14.3225806451613      -7.503117127550793E-004
   14.3401759530792      -7.261715272877130E-004
   14.3577712609971      -7.009267866003494E-004
   14.3753665689150      -6.894863992374599E-004
   14.3929618768328      -6.762234507606263E-004
   14.4105571847507      -6.755519258129696E-004
   14.4281524926686      -6.686822702308825E-004
   14.4457478005865      -6.699286089169146E-004
   14.4633431085044      -6.607266835780948E-004
   14.4809384164223      -6.572842295280038E-004
   14.4985337243402      -6.407156617578109E-004
   14.5161290322581      -6.285542073977717E-004
   14.5337243401760      -6.013503758020056E-004
   14.5513196480938      -5.778460893451784E-004
   14.5689149560117      -5.379223945111547E-004
   14.5865102639296      -5.014973581101883E-004
   14.6041055718475      -4.477278527249491E-004
   14.6217008797654      -3.975390612875323E-004
   14.6392961876833      -3.287576076810321E-004
   14.6568914956012      -2.630313245227525E-004
   14.6744868035191      -1.773035813041115E-004
   14.6920821114370      -9.441180425916884E-005
   14.7096774193548       9.530326650962540E-006
   14.7272727272727       1.104410358052335E-004
   14.7448680351906       2.330151159323250E-004
   14.7624633431085       3.518384112995034E-004
   14.7800586510264       4.923235911891237E-004
   14.7976539589443       6.274973187772146E-004
   14.8152492668622       7.827850644422611E-004
   14.8328445747801       9.281587990633375E-004
   14.8504398826979       1.089476321886517E-003
   14.8680351906158       1.236229235938726E-003
   14.8856304985337       1.395968718440465E-003
   14.9032258064516       1.537360852321232E-003
   14.9208211143695       1.689402590330702E-003
   14.9384164222874       1.819779592846378E-003
   14.9560117302053       1.958894771017655E-003
   14.9736070381232       2.073382863894125E-003
   14.9912023460411       2.195068140971177E-003
   15.0087976539589       2.289567691661363E-003
   15.0263929618768       2.390931585466377E-003
   15.0439882697947       2.464905801919433E-003
   15.0615835777126       2.547470991890292E-003
   15.0791788856305       2.603035962102710E-003
   15.0967741935484       2.668931510995252E-003
   15.1143695014663       2.708215810238452E-003
   15.1319648093842       2.759608740262398E-003
   15.1495601173021       2.784772393957944E-003
   15.1671554252199       2.823822989819230E-003
   15.1847507331378       2.836931081442251E-003
   15.2023460410557       2.865494539929576E-003
   15.2199413489736       2.867088944250996E-003
   15.2375366568915       2.881919498693381E-003
   15.2551319648094       2.864660933938575E-003
   15.2727272727273       2.857569556863264E-003
   15.2903225806452       2.814355383423096E-003
   15.3079178885631       2.779409810999197E-003
   15.3255131964809       2.705432172348929E-003
   15.3431085043988       2.639102926934141E-003
   15.3607038123167       2.532276183418261E-003
   15.3782991202346       2.434393855367722E-003
   15.3958944281525       2.297156550166067E-003
   15.4134897360704       2.175737020706989E-003
   15.4310850439883       2.029648140596311E-003
   15.4486803519062       1.921343463381277E-003
   15.4662756598240       1.806177724273807E-003
   15.4838709677419       1.745206817893529E-003
   15.5014662756598       1.689696392131553E-003
   15.5190615835777       1.700462968910136E-003
   15.5366568914956       1.724868631664923E-003
   15.5542521994135       1.823401834093336E-003
   15.5718475073314       1.938896817094690E-003
   15.5894428152493       2.130443641676802E-003
   15.6070381231672       2.332676155791745E-003
   15.6246334310850       2.589948473953118E-003
   15.6422287390029       2.817583306027766E-003
   15.6598240469208       3.062226401316064E-003
   15.6774193548387       3.244721973501304E-003
   15.6950146627566       3.418428254979324E-003
   15.7126099706745       3.506201516349296E-003
   15.7302052785924       3.567147944402471E-003
   15.7478005865103       3.525826421659879E-003
   15.7653958944282       3.447588564212751E-003
   15.7829912023460       3.259984151088289E-003
   15.8005865102639       3.037854666278633E-003
   15.8181818181818       2.724314416733825E-003
   15.8357771260997       2.424060675034347E-003
   15.8533724340176       2.083721299841922E-003
   15.8709677419355       1.799244730005520E-003
   15.8885630498534       1.507239479336476E-003
   15.9061583577713       1.300203997831230E-003
   15.9237536656892       1.107439340627699E-003
   15.9413489736070       1.019176123839142E-003
   15.9589442815249       9.574524978462442E-004
   15.9765395894428       1.009518275620034E-003
   15.9941348973607       1.088177049341619E-003
   16.0117302052786       1.270270400141104E-003
   16.0293255131965       1.441459605319732E-003
   16.0469208211144       1.669780111947430E-003
   16.0645161290323       1.846689871045255E-003
   16.0821114369501       2.052119513275440E-003
   16.0997067448680       2.179939492542939E-003
   16.1173020527859       2.317407807682307E-003
   16.1348973607038       2.359138234685698E-003
   16.1524926686217       2.399125911347087E-003
   16.1700879765396       2.332656912665352E-003
   16.1876832844575       2.261321814232207E-003
   16.2052785923754       2.083902505970063E-003
   16.2228739002933       1.920983037550882E-003
   16.2404692082111       1.685172948873567E-003
   16.2580645161290       1.500986317291107E-003
   16.2756598240469       1.270455821052636E-003
   16.2932551319648       1.117719319228582E-003
   16.3108504398827       9.379088752268194E-004
   16.3284457478006       8.562399575142275E-004
   16.3460410557185       7.613888209709520E-004
   16.3636363636364       7.797755263115508E-004
   16.3812316715543       7.928584399769430E-004
   16.3988269794721       9.268265293070789E-004
   16.4164222873900       1.048056496716094E-003
   16.4340175953079       1.264011491703186E-003
   16.4516129032258       1.425348158692289E-003
   16.4692082111437       1.648812584447533E-003
   16.4868035190616       1.785622742092122E-003
   16.5043988269795       1.960742889083732E-003
   16.5219941348974       2.023872570445382E-003
   16.5395894428153       2.107753188362536E-003
   16.5571847507331       2.060357006567236E-003
   16.5747800586510       2.023025643566686E-003
   16.5923753665689       1.843129723732154E-003
   16.6099706744868       1.676064743423696E-003
   16.6275659824047       1.385988783870888E-003
   16.6451612903226       1.151832343823170E-003
   16.6627565982405       8.301165235837176E-004
   16.6803519061584       5.979100933350234E-004
   16.6979472140762       3.015162318758065E-004
   16.7155425219941       1.201087714791402E-004
   16.7331378299120      -1.093485437265320E-004
   16.7507331378299      -2.048222536206796E-004
   16.7683284457478      -3.391752999196629E-004
   16.7859237536657      -3.280510477039626E-004
   16.8035190615836      -3.571646909290733E-004
   16.8211143695015      -2.500776177174469E-004
   16.8387096774194      -2.181507690438074E-004
   16.8563049853372      -7.961450962839068E-005
   16.8739002932551      -4.573351839161566E-005
   16.8914956011730       7.733340339901363E-005
   16.9090909090909       7.404882977340254E-005
   16.9266862170088       1.492291903383416E-004
   16.9442815249267       8.190345233708141E-005
   16.9618768328446       8.831998318802480E-005
   16.9794721407625      -5.787732148028946E-005
   16.9970674486804      -1.270232789954477E-004
   17.0146627565982      -3.452335670398077E-004
   17.0322580645161      -4.547909018261029E-004
   17.0498533724340      -6.841290217170654E-004
   17.0674486803519      -7.709205600600308E-004
   17.0850439882698      -9.598084355267727E-004
   17.1026392961877      -9.810156965962171E-004
   17.1202346041056      -1.093865556296799E-003
   17.1378299120235      -1.019517842833960E-003
   17.1554252199413      -1.032702765859821E-003
   17.1730205278592      -8.449794287120109E-004
   17.1906158357771      -7.485031532643584E-004
   17.2082111436950      -4.478899094242773E-004
   17.2258064516129      -2.649939483046978E-004
   17.2434017595308       9.922987629655166E-005
   17.2609970674487       3.102452143324822E-004
   17.2785923753666       6.900947083490456E-004
   17.2961876832845       8.903568151770378E-004
   17.3137829912023       1.254009941885782E-003
   17.3313782991202       1.415813746003981E-003
   17.3489736070381       1.740751594383429E-003
   17.3665689149560       1.844512381244032E-003
   17.3841642228739       2.116136613878291E-003
   17.4017595307918       2.150383152762301E-003
   17.4193548387097       2.363434042749687E-003
   17.4369501466276       2.323610936337146E-003
   17.4545454545455       2.470933423244741E-003
   17.4721407624633       2.343026412786570E-003
   17.4897360703812       2.410709003953730E-003
   17.5073313782991       2.178999795765500E-003
   17.5249266862170       2.154340664631002E-003
   17.5425219941349       1.805075075393474E-003
   17.5601173020528       1.678906644195647E-003
   17.5777126099707       1.202650212967884E-003
   17.5953079178886       9.728596105481211E-004
   17.6129032258065       3.724023774329597E-004
   17.6304985337243       6.863550818744812E-005
   17.6480938416422      -6.039929858136981E-004
   17.6656891495601      -9.163236652622686E-004
   17.6832844574780      -1.610207825281481E-003
   17.7008797653959      -1.881685298756266E-003
   17.7184750733138      -2.562691171543681E-003
   17.7360703812317      -2.755557786682814E-003
   17.7536656891496      -3.404001390797025E-003
   17.7712609970675      -3.491375482277440E-003
   17.7888563049853      -4.105352951938126E-003
   17.8064516129032      -4.075576939584860E-003
   17.8240469208211      -4.690695377916379E-003
   17.8416422287390      -4.576993722679870E-003
   17.8592375366569      -5.288704398500128E-003
   17.8768328445748      -5.134373719134119E-003
   17.8944281524927      -6.068315991927424E-003
   17.9120234604106      -5.905871030186595E-003
   17.9296187683284      -7.288744038703392E-003
   17.9472140762463      -7.147303918622506E-003
   17.9648093841642      -9.598870766805614E-003
   17.9824046920821      -9.511727529490329E-003
   18.0000000000000      -1.721596323289097E-002
