  0.000000000000000E+000  6.927014219685009E-003
  1.759530791788856E-002  2.941467094961442E-003
  3.519061583577713E-002  3.202811879262270E-003
  5.278592375366570E-002  1.983267886275205E-003
  7.038123167155426E-002  2.182410161929937E-003
  8.797653958944282E-002  1.493771326540245E-003
  0.105571847507331       1.657922391077901E-003
  0.123167155425220       1.188515153455194E-003
  0.140762463343109       1.329191279592944E-003
  0.158357771260997       9.775809443220995E-004
  0.175953079178886       1.101088492960339E-003
  0.193548387096774       8.222521734506667E-004
  0.211143695014663       9.325564342180543E-004
  0.228739002932551       7.028291155569426E-004
  0.246334310850440       8.026241622860293E-004
  0.263929618768328       6.080870696005498E-004
  0.281524926686217       6.992608347590548E-004
  0.299120234604106       5.310675645395804E-004
  0.316715542521994       6.150127149126273E-004
  0.334310850439883       4.672150951591498E-004
  0.351906158357771       5.449907154890430E-004
  0.369501466275660       4.134048103123637E-004
  0.387096774193548       4.858313510022086E-004
  0.404692082111437       3.673985201239608E-004
  0.422287390029326       4.351108094122643E-004
  0.439882697947214       3.275302768933893E-004
  0.457478005865103       3.910754386587792E-004
  0.475073313782991       2.926418488192234E-004
  0.492668621700880       3.525256861634685E-004
  0.510263929618768       2.619467906213318E-004
  0.527859237536657       3.186298744113942E-004
  0.545454545454546       2.349204464516588E-004
  0.563049853372434       2.888382841720832E-004
  0.580645161290323       2.112623018646546E-004
  0.598240469208211       2.628610494752373E-004
  0.615835777126100       1.909371604415337E-004
  0.633431085043988       2.407525968323911E-004
  0.651026392961877       1.741536264668594E-004
  0.668621700879765       2.225339587406248E-004
  0.686217008797654       1.608044149298573E-004
  0.703812316715543       2.079039963969566E-004
  0.721407624633431       1.505454608240661E-004
  0.739002932551320       1.963907798169818E-004
  0.756598240469208       1.428608227497566E-004
  0.774193548387097       1.873440802946579E-004
  0.791788856304985       1.370122043051625E-004
  0.809384164222874       1.798110140684406E-004
  0.826979472140763       1.318089596453493E-004
  0.844574780058651       1.724287304785767E-004
  0.862170087976540       1.261483213697697E-004
  0.879765395894428       1.645522147745980E-004
  0.897360703812317       1.197943890382056E-004
  0.914956011730205       1.561698101792394E-004
  0.932551319648094       1.129384926636794E-004
  0.950146627565982       1.476278795056066E-004
  0.967741935483871       1.061115968707370E-004
  0.985337243401760       1.396307127120885E-004
   1.00293255131965       1.002648616825443E-004
   1.02052785923754       1.334366466496158E-004
   1.03812316715543       9.689558433730157E-005
   1.05571847507331       1.302933360836630E-004
   1.07331378299120       9.661223877888150E-005
   1.09090909090909       1.302361127861101E-004
   1.10850439882698       9.914440544869232E-005
   1.12609970674487       1.327833456069772E-004
   1.14369501466276       1.038469365064827E-004
   1.16129032258065       1.371250645006581E-004
   1.17888563049853       1.097544920548138E-004
   1.19648093841642       1.421084068565461E-004
   1.21407624633431       1.154846026228791E-004
   1.23167155425220       1.461382733944442E-004
   1.24926686217009       1.195698382986359E-004
   1.26686217008798       1.482544815766122E-004
   1.28445747800587       1.215610815855216E-004
   1.30205278592375       1.482708291975073E-004
   1.31964809384164       1.214030875336104E-004
   1.33724340175953       1.462113730527048E-004
   1.35483870967742       1.191834713084911E-004
   1.37243401759531       1.422035091240814E-004
   1.39002932551320       1.150598622696391E-004
   1.40762463343109       1.364040936775344E-004
   1.42521994134897       1.091435063903474E-004
   1.44281524926686       1.288449396450452E-004
   1.46041055718475       1.014740047788889E-004
   1.47800586510264       1.196966307246559E-004
   1.49560117302053       9.239802031790486E-005
   1.51319648093842       1.094536121806226E-004
   1.53079178885631       8.254887912132153E-005
   1.54838709677419       9.888832883805327E-005
   1.56598240469208       7.285684030627176E-005
   1.58357771260997       8.911544301714542E-005
   1.60117302052786       6.468830826712504E-005
   1.61876832844575       8.187567226221231E-005
   1.63636363636364       6.013904205336346E-005
   1.65395894428153       7.910404192573780E-005
   1.67155425219941       6.039863275940415E-005
   1.68914956011730       8.123384721372184E-005
   1.70674486803519       6.544166742949489E-005
   1.72434017595308       8.793531352777737E-005
   1.74193548387097       7.468499486323291E-005
   1.75953079178886       9.838677029760820E-005
   1.77712609970675       8.706572855851713E-005
   1.79472140762463       1.112540198043716E-004
   1.81231671554252       1.008959782966435E-004
   1.82991202346041       1.244490055700681E-004
   1.84750733137830       1.140226422385130E-004
   1.86510263929619       1.363239247033755E-004
   1.88269794721408       1.254674091376086E-004
   1.90029325513196       1.463169910867651E-004
   1.91788856304985       1.348802524527650E-004
   1.93548387096774       1.542166482061007E-004
   1.95307917888563       1.421570554455281E-004
   1.97067448680352       1.600038727213317E-004
   1.98826979472141       1.473505728446320E-004
   2.00586510263930       1.637879273802169E-004
   2.02346041055718       1.505962379281925E-004
   2.04105571847507       1.656719303929440E-004
   2.05865102639296       1.519462823025917E-004
   2.07624633431085       1.657169642862304E-004
   2.09384164222874       1.515385684609656E-004
   2.11143695014663       1.641546944133565E-004
   2.12903225806452       1.497007719856228E-004
   2.14662756598241       1.614154186555478E-004
   2.16422287390029       1.469812511343445E-004
   2.18181818181818       1.581909641427091E-004
   2.19941348973607       1.442673795653042E-004
   2.21700879765396       1.556792405621007E-004
   2.23460410557185       1.431295295155658E-004
   2.25219941348974       1.554859878944278E-004
   2.26979472140762       1.446668386853461E-004
   2.28739002932551       1.580659757397772E-004
   2.30498533724340       1.488890145166277E-004
   2.32258064516129       1.631224249625532E-004
   2.34017595307918       1.552346497250702E-004
   2.35777126099707       1.698356725151347E-004
   2.37536656891496       1.626079683920053E-004
   2.39296187683284       1.767849802155584E-004
   2.41055718475073       1.691292674430939E-004
   2.42815249266862       1.814824529993318E-004
   2.44574780058651       1.720446117116726E-004
   2.46334310850440       1.817691589143332E-004
   2.48093841642229       1.702360185116272E-004
   2.49853372434018       1.773119012141712E-004
   2.51612903225806       1.638408065576432E-004
   2.53372434017595       1.686048371598638E-004
   2.55131964809384       1.536758270227847E-004
   2.56891495601173       1.567829236566177E-004
   2.58651026392962       1.412206293837058E-004
   2.60410557184751       1.437553094422579E-004
   2.62170087976540       1.289674162719493E-004
   2.63929618768328       1.324658901462085E-004
   2.65689149560117       1.195689901380337E-004
   2.67448680351906       1.246160829866742E-004
   2.69208211143695       1.138831763623624E-004
   2.70967741935484       1.205972108604812E-004
   2.72727272727273       1.120070854837649E-004
   2.74486803519062       1.202704670261200E-004
   2.76246334310850       1.135953570511628E-004
   2.78005865102639       1.230923162671839E-004
   2.79765395894428       1.178974243174220E-004
   2.81524926686217       1.280644685720383E-004
   2.83284457478006       1.236820317412640E-004
   2.85043988269795       1.339640721184781E-004
   2.86803519061584       1.300312125610016E-004
   2.88563049853372       1.401897164835310E-004
   2.90322580645161       1.364971708073144E-004
   2.92082111436950       1.463483070013104E-004
   2.93841642228739       1.427066777337631E-004
   2.95601173020528       1.520649998507456E-004
   2.97360703812317       1.482644673297280E-004
   2.99120234604106       1.569015849887645E-004
   3.00879765395894       1.526469797030021E-004
   3.02639296187683       1.601807722456344E-004
   3.04398826979472       1.550493532242842E-004
   3.06158357771261       1.611750724893601E-004
   3.07917888563050       1.550004357868837E-004
   3.09677419354839       1.596561738150705E-004
   3.11436950146628       1.524367426675050E-004
   3.13196480938416       1.556899184912977E-004
   3.14956011730205       1.475437747623733E-004
   3.16715542521994       1.495813518169035E-004
   3.18475073313783       1.407570000631661E-004
   3.20234604105572       1.419266388170291E-004
   3.21994134897361       1.329058105642798E-004
   3.23753665689150       1.338176484806530E-004
   3.25513196480938       1.251465163551913E-004
   3.27272727272727       1.261842200661411E-004
   3.29032258064516       1.181216416484861E-004
   3.30791788856305       1.194858666341985E-004
   3.32551319648094       1.121766374170512E-004
   3.34310850439883       1.139791196675296E-004
   3.36070381231672       1.074917903135995E-004
   3.37829912023460       1.097725143992920E-004
   3.39589442815249       1.041024069998679E-004
   3.41348973607038       1.068100883430476E-004
   3.43108504398827       1.018142183158237E-004
   3.44868035190616       1.047419707172975E-004
   3.46627565982405       1.002037459306456E-004
   3.48387096774194       1.031688987895922E-004
   3.50146627565982       9.891666728666558E-005
   3.51906158357771       1.017625150160924E-004
   3.53665689149560       9.763835429544409E-005
   3.55425219941349       1.002157075946233E-004
   3.57184750733138       9.606503877749797E-005
   3.58944281524927       9.822421545478155E-005
   3.60703812316716       9.388771005424473E-005
   3.62463343108504       9.549239939852132E-005
   3.64222873900293       9.090509050978596E-005
   3.65982404692082       9.199577621788046E-005
   3.67741935483871       8.724276907764582E-005
   3.69501466275660       8.792166835987123E-005
   3.71260997067449       8.310554629636628E-005
   3.73020527859238       8.348572935381332E-005
   3.74780058651026       7.871825597600680E-005
   3.76539589442815       7.892090623913607E-005
   3.78299120234604       7.432170664325438E-005
   3.80058651026393       7.447611328763844E-005
   3.81818181818182       7.016475448936618E-005
   3.83577712609971       7.034499803772144E-005
   3.85337243401760       6.629982044428294E-005
   3.87096774193548       6.643281423835514E-005
   3.88856304985337       6.256443089178744E-005
   3.90615835777126       6.256459322269820E-005
   3.92375366568915       5.878144863127184E-005
   3.94134897360704       5.856152519642685E-005
   3.95894428152493       5.477052062767195E-005
   3.97653958944282       5.424124690720589E-005
   3.99413489736070       5.034641664406322E-005
   4.01173020527859       4.941544957513428E-005
   4.02932551319648       4.534885604653243E-005
   4.04692082111437       4.403495534333181E-005
   4.06451612903226       3.988886563931858E-005
   4.08211143695015       3.831970563435904E-005
   4.09970674486804       3.422507646895120E-005
   4.11730205278592       3.254287329641268E-005
   4.13489736070381       2.864389782759225E-005
   4.15249266862170       2.700473247524203E-005
   4.17008797653959       2.346149757809741E-005
   4.18768328445748       2.204104101358953E-005
   4.20527859237537       1.904191845404778E-005
   4.22287390029326       1.804022257506539E-005
   4.24046920821114       1.572052872474471E-005
   4.25806451612903       1.515789651507518E-005
   4.27565982404692       1.344840648128650E-005
   4.29325513196481       1.322763677475412E-005
   4.31085043988270       1.200763625818633E-005
   4.32844574780059       1.199573721481056E-005
   4.34604105571848       1.111218833740839E-005
   4.36363636363636       1.114413772767274E-005
   4.38123167155425       1.040932069644119E-005
   4.39882697947214       1.027825793345526E-005
   4.41642228739003       9.451792785824156E-006
   4.43401759530792       8.936237185724700E-006
   4.45161290322581       7.895510362325338E-006
   4.46920821114370       6.986866044915233E-006
   4.48680351906158       5.769676669594486E-006
   4.50439882697947       4.531147455369318E-006
   4.52199413489736       3.211741242708829E-006
   4.53958944281525       1.733784176749006E-006
   4.55718475073314       4.093565854860482E-007
   4.57478005865103      -1.196778701393390E-006
   4.59237536656892      -2.408753222494515E-006
   4.60997067448680      -4.011030056902905E-006
   4.62756598240469      -4.999140530977470E-006
   4.64516129032258      -6.556328243568478E-006
   4.66275659824047      -7.364506703494651E-006
   4.68035190615836      -8.949176585295850E-006
   4.69794721407625      -9.657310244751575E-006
   4.71554252199414      -1.134594153290774E-005
   4.73313782991202      -1.203388608738646E-005
   4.75073313782991      -1.390162364794408E-005
   4.76832844574780      -1.464699271513544E-005
   4.78592375366569      -1.676617770159069E-005
   4.80351906158358      -1.764321990663033E-005
   4.82111436950147      -2.006985858997348E-005
   4.83870967741935      -2.108292155913227E-005
   4.85630498533724      -2.374263186586133E-005
   4.87390029325513      -2.478214998466132E-005
   4.89149560117302      -2.755444934721085E-005
   4.90909090909091      -2.849962464812867E-005
   4.92668621700880      -3.125566715301056E-005
   4.94428152492669      -3.197588784796240E-005
   4.96187683284458      -3.457506536205020E-005
   4.97947214076246      -3.492476228738558E-005
   4.99706744868035      -3.720612962680338E-005
   5.01466275659824      -3.701161114848456E-005
   5.03225806451613      -3.881600881530909E-005
   5.04985337243402      -3.801016583953745E-005
   5.06744868035191      -3.936191659167793E-005
   5.08504398826980      -3.801712082697070E-005
   5.10263929618768      -3.900366508662015E-005
   5.12023460410557      -3.722445346127754E-005
   5.13782991202346      -3.795888116450003E-005
   5.15542521994135      -3.587299982284383E-005
   5.17302052785924      -3.649132132438017E-005
   5.19061583577713      -3.425104061723128E-005
   5.20821114369502      -3.491944422761571E-005
   5.22580645161290      -3.269655246951237E-005
   5.24340175953079      -3.352985677724606E-005
   5.26099706744868      -3.135766830754828E-005
   5.27859237536657      -3.233596248715365E-005
   5.29618768328446      -3.018226340536884E-005
   5.31378299120235      -3.126159731118983E-005
   5.33137829912024      -2.907887360012241E-005
   5.34897360703812      -3.020267613750311E-005
   5.36656891495601      -2.793185808425070E-005
   5.38416422287390      -2.903181545600842E-005
   5.40175953079179      -2.660003786788750E-005
   5.41935483870968      -2.759493159728066E-005
   5.43695014662757      -2.494652328984100E-005
   5.45454545454546      -2.583181799441923E-005
   5.47214076246334      -2.300734210561319E-005
   5.48973607038123      -2.383520726946287E-005
   5.50733137829912      -2.089652472850934E-005
   5.52492668621701      -2.173114468358533E-005
   5.54252199413490      -1.875039697944490E-005
   5.56011730205279      -1.966591493392217E-005
   5.57771260997067      -1.672597964571480E-005
   5.59530791788856      -1.780951336384187E-005
   5.61290322580645      -1.501085447556894E-005
   5.63049853372434      -1.635469588884950E-005
   5.64809384164223      -1.374741079022085E-005
   5.66568914956012      -1.534309025153233E-005
   5.68328445747801      -1.289180389335419E-005
   5.70087976539589      -1.468786191897933E-005
   5.71847507331378      -1.233366038880213E-005
   5.73607038123167      -1.425840285894373E-005
   5.75366568914956      -1.192208916615179E-005
   5.77126099706745      -1.388153107833072E-005
   5.78885630498534      -1.145705883025578E-005
   5.80645161290323      -1.331892227116146E-005
   5.82404692082111      -1.064631890621576E-005
   5.84164222873900      -1.224956942999336E-005
   5.85923753665689      -9.226909186747893E-006
   5.87683284457478      -1.052826463749215E-005
   5.89442815249267      -7.149063232335198E-006
   5.91202346041056      -8.161129651297285E-006
   5.92961876832845      -4.459365530522979E-006
   5.94721407624634      -5.230632527972481E-006
   5.96480938416422      -1.274862882185581E-006
   5.98240469208211      -1.890250497810753E-006
   6.00000000000000       2.208334389322747E-006
   6.01759530791789       1.606604239728924E-006
   6.03519061583578       5.680506133297671E-006
   6.05278592375367       4.955926420641777E-006
   6.07038123167156       8.919801947907487E-006
   6.08797653958944       8.022546271309477E-006
   6.10557184750733       1.184004867834635E-005
   6.12316715542522       1.074744219179862E-005
   6.14076246334311       1.440190113098750E-005
   6.15835777126100       1.310721170985782E-005
   6.17595307917889       1.659612184185907E-005
   6.19354838709677       1.510625454545280E-005
   6.21114369501466       1.844307668222387E-005
   6.22873900293255       1.679095320704594E-005
   6.24633431085044       2.002569564716588E-005
   6.26392961876833       1.827125416588784E-005
   6.28152492668622       2.145803491755510E-005
   6.29912023460411       1.965414097535885E-005
   6.31671554252199       2.284132153593104E-005
   6.33431085043988       2.103735832371162E-005
   6.35190615835777       2.427091954840670E-005
   6.36950146627566       2.251466882753792E-005
   6.38709677419355       2.583982273434581E-005
   6.40469208211144       2.417962785061389E-005
   6.42228739002933       2.763935002896534E-005
   6.43988269794721       2.610062533616907E-005
   6.45747800586510       2.968592983985955E-005
   6.47507331378299       2.824098524084381E-005
   6.49266862170088       3.191375223492751E-005
   6.51026392961877       3.052100903535101E-005
   6.52785923753666       3.423163269312704E-005
   6.54545454545455       3.283762664654447E-005
   6.56304985337243       3.652343588684213E-005
   6.58064516129032       3.505923011549185E-005
   6.59824046920821       3.863765308698654E-005
   6.61583577712610       3.700594600893168E-005
   6.63343108504399       4.037178004127383E-005
   6.65102639296188       3.850088468745095E-005
   6.66862170087977       4.162488704268295E-005
   6.68621700879765       3.951277110535684E-005
   6.70381231671554       4.240208532679440E-005
   6.72140762463343       4.006555310750471E-005
   6.73900293255132       4.274035304959585E-005
   6.75659824046921       4.020591058051434E-005
   6.77419354838710       4.269359886997303E-005
   6.79178885630499       3.999259381213035E-005
   6.80938416422287       4.232163523370977E-005
   6.82697947214076       3.947482172933765E-005
   6.84457478005865       4.164701633016228E-005
   6.86217008797654       3.865097816666785E-005
   6.87976539589443       4.066708760847273E-005
   6.89736070381232       3.753328366359250E-005
   6.91495601173021       3.940988841457228E-005
   6.93255131964809       3.616358821727796E-005
   6.95014662756598       3.793062123024369E-005
   6.96774193548387       3.461074178389894E-005
   6.98533724340176       3.631310512218355E-005
   7.00293255131965       3.297690110066411E-005
   7.02052785923754       3.468224652638079E-005
   7.03812316715543       3.139719760684071E-005
   7.05571847507331       3.314383192359875E-005
   7.07331378299120       2.992179259052956E-005
   7.09090909090909       3.170652240355649E-005
   7.10850439882698       2.853947276775819E-005
   7.12609970674487       3.034721958769244E-005
   7.14369501466276       2.721732184168777E-005
   7.16129032258065       2.902380163347649E-005
   7.17888563049853       2.590330057851256E-005
   7.19648093841642       2.767214227251198E-005
   7.21407624633431       2.451496524664728E-005
   7.23167155425220       2.618669176325414E-005
   7.24926686217009       2.294203607783248E-005
   7.26686217008798       2.448768645634143E-005
   7.28445747800587       2.114774131892644E-005
   7.30205278592375       2.256920791511881E-005
   7.31964809384164       1.914630047702715E-005
   7.33724340175953       2.046204358898473E-005
   7.35483870967742       1.698388112379910E-005
   7.37243401759531       1.822781766284235E-005
   7.39002932551320       1.473875051038658E-005
   7.40762463343109       1.596522108811221E-005
   7.42521994134897       1.252733631076272E-005
   7.44281524926686       1.377474360446136E-005
   7.46041055718475       1.038582703671542E-005
   7.47800586510264       1.162317086271264E-005
   7.49560117302053       8.245259154814568E-006
   7.51319648093842       9.429026113111741E-006
   7.53079178885631       6.017340805416316E-006
   7.54838709677419       7.099062211372881E-006
   7.56598240469208       3.604662594705637E-006
   7.58357771260997       4.531665721382815E-006
   7.60117302052786       9.000347940104139E-007
   7.61876832844575       1.612247783229482E-006
   7.63636363636364      -2.208405258355396E-006
   7.65395894428153      -1.738599849881249E-006
   7.67155425219941      -5.748464699345230E-006
   7.68914956011730      -5.508524457474032E-006
   7.70674486803519      -9.684198617264880E-006
   7.72434017595308      -9.643170499533580E-006
   7.74193548387097      -1.394301616687326E-005
   7.75953079178886      -1.405031091221676E-005
   7.77712609970675      -1.840996070441804E-005
   7.79472140762463      -1.858656599112166E-005
   7.81231671554252      -2.290014921071841E-005
   7.82991202346041      -2.301866238033334E-005
   7.84750733137830      -2.717880975841679E-005
   7.86510263929619      -2.719043665959417E-005
   7.88269794721408      -3.119018749442942E-005
   7.90029325513197      -3.111027066452894E-005
   7.91788856304985      -3.497751320141389E-005
   7.93548387096774      -3.484619301625880E-005
   7.95307917888563      -3.862936730867757E-005
   7.97067448680352      -3.850509449787683E-005
   7.98826979472141      -4.227034335805967E-005
   8.00586510263930      -4.223100455150783E-005
   8.02346041055718      -4.606273887789414E-005
   8.04105571847507      -4.618023926421909E-005
   8.05865102639296      -5.011552229650585E-005
   8.07624633431085      -5.040291684899599E-005
   8.09384164222874      -5.444423515359790E-005
   8.11143695014663      -5.489961053715979E-005
   8.12903225806452      -5.903908116962580E-005
   8.14662756598241      -5.965056555760644E-005
   8.16422287390029      -6.386956542701327E-005
   8.18181818181818      -6.461226067267255E-005
   8.19941348973607      -6.887449375560097E-005
   8.21700879765396      -6.969446791337229E-005
   8.23460410557185      -7.392447515528329E-005
   8.25219941348974      -7.475165501553177E-005
   8.26979472140763      -7.890585512443521E-005
   8.28739002932551      -7.972021647386322E-005
   8.30498533724340      -8.379086269678769E-005
   8.32258064516129      -8.459518840573592E-005
   8.34017595307918      -8.859191508279734E-005
   8.35777126099707      -8.940328069496552E-005
   8.37536656891496      -9.334791114601362E-005
   8.39296187683285      -9.419373368809282E-005
   8.41055718475073      -9.811555582780474E-005
   8.42815249266862      -9.901718056570885E-005
   8.44574780058651      -1.029143858710753E-004
   8.46334310850440      -1.038556189015465E-004
   8.48093841642229      -1.077133444020776E-004
   8.49853372434018      -1.086879302899803E-004
   8.51612903225807      -1.125064847225054E-004
   8.53372434017595      -1.135226617615226E-004
   8.55131964809384      -1.173169921948879E-004
   8.56891495601173      -1.183983289814363E-004
   8.58651026392962      -1.222002880241859E-004
   8.60410557184751      -1.233908230235324E-004
   8.62170087976540      -1.272556990615487E-004
   8.63929618768329      -1.286058950368358E-004
   8.65689149560117      -1.325547344118775E-004
   8.67448680351906      -1.340610095361103E-004
   8.69208211143695      -1.380806224997424E-004
   8.70967741935484      -1.397272109428158E-004
   8.72727272727273      -1.437996797959593E-004
   8.74486803519062      -1.455685200228602E-004
   8.76246334310851      -1.496750508159441E-004
   8.78005865102639      -1.515478614478959E-004
   8.79765395894428      -1.556695800107464E-004
   8.81524926686217      -1.576259318615508E-004
   8.83284457478006      -1.617334573656581E-004
   8.85043988269795      -1.637340670927392E-004
   8.86803519061584      -1.677863728972733E-004
   8.88563049853373      -1.697964293631736E-004
   8.90322580645161      -1.737647290955312E-004
   8.92082111436950      -1.757620638879310E-004
   8.93841642228739      -1.796304026318944E-004
   8.95601173020528      -1.816066502287080E-004
   8.97360703812317      -1.853747550925373E-004
   8.99120234604106      -1.873402367342457E-004
   9.00879765395895      -1.910333159812738E-004
   9.02639296187683      -1.930313801670942E-004
   9.04398826979472      -1.966926523715554E-004
   9.06158357771261      -1.987432446921878E-004
   9.07917888563050      -2.023701262235745E-004
   9.09677419354839      -2.044614993008769E-004
   9.11436950146628      -2.080382777551508E-004
   9.13196480938416      -2.101534417106102E-004
   9.14956011730205      -2.136633458133076E-004
   9.16715542521994      -2.157877610555232E-004
   9.18475073313783      -2.192202453796380E-004
   9.20234604105572      -2.213511828869403E-004
   9.21994134897361      -2.247187876921383E-004
   9.23753665689150      -2.268856474847094E-004
   9.25513196480938      -2.302152325911860E-004
   9.27272727272727      -2.324263338674796E-004
   9.29032258064516      -2.357116537400613E-004
   9.30791788856305      -2.379528549755406E-004
   9.32551319648094      -2.411744475792360E-004
   9.34310850439883      -2.434228884050560E-004
   9.36070381231672      -2.465559090684788E-004
   9.37829912023460      -2.487864149219323E-004
   9.39589442815249      -2.518074798175595E-004
   9.41348973607038      -2.540039347637002E-004
   9.43108504398827      -2.569136823399347E-004
   9.44868035190616      -2.590884590974262E-004
   9.46627565982405      -2.618921178368842E-004
   9.48387096774194      -2.640355614365505E-004
   9.50146627565982      -2.667126357722449E-004
   9.51906158357771      -2.687960072187036E-004
   9.53665689149560      -2.713111295302476E-004
   9.55425219941349      -2.732929430677307E-004
   9.57184750733138      -2.755994668875133E-004
   9.58944281524927      -2.774279282275480E-004
   9.60703812316716      -2.794697812474129E-004
   9.62463343108504      -2.810936398743429E-004
   9.64222873900293      -2.828467516838375E-004
   9.65982404692082      -2.842734211881434E-004
   9.67741935483871      -2.857574340875115E-004
   9.69501466275660      -2.870052372783964E-004
   9.71260997067449      -2.882370944203832E-004
   9.73020527859238      -2.893213076571980E-004
   9.74780058651026      -2.903158766696657E-004
   9.76539589442815      -2.912510431604803E-004
   9.78299120234604      -2.920246892290729E-004
   9.80058651026393      -2.928309492626533E-004
   9.81818181818182      -2.934171713866637E-004
   9.83577712609971      -2.941504642926955E-004
   9.85337243401760      -2.946145756793736E-004
   9.87096774193548      -2.953233685846881E-004
   9.88856304985337      -2.956932491416411E-004
   9.90615835777126      -2.963890350811584E-004
   9.92375366568915      -2.966629025479050E-004
   9.94134897360704      -2.973303425385776E-004
   9.95894428152493      -2.974802762574632E-004
   9.97653958944282      -2.980768628869682E-004
   9.99413489736071      -2.980449635472129E-004
   10.0117302052786      -2.984912738314097E-004
   10.0293255131965      -2.981883558996730E-004
   10.0469208211144      -2.984245585111670E-004
   10.0645161290323      -2.978408705266961E-004
   10.0821114369501      -2.978836899065503E-004
   10.0997067448680      -2.970437964013304E-004
   10.1173020527859      -2.969191817347477E-004
   10.1348973607038      -2.958496421965189E-004
   10.1524926686217      -2.955817867492880E-004
   10.1700879765396      -2.943044997593985E-004
   10.1876832844575      -2.939100952786058E-004
   10.2052785923754      -2.924355601860723E-004
   10.2228739002933      -2.919156285259869E-004
   10.2404692082111      -2.902448914348723E-004
   10.2580645161290      -2.896118900173924E-004
   10.2756598240469      -2.877701713146292E-004
   10.2932551319648      -2.870521826387854E-004
   10.3108504398827      -2.850682040600064E-004
   10.3284457478006      -2.842912551562512E-004
   10.3460410557185      -2.821885964817032E-004
   10.3636363636364      -2.813706254857942E-004
   10.3812316715543      -2.791613741961580E-004
   10.3988269794721      -2.783036946978967E-004
   10.4164222873900      -2.759734689549138E-004
   10.4340175953079      -2.750453254520755E-004
   10.4516129032258      -2.725729979419247E-004
   10.4692082111437      -2.715780662170585E-004
   10.4868035190616      -2.689859908970107E-004
   10.5043988269795      -2.679535705236402E-004
   10.5219941348974      -2.652763458517258E-004
   10.5395894428153      -2.642419515190127E-004
   10.5571847507331      -2.615163243158223E-004
   10.5747800586510      -2.605137431212038E-004
   10.5923753665689      -2.577702762067758E-004
   10.6099706744868      -2.568184564640227E-004
   10.6275659824047      -2.540522809960363E-004
   10.6451612903226      -2.531182275230852E-004
   10.6627565982405      -2.502946899541377E-004
   10.6803519061584      -2.493576994081777E-004
   10.6979472140762      -2.464700022295152E-004
   10.7155425219941      -2.455298655980350E-004
   10.7331378299120      -2.425845590410008E-004
   10.7507331378299      -2.416502837605974E-004
   10.7683284457478      -2.386596347334972E-004
   10.7859237536657      -2.377421669325539E-004
   10.8035190615836      -2.347145959621561E-004
   10.8211143695015      -2.338066350705421E-004
   10.8387096774194      -2.307125971641009E-004
   10.8563049853372      -2.297754002796517E-004
   10.8739002932551      -2.265929587793823E-004
   10.8914956011730      -2.256212712112330E-004
   10.9090909090909      -2.223594392042489E-004
   10.9266862170088      -2.213716506185920E-004
   10.9442815249267      -2.180596837303386E-004
   10.9618768328446      -2.170923829538482E-004
   10.9794721407625      -2.137765875656830E-004
   10.9970674486804      -2.128827300705087E-004
   11.0146627565982      -2.096234681690850E-004
   11.0322580645161      -2.088493546353489E-004
   11.0498533724340      -2.056596593421206E-004
   11.0674486803519      -2.049920737265196E-004
   11.0850439882698      -2.018584390486564E-004
   11.1026392961877      -2.012879627403967E-004
   11.1202346041056      -1.982086195642565E-004
   11.1378299120235      -1.977383879755528E-004
   11.1554252199413      -1.947249922463029E-004
   11.1730205278592      -1.943727054338846E-004
   11.1906158357771      -1.914532965001022E-004
   11.2082111436950      -1.912567455149561E-004
   11.2258064516129      -1.884789075989269E-004
   11.2434017595308      -1.884720320524277E-004
   11.2609970674487      -1.858443073956328E-004
   11.2785923753666      -1.860168469216481E-004
   11.2961876832845      -1.835268561708631E-004
   11.3137829912023      -1.838645503272691E-004
   11.3313782991202      -1.815008819948423E-004
   11.3489736070381      -1.819926220642734E-004
   11.3665689149560      -1.797487414297595E-004
   11.3841642228739      -1.803898073734478E-004
   11.4017595307918      -1.782675162660918E-004
   11.4193548387097      -1.790636906832000E-004
   11.4369501466276      -1.770727086569117E-004
   11.4545454545455      -1.780264919306352E-004
   11.4721407624633      -1.761655370952208E-004
   11.4897360703812      -1.772733012571260E-004
   11.5073313782991      -1.755428977412963E-004
   11.5249266862170      -1.768066508822774E-004
   11.5425219941349      -1.752152349708288E-004
   11.5601173020528      -1.766471126404604E-004
   11.5777126099707      -1.752161728871857E-004
   11.5953079178886      -1.768456454055624E-004
   11.6129032258065      -1.756233954807103E-004
   11.6304985337243      -1.775167998259289E-004
   11.6480938416422      -1.765709147936557E-004
   11.6656891495601      -1.787692015367664E-004
   11.6832844574780      -1.781202565106408E-004
   11.7008797653959      -1.806303767363485E-004
   11.7184750733138      -1.802803979302791E-004
   11.7360703812317      -1.830972631810259E-004
   11.7536656891496      -1.830395907426394E-004
   11.7712609970675      -1.861517496824135E-004
   11.7888563049853      -1.863753151460804E-004
   11.8064516129032      -1.897690708709832E-004
   11.8240469208211      -1.902645796512969E-004
   11.8416422287390      -1.939320099995098E-004
   11.8592375366569      -1.946934432995214E-004
   11.8768328445748      -1.986219153093659E-004
   11.8944281524927      -1.996345658510753E-004
   11.9120234604106      -2.038037875401635E-004
   11.9296187683284      -2.050465830029298E-004
   11.9472140762463      -2.094301454980748E-004
   11.9648093841642      -2.108756519066986E-004
   11.9824046920821      -2.154396984918605E-004
   12.0000000000000      -2.170504964736198E-004
   12.0175953079179      -2.217446465084174E-004
   12.0351906158358      -2.234627273973921E-004
   12.0527859237537      -2.282338652053628E-004
   12.0703812316716      -2.300292325247663E-004
   12.0879765395894      -2.348615976138604E-004
   12.1055718475073      -2.367320609380575E-004
   12.1231671554252      -2.416306440598731E-004
   12.1407624633431      -2.435929057980210E-004
   12.1583577712610      -2.485814874583006E-004
   12.1759530791789      -2.506723516613005E-004
   12.1935483870968      -2.557975639035416E-004
   12.2111436950147      -2.580829359600551E-004
   12.2287390029326      -2.634173277672116E-004
   12.2463343108504      -2.659490520631952E-004
   12.2639296187683      -2.715015060070965E-004
   12.2815249266862      -2.742687047349402E-004
   12.2991202346041      -2.800208964042045E-004
   12.3167155425220      -2.830080615826708E-004
   12.3343108504399      -2.889445927768262E-004
   12.3519061583578      -2.921440367772482E-004
   12.3695014662757      -2.982621355734497E-004
   12.3870967741935      -3.016846573321915E-004
   12.4046920821114      -3.080099602629466E-004
   12.4222873900293      -3.117067413157416E-004
   12.4398826979472      -3.182861817297390E-004
   12.4574780058651      -3.222633983601161E-004
   12.4750733137830      -3.290558707924878E-004
   12.4926686217009      -3.332565083963462E-004
   12.5102639296188      -3.401959941693173E-004
   12.5278592375367      -3.445556847150580E-004
   12.5454545454545      -3.515785402668775E-004
   12.5630498533724      -3.560446416049593E-004
   12.5806451612903      -3.631103915828000E-004
   12.5982404692082      -3.676711006698072E-004
   12.6158357771261      -3.748200367108335E-004
   12.6334310850440      -3.795962729607257E-004
   12.6510263929619      -3.869577070764808E-004
   12.6686217008798      -3.920051362160988E-004
   12.6862170087977      -3.995542642411676E-004
   12.7038123167155      -4.048035573812613E-004
   12.7214076246334      -4.124343258740703E-004
   12.7390029325513      -4.177566322982801E-004
   12.7565982404692      -4.253172883501658E-004
   12.7741935483871      -4.305509181431334E-004
   12.7917888563050      -4.378721794859991E-004
   12.8093841642229      -4.428713247114286E-004
   12.8269794721408      -4.499067213031371E-004
   12.8445747800587      -4.547792205300389E-004
   12.8621700879765      -4.616751968621113E-004
   12.8797653958944      -4.664864975924439E-004
   12.8973607038123      -4.732051530454241E-004
   12.9149560117302      -4.778352664311035E-004
   12.9325513196481      -4.841697778923464E-004
   12.9501466275660      -4.883279844238744E-004
   12.9677419354839      -4.938880259019314E-004
   12.9853372434018      -4.970730818562157E-004
   13.0029325513196      -5.011978896184898E-004
   13.0205278592375      -5.025222071566592E-004
   13.0381231671554      -5.041742521795815E-004
   13.0557184750733      -5.027752124704417E-004
   13.0733137829912      -5.013968146163285E-004
   13.0909090909091      -4.968987908789418E-004
   13.1085043988270      -4.921956100435789E-004
   13.1260997067449      -4.843606274903340E-004
   13.1436950146628      -4.761218149775865E-004
   13.1612903225806      -4.647570207760902E-004
   13.1788856304985      -4.527812063322600E-004
   13.1964809384164      -4.376589810658955E-004
   13.2140762463343      -4.216305892394703E-004
   13.2316715542522      -4.023801091907234E-004
   13.2492668621701      -3.821061489562664E-004
   13.2668621700880      -3.588851540264490E-004
   13.2844574780059      -3.347793600268319E-004
   13.3020527859238      -3.081631639534010E-004
   13.3196480938416      -2.809258652292501E-004
   13.3372434017595      -2.517396516439264E-004
   13.3548387096774      -2.223148467798372E-004
   13.3724340175953      -1.916406301525009E-004
   13.3900293255132      -1.612646060345044E-004
   13.4076246334311      -1.305737826659301E-004
   13.4252199413490      -1.009875197473383E-004
   13.4428152492669      -7.199606197638330E-005
   13.4604105571848      -4.445023625708944E-005
   13.4780058651026      -1.795233397399365E-005
   13.4956011730205       6.995100382071351E-006
   13.5131964809384       3.057560712185475E-005
   13.5307917888563       5.261537406747724E-005
   13.5483870967742       7.306030407082254E-005
   13.5659824046921       9.206804392691630E-005
   13.5835777126100       1.093403639544021E-004
   13.6011730205279       1.253884981776209E-004
   13.6187683284457       1.396909902938743E-004
   13.6363636363636       1.530676932364949E-004
   13.6539589442815       1.645917318075600E-004
   13.6715542521994       1.753349415994863E-004
   13.6891495601173       1.840376647519389E-004
   13.7067448680352       1.920880370680388E-004
   13.7243401759531       1.979042451598933E-004
   13.7419354838710       2.032140491380331E-004
   13.7595307917889       2.061176443357716E-004
   13.7771260997067       2.087098821968257E-004
   13.7947214076246       2.087905261406632E-004
   13.8123167155425       2.089155812376112E-004
   13.8299120234604       2.067655277285332E-004
   13.8475073313783       2.053482497528095E-004
   13.8651026392962       2.018747864993603E-004
   13.8826979472141       1.996098975887081E-004
   13.9002932551320       1.953215361750076E-004
   13.9178885630499       1.925868429189835E-004
   13.9354838709677       1.877372273239602E-004
   13.9530791788856       1.846784390630170E-004
   13.9706744868035       1.792952285532037E-004
   13.9882697947214       1.758238160826651E-004
   14.0058651026393       1.696660186694939E-004
   14.0234604105572       1.654522444389220E-004
   14.0410557184751       1.584001836290739E-004
   14.0586510263930       1.537899634375614E-004
   14.0762463343109       1.464723019678759E-004
   14.0938416422287       1.421497858256506E-004
   14.1114369501466       1.352320278272359E-004
   14.1290322580645       1.318316646437444E-004
   14.1466275659824       1.258846949823136E-004
   14.1642228739003       1.239013597270511E-004
   14.1818181818182       1.192977735694641E-004
   14.1994134897361       1.189311178185527E-004
   14.2170087976540       1.154870187654853E-004
   14.2346041055718       1.158954182206076E-004
   14.2521994134897       1.123499924612959E-004
   14.2697947214076       1.124830428847061E-004
   14.2873900293255       1.081573546605394E-004
   14.3049853372434       1.076037403130788E-004
   14.3225806451613       1.022822495312781E-004
   14.3401759530792       1.010059835918389E-004
   14.3577712609971       9.480987946372746E-005
   14.3753665689150       9.310096315470813E-005
   14.3929618768328       8.648997841145780E-005
   14.4105571847507       8.503422389950056E-005
   14.4281524926686       7.880174945154937E-005
   14.4457478005865       7.809045595591642E-005
   14.4633431085044       7.218812691122725E-005
   14.4809384164223       7.187753454158628E-005
   14.4985337243402       6.587937489571152E-005
   14.5161290322581       6.553087513950786E-005
   14.5337243401760       5.899652821750676E-005
   14.5513196480938       5.820024441936217E-005
   14.5689149560117       5.075723196731682E-005
   14.5865102639296       4.921743245367691E-005
   14.6041055718475       4.069038763239838E-005
   14.6217008797654       3.857001688703662E-005
   14.6392961876833       2.968648458045087E-005
   14.6568914956012       2.806768687039229E-005
   14.6744868035191       1.977868370134941E-005
   14.6920821114370       1.937384160400185E-005
   14.7096774193548       1.220353189133122E-005
   14.7272727272727       1.338550531492072E-005
   14.7448680351906       7.547090323799188E-006
   14.7624633431085       1.037612179969533E-005
   14.7800586510264       5.736164552459650E-006
   14.7976539589443       9.845755732199950E-006
   14.8152492668622       5.611080131472379E-006
   14.8328445747801       9.610061570328037E-006
   14.8504398826979       4.158209600845037E-006
   14.8680351906158       6.825305332591652E-006
   14.8856304985337      -5.978392275488021E-007
   14.9032258064516       2.965491368991935E-007
   14.9208211143695      -9.318182722777817E-006
   14.9384164222874      -1.020972587469579E-005
   14.9560117302053      -2.184921334050418E-005
   14.9736070381232      -2.416016579833155E-005
   14.9912023460411      -3.725785567718643E-005
   15.0087976539589      -4.013152755827076E-005
   15.0263929618768      -5.325509620400931E-005
   15.0439882697947      -5.440430354260828E-005
   15.0615835777126      -6.475174701616723E-005
   15.0791788856305      -6.132511599545673E-005
   15.0967741935484      -6.610008691331232E-005
   15.1143695014663      -5.526084940633122E-005
   15.1319648093842      -5.155808134075887E-005
   15.1495601173021      -3.026205867996443E-005
   15.1671554252199      -1.485610204496124E-005
   15.1847507331378       2.042174967426530E-005
   15.2023460410557       5.154140251825612E-005
   15.2199413489736       1.051974598683746E-004
   15.2375366568915       1.545671877061769E-004
   15.2551319648094       2.245983563043403E-004
   15.2727272727273       2.864946295469833E-004
   15.2903225806452       3.656636656255621E-004
   15.3079178885631       4.319932108233805E-004
   15.3255131964809       5.114922108578680E-004
   15.3431085043988       5.727513003133422E-004
   15.3607038123167       6.423899854842824E-004
   15.3782991202346       6.876057661167657E-004
   15.3958944281525       7.355016648237374E-004
   15.4134897360704       7.517585365396431E-004
   15.4310850439883       7.670853362866852E-004
   15.4486803519062       7.511408143492822E-004
   15.4662756598240       7.380584795304043E-004
   15.4838709677419       6.968729107742183E-004
   15.5014662756598       6.629633111556379E-004
   15.5190615835777       6.043787048164128E-004
   15.5366568914956       5.575960906577212E-004
   15.5542521994135       4.895017622528817E-004
   15.5718475073314       4.375213677761821E-004
   15.5894428152493       3.671127953921448E-004
   15.6070381231672       3.160458079655854E-004
   15.6246334310850       2.459354161661931E-004
   15.6422287390029       1.927122343694480E-004
   15.6598240469208       1.168130802294481E-004
   15.6774193548387       5.679965876815736E-005
   15.6950146627566      -2.714225543942467E-005
   15.7126099706745      -9.431901022436492E-005
   15.7302052785924      -1.849705615913164E-004
   15.7478005865103      -2.562367629258896E-004
   15.7653958944282      -3.486861884214470E-004
   15.7829912023460      -4.169306670419169E-004
   15.8005865102639      -5.011791486152715E-004
   15.8181818181818      -5.520589246129703E-004
   15.8357771260997      -6.113353436237947E-004
   15.8533724340176      -6.329366815563124E-004
   15.8709677419355      -6.634277582146608E-004
   15.8885630498534      -6.567956766468972E-004
   15.9061583577713      -6.621121095736845E-004
   15.9237536656892      -6.326957552291675E-004
   15.9413489736070      -6.198117820780700E-004
   15.9589442815249      -5.758926003511291E-004
   15.9765395894428      -5.543486543643836E-004
   15.9941348973607      -5.066800532734761E-004
   16.0117302052786      -4.884696866427587E-004
   16.0293255131965      -4.476210402815630E-004
   16.0469208211144      -4.371280023849119E-004
   16.0645161290323      -4.012281808851871E-004
   16.0821114369501      -3.945149451853165E-004
   16.0997067448680      -3.596450045677579E-004
   16.1173020527859      -3.531162222899321E-004
   16.1348973607038      -3.160661873012675E-004
   16.1524926686217      -3.070654896869458E-004
   16.1700879765396      -2.658115960719863E-004
   16.1876832844575      -2.532043622446414E-004
   16.2052785923754      -2.079071790446546E-004
   16.2228739002933      -1.942096593940010E-004
   16.2404692082111      -1.495502788166473E-004
   16.2580645161290      -1.391235633183468E-004
   16.2756598240469      -9.730212387721743E-005
   16.2932551319648      -9.080383966691375E-005
   16.3108504398827      -5.153296380894911E-005
   16.3284457478006      -4.803896823068254E-005
   16.3460410557185      -9.835999872933098E-006
   16.3636363636364      -7.475913708841042E-006
   16.3812316715543       3.191626482798066E-005
   16.3988269794721       3.562600217344685E-005
   16.4164222873900       7.864955058257606E-005
   16.4340175953079       8.467546754755000E-005
   16.4516129032258       1.300403293397613E-004
   16.4692082111437       1.360229861683120E-004
   16.4868035190616       1.817588134629547E-004
   16.5043988269795       1.862398730948716E-004
   16.5219941348974       2.314886384393309E-004
   16.5395894428153       2.341321372536744E-004
   16.5571847507331       2.792535342625004E-004
   16.5747800586510       2.811289208463713E-004
   16.5923753665689       3.282344234487459E-004
   16.6099706744868       3.330033086409876E-004
   16.6275659824047       3.878008690525801E-004
   16.6451612903226       4.008526126839452E-004
   16.6627565982405       4.655735622974640E-004
   16.6803519061584       4.858637621338098E-004
   16.6979472140762       5.577293799951991E-004
   16.7155425219941       5.811541855764952E-004
   16.7331378299120       6.550546508643669E-004
   16.7507331378299       6.753900522450404E-004
   16.7683284457478       7.441295983583206E-004
   16.7859237536657       7.529005851489380E-004
   16.8035190615836       8.065444598582438E-004
   16.8211143695015       7.928772512141528E-004
   16.8387096774194       8.250790115260616E-004
   16.8563049853372       7.919572007960037E-004
   16.8739002932551       8.124267206671217E-004
   16.8914956011730       7.713876527992800E-004
   16.9090909090909       7.924744330511409E-004
   16.9266862170088       7.561224633981470E-004
   16.9442815249267       7.907127180760553E-004
   16.9618768328446       7.717337731702165E-004
   16.9794721407625       8.323109982830114E-004
   16.9970674486804       8.422347922886547E-004
   17.0146627565982       9.374715306350479E-004
   17.0322580645161       9.734723396466741E-004
   17.0498533724340       1.084647667247615E-003
   17.0674486803519       1.120844577598532E-003
   17.0850439882698       1.224500817357514E-003
   17.1026392961877       1.240707660928349E-003
   17.1202346041056       1.319927296977902E-003
   17.1378299120235       1.302026438301774E-003
   17.1554252199413       1.346226535350748E-003
   17.1730205278592       1.287224054280911E-003
   17.1906158357771       1.294571933659324E-003
   17.2082111436950       1.200388795528449E-003
   17.2258064516129       1.193003065648791E-003
   17.2434017595308       1.101738228899140E-003
   17.2609970674487       1.118697622789677E-003
   17.2785923753666       1.057668302117780E-003
   17.2961876832845       1.116918052605649E-003
   17.3137829912023       1.096836556439285E-003
   17.3313782991202       1.203661057261820E-003
   17.3489736070381       1.223660279456637E-003
   17.3665689149560       1.371911488257638E-003
   17.3841642228739       1.418546534172020E-003
   17.4017595307918       1.586544090553472E-003
   17.4193548387097       1.623582836471499E-003
   17.4369501466276       1.764904844415932E-003
   17.4545454545455       1.753385632684753E-003
   17.4721407624633       1.849854189355441E-003
   17.4897360703812       1.784218598533280E-003
   17.5073313782991       1.839310878504287E-003
   17.5249266862170       1.728027761966146E-003
   17.5425219941349       1.757041633498643E-003
   17.5601173020528       1.619193871155913E-003
   17.5777126099707       1.648517236823707E-003
   17.5953079178886       1.515151756802267E-003
   17.6129032258065       1.586978883280470E-003
   17.6304985337243       1.501388948141376E-003
   17.6480938416422       1.645184493604443E-003
   17.6656891495601       1.608225663206319E-003
   17.6832844574780       1.813604103440149E-003
   17.7008797653959       1.804921712833889E-003
   17.7184750733138       2.052658438965954E-003
   17.7360703812317       2.044682216625156E-003
   17.7536656891496       2.311591014265348E-003
   17.7712609970675       2.271272843022538E-003
   17.7888563049853       2.532033227603540E-003
   17.8064516129032       2.420091404281247E-003
   17.8240469208211       2.652839731444234E-003
   17.8416422287390       2.448481443376125E-003
   17.8592375366569       2.685761006511506E-003
   17.8768328445748       2.409526240149214E-003
   17.8944281524927       2.726625538922558E-003
   17.9120234604106       2.406280024771609E-003
   17.9296187683284       2.944957997433741E-003
   17.9472140762463       2.615314068422028E-003
   17.9648093841642       3.749913534192839E-003
   17.9824046920821       3.462709570141770E-003
   18.0000000000000       7.617649054196269E-003
