  0.000000000000000E+000 -7.862663511602807E-004
  1.759530791788856E-002  9.384074316218783E-004
  3.519061583577713E-002  5.976766272794345E-004
  5.278592375366570E-002  1.062181140842763E-003
  7.038123167155426E-002  8.220204441350167E-004
  8.797653958944282E-002  1.065275025526847E-003
  0.105571847507331       8.775140468260927E-004
  0.123167155425220       1.035851570821061E-003
  0.140762463343109       8.811236203068442E-004
  0.158357771260997       9.964968171599035E-004
  0.175953079178886       8.646979702308637E-004
  0.193548387096774       9.547910122082348E-004
  0.211143695014663       8.398702714501195E-004
  0.228739002932551       9.135662657150518E-004
  0.246334310850440       8.116202983963455E-004
  0.263929618768328       8.739679150758337E-004
  0.281524926686217       7.823343217083556E-004
  0.299120234604106       8.364268973648369E-004
  0.316715542521994       7.531892465599909E-004
  0.334310850439883       8.010375413959988E-004
  0.351906158357771       7.247690885798044E-004
  0.369501466275660       7.677437550254306E-004
  0.387096774193548       6.973530546108636E-004
  0.404692082111437       7.364246374070257E-004
  0.422287390029326       6.710504457189309E-004
  0.439882697947214       7.068924065574199E-004
  0.457478005865103       6.457811510642993E-004
  0.475073313782991       6.788338920375752E-004
  0.492668621700880       6.213386298746135E-004
  0.510263929618768       6.519117757166633E-004
  0.527859237536657       5.974776035958178E-004
  0.545454545454546       6.257835039762890E-004
  0.563049853372434       5.739210086975167E-004
  0.580645161290323       6.000914513331659E-004
  0.598240469208211       5.503485849687830E-004
  0.615835777126100       5.744348296131332E-004
  0.633431085043988       5.264279733263247E-004
  0.651026392961877       5.486196048344707E-004
  0.668621700879765       5.022772768242623E-004
  0.686217008797654       5.229325956855177E-004
  0.703812316715543       4.783060799091891E-004
  0.721407624633431       4.978134650879585E-004
  0.739002932551320       4.550262410191797E-004
  0.756598240469208       4.738009053142968E-004
  0.774193548387097       4.330460415953732E-004
  0.791788856304985       4.515438859725121E-004
  0.809384164222874       4.131045205301214E-004
  0.826979472140763       4.317786316652441E-004
  0.844574780058651       3.956818282847449E-004
  0.862170087976540       4.144273174299992E-004
  0.879765395894428       3.802446876996690E-004
  0.897360703812317       3.987439519213667E-004
  0.914956011730205       3.659858938650221E-004
  0.932551319648094       3.838655642863077E-004
  0.950146627565982       3.520106296320268E-004
  0.967741935483871       3.688534971978208E-004
  0.985337243401760       3.373503266820368E-004
   1.00293255131965       3.526913314019283E-004
   1.02052785923754       3.210072288464954E-004
   1.03812316715543       3.346870379263314E-004
   1.05571847507331       3.030056791756948E-004
   1.07331378299120       3.155439172390827E-004
   1.09090909090909       2.843463946757563E-004
   1.10850439882698       2.963129937829554E-004
   1.12609970674487       2.660994985087261E-004
   1.14369501466276       2.780701001158590E-004
   1.16129032258065       2.493496292551848E-004
   1.17888563049853       2.618987577572790E-004
   1.19648093841642       2.351814244478486E-004
   1.21407624633431       2.488522378069218E-004
   1.23167155425220       2.244337974821463E-004
   1.24926686217009       2.392146758860517E-004
   1.26686217008798       2.167843786189739E-004
   1.28445747800587       2.323717085389751E-004
   1.30205278592375       2.115928431374292E-004
   1.31964809384164       2.277084701798892E-004
   1.33724340175953       2.082716066732083E-004
   1.35483870967742       2.246616610068335E-004
   1.37243401759531       2.062881272496294E-004
   1.39002932551320       2.227323484633995E-004
   1.40762463343109       2.051955865537302E-004
   1.42521994134897       2.215371704510418E-004
   1.44281524926686       2.046242934371412E-004
   1.46041055718475       2.205931289384311E-004
   1.47800586510264       2.039191369239939E-004
   1.49560117302053       2.191180705296835E-004
   1.51319648093842       2.022274640515547E-004
   1.53079178885631       2.162043712939696E-004
   1.54838709677419       1.985930932824605E-004
   1.56598240469208       2.108449923526076E-004
   1.58357771260997       1.919547213718850E-004
   1.60117302052786       2.019085757617209E-004
   1.61876832844575       1.811410540241130E-004
   1.63636363636364       1.884932376318714E-004
   1.65395894428153       1.660625325491418E-004
   1.67155425219941       1.714238256190502E-004
   1.68914956011730       1.480251930351048E-004
   1.70674486803519       1.521480743712955E-004
   1.72434017595308       1.285428184406983E-004
   1.74193548387097       1.322321077525204E-004
   1.75953079178886       1.092297428178143E-004
   1.77712609970675       1.133364524926256E-004
   1.79472140762463       9.179696781997890E-005
   1.81231671554252       9.721834347819291E-005
   1.82991202346041       7.786709821674174E-005
   1.84750733137830       8.490607339875036E-005
   1.86510263929619       6.763225566321493E-005
   1.88269794721408       7.605876253302451E-005
   1.90029325513196       6.060155195575229E-005
   1.91788856304985       7.016203507756478E-005
   1.93548387096774       5.625118967779520E-005
   1.95307917888563       6.668866433086332E-005
   1.97067448680352       5.405734749672002E-005
   1.98826979472141       6.512453401325826E-005
   2.00586510263930       5.352932043922766E-005
   2.02346041055718       6.503042827072590E-005
   2.04105571847507       5.429818897780815E-005
   2.05865102639296       6.605771068202277E-005
   2.07624633431085       5.595347645410850E-005
   2.09384164222874       6.770659904990712E-005
   2.11143695014663       5.792511703430046E-005
   2.12903225806452       6.934904077764012E-005
   2.14662756598241       5.952971922948133E-005
   2.16422287390029       7.024317237955044E-005
   2.18181818181818       5.995892419635462E-005
   2.19941348973607       6.949490928445399E-005
   2.21700879765396       5.822228528250356E-005
   2.23460410557185       6.620783995234155E-005
   2.25219941348974       5.398477992399822E-005
   2.26979472140762       6.083419121118854E-005
   2.28739002932551       4.821106480233284E-005
   2.30498533724340       5.454378274854394E-005
   2.32258064516129       4.218059958814320E-005
   2.34017595307918       4.870800787392976E-005
   2.35777126099707       3.735234866830613E-005
   2.37536656891496       4.487706453529003E-005
   2.39296187683284       3.538146602181685E-005
   2.41055718475073       4.483714276634519E-005
   2.42815249266862       3.800521928168464E-005
   2.44574780058651       4.962597200481432E-005
   2.46334310850440       4.502234072516973E-005
   2.48093841642229       5.807104629603198E-005
   2.49853372434018       5.486852369406109E-005
   2.51612903225806       6.847076543556962E-005
   2.53372434017595       6.574365337108393E-005
   2.55131964809384       7.893779909410811E-005
   2.56891495601173       7.567649435850437E-005
   2.58651026392962       8.741203870756764E-005
   2.60410557184751       8.250004462194940E-005
   2.62170087976540       9.169809786918363E-005
   2.63929618768328       8.447419406488254E-005
   2.65689149560117       9.116665454007153E-005
   2.67448680351906       8.206441972137526E-005
   2.69208211143695       8.678402477814431E-005
   2.70967741935484       7.636621553755171E-005
   2.72727272727273       7.970638788117160E-005
   2.74486803519062       6.858203172495986E-005
   2.76246334310850       7.117414201312014E-005
   2.78005865102639       5.998598380769526E-005
   2.79765395894428       6.249285207182642E-005
   2.81524926686217       5.189879869819061E-005
   2.83284457478006       5.485994104547761E-005
   2.85043988269795       4.513776610618041E-005
   2.86803519061584       4.865329743501236E-005
   2.88563049853372       3.986235448204730E-005
   2.90322580645161       4.400187815993243E-005
   2.92082111436950       3.621592734837863E-005
   2.93841642228739       4.106715446240332E-005
   2.95601173020528       3.438207227440102E-005
   2.97360703812317       4.006021342573452E-005
   2.99120234604106       3.460806321071026E-005
   3.00879765395894       4.128251897897888E-005
   3.02639296187683       3.723597743457333E-005
   3.04398826979472       4.497123711896324E-005
   3.06158357771261       4.220579503806424E-005
   3.07917888563050       5.076130449640981E-005
   3.09677419354839       4.898479205889829E-005
   3.11436950146628       5.803982231243764E-005
   3.13196480938416       5.689995125187940E-005
   3.14956011730205       6.607862202063789E-005
   3.16715542521994       6.516809786527800E-005
   3.18475073313783       7.403424405434767E-005
   3.20234604105572       7.287067476576103E-005
   3.21994134897361       8.090585903706605E-005
   3.23753665689150       7.904362598639463E-005
   3.25513196480938       8.602992839092826E-005
   3.27272727272727       8.343650720411343E-005
   3.29032258064516       8.941806622792946E-005
   3.30791788856305       8.616998336725832E-005
   3.32551319648094       9.125398146160254E-005
   3.34310850439883       8.747950611574951E-005
   3.36070381231672       9.182022422697069E-005
   3.37829912023460       8.769510130106851E-005
   3.39589442815249       9.149951443421571E-005
   3.41348973607038       8.726971816414846E-005
   3.43108504398827       9.082808708003843E-005
   3.44868035190616       8.676544537112560E-005
   3.46627565982405       9.028535476977114E-005
   3.48387096774194       8.654103076940376E-005
   3.50146627565982       9.014827504685517E-005
   3.51906158357771       8.682598588843328E-005
   3.53665689149560       9.061045760052933E-005
   3.55425219941349       8.778203914737309E-005
   3.57184750733138       9.180220119365115E-005
   3.58944281524927       8.950535264045139E-005
   3.60703812316716       9.377469119637363E-005
   3.62463343108504       9.195952942888388E-005
   3.64222873900293       9.633999150965300E-005
   3.65982404692082       9.481684957003973E-005
   3.67741935483871       9.913623361718226E-005
   3.69501466275660       9.775775381727328E-005
   3.71260997067449       1.018898261343496E-004
   3.73020527859238       1.005431812778694E-004
   3.74780058651026       1.043922196231502E-004
   3.76539589442815       1.029942813890283E-004
   3.78299120234604       1.064964374789005E-004
   3.80058651026393       1.050028634465042E-004
   3.81818181818182       1.081588600512474E-004
   3.83577712609971       1.066456517049624E-004
   3.85337243401760       1.095934234404595E-004
   3.87096774193548       1.081912805406992E-004
   3.88856304985337       1.110350883980242E-004
   3.90615835777126       1.098253828077357E-004
   3.92375366568915       1.126328465727045E-004
   3.94134897360704       1.116667691387566E-004
   3.95894428152493       1.144774904249704E-004
   3.97653958944282       1.137774703191163E-004
   3.99413489736070       1.165984561499368E-004
   4.01173020527859       1.161398153633748E-004
   4.02932551319648       1.188839499754658E-004
   4.04692082111437       1.185024650155535E-004
   4.06451612903226       1.209855016537011E-004
   4.08211143695015       1.205164183669497E-004
   4.09970674486804       1.225979574912498E-004
   4.11730205278592       1.219141338649012E-004
   4.13489736070381       1.234824519123140E-004
   4.15249266862170       1.224824256188654E-004
   4.17008797653959       1.234509920906040E-004
   4.18768328445748       1.220604500023995E-004
   4.20527859237537       1.223771716030298E-004
   4.22287390029326       1.205963127240690E-004
   4.24046920821114       1.203730946964181E-004
   4.25806451612903       1.184049212654802E-004
   4.27565982404692       1.178618883928625E-004
   4.29325513196481       1.159065132568220E-004
   4.31085043988270       1.152328692081786E-004
   4.32844574780059       1.134669077928894E-004
   4.34604105571848       1.128321018638533E-004
   4.36363636363636       1.114137980881958E-004
   4.38123167155425       1.109682211880367E-004
   4.39882697947214       1.100335169112338E-004
   4.41642228739003       1.098851647003025E-004
   4.43401759530792       1.094480940038910E-004
   4.45161290322581       1.094911759130582E-004
   4.46920821114370       1.093905616603389E-004
   4.48680351906158       1.094738912911063E-004
   4.50439882697947       1.095706851066604E-004
   4.52199413489736       1.095686233572092E-004
   4.53958944281525       1.097456704280733E-004
   4.55718475073314       1.095539361877586E-004
   4.57478005865103       1.097171617822205E-004
   4.59237536656892       1.092588489620419E-004
   4.60997067448680       1.093551007082972E-004
   4.62756598240469       1.086408473879437E-004
   4.64516129032258       1.087596131837165E-004
   4.66275659824047       1.079130164771562E-004
   4.68035190615836       1.081556881984501E-004
   4.69794721407625       1.072551803062296E-004
   4.71554252199414       1.076806119497784E-004
   4.73313782991202       1.067719326490814E-004
   4.75073313782991       1.074095928534321E-004
   4.76832844574780       1.065096750818223E-004
   4.78592375366569       1.073581343888566E-004
   4.80351906158358       1.064458276976396E-004
   4.82111436950147       1.074396786279220E-004
   4.83870967741935       1.063874441933089E-004
   4.85630498533724       1.073604820012165E-004
   4.87390029325513       1.060174909996605E-004
   4.89149560117302       1.068404051943151E-004
   4.90909090909091       1.050946095338442E-004
   4.92668621700880       1.056652951864549E-004
   4.94428152492669       1.034270820681074E-004
   4.96187683284458       1.036640467584370E-004
   4.97947214076246       1.008649143554792E-004
   4.99706744868035       1.007108334085400E-004
   5.01466275659824       9.732217337898470E-005
   5.03225806451613       9.682121820698431E-005
   5.04985337243402       9.298817852208832E-005
   5.06744868035191       9.232635821150363E-005
   5.08504398826980       8.822751886167690E-005
   5.10263929618768       8.756646261397257E-005
   5.12023460410557       8.335442434594569E-005
   5.13782991202346       8.283492594125675E-005
   5.15542521994135       7.864309104289811E-005
   5.17302052785924       7.838649430922672E-005
   5.19061583577713       7.432671520330898E-005
   5.20821114369502       7.442507120542389E-005
   5.22580645161290       7.054214510575722E-005
   5.24340175953079       7.095349039076296E-005
   5.26099706744868       6.714955512533663E-005
   5.27859237536657       6.777207589460039E-005
   5.29618768328446       6.396188608315892E-005
   5.31378299120235       6.471808376982368E-005
   5.33137829912024       6.083423922142645E-005
   5.34897360703812       6.166181297661065E-005
   5.36656891495601       5.765114887120214E-005
   5.38416422287390       5.850257109463046E-005
   5.40175953079179       5.432950615233255E-005
   5.41935483870968       5.518941119027733E-005
   5.43695014662757       5.088888145878953E-005
   5.45454545454546       5.183630593415173E-005
   5.47214076246334       4.749822523276539E-005
   5.48973607038123       4.861051273898321E-005
   5.50733137829912       4.430576842565902E-005
   5.52492668621701       4.564490186316881E-005
   5.54252199413490       4.143146097563899E-005
   5.56011730205279       4.304731187337907E-005
   5.57771260997067       3.897067208781864E-005
   5.59530791788856       4.089906789097278E-005
   5.61290322580645       3.698357607402751E-005
   5.63049853372434       3.920761314756145E-005
   5.64809384164223       3.538079560911879E-005
   5.66568914956012       3.779441478544262E-005
   5.68328445747801       3.395254501307427E-005
   5.70087976539589       3.645557334526586E-005
   5.71847507331378       3.250369431746373E-005
   5.73607038123167       3.500097006518131E-005
   5.75366568914956       3.084702011459463E-005
   5.77126099706745       3.324452151379190E-005
   5.78885630498534       2.879576330424395E-005
   5.80645161290323       3.099617294599096E-005
   5.82404692082111       2.616973849395646E-005
   5.84164222873900       2.814527950787105E-005
   5.85923753665689       2.299159355095781E-005
   5.87683284457478       2.483034316715452E-005
   5.89442815249267       1.944923088578886E-005
   5.91202346041056       2.125427235172323E-005
   5.92961876832845       1.575561141860751E-005
   5.94721407624634       1.763903971663414E-005
   5.96480938416422       1.214137997841310E-005
   5.98240469208211       1.422428385561782E-005
   6.00000000000000       8.856472403541444E-006
   6.01759530791789       1.126735215642846E-005
   6.03519061583578       6.128909265468682E-006
   6.05278592375367       8.898204116428734E-006
   6.07038123167156       3.973171564213757E-006
   6.08797653958944       7.069170892745362E-006
   6.10557184750733       2.324062130309754E-006
   6.12316715542522       5.708167580954357E-006
   6.14076246334311       1.103842479037063E-006
   6.15835777126100       4.732007975133411E-006
   6.17595307917889       2.233114123030922E-007
   6.19354838709677       4.044006620666743E-006
   6.21114369501466      -4.259178602930994E-007
   6.22873900293255       3.517470070746654E-006
   6.24633431085044      -9.837722430028175E-007
   6.26392961876833       3.021992803103335E-006
   6.28152492668622      -1.554626017653865E-006
   6.29912023460411       2.476340098363686E-006
   6.31671554252199      -2.204081794691117E-006
   6.33431085043988       1.827360504876828E-006
   6.35190615835777      -2.973852274181722E-006
   6.36950146627566       1.044632441702654E-006
   6.38709677419355      -3.882378411139702E-006
   6.40469208211144       1.240957575469066E-007
   6.42228739002933      -4.908847633393992E-006
   6.43988269794721      -8.680594283410372E-007
   6.45747800586510      -5.936849631492787E-006
   6.47507331378299      -1.792092272960906E-006
   6.49266862170088      -6.829714065482443E-006
   6.51026392961877      -2.518747043247399E-006
   6.52785923753666      -7.462359122666674E-006
   6.54545454545455      -2.925425832054031E-006
   6.56304985337243      -7.713680318536456E-006
   6.58064516129032      -2.891968424098045E-006
   6.59824046920821      -7.464226696906667E-006
   6.61583577712610      -2.303744763607568E-006
   6.63343108504399      -6.632362841733689E-006
   6.65102639296188      -1.157421238121435E-006
   6.66862170087977      -5.295023375490588E-006
   6.68621700879765       4.361425483098147E-007
   6.70381231671554      -3.563609779142590E-006
   6.72140762463343       2.371373875695706E-006
   6.73900293255132      -1.537549600804516E-006
   6.75659824046921       4.555731060597909E-006
   6.77419354838710       6.987662330253907E-007
   6.79178885630499       6.915020488405687E-006
   6.80938416422287       3.086137789447649E-006
   6.82697947214076       9.414136732325249E-006
   6.84457478005865       5.613736376478097E-006
   6.86217008797654       1.204504359922721E-005
   6.87976539589443       8.254231612865955E-006
   6.89736070381232       1.475994291245719E-005
   6.91495601173021       1.094748928300142E-005
   6.93255131964809       1.749097884852729E-005
   6.95014662756598       1.362009703128624E-005
   6.96774193548387       2.016070351410653E-005
   6.98533724340176       1.619177322469279E-005
   7.00293255131965       2.268727567453874E-005
   7.02052785923754       1.858652309562523E-005
   7.03812316715543       2.502676130879759E-005
   7.05571847507331       2.082000812755040E-005
   7.07331378299120       2.724361930569010E-005
   7.09090909090909       2.297159307878669E-005
   7.10850439882698       2.941591550809589E-005
   7.12609970674487       2.511735941632706E-005
   7.14369501466276       3.161863584806371E-005
   7.16129032258065       2.733201815977221E-005
   7.17888563049853       3.392717559157779E-005
   7.19648093841642       2.969298076610781E-005
   7.21407624633431       3.642233463607948E-005
   7.23167155425220       3.227492753687852E-005
   7.24926686217009       3.914451413751984E-005
   7.26686217008798       3.506672489116044E-005
   7.28445747800587       4.204672052586022E-005
   7.30205278592375       3.800748174795888E-005
   7.31964809384164       4.506253832909248E-005
   7.33724340175953       4.102725527852603E-005
   7.35483870967742       4.811987923250859E-005
   7.37243401759531       4.405321745377743E-005
   7.39002932551320       5.114694423575701E-005
   7.40762463343109       4.701839972650753E-005
   7.42521994134897       5.410001439037399E-005
   7.44281524926686       4.993899334506532E-005
   7.46041055718475       5.706688825389689E-005
   7.47800586510264       5.293596712961649E-005
   7.49560117302053       6.016203146242533E-005
   7.51319648093842       5.610853256643417E-005
   7.53079178885631       6.347211850341009E-005
   7.54838709677419       5.953216559277085E-005
   7.56598240469208       6.706210181680075E-005
   7.58357771260997       6.326143273505394E-005
   7.60117302052786       7.097570073311559E-005
   7.61876832844575       6.732426049862543E-005
   7.63636363636364       7.520679988838458E-005
   7.65395894428153       7.166158408905157E-005
   7.67155425219941       7.965328243081103E-005
   7.68914956011730       7.615497024607797E-005
   7.70674486803519       8.419276213358631E-005
   7.72434017595308       8.067814706729769E-005
   7.74193548387097       8.869405312452480E-005
   7.75953079178886       8.509420334069192E-005
   7.77712609970675       9.301367273542982E-005
   7.79472140762463       8.925195363395006E-005
   7.81231671554252       9.699279730968347E-005
   7.82991202346041       9.301048690295110E-005
   7.84750733137830       1.005728228503222E-004
   7.86510263929619       9.642670165932504E-005
   7.88269794721408       1.038821775045008E-004
   7.90029325513197       9.964621837553661E-005
   7.91788856304985       1.070655856174786E-004
   7.93548387096774       1.028107638134864E-004
   7.95307917888563       1.102605142990679E-004
   7.97067448680352       1.060522928806955E-004
   7.98826979472141       1.135919425341755E-004
   8.00586510263930       1.094861244097895E-004
   8.02346041055718       1.171526893239301E-004
   8.04105571847507       1.131530798884558E-004
   8.05865102639296       1.209161080013490E-004
   8.07624633431085       1.169852814964304E-004
   8.09384164222874       1.248068289929757E-004
   8.11143695014663       1.209089651171862E-004
   8.12903225806452       1.287502120584004E-004
   8.14662756598241       1.248465249320508E-004
   8.16422287390029       1.326637831068116E-004
   8.18181818181818       1.287083975025225E-004
   8.19941348973607       1.364476082158555E-004
   8.21700879765396       1.323803780050681E-004
   8.23460410557185       1.399852451135423E-004
   8.25219941348974       1.357837859344649E-004
   8.26979472140763       1.432620858960215E-004
   8.28739002932551       1.389495839609399E-004
   8.30498533724340       1.463271752537315E-004
   8.32258064516129       1.419338099063851E-004
   8.34017595307918       1.492397692219474E-004
   8.35777126099707       1.447961911852165E-004
   8.37536656891496       1.520573616656674E-004
   8.39296187683285       1.475886295240224E-004
   8.41055718475073       1.548194766732283E-004
   8.42815249266862       1.503233052822541E-004
   8.44574780058651       1.575027367951445E-004
   8.46334310850440       1.529626531367547E-004
   8.48093841642229       1.600862796262847E-004
   8.49853372434018       1.555105209599521E-004
   8.51612903225807       1.625917082024225E-004
   8.53372434017595       1.580010041817076E-004
   8.55131964809384       1.650629399088685E-004
   8.56891495601173       1.604858328998721E-004
   8.58651026392962       1.675578023779055E-004
   8.60410557184751       1.630267930624240E-004
   8.62170087976540       1.701321233251037E-004
   8.63929618768329       1.656454331519748E-004
   8.65689149560117       1.727500290664503E-004
   8.67448680351906       1.682662703314090E-004
   8.69208211143695       1.753311525515482E-004
   8.70967741935484       1.708173703511176E-004
   8.72727272727273       1.778112151785013E-004
   8.74486803519062       1.732407173012938E-004
   8.76246334310851       1.801372729099947E-004
   8.78005865102639       1.754870725336106E-004
   8.79765395894428       1.822618775369392E-004
   8.81524926686217       1.775064788657321E-004
   8.83284457478006       1.841263927721327E-004
   8.85043988269795       1.792349727974593E-004
   8.86803519061584       1.856779380769406E-004
   8.88563049853373       1.806417524289083E-004
   8.90322580645161       1.869058788262979E-004
   8.92082111436950       1.817320525839027E-004
   8.93841642228739       1.878294598847608E-004
   8.95601173020528       1.825383554588918E-004
   8.97360703812317       1.884942133430959E-004
   8.99120234604106       1.831194949960725E-004
   9.00879765395895       1.889731259765805E-004
   9.02639296187683       1.835541917756058E-004
   9.04398826979472       1.893199047165102E-004
   9.06158357771261       1.838441390198803E-004
   9.07917888563050       1.894972112396808E-004
   9.09677419354839       1.839435798114969E-004
   9.11436950146628       1.894651205118680E-004
   9.13196480938416       1.838208810928357E-004
   9.14956011730205       1.892017046308696E-004
   9.16715542521994       1.834652816846381E-004
   9.18475073313783       1.887092921150115E-004
   9.20234604105572       1.828954614115891E-004
   9.21994134897361       1.880265798867993E-004
   9.23753665689150       1.821598860559616E-004
   9.25513196480938       1.871802987094842E-004
   9.27272727272727       1.812443016835176E-004
   9.29032258064516       1.861291894891138E-004
   9.30791788856305       1.800997050192244E-004
   9.32551319648094       1.848242236208962E-004
   9.34310850439883       1.786802510530816E-004
   9.36070381231672       1.832253118980689E-004
   9.37829912023460       1.769542286684651E-004
   9.39589442815249       1.813125726774375E-004
   9.41348973607038       1.749199067296084E-004
   9.43108504398827       1.791065042929811E-004
   9.44868035190616       1.726032949446706E-004
   9.46627565982405       1.766090344016227E-004
   9.48387096774194       1.699744267308239E-004
   9.50146627565982       1.737719507891422E-004
   9.51906158357771       1.669781748228149E-004
   9.53665689149560       1.705381450068944E-004
   9.55425219941349       1.635586407654727E-004
   9.57184750733138       1.668560051155290E-004
   9.58944281524927       1.596720285643550E-004
   9.60703812316716       1.626959796691845E-004
   9.62463343108504       1.553205696583479E-004
   9.64222873900293       1.581140120195805E-004
   9.65982404692082       1.506050200798603E-004
   9.67741935483871       1.532159719482448E-004
   9.69501466275660       1.456125667967773E-004
   9.71260997067449       1.480733327167222E-004
   9.73020527859238       1.404058104863503E-004
   9.74780058651026       1.427438386264468E-004
   9.76539589442815       1.350410322882467E-004
   9.78299120234604       1.372859782616930E-004
   9.80058651026393       1.295842082174834E-004
   9.81818181818182       1.317822814648037E-004
   9.83577712609971       1.241348582579076E-004
   9.85337243401760       1.263189890013411E-004
   9.87096774193548       1.187293080421789E-004
   9.88856304985337       1.208818202152494E-004
   9.90615835777126       1.133221539131822E-004
   9.92375366568915       1.154056825364938E-004
   9.94134897360704       1.078332409347948E-004
   9.95894428152493       1.097983882664742E-004
   9.97653958944282       1.021608083338888E-004
   9.99413489736071       1.039512208623946E-004
   10.0117302052786       9.619515024341425E-005
   10.0293255131965       9.778298385385718E-005
   10.0469208211144       8.993422006489262E-005
   10.0645161290323       9.137810034127333E-005
   10.0821114369501       8.349609124064513E-005
   10.0997067448680       8.484451938545410E-005
   10.1173020527859       7.697072886175864E-005
   10.1348973607038       7.825673012870984E-005
   10.1524926686217       7.041841042975727E-005
   10.1700879765396       7.166163896754487E-005
   10.1876832844575       6.387316483773674E-005
   10.2052785923754       6.508076102668177E-005
   10.2228739002933       5.734819877986852E-005
   10.2404692082111       5.853416221717868E-005
   10.2580645161290       5.088534483546626E-005
   10.2756598240469       5.207923227901155E-005
   10.2932551319648       4.453964715681556E-005
   10.3108504398827       4.576002398743452E-005
   10.3284457478006       3.834302773029516E-005
   10.3460410557185       3.959584378880590E-005
   10.3636363636364       3.230147412777820E-005
   10.3812316715543       3.357836764998820E-005
   10.3988269794721       2.639062353845282E-005
   10.4164222873900       2.766613964381584E-005
   10.4340175953079       2.056635291460315E-005
   10.4516129032258       2.184812906958500E-005
   10.4692082111437       1.486736540251911E-005
   10.4868035190616       1.618989897259752E-005
   10.5043988269795       9.360530054981568E-006
   10.5219941348974       1.075079842346106E-005
   10.5395894428153       4.094775983117874E-006
   10.5571847507331       5.566881297395285E-006
   10.5747800586510      -9.096628351258213E-007
   10.5923753665689       6.385735759604355E-007
   10.6099706744868      -5.680414783951426E-006
   10.6275659824047      -4.099812105778422E-006
   10.6451612903226      -1.030778165231235E-005
   10.6627565982405      -8.720707370875685E-006
   10.6803519061584      -1.482147484430506E-005
   10.6979472140762      -1.322322392168884E-005
   10.7155425219941      -1.920789089964514E-005
   10.7331378299120      -1.758918707151892E-005
   10.7507331378299      -2.344881420471670E-005
   10.7683284457478      -2.180421742574155E-005
   10.7859237536657      -2.753789188724484E-005
   10.8035190615836      -2.587636700758741E-005
   10.8211143695015      -3.150781353151268E-005
   10.8387096774194      -2.986151300927431E-005
   10.8563049853372      -3.540516984413197E-005
   10.8739002932551      -3.376297998718640E-005
   10.8914956011730      -3.919233951508956E-005
   10.9090909090909      -3.752101177060606E-005
   10.9266862170088      -4.279780713942096E-005
   10.9442815249267      -4.105718935854064E-005
   10.9618768328446      -4.614005353166160E-005
   10.9794721407625      -4.429059585545501E-005
   10.9970674486804      -4.914356333257524E-005
   11.0146627565982      -4.716210162758781E-005
   11.0322580645161      -5.179145168298309E-005
   11.0498533724340      -4.971291078873783E-005
   11.0674486803519      -5.415305552561614E-005
   11.0850439882698      -5.199693691990893E-005
   11.1026392961877      -5.625483646740585E-005
   11.1202346041056      -5.401978187602643E-005
   11.1378299120235      -5.808681328454756E-005
   11.1554252199413      -5.575884277665276E-005
   11.1730205278592      -5.961607600281764E-005
   11.1906158357771      -5.717296690842315E-005
   11.2082111436950      -6.079640327511278E-005
   11.2258064516129      -5.822450918259147E-005
   11.2434017595308      -6.162644915509216E-005
   11.2609970674487      -5.895904645133153E-005
   11.2785923753666      -6.217304579215975E-005
   11.2961876832845      -5.943664212143182E-005
   11.3137829912023      -6.248285438799830E-005
   11.3313782991202      -5.969228302622036E-005
   11.3489736070381      -6.258030926644285E-005
   11.3665689149560      -5.974058766066448E-005
   11.3841642228739      -6.247082501209986E-005
   11.4017595307918      -5.957828441178232E-005
   11.4193548387097      -6.214462114514245E-005
   11.4369501466276      -5.919679750332001E-005
   11.4545454545455      -6.160305060244876E-005
   11.4721407624633      -5.860449465242147E-005
   11.4897360703812      -6.085084847860299E-005
   11.5073313782991      -5.779687731148815E-005
   11.5249266862170      -5.987368245978504E-005
   11.5425219941349      -5.674954695984211E-005
   11.5601173020528      -5.863665662596260E-005
   11.5777126099707      -5.541620972769635E-005
   11.5953079178886      -5.708056766470036E-005
   11.6129032258065      -5.372219913257816E-005
   11.6304985337243      -5.512465727438929E-005
   11.6480938416422      -5.161616720530786E-005
   11.6656891495601      -5.277557569637589E-005
   11.6832844574780      -4.914880722057798E-005
   11.7008797653959      -5.009967641714798E-005
   11.7184750733138      -4.638957818158260E-005
   11.7360703812317      -4.716674635803085E-005
   11.7536656891496      -4.340712191154354E-005
   11.7712609970675      -4.404320360845247E-005
   11.7888563049853      -4.026454899791194E-005
   11.8064516129032      -4.078733476801573E-005
   11.8240469208211      -3.701323764824968E-005
   11.8416422287390      -3.744505660773136E-005
   11.8592375366569      -3.370111205121356E-005
   11.8768328445748      -3.407231052353310E-005
   11.8944281524927      -3.039070927915878E-005
   11.9120234604106      -3.073477794537458E-005
   11.9296187683284      -2.714937087487952E-005
   11.9472140762463      -2.750111523897661E-005
   11.9648093841642      -2.404706228107091E-005
   11.9824046920821      -2.444310979465669E-005
   12.0000000000000      -2.115860215415748E-005
   12.0175953079179      -2.163977473596797E-005
   12.0351906158358      -1.855724369003968E-005
   12.0527859237537      -1.913253007749209E-005
   12.0703812316716      -1.623846559619911E-005
   12.0879765395894      -1.688483996333634E-005
   12.1055718475073      -1.415052680833313E-005
   12.1231671554252      -1.483558992381177E-005
   12.1407624633431      -1.222451831565143E-005
   12.1583577712610      -1.290914998846872E-005
   12.1759530791789      -1.037902798136148E-005
   12.1935483870968      -1.101958610825285E-005
   12.2111436950147      -8.527440406651238E-006
   12.2287390029326      -9.102334481855115E-006
   12.2463343108504      -6.668439426965697E-006
   12.2639296187683      -7.226946393552078E-006
   12.2815249266862      -4.899362956676159E-006
   12.2991202346041      -5.480741338628803E-006
   12.3167155425220      -3.289621888815222E-006
   12.3343108504399      -3.916632652137139E-006
   12.3519061583578      -1.875972248927243E-006
   12.3695014662757      -2.555175939522092E-006
   12.3870967741935      -6.623188473565134E-007
   12.4046920821114      -1.382995272659310E-006
   12.4222873900293       3.710609658530428E-007
   12.4398826979472      -4.192869625429807E-007
   12.4574780058651       1.119028531230082E-006
   12.4750733137830       1.636249217248087E-007
   12.4926686217009       1.400064004381252E-006
   12.5102639296188       2.049137462681872E-007
   12.5278592375367       1.079565324210718E-006
   12.5454545454545      -4.001577669855427E-007
   12.5630498533724       8.748699224492285E-008
   12.5806451612903      -1.679882917190234E-006
   12.5982404692082      -1.550944298604917E-006
   12.6158357771261      -3.535847959481281E-006
   12.6334310850440      -3.683942892941800E-006
   12.6510263929619      -5.885997783566410E-006
   12.6686217008798      -6.414174860095490E-006
   12.6862170087977      -8.987580561715502E-006
   12.7038123167155      -1.006397200201747E-005
   12.7214076246334      -1.318211892133436E-005
   12.7390029325513      -1.497566267680875E-005
   12.7565982404692      -1.879844659526214E-005
   12.7741935483871      -2.144848447644510E-005
   12.7917888563050      -2.608449678318067E-005
   12.8093841642229      -2.963279655849804E-005
   12.8269794721408      -3.501548005126820E-005
   12.8445747800587      -3.935144743587446E-005
   12.8621700879765      -4.548168229408644E-005
   12.8797653958944      -5.075734053642556E-005
   12.8973607038123      -5.788895762589441E-005
   12.9149560117302      -6.442735339880559E-005
   12.9325513196481      -7.294582295624422E-005
   12.9501466275660      -8.118751383051345E-005
   12.9677419354839      -9.159068422311523E-005
   12.9853372434018      -1.020914383987213E-004
   13.0029325513196      -1.150080703639543E-004
   13.0205278592375      -1.284346543845676E-004
   13.0381231671554      -1.443493584495870E-004
   13.0557184750733      -1.607884880574502E-004
   13.0733137829912      -1.795168831075156E-004
   13.0909090909091      -1.987115763387880E-004
   13.1085043988270      -2.199791803885828E-004
   13.1260997067449      -2.416443576672194E-004
   13.1436950146628      -2.651650193736725E-004
   13.1612903225806      -2.890143742755439E-004
   13.1788856304985      -3.145090695911930E-004
   13.1964809384164      -3.402723126362332E-004
   13.2140762463343      -3.674756226970782E-004
   13.2316715542522      -3.947470679304050E-004
   13.2492668621701      -4.229185261813960E-004
   13.2668621700880      -4.506766644699550E-004
   13.2844574780059      -4.787074055785872E-004
   13.3020527859238      -5.058238580664164E-004
   13.3196480938416      -5.325746522852388E-004
   13.3372434017595      -5.578971645077273E-004
   13.3548387096774      -5.822062511305643E-004
   13.3724340175953      -6.045580820918405E-004
   13.3900293255132      -6.252335329691672E-004
   13.4076246334311      -6.433959798528348E-004
   13.4252199413490      -6.593439455770060E-004
   13.4428152492669      -6.727219092259947E-004
   13.4604105571848      -6.839605517755020E-004
   13.4780058651026      -6.928633555001617E-004
   13.4956011730205      -6.997685178997534E-004
   13.5131964809384      -7.046082378394119E-004
   13.5307917888563      -7.076282239892145E-004
   13.5483870967742      -7.088834476420984E-004
   13.5659824046921      -7.085313372039419E-004
   13.5835777126100      -7.067468619541363E-004
   13.6011730205279      -7.036071875363540E-004
   13.6187683284457      -6.993841951433993E-004
   13.6363636363636      -6.939628597049748E-004
   13.6539589442815      -6.876042638054705E-004
   13.6715542521994      -6.800886305141466E-004
   13.6891495601173      -6.717795444721048E-004
   13.7067448680352      -6.623880462044262E-004
   13.7243401759531      -6.523840913008430E-004
   13.7419354838710      -6.414241357578361E-004
   13.7595307917889      -6.300915489113854E-004
   13.7771260997067      -6.180126135804606E-004
   13.7947214076246      -6.059091619277240E-004
   13.8123167155425      -5.934638853954460E-004
   13.8299120234604      -5.815682634893917E-004
   13.8475073313783      -5.696979171771499E-004
   13.8651026392962      -5.586033551046129E-004
   13.8826979472141      -5.475910153213566E-004
   13.9002932551320      -5.374098772581426E-004
   13.9178885630499      -5.272620958843945E-004
   13.9354838709677      -5.179156037081358E-004
   13.9530791788856      -5.084917785066858E-004
   13.9706744868035      -4.997876938922558E-004
   13.9882697947214      -4.908659299950834E-004
   14.0058651026393      -4.825812525385611E-004
   14.0234604105572      -4.741083162499032E-004
   14.0410557184751      -4.665963540302868E-004
   14.0586510263930      -4.592447258592076E-004
   14.0762463343109      -4.531407474162398E-004
   14.0938416422287      -4.473754997562862E-004
   14.1114369501466      -4.429882305099718E-004
   14.1290322580645      -4.389724104293219E-004
   14.1466275659824      -4.363081266379567E-004
   14.1642228739003      -4.338830116613774E-004
   14.1818181818182      -4.325812482416794E-004
   14.1994134897361      -4.311300371416108E-004
   14.2170087976540      -4.301712854596476E-004
   14.2346041055718      -4.283525157601250E-004
   14.2521994134897      -4.266547159749575E-004
   14.2697947214076      -4.240177700214456E-004
   14.2873900293255      -4.215449864526184E-004
   14.3049853372434      -4.182645348624986E-004
   14.3225806451613      -4.153258885184911E-004
   14.3401759530792      -4.118145363500928E-004
   14.3577712609971      -4.088963116306118E-004
   14.3753665689150      -4.057002556442830E-004
   14.3929618768328      -4.033829744539892E-004
   14.4105571847507      -4.010743381128508E-004
   14.4281524926686      -3.996620501519203E-004
   14.4457478005865      -3.980056850563020E-004
   14.4633431085044      -3.969002374009256E-004
   14.4809384164223      -3.953201272270518E-004
   14.4985337243402      -3.940759111445044E-004
   14.5161290322581      -3.922479060790705E-004
   14.5337243401760      -3.906525806976545E-004
   14.5513196480938      -3.884888096406985E-004
   14.5689149560117      -3.865853804392059E-004
   14.5865102639296      -3.842948354160834E-004
   14.6041055718475      -3.825219810816628E-004
   14.6217008797654      -3.809217743723113E-004
   14.6392961876833      -3.803786641845103E-004
   14.6568914956012      -3.803700385006211E-004
   14.6744868035191      -3.814812827353176E-004
   14.6920821114370      -3.831684442959187E-004
   14.7096774193548      -3.858358942444282E-004
   14.7272727272727      -3.889628629911348E-004
   14.7448680351906      -3.927802289391613E-004
   14.7624633431085      -3.967994557785821E-004
   14.7800586510264      -4.010543281273480E-004
   14.7976539589443      -4.050597783528448E-004
   14.8152492668622      -4.085563673506613E-004
   14.8328445747801      -4.112444562158286E-004
   14.8504398826979      -4.131719980015585E-004
   14.8680351906158      -4.144872577066038E-004
   14.8856304985337      -4.152341301503498E-004
   14.9032258064516      -4.157938849670920E-004
   14.9208211143695      -4.161417410130361E-004
   14.9384164222874      -4.168835199083578E-004
   14.9560117302053      -4.179140353662103E-004
   14.9736070381232      -4.200872371807378E-004
   14.9912023460411      -4.232393647007525E-004
   15.0087976539589      -4.285940530364326E-004
   15.0263929618768      -4.361078881069381E-004
   15.0439882697947      -4.472024505045887E-004
   15.0615835777126      -4.613598516869045E-004
   15.0791788856305      -4.799644777172011E-004
   15.0967741935484      -5.021653078939268E-004
   15.1143695014663      -5.294227776602403E-004
   15.1319648093842      -5.605623526158797E-004
   15.1495601173021      -5.971266628889317E-004
   15.1671554252199      -6.375759992300797E-004
   15.1847507331378      -6.834767034840465E-004
   15.2023460410557      -7.327387708648861E-004
   15.2199413489736      -7.859361855976234E-004
   15.2375366568915      -8.382088310673126E-004
   15.2551319648094      -8.891522463323308E-004
   15.2727272727273      -9.341006460849784E-004
   15.2903225806452      -9.733248408962427E-004
   15.3079178885631      -1.002259278016274E-003
   15.3255131964809      -1.021777016918052E-003
   15.3431085043988      -1.027398140394433E-003
   15.3607038123167      -1.020670437026519E-003
   15.3782991202346      -9.973438935227848E-004
   15.3958944281525      -9.599436131483173E-004
   15.4134897360704      -9.056795855853107E-004
   15.4310850439883      -8.418854715893412E-004
   15.4486803519062      -7.685246675813521E-004
   15.4662756598240      -6.926056694706474E-004
   15.4838709677419      -6.125500198906986E-004
   15.5014662756598      -5.348716690565236E-004
   15.5190615835777      -4.569125533350181E-004
   15.5366568914956      -3.848452732747748E-004
   15.5542521994135      -3.149243234298997E-004
   15.5718475073314      -2.528739452725308E-004
   15.5894428152493      -1.935701762112004E-004
   15.6070381231672      -1.414329681660584E-004
   15.6246334310850      -8.841875350541249E-005
   15.6422287390029      -3.901360358998215E-005
   15.6598240469208       1.281041275199064E-005
   15.6774193548387       6.026137590537287E-005
   15.6950146627566       1.088542237576755E-004
   15.7126099706745       1.505788959689957E-004
   15.7302052785924       1.908046485285778E-004
   15.7478005865103       2.204887333345628E-004
   15.7653958944282       2.449594300391342E-004
   15.7829912023460       2.541365968950614E-004
   15.8005865102639       2.532311895368437E-004
   15.8181818181818       2.318223214704260E-004
   15.8357771260997       1.998914129807949E-004
   15.8533724340176       1.514606214799416E-004
   15.8709677419355       9.826006901262996E-005
   15.8885630498534       3.377697026404286E-005
   15.9061583577713      -2.978025464609368E-005
   15.9237536656892      -9.966626541367726E-005
   15.9413489736070      -1.633192430355652E-004
   15.9589442815249      -2.289005981639933E-004
   15.9765395894428      -2.836841915594373E-004
   15.9941348973607      -3.370708852893048E-004
   16.0117302052786      -3.772082770875892E-004
   16.0293255131965      -4.179775555760764E-004
   16.0469208211144      -4.496203860280554E-004
   16.0645161290323      -4.860930061024058E-004
   16.0821114369501      -5.157183885761695E-004
   16.0997067448680      -5.523929390783684E-004
   16.1173020527859      -5.830744285080841E-004
   16.1348973607038      -6.218393017683828E-004
   16.1524926686217      -6.543517087954006E-004
   16.1700879765396      -6.949172009514504E-004
   16.1876832844575      -7.278123336384805E-004
   16.2052785923754      -7.673369025373559E-004
   16.2228739002933      -7.962951601352864E-004
   16.2404692082111      -8.307783023952678E-004
   16.2580645161290      -8.544361346020261E-004
   16.2756598240469      -8.849114694502072E-004
   16.2932551319648      -9.051352879688403E-004
   16.3108504398827      -9.337589551676313E-004
   16.3284457478006      -9.527746393290311E-004
   16.3460410557185      -9.817463328090522E-004
   16.3636363636364      -1.001577225891054E-003
   16.3812316715543      -1.032647918261004E-003
   16.3988269794721      -1.054521768945068E-003
   16.4164222873900      -1.087824727847774E-003
   16.4340175953079      -1.109878572262114E-003
   16.4516129032258      -1.142411091423743E-003
   16.4692082111437      -1.162370844780037E-003
   16.4868035190616      -1.193147531390585E-003
   16.5043988269795      -1.210876467523488E-003
   16.5219941348974      -1.240461140368479E-003
   16.5395894428153      -1.257076958260785E-003
   16.5571847507331      -1.287166417178809E-003
   16.5747800586510      -1.304887279770558E-003
   16.5923753665689      -1.338330986707421E-003
   16.6099706744868      -1.360689687213879E-003
   16.6275659824047      -1.400658393436713E-003
   16.6451612903226      -1.427631585806533E-003
   16.6627565982405      -1.470278452673609E-003
   16.6803519061584      -1.496246860923153E-003
   16.6979472140762      -1.535727527810622E-003
   16.7155425219941      -1.554790871739102E-003
   16.7331378299120      -1.585345460606993E-003
   16.7507331378299      -1.591911205909854E-003
   16.7683284457478      -1.608345260353875E-003
   16.7859237536657      -1.597740758750821E-003
   16.8035190615836      -1.596510722690419E-003
   16.8211143695015      -1.568789853123714E-003
   16.8387096774194      -1.558109604807908E-003
   16.8563049853372      -1.528375943873545E-003
   16.8739002932551      -1.523695060333018E-003
   16.8914956011730      -1.504662807626000E-003
   16.9090909090909      -1.516465124633849E-003
   16.9266862170088      -1.516406229251870E-003
   16.9442815249267      -1.550819676400750E-003
   16.9618768328446      -1.573323068777510E-003
   16.9794721407625      -1.630970962539140E-003
   16.9970674486804      -1.672470494825066E-003
   17.0146627565982      -1.742214648812844E-003
   17.0322580645161      -1.779088084605853E-003
   17.0498533724340      -1.831068687429623E-003
   17.0674486803519      -1.839795664002856E-003
   17.0850439882698      -1.860147343559948E-003
   17.1026392961877      -1.833357001909382E-003
   17.1202346041056      -1.819936662227459E-003
   17.1378299120235      -1.760002341931676E-003
   17.1554252199413      -1.719919755770587E-003
   17.1730205278592      -1.638799765121834E-003
   17.1906158357771      -1.590023747454115E-003
   17.2082111436950      -1.514191764291529E-003
   17.2258064516129      -1.493699784038016E-003
   17.2434017595308      -1.459124517783776E-003
   17.2609970674487      -1.486426294976175E-003
   17.2785923753666      -1.495691817627931E-003
   17.2961876832845      -1.564915382808009E-003
   17.3137829912023      -1.606572333208561E-003
   17.3313782991202      -1.702153845404615E-003
   17.3489736070381      -1.756510456278147E-003
   17.3665689149560      -1.855316770143926E-003
   17.3841642228739      -1.894984735514311E-003
   17.4017595307918      -1.965185292536338E-003
   17.4193548387097      -1.953978584010906E-003
   17.4369501466276      -1.968316740289505E-003
   17.4545454545455      -1.902423531676667E-003
   17.4721407624633      -1.876639425946028E-003
   17.4897360703812      -1.777675372688662E-003
   17.5073313782991      -1.736295153615592E-003
   17.5249266862170      -1.629652906021828E-003
   17.5425219941349      -1.599767992731300E-003
   17.5601173020528      -1.512424774886658E-003
   17.5777126099707      -1.522197717738584E-003
   17.5953079178886      -1.481251943826143E-003
   17.6129032258065      -1.556633295992079E-003
   17.6304985337243      -1.572203981985210E-003
   17.6480938416422      -1.697822556808013E-003
   17.6656891495601      -1.735664966340959E-003
   17.6832844574780      -1.878094095635087E-003
   17.7008797653959      -1.906092959369508E-003
   17.7184750733138      -2.038734505106989E-003
   17.7360703812317      -2.030476585371123E-003
   17.7536656891496      -2.133648158788994E-003
   17.7712609970675      -2.069165519387595E-003
   17.7888563049853      -2.132517457597891E-003
   17.8064516129032      -2.002339965939681E-003
   17.8240469208211      -2.040058201206162E-003
   17.8416422287390      -1.875163161779679E-003
   17.8592375366569      -1.949239985505187E-003
   17.8768328445748      -1.797469278234620E-003
   17.8944281524927      -1.977657221215292E-003
   17.9120234604106      -1.881096993153464E-003
   17.9296187683284      -2.267853908314738E-003
   17.9472140762463      -2.272294849628580E-003
   17.9648093841642      -3.093822527622963E-003
   17.9824046920821      -3.269388474577755E-003
   18.0000000000000      -5.889026229241246E-003
