  0.000000000000000E+000  4.667417707647349E-003
  1.759530791788856E-002  2.542096622093046E-003
  3.519061583577713E-002  2.547511675402154E-003
  5.278592375366570E-002  1.874466572200438E-003
  7.038123167155426E-002  1.900362461202094E-003
  8.797653958944282E-002  1.518685832254278E-003
  0.105571847507331       1.550633648566326E-003
  0.123167155425220       1.291577388698362E-003
  0.140762463343109       1.324183641040853E-003
  0.158357771260997       1.130720652142866E-003
  0.175953079178886       1.161238743510732E-003
  0.193548387096774       1.007055701613187E-003
  0.211143695014663       1.033762640688305E-003
  0.228739002932551       9.046223266978730E-004
  0.246334310850440       9.270896040511629E-004
  0.263929618768328       8.154813565897838E-004
  0.281524926686217       8.343150020710959E-004
  0.299120234604106       7.359102925652250E-004
  0.316715542521994       7.519051666791928E-004
  0.334310850439883       6.641087080690442E-004
  0.351906158357771       6.781694640800664E-004
  0.369501466275660       5.994626196766352E-004
  0.387096774193548       6.125719053246533E-004
  0.404692082111437       5.421523902848637E-004
  0.422287390029326       5.552790311857767E-004
  0.439882697947214       4.924078951046108E-004
  0.457478005865103       5.057397412335633E-004
  0.475073313782991       4.492968352664727E-004
  0.492668621700880       4.627598106831034E-004
  0.510263929618768       4.118139282124249E-004
  0.527859237536657       4.253308027528391E-004
  0.545454545454546       3.791184202539812E-004
  0.563049853372434       3.926194458151583E-004
  0.580645161290323       3.505157263555854E-004
  0.598240469208211       3.639545569027218E-004
  0.615835777126100       3.254720537218530E-004
  0.633431085043988       3.388293857762969E-004
  0.651026392961877       3.034786831732470E-004
  0.668621700879765       3.165505448063281E-004
  0.686217008797654       2.837317097923810E-004
  0.703812316715543       2.962131627496723E-004
  0.721407624633431       2.653079988394978E-004
  0.739002932551320       2.768357161559961E-004
  0.756598240469208       2.472082612705618E-004
  0.774193548387097       2.573580261935584E-004
  0.791788856304985       2.283341161671323E-004
  0.809384164222874       2.365872915406893E-004
  0.826979472140763       2.074627414957107E-004
  0.844574780058651       2.134955466171714E-004
  0.862170087976540       1.840797062007968E-004
  0.879765395894428       1.880391627664346E-004
  0.897360703812317       1.584008446030878E-004
  0.914956011730205       1.605420836620894E-004
  0.932551319648094       1.308477842053573E-004
  0.950146627565982       1.315023666864707E-004
  0.967741935483871       1.020116065566545E-004
  0.985337243401760       1.016024897766919E-004
   1.00293255131965       7.270965253359316E-005
   1.02052785923754       7.184812063216107E-005
   1.03812316715543       4.413851347584025E-005
   1.05571847507331       4.337675373447891E-005
   1.07331378299120       1.710961647397456E-005
   1.09090909090909       1.665030600788611E-005
   1.10850439882698      -8.135482118685922E-006
   1.12609970674487      -8.255367586145521E-006
   1.14369501466276      -3.166418069421863E-005
   1.16129032258065      -3.155771682645031E-005
   1.17888563049853      -5.385326186784545E-005
   1.19648093841642      -5.383454023271829E-005
   1.21407624633431      -7.556826623848158E-005
   1.23167155425220      -7.630874332670306E-005
   1.24926686217009      -9.810436004402629E-005
   1.26686217008798      -9.983862660135589E-005
   1.28445747800587      -1.217113383402349E-004
   1.30205278592375      -1.242586872982958E-004
   1.31964809384164      -1.459632016530856E-004
   1.33724340175953      -1.489386376067575E-004
   1.35483870967742      -1.700386350819380E-004
   1.37243401759531      -1.728675584411696E-004
   1.39002932551320      -1.927136378329605E-004
   1.40762463343109      -1.945462259277329E-004
   1.42521994134897      -2.121741695027389E-004
   1.44281524926686      -2.121711355936260E-004
   1.46041055718475      -2.272594207847762E-004
   1.47800586510264      -2.254661669353231E-004
   1.49560117302053      -2.382751535094987E-004
   1.51319648093842      -2.350378363186073E-004
   1.53079178885631      -2.460420247706387E-004
   1.54838709677419      -2.419010982590476E-004
   1.56598240469208      -2.517659826432926E-004
   1.58357771260997      -2.474743618145747E-004
   1.60117302052786      -2.571317124936637E-004
   1.61876832844575      -2.538048551208836E-004
   1.63636363636364      -2.643930904551732E-004
   1.65395894428153      -2.626695685260857E-004
   1.67155425219941      -2.742804063200750E-004
   1.68914956011730      -2.739243730188662E-004
   1.70674486803519      -2.861727686256561E-004
   1.72434017595308      -2.866396135645941E-004
   1.74193548387097      -2.988726866173294E-004
   1.75953079178886      -2.993604449876612E-004
   1.77712609970675      -3.106498306726768E-004
   1.79472140762463      -3.100344395131019E-004
   1.81231671554252      -3.190033207167415E-004
   1.82991202346041      -3.156979005982932E-004
   1.84750733137830      -3.211186845144185E-004
   1.86510263929619      -3.145891453482608E-004
   1.88269794721408      -3.164427441538207E-004
   1.90029325513196      -3.068999418721759E-004
   1.91788856304985      -3.055863513424266E-004
   1.93548387096774      -2.935684786872497E-004
   1.95307917888563      -2.897876443126213E-004
   1.97067448680352      -2.761369435606509E-004
   1.98826979472141      -2.709264308377178E-004
   2.00586510263930      -2.569302286081732E-004
   2.02346041055718      -2.519680496934456E-004
   2.04105571847507      -2.394485342311691E-004
   2.05865102639296      -2.361800146813578E-004
   2.07624633431085      -2.260156713200423E-004
   2.09384164222874      -2.249942870154169E-004
   2.11143695014663      -2.175141546176680E-004
   2.12903225806452      -2.188998096008231E-004
   2.14662756598241      -2.140849534832061E-004
   2.16422287390029      -2.176981319933981E-004
   2.18181818181818      -2.151650006775844E-004
   2.19941348973607      -2.203856665825564E-004
   2.21700879765396      -2.190871552729518E-004
   2.23460410557185      -2.243330274117382E-004
   2.25219941348974      -2.225357565184303E-004
   2.26979472140762      -2.264644789777928E-004
   2.28739002932551      -2.232121516075974E-004
   2.30498533724340      -2.251191086822554E-004
   2.32258064516129      -2.198805821317187E-004
   2.34017595307918      -2.194007263348267E-004
   2.35777126099707      -2.119519142185310E-004
   2.37536656891496      -2.090252162061313E-004
   2.39296187683284      -1.994747611140188E-004
   2.41055718475073      -1.944843177739026E-004
   2.42815249266862      -1.836756389675979E-004
   2.44574780058651      -1.778960596700735E-004
   2.46334310850440      -1.670954845939431E-004
   2.48093841642229      -1.615483918788153E-004
   2.49853372434018      -1.515760844400243E-004
   2.51612903225806      -1.469630569420745E-004
   2.53372434017595      -1.384094554678416E-004
   2.55131964809384      -1.352343202248024E-004
   2.56891495601173      -1.285031087160090E-004
   2.58651026392962      -1.270745294368866E-004
   2.60410557184751      -1.223328608630721E-004
   2.62170087976540      -1.225477296712731E-004
   2.63929618768328      -1.192331303283451E-004
   2.65689149560117      -1.202344923791505E-004
   2.67448680351906      -1.175228255411777E-004
   2.69208211143695      -1.186245737704532E-004
   2.70967741935484      -1.159093475936694E-004
   2.72727272727273      -1.165771011930011E-004
   2.74486803519062      -1.133732653804323E-004
   2.76246334310850      -1.131787445844168E-004
   2.78005865102639      -1.091026813194917E-004
   2.79765395894428      -1.077229105162179E-004
   2.81524926686217      -1.025349918055520E-004
   2.83284457478006      -9.993716269819674E-005
   2.85043988269795      -9.384353902182707E-005
   2.86803519061584      -9.034342693350697E-005
   2.88563049853372      -8.364343870106472E-005
   2.90322580645161      -7.952812132295906E-005
   2.92082111436950      -7.249703642831248E-005
   2.93841642228739      -6.804552685835291E-005
   2.95601173020528      -6.095977369726072E-005
   2.97360703812317      -5.645935209652189E-005
   2.99120234604106      -4.961117777298310E-005
   3.00879765395894      -4.537542305462286E-005
   3.02639296187683      -3.906163199982327E-005
   3.04398826979472      -3.529165369952264E-005
   3.06158357771261      -2.957306379292893E-005
   3.07917888563050      -2.626234583317286E-005
   3.09677419354839      -2.110834666623318E-005
   3.11436950146628      -1.822051493967000E-005
   3.13196480938416      -1.358306185760555E-005
   3.14956011730205      -1.106892045809363E-005
   3.16715542521994      -6.890214888351704E-006
   3.18475073313783      -4.692417242572633E-006
   3.20234604105572      -9.070678818405565E-007
   3.21994134897361       1.042557119212639E-006
   3.23753665689150       4.517488570203482E-006
   3.25513196480938       6.303243535557668E-006
   3.27272727272727       9.550791519988638E-006
   3.29032258064516       1.124347251147573E-005
   3.30791788856305       1.433067454324646E-005
   3.32551319648094       1.598560350502129E-005
   3.34310850439883       1.896263787322078E-005
   3.36070381231672       2.061583328648181E-005
   3.37829912023460       2.350920083190311E-005
   3.39589442815249       2.516594749186166E-005
   3.41348973607038       2.795675392459743E-005
   3.43108504398827       2.957666048813901E-005
   3.44868035190616       3.226505662510709E-005
   3.46627565982405       3.391345945090521E-005
   3.48387096774194       3.661162081454453E-005
   3.50146627565982       3.841542170673122E-005
   3.51906158357771       4.126369039086403E-005
   3.53665689149560       4.336584556124594E-005
   3.55425219941349       4.651312295538487E-005
   3.57184750733138       4.905846660278191E-005
   3.58944281524927       5.264780772927660E-005
   3.60703812316716       5.576013695455002E-005
   3.62463343108504       5.982127895381338E-005
   3.64222873900293       6.329556606784894E-005
   3.65982404692082       6.741729245178918E-005
   3.67741935483871       7.079245821469906E-005
   3.69501466275660       7.454481786214315E-005
   3.71260997067449       7.741096066022122E-005
   3.73020527859238       8.040659310373201E-005
   3.74780058651026       8.239098027717004E-005
   3.76539589442815       8.427689000035704E-005
   3.78299120234604       8.504075266424203E-005
   3.80058651026393       8.550027819600747E-005
   3.81818181818182       8.479089421727922E-005
   3.83577712609971       8.382843946095746E-005
   3.85337243401760       8.201679881178824E-005
   3.87096774193548       8.020025530088563E-005
   3.88856304985337       7.786975856841286E-005
   3.90615835777126       7.577732513809539E-005
   3.92375366568915       7.349726784197358E-005
   3.94134897360704       7.169442395202561E-005
   3.95894428152493       7.001975888591248E-005
   3.97653958944282       6.905262736332951E-005
   3.99413489736070       6.850940983272822E-005
   4.01173020527859       6.885561545177527E-005
   4.02932551319648       6.966985753330402E-005
   4.04692082111437       7.110171961113557E-005
   4.06451612903226       7.273961520528241E-005
   4.08211143695015       7.470289828965654E-005
   4.09970674486804       7.666528316450148E-005
   4.11730205278592       7.871005440883785E-005
   4.13489736070381       8.058858619044857E-005
   4.15249266862170       8.235320951370508E-005
   4.17008797653959       8.383199408293235E-005
   4.18768328445748       8.505893292756209E-005
   4.20527859237537       8.595728805642710E-005
   4.22287390029326       8.662927280275517E-005
   4.24046920821114       8.716307546072165E-005
   4.25806451612903       8.762472552330838E-005
   4.27565982404692       8.809147683009873E-005
   4.29325513196481       8.856852954147859E-005
   4.31085043988270       8.914675495447838E-005
   4.32844574780059       8.978581960391721E-005
   4.34604105571848       9.059202054210433E-005
   4.36363636363636       9.148595411991247E-005
   4.38123167155425       9.258445511662353E-005
   4.39882697947214       9.376810497729789E-005
   4.41642228739003       9.513234451692985E-005
   4.43401759530792       9.646221433611897E-005
   4.45161290322581       9.784179260944399E-005
   4.46920821114370       9.906862251731338E-005
   4.48680351906158       1.002629448094901E-004
   4.50439882697947       1.012307971994851E-004
   4.52199413489736       1.021183311209259E-004
   4.53958944281525       1.027432407894186E-004
   4.55718475073314       1.032760289904912E-004
   4.57478005865103       1.035560145547854E-004
   4.59237536656892       1.037850058831634E-004
   4.60997067448680       1.038598731938264E-004
   4.62756598240469       1.040378728429488E-004
   4.64516129032258       1.041828984608042E-004
   4.66275659824047       1.044565172852689E-004
   4.68035190615836       1.046806945534781E-004
   4.69794721407625       1.049810395327562E-004
   4.71554252199414       1.051711645129404E-004
   4.73313782991202       1.053480882864532E-004
   4.75073313782991       1.053277000136678E-004
   4.76832844574780       1.051794455460781E-004
   4.78592375366569       1.047282129339482E-004
   4.80351906158358       1.040149046304779E-004
   4.82111436950147       1.029023546548195E-004
   4.83870967741935       1.014787535365788E-004
   4.85630498533724       9.968794689601887E-005
   4.87390029325513       9.759446286930418E-005
   4.89149560117302       9.516653333561922E-005
   4.90909090909091       9.243540933226401E-005
   4.92668621700880       8.939802628145340E-005
   4.94428152492669       8.605070007245714E-005
   4.96187683284458       8.242393802049728E-005
   4.97947214076246       7.847881980670194E-005
   4.99706744868035       7.428677166454219E-005
   5.01466275659824       6.978314419516441E-005
   5.03225806451613       6.509866271872159E-005
   5.04985337243402       6.011872425203435E-005
   5.06744868035191       5.499453030641604E-005
   5.08504398826980       4.955040349797921E-005
   5.10263929618768       4.397218923921338E-005
   5.12023460410557       3.802642054873682E-005
   5.13782991202346       3.193940766558118E-005
   5.15542521994135       2.541911414638157E-005
   5.17302052785924       1.873686063783556E-005
   5.19061583577713       1.154109951061619E-005
   5.20821114369502       4.156256839911443E-006
   5.22580645161290      -3.779299955127047E-006
   5.24340175953079      -1.179836794607292E-005
   5.26099706744868      -2.028730135965237E-005
   5.27859237536657      -2.873205984221154E-005
   5.29618768328446      -3.759332889076225E-005
   5.31378299120235      -4.630753417087357E-005
   5.33137829912024      -5.541226008915774E-005
   5.34897360703812      -6.429305308320922E-005
   5.36656891495601      -7.356915403679271E-005
   5.38416422287390      -8.257714721667340E-005
   5.40175953079179      -9.202969948311611E-005
   5.41935483870968      -1.012252362367839E-004
   5.43695014662757      -1.109369637631111E-004
   5.45454545454546      -1.203347464134689E-004
   5.47214076246334      -1.302338368172791E-004
   5.48973607038123      -1.397202920857135E-004
   5.50733137829912      -1.496801241309404E-004
   5.52492668621701      -1.591212434923433E-004
   5.54252199413490      -1.690075362811517E-004
   5.56011730205279      -1.782697069590605E-004
   5.57771260997067      -1.879545062336792E-004
   5.59530791788856      -1.969158517543982E-004
   5.61290322580645      -2.062892524233282E-004
   5.63049853372434      -2.148524203811480E-004
   5.64809384164223      -2.238267722132861E-004
   5.66568914956012      -2.319056407460625E-004
   5.68328445747801      -2.404005547377595E-004
   5.70087976539589      -2.479237443568385E-004
   5.71847507331378      -2.558825007065392E-004
   5.73607038123167      -2.628094888030002E-004
   5.75366568914956      -2.702137869882568E-004
   5.77126099706745      -2.765524439041795E-004
   5.78885630498534      -2.834467209164846E-004
   5.80645161290323      -2.892969166930562E-004
   5.82404692082111      -2.958551313135917E-004
   5.84164222873900      -3.013915387644879E-004
   5.85923753665689      -3.076706402733965E-004
   5.87683284457478      -3.128227394717213E-004
   5.89442815249267      -3.186904832477565E-004
   5.91202346041056      -3.232925163781991E-004
   5.92961876832845      -3.285615122560650E-004
   5.94721407624634      -3.324102912475212E-004
   5.96480938416422      -3.368684923840820E-004
   5.98240469208211      -3.397471567343876E-004
   6.00000000000000      -3.431814349389778E-004
   6.01759530791789      -3.449083911401439E-004
   6.03519061583578      -3.472522858162044E-004
   6.05278592375367      -3.479039181425352E-004
   6.07038123167156      -3.492860967947269E-004
   6.08797653958944      -3.489723356097181E-004
   6.10557184750733      -3.494840331669532E-004
   6.12316715542522      -3.482823786618708E-004
   6.14076246334311      -3.479933505813261E-004
   6.15835777126100      -3.459683974296801E-004
   6.17595307917889      -3.449443678802597E-004
   6.19354838709677      -3.421679944390123E-004
   6.21114369501466      -3.405042232199763E-004
   6.22873900293255      -3.371103456488673E-004
   6.24633431085044      -3.349462507560624E-004
   6.26392961876833      -3.310177612356520E-004
   6.28152492668622      -3.283722830184860E-004
   6.29912023460411      -3.238862318923508E-004
   6.31671554252199      -3.207080360592187E-004
   6.33431085043988      -3.155888794193067E-004
   6.35190615835777      -3.117832452958080E-004
   6.36950146627566      -3.059192627609636E-004
   6.38709677419355      -3.013619740138508E-004
   6.40469208211144      -2.946215774265040E-004
   6.42228739002933      -2.892273093559367E-004
   6.43988269794721      -2.816875249852556E-004
   6.45747800586510      -2.757139675640771E-004
   6.47507331378299      -2.676843719851786E-004
   6.49266862170088      -2.614152018332268E-004
   6.51026392961877      -2.531518870647998E-004
   6.52785923753666      -2.468192814302370E-004
   6.54545454545455      -2.385315729481105E-004
   6.56304985337243      -2.323240703779431E-004
   6.58064516129032      -2.241801533151621E-004
   6.59824046920821      -2.182477598487682E-004
   6.61583577712610      -2.103796633973544E-004
   6.63343108504399      -2.048248793669521E-004
   6.65102639296188      -1.972831218791874E-004
   6.66862170087977      -1.921056435012535E-004
   6.68621700879765      -1.848542527684833E-004
   6.70381231671554      -1.799896759627804E-004
   6.72140762463343      -1.729355906501279E-004
   6.73900293255132      -1.682620857779362E-004
   6.75659824046921      -1.612526842235359E-004
   6.77419354838710      -1.565847307918330E-004
   6.79178885630499      -1.493968811397030E-004
   6.80938416422287      -1.444659122596959E-004
   6.82697947214076      -1.368370038116163E-004
   6.84457478005865      -1.315281692313692E-004
   6.86217008797654      -1.235352934300210E-004
   6.87976539589443      -1.180108635184551E-004
   6.89736070381232      -1.098212734151429E-004
   6.91495601173021      -1.042396886642661E-004
   6.93255131964809      -9.599708483888959E-005
   6.95014662756598      -9.048281661020074E-005
   6.96774193548387      -8.228741521559388E-005
   6.98533724340176      -7.691077445599370E-005
   7.00293255131965      -6.879224157126962E-005
   7.02052785923754      -6.352852309972865E-005
   7.03812316715543      -5.543175967145072E-005
   7.05571847507331      -5.026251398124931E-005
   7.07331378299120      -4.222256317770699E-005
   7.09090909090909      -3.720073158793057E-005
   7.10850439882698      -2.926587624559422E-005
   7.12609970674487      -2.442594796399788E-005
   7.14369501466276      -1.660842005827744E-005
   7.16129032258065      -1.193252390619534E-005
   7.17888563049853      -4.172775861231047E-006
   7.19648093841642       4.567907645337714E-007
   7.21407624633431       8.371897761080440E-006
   7.23167155425220       1.324470372174703E-005
   7.24926686217009       2.151586814015340E-005
   7.26686217008798       2.663509366749280E-005
   7.28445747800587       3.513470876540141E-005
   7.30205278592375       4.031744519024230E-005
   7.31964809384164       4.883353058302533E-005
   7.33724340175953       5.385300969576044E-005
   7.35483870967742       6.215513757080158E-005
   7.37243401759531       6.678927153938330E-005
   7.39002932551320       7.467755610243059E-005
   7.40762463343109       7.878030305515427E-005
   7.42521994134897       8.623248065330374E-005
   7.44281524926686       8.991497005197579E-005
   7.46041055718475       9.704351095887623E-005
   7.47800586510264       1.003177238608260E-004
   7.49560117302053       1.070519681289239E-004
   7.51319648093842       1.097977132584948E-004
   7.53079178885631       1.159816988178858E-004
   7.54838709677419       1.180190533347687E-004
   7.56598240469208       1.234582237044277E-004
   7.58357771260997       1.245903545709854E-004
   7.60117302052786       1.291039269895681E-004
   7.61876832844575       1.292282940772258E-004
   7.63636363636364       1.328886731578233E-004
   7.65395894428153       1.322069695866156E-004
   7.67155425219941       1.351770915946502E-004
   7.68914956011730       1.337555220103991E-004
   7.70674486803519       1.360290788085398E-004
   7.72434017595308       1.338045546504719E-004
   7.74193548387097       1.352709955774979E-004
   7.75953079178886       1.320930444082816E-004
   7.77712609970675       1.325690008592866E-004
   7.79472140762463       1.282306612545941E-004
   7.81231671554252       1.275155933975574E-004
   7.82991202346041       1.219557714752140E-004
   7.84750733137830       1.202360929115813E-004
   7.86510263929619       1.137651377566754E-004
   7.88269794721408       1.113033542812717E-004
   7.90029325513197       1.041008263157325E-004
   7.91788856304985       1.010039675107201E-004
   7.93548387096774       9.310881284038959E-005
   7.95307917888563       8.934801427782793E-005
   7.97067448680352       8.066295291518739E-005
   7.98826979472141       7.606771350723469E-005
   8.00586510263930       6.633860983850141E-005
   8.02346041055718       6.061471704966332E-005
   8.04105571847507       4.969144822180492E-005
   8.05865102639296       4.294785890607993E-005
   8.07624633431085       3.107405749630768E-005
   8.09384164222874       2.355266656458827E-005
   8.11143695014663       1.094015011112250E-005
   8.12903225806452       2.812678862231951E-006
   8.14662756598241      -1.041424221316677E-005
   8.16422287390029      -1.907985108447277E-005
   8.18181818181818      -3.291981020003398E-005
   8.19941348973607      -4.220743444162713E-005
   8.21700879765396      -5.684878032087467E-005
   8.23460410557185      -6.695102369773947E-005
   8.25219941348974      -8.237963186077166E-005
   8.26979472140763      -9.306101529180860E-005
   8.28739002932551      -1.089626462889483E-004
   8.30498533724340      -1.199050192745385E-004
   8.32258064516129      -1.359780176942210E-004
   8.34017595307918      -1.469130130942095E-004
   8.35777126099707      -1.629348997550939E-004
   8.37536656891496      -1.737051067840778E-004
   8.39296187683285      -1.896057349597065E-004
   8.41055718475073      -2.002875454355971E-004
   8.42815249266862      -2.163297705680181E-004
   8.44574780058651      -2.272104837762078E-004
   8.46334310850440      -2.434762386823785E-004
   8.48093841642229      -2.544345938288141E-004
   8.49853372434018      -2.707077234637809E-004
   8.51612903225807      -2.814862446256236E-004
   8.53372434017595      -2.974905272155496E-004
   8.55131964809384      -3.078157270326896E-004
   8.56891495601173      -3.232983815751385E-004
   8.58651026392962      -3.329637157761770E-004
   8.60410557184751      -3.478087224905497E-004
   8.62170087976540      -3.568864530288797E-004
   8.63929618768329      -3.713585183261144E-004
   8.65689149560117      -3.800763819996277E-004
   8.67448680351906      -3.941876792018240E-004
   8.69208211143695      -4.023945834859173E-004
   8.70967741935484      -4.159005055937595E-004
   8.72727272727273      -4.232885115127463E-004
   8.74486803519062      -4.358379799973078E-004
   8.76246334310851      -4.420313064131101E-004
   8.78005865102639      -4.532427713888167E-004
   8.79765395894428      -4.578826431023617E-004
   8.81524926686217      -4.675015463077073E-004
   8.83284457478006      -4.706099305913578E-004
   8.85043988269795      -4.789118529010772E-004
   8.86803519061584      -4.807446855837074E-004
   8.88563049853373      -4.878232285700658E-004
   8.90322580645161      -4.883448951813563E-004
   8.92082111436950      -4.940655637754521E-004
   8.93841642228739      -4.930613852745748E-004
   8.95601173020528      -4.971393584709524E-004
   8.97360703812317      -4.942669481968254E-004
   8.99120234604106      -4.963113668656285E-004
   9.00879765395895      -4.911604751600510E-004
   9.02639296187683      -4.909200240799665E-004
   9.04398826979472      -4.836576293455883E-004
   9.06158357771261      -4.816359458134084E-004
   9.07917888563050      -4.727927255445591E-004
   9.09677419354839      -4.694209895788370E-004
   9.11436950146628      -4.593421359601108E-004
   9.13196480938416      -4.548841981114555E-004
   9.14956011730205      -4.437583856719062E-004
   9.16715542521994      -4.383281821069407E-004
   9.18475073313783      -4.261980314972030E-004
   9.20234604105572      -4.197654005321613E-004
   9.21994134897361      -4.065663122199078E-004
   9.23753665689150      -3.991670590194707E-004
   9.25513196480938      -3.851197979939449E-004
   9.27272727272727      -3.770392649160710E-004
   9.29032258064516      -3.623772220414782E-004
   9.30791788856305      -3.537752447282711E-004
   9.32551319648094      -3.385840705201781E-004
   9.34310850439883      -3.294665316372788E-004
   9.36070381231672      -3.136701111198057E-004
   9.37829912023460      -3.038700276448754E-004
   9.39589442815249      -2.872025806250761E-004
   9.41348973607038      -2.763488741448017E-004
   9.43108504398827      -2.585104096803875E-004
   9.44868035190616      -2.466675469259474E-004
   9.46627565982405      -2.280589332561175E-004
   9.48387096774194      -2.157009095021747E-004
   9.50146627565982      -1.967490817057230E-004
   9.51906158357771      -1.842324444648077E-004
   9.53665689149560      -1.652111752454614E-004
   9.55425219941349      -1.527099085544368E-004
   9.57184750733138      -1.336766319685784E-004
   9.58944281524927      -1.211036447606699E-004
   9.60703812316716      -1.017714674639068E-004
   9.62463343108504      -8.864195500383557E-005
   9.64222873900293      -6.862653370408084E-005
   9.65982404692082      -5.497111614985692E-005
   9.67741935483871      -3.462055111175130E-005
   9.69501466275660      -2.086665643797844E-005
   9.71260997067449      -6.024716713701750E-007
   9.73020527859238       1.287365031171017E-005
   9.74780058651026       3.275308523803283E-005
   9.76539589442815       4.576815680283611E-005
   9.78299120234604       6.524200097791672E-005
   9.80058651026393       7.802415423346499E-005
   9.81818181818182       9.772026061137897E-005
   9.83577712609971       1.111469201654677E-004
   9.85337243401760       1.315097815195495E-004
   9.87096774193548       1.452866181963523E-004
   9.88856304985337       1.655866738896419E-004
   9.90615835777126       1.787886982069626E-004
   9.92375366568915       1.979871059058080E-004
   9.94134897360704       2.095229243266039E-004
   9.95894428152493       2.265206118852254E-004
   9.97653958944282       2.353458910148162E-004
   9.99413489736071       2.492273604281025E-004
   10.0117302052786       2.547792053679040E-004
   10.0293255131965       2.658174804486474E-004
   10.0469208211144       2.691776885728563E-004
   10.0645161290323       2.783997114540813E-004
   10.0821114369501       2.800145644298296E-004
   10.0997067448680       2.873843372036164E-004
   10.1173020527859       2.868744989940965E-004
   10.1348973607038       2.917221823936119E-004
   10.1524926686217       2.881656741945849E-004
   10.1700879765396       2.893376424871568E-004
   10.1876832844575       2.813686203804901E-004
   10.2052785923754       2.773021377901291E-004
   10.2228739002933       2.635489323276797E-004
   10.2404692082111       2.540528509597177E-004
   10.2580645161290       2.358106179464674E-004
   10.2756598240469       2.227245732554149E-004
   10.2932551319648       2.016969164360487E-004
   10.3108504398827       1.865246242517267E-004
   10.3284457478006       1.640132015703327E-004
   10.3460410557185       1.478417549970302E-004
   10.3636363636364       1.247074287527997E-004
   10.3812316715543       1.081420881495911E-004
   10.3988269794721       8.468970723050351E-005
   10.4164222873900       6.762619120852303E-005
   10.4340175953079       4.340884885357693E-005
   10.4516129032258       2.551010977059631E-005
   10.4692082111437       5.728351743154448E-007
   10.4868035190616      -1.791797184987909E-005
   10.5043988269795      -4.330809802413271E-005
   10.5219941348974      -6.216615914184304E-005
   10.5395894428153      -8.786331463603372E-005
   10.5571847507331      -1.070555908217691E-004
   10.5747800586510      -1.331714790656641E-004
   10.5923753665689      -1.529977621028951E-004
   10.6099706744868      -1.800980631170482E-004
   10.6275659824047      -2.013458066524445E-004
   10.6451612903226      -2.300366812344630E-004
   10.6627565982405      -2.528470116961840E-004
   10.6803519061584      -2.830065712763673E-004
   10.6979472140762      -3.072623460422526E-004
   10.7155425219941      -3.388752205973979E-004
   10.7331378299120      -3.647277174749572E-004
   10.7507331378299      -3.981783818507239E-004
   10.7683284457478      -4.263347538293685E-004
   10.7859237536657      -4.627824257764298E-004
   10.8035190615836      -4.951420075421065E-004
   10.8211143695015      -5.375684219772259E-004
   10.8387096774194      -5.772366366859730E-004
   10.8563049853372      -6.266917472382894E-004
   10.8739002932551      -6.722156749895740E-004
   10.8914956011730      -7.258568769947963E-004
   10.9090909090909      -7.735954905999663E-004
   10.9266862170088      -8.271503123283288E-004
   10.9442815249267      -8.723018121204918E-004
   10.9618768328446      -9.204838019263085E-004
   10.9794721407625      -9.573028584396265E-004
   10.9970674486804      -9.938952555839159E-004
   11.0146627565982      -1.015921767380219E-003
   11.0322580645161      -1.036564826971840E-003
   11.0498533724340      -1.044490246891723E-003
   11.0674486803519      -1.053759800776626E-003
   11.0850439882698      -1.053102378192613E-003
   11.1026392961877      -1.056462125667427E-003
   11.1202346041056      -1.052570864427754E-003
   11.1378299120235      -1.055219088015429E-003
   11.1554252199413      -1.053118099879844E-003
   11.1730205278592      -1.059869602522723E-003
   11.1906158357771      -1.064126214821942E-003
   11.2082111436950      -1.079163701187739E-003
   11.2258064516129      -1.092565720545456E-003
   11.2434017595308      -1.115735199342289E-003
   11.2609970674487      -1.135576083037257E-003
   11.2785923753666      -1.163472665931627E-003
   11.2961876832845      -1.186438578946486E-003
   11.3137829912023      -1.215766418112128E-003
   11.3313782991202      -1.238533029515132E-003
   11.3489736070381      -1.265893014336874E-003
   11.3665689149560      -1.284949184204876E-003
   11.3841642228739      -1.306660644822186E-003
   11.4017595307918      -1.318064507099459E-003
   11.4193548387097      -1.330087663659362E-003
   11.4369501466276      -1.331180669550564E-003
   11.4545454545455      -1.333760662052581E-003
   11.4721407624633      -1.326870310585489E-003
   11.4897360703812      -1.322950513894233E-003
   11.5073313782991      -1.311232417200748E-003
   11.5249266862170      -1.304097990336899E-003
   11.5425219941349      -1.290912507983903E-003
   11.5601173020528      -1.283950364864808E-003
   11.5777126099707      -1.272654060591398E-003
   11.5953079178886      -1.269107010565477E-003
   11.6129032258065      -1.262510559550496E-003
   11.6304985337243      -1.263525096875101E-003
   11.6480938416422      -1.260321849208663E-003
   11.6656891495601      -1.263479777611104E-003
   11.6832844574780      -1.261652272793404E-003
   11.7008797653959      -1.265569481920237E-003
   11.7184750733138      -1.264263023715434E-003
   11.7360703812317      -1.268591007227399E-003
   11.7536656891496      -1.267982813303388E-003
   11.7712609970675      -1.273480914907825E-003
   11.7888563049853      -1.275028480645243E-003
   11.8064516129032      -1.284163588282781E-003
   11.8240469208211      -1.291370161025527E-003
   11.8416422287390      -1.306927891515587E-003
   11.8592375366569      -1.319750978430326E-003
   11.8768328445748      -1.339249412083235E-003
   11.8944281524927      -1.354172660485400E-003
   11.9120234604106      -1.373572871733259E-003
   11.9296187683284      -1.386206175548630E-003
   11.9472140762463      -1.400896210430932E-003
   11.9648093841642      -1.406514753404627E-003
   11.9824046920821      -1.411795337202606E-003
   12.0000000000000      -1.405954388805844E-003
   12.0175953079179      -1.398814288230149E-003
   12.0351906158358      -1.383194359785977E-003
   12.0527859237537      -1.370864754967842E-003
   12.0703812316716      -1.354220287891009E-003
   12.0879765395894      -1.344099879604819E-003
   12.1055718475073      -1.332375405042693E-003
   12.1231671554252      -1.329086975558701E-003
   12.1407624633431      -1.325577943648198E-003
   12.1583577712610      -1.330987005857428E-003
   12.1759530791789      -1.335888844325234E-003
   12.1935483870968      -1.348100642180980E-003
   12.2111436950147      -1.356130262675623E-003
   12.2287390029326      -1.364975026522397E-003
   12.2463343108504      -1.364047125696760E-003
   12.2639296187683      -1.361065369950227E-003
   12.2815249266862      -1.347401521917729E-003
   12.2991202346041      -1.331590981637818E-003
   12.3167155425220      -1.305958395700267E-003
   12.3343108504399      -1.279477893056818E-003
   12.3519061583578      -1.245198740078911E-003
   12.3695014662757      -1.212396892932708E-003
   12.3870967741935      -1.174771611868263E-003
   12.4046920821114      -1.141883853123296E-003
   12.4222873900293      -1.107198279487756E-003
   12.4398826979472      -1.077705021769817E-003
   12.4574780058651      -1.045158210747879E-003
   12.4750733137830      -1.016259208333907E-003
   12.4926686217009      -9.831542284961616E-004
   12.5102639296188      -9.525612381239334E-004
   12.5278592375367      -9.170660634706847E-004
   12.5454545454545      -8.834417769017054E-004
   12.5630498533724      -8.447598434600342E-004
   12.5806451612903      -8.079133170452031E-004
   12.5982404692082      -7.665735912897355E-004
   12.6158357771261      -7.279711673265980E-004
   12.6334310850440      -6.860963374761001E-004
   12.6510263929619      -6.473314348417763E-004
   12.6686217008798      -6.054730472973489E-004
   12.6862170087977      -5.666481949159679E-004
   12.7038123167155      -5.249402530077740E-004
   12.7214076246334      -4.863838936230065E-004
   12.7390029325513      -4.454669900867895E-004
   12.7565982404692      -4.082304403600407E-004
   12.7741935483871      -3.697003791841080E-004
   12.7917888563050      -3.360885941958118E-004
   12.8093841642229      -3.033414746187507E-004
   12.8269794721408      -2.776575835246558E-004
   12.8445747800587      -2.539299800132923E-004
   12.8621700879765      -2.367253813138648E-004
   12.8797653958944      -2.207496463099458E-004
   12.8973607038123      -2.102426882720446E-004
   12.9149560117302      -2.001941828355582E-004
   12.9325513196481      -1.947540218125131E-004
   12.9501466275660      -1.894480869071592E-004
   12.9677419354839      -1.886195691859692E-004
   12.9853372434018      -1.887668040347726E-004
   13.0029325513196      -1.953184301113500E-004
   13.0205278592375      -2.072598995883102E-004
   13.0381231671554      -2.293197097742502E-004
   13.0557184750733      -2.564152284793556E-004
   13.0733137829912      -2.898057372028573E-004
   13.0909090909091      -3.230100845839226E-004
   13.1085043988270      -3.556701125381319E-004
   13.1260997067449      -3.804656394878551E-004
   13.1436950146628      -3.957260321337377E-004
   13.1612903225806      -3.934311638250561E-004
   13.1788856304985      -3.706486602780010E-004
   13.1964809384164      -3.186153450212230E-004
   13.2140762463343      -2.341374566965484E-004
   13.2316715542522      -1.181769030964130E-004
   13.2492668621701       1.960337317594507E-005
   13.2668621700880       1.739923641954992E-004
   13.2844574780059       3.361771346956348E-004
   13.3020527859238       5.014535487592081E-004
   13.3196480938416       6.622366906929012E-004
   13.3372434017595       8.146739949900272E-004
   13.3548387096774       9.528372548586844E-004
   13.3724340175953       1.074384463984492E-003
   13.3900293255132       1.176045187445159E-003
   13.4076246334311       1.259762253942600E-003
   13.4252199413490       1.331283137109744E-003
   13.4428152492669       1.396783506609252E-003
   13.4604105571848       1.457555798480695E-003
   13.4780058651026       1.514232907060079E-003
   13.4956011730205       1.565575715164669E-003
   13.5131964809384       1.609617292073271E-003
   13.5307917888563       1.643605368651698E-003
   13.5483870967742       1.663595424506099E-003
   13.5659824046921       1.665628370321120E-003
   13.5835777126100       1.643909580590251E-003
   13.6011730205279       1.593141123984295E-003
   13.6187683284457       1.508060536099416E-003
   13.6363636363636       1.395050149532488E-003
   13.6539589442815       1.260756871095600E-003
   13.6715542521994       1.114279712879149E-003
   13.6891495601173       9.616731051532265E-004
   13.7067448680352       8.118990756748092E-004
   13.7243401759531       6.700752871664508E-004
   13.7419354838710       5.447504460085659E-004
   13.7595307917889       4.398392109782231E-004
   13.7771260997067       3.630751002924736E-004
   13.7947214076246       3.165780630948044E-004
   13.8123167155425       3.049735832440855E-004
   13.8299120234604       3.199715499411126E-004
   13.8475073313783       3.575715677572620E-004
   13.8651026392962       4.086529133429380E-004
   13.8826979472141       4.713858713543347E-004
   13.9002932551320       5.373307623785183E-004
   13.9178885630499       6.057593372622925E-004
   13.9354838709677       6.684638711747842E-004
   13.9530791788856       7.255515889851512E-004
   13.9706744868035       7.688868365912737E-004
   13.9882697947214       7.993419974389873E-004
   14.0058651026393       8.089652660147622E-004
   14.0234604105572       8.018543347420627E-004
   14.0410557184751       7.753411786375095E-004
   14.0586510263930       7.369277773159875E-004
   14.0762463343109       6.833405474575202E-004
   14.0938416422287       6.221271196800802E-004
   14.1114369501466       5.492931181188157E-004
   14.1290322580645       4.724045511041700E-004
   14.1466275659824       3.866233751205921E-004
   14.1642228739003       2.993428905961821E-004
   14.1818181818182       2.045045318850580E-004
   14.1994134897361       1.086351305244572E-004
   14.2170087976540       2.434214264857570E-006
   14.2346041055718      -1.098772868038803E-004
   14.2521994134897      -2.361292425087854E-004
   14.2697947214076      -3.684337511980311E-004
   14.2873900293255      -5.130962259386878E-004
   14.3049853372434      -6.603501306832318E-004
   14.3225806451613      -8.156690169993746E-004
   14.3401759530792      -9.676686930989106E-004
   14.3577712609971      -1.121040236310827E-003
   14.3753665689150      -1.262612692590437E-003
   14.3929618768328      -1.395891811440071E-003
   14.4105571847507      -1.504559584134517E-003
   14.4281524926686      -1.591112015432064E-003
   14.4457478005865      -1.642835446194451E-003
   14.4633431085044      -1.667732837898003E-003
   14.4809384164223      -1.655034947753783E-003
   14.4985337243402      -1.614515949859730E-003
   14.5161290322581      -1.536150632345828E-003
   14.5337243401760      -1.431203959168331E-003
   14.5513196480938      -1.290368160984320E-003
   14.5689149560117      -1.126643352519309E-003
   14.5865102639296      -9.320160100245908E-004
   14.6041055718475      -7.228769692311548E-004
   14.6217008797654      -4.978017981307945E-004
   14.6392961876833      -2.804286380162806E-004
   14.6568914956012      -6.676270482686076E-005
   14.6744868035191       1.243834785241714E-004
   14.6920821114370       3.006948627257867E-004
   14.7096774193548       4.457999663477568E-004
   14.7272727272727       5.703826366518452E-004
   14.7448680351906       6.603721641712360E-004
   14.7624633431085       7.297626504998713E-004
   14.7800586510264       7.676966815975762E-004
   14.7976539589443       7.933172013396217E-004
   14.8152492668622       8.043920255953804E-004
   14.8328445747801       8.277950708041541E-004
   14.8504398826979       8.537169398661202E-004
   14.8680351906158       8.990398857124383E-004
   14.8856304985337       9.480228396132568E-004
   14.9032258064516       1.014391623185814E-003
   14.9208211143695       1.079119278365512E-003
   14.9384164222874       1.153915898687462E-003
   14.9560117302053       1.217010797649397E-003
   14.9736070381232       1.278294277455622E-003
   14.9912023460411       1.313083292366320E-003
   15.0087976539589       1.328636339627470E-003
   15.0263929618768       1.303894825879120E-003
   15.0439882697947       1.262049051123525E-003
   15.0615835777126       1.192612842106778E-003
   15.0791788856305       1.121222473785449E-003
   15.0967741935484       1.037295145035511E-003
   15.1143695014663       9.671223497435645E-004
   15.1319648093842       8.994689740266467E-004
   15.1495601173021       8.608585574478264E-004
   15.1671554252199       8.390259367076776E-004
   15.1847507331378       8.602621024535270E-004
   15.2023460410557       9.104138233598320E-004
   15.2199413489736       1.010075879492372E-003
   15.2375366568915       1.129783378674026E-003
   15.2551319648094       1.281821846385939E-003
   15.2727272727273       1.437180641599533E-003
   15.2903225806452       1.610072112018575E-003
   15.3079178885631       1.771960625034789E-003
   15.3255131964809       1.938448995718909E-003
   15.3431085043988       2.081165674421239E-003
   15.3607038123167       2.216974310850976E-003
   15.3782991202346       2.317601195334656E-003
   15.3958944281525       2.401225807585079E-003
   15.4134897360704       2.440554671019866E-003
   15.4310850439883       2.460712162022854E-003
   15.4486803519062       2.440924244495791E-003
   15.4662756598240       2.408933224337800E-003
   15.4838709677419       2.343332177183059E-003
   15.5014662756598       2.272658026516961E-003
   15.5190615835777       2.175125239800133E-003
   15.5366568914956       2.080267474323938E-003
   15.5542521994135       1.966109704486903E-003
   15.5718475073314       1.863480133875994E-003
   15.5894428152493       1.750625665855919E-003
   15.6070381231672       1.660760908583619E-003
   15.6246334310850       1.572020852876084E-003
   15.6422287390029       1.513395913921529E-003
   15.6598240469208       1.455977868115997E-003
   15.6774193548387       1.426607870966515E-003
   15.6950146627566       1.394150986856100E-003
   15.7126099706745       1.384814507330828E-003
   15.7302052785924       1.365574195722524E-003
   15.7478005865103       1.362141403659689E-003
   15.7653958944282       1.339508956469878E-003
   15.7829912023460       1.322593421341373E-003
   15.8005865102639       1.273614327192289E-003
   15.8181818181818       1.216297020626335E-003
   15.8357771260997       1.117434429700198E-003
   15.8533724340176       1.011609299363872E-003
   15.8709677419355       8.693582383103000E-004
   15.8885630498534       7.274972559632044E-004
   15.9061583577713       5.567272229061662E-004
   15.9237536656892       3.952977752845839E-004
   15.9413489736070       2.135623285393824E-004
   15.9589442815249       5.089425540936033E-005
   15.9765395894428      -1.230840716240418E-004
   15.9941348973607      -2.682762727272221E-004
   16.0117302052786      -4.173930368054080E-004
   16.0293255131965      -5.368903849653761E-004
   16.0469208211144      -6.682020006908194E-004
   16.0645161290323      -7.775142600966227E-004
   16.0821114369501      -9.049376165935026E-004
   16.0997067448680      -1.013962382968244E-003
   16.1173020527859      -1.143867916478350E-003
   16.1348973607038      -1.255388577619839E-003
   16.1524926686217      -1.386700367978337E-003
   16.1700879765396      -1.495110805758566E-003
   16.1876832844575      -1.616564326745371E-003
   16.2052785923754      -1.701840242606427E-003
   16.2228739002933      -1.779955999520226E-003
   16.2404692082111      -1.801879227802509E-003
   16.2580645161290      -1.809674207275404E-003
   16.2756598240469      -1.761774722518632E-003
   16.2932551319648      -1.705700719480275E-003
   16.3108504398827      -1.602498587614422E-003
   16.3284457478006      -1.503820821904519E-003
   16.3460410557185      -1.372637526816581E-003
   16.3636363636364      -1.264688463780846E-003
   16.3812316715543      -1.145267707545915E-003
   16.3988269794721      -1.075501657011489E-003
   16.4164222873900      -1.024217645622187E-003
   16.4340175953079      -1.043764938032657E-003
   16.4516129032258      -1.080141594576422E-003
   16.4692082111437      -1.176468181339409E-003
   16.4868035190616      -1.274450813313444E-003
   16.5043988269795      -1.416640784871807E-003
   16.5219941348974      -1.542175855017436E-003
   16.5395894428153      -1.693969268845146E-003
   16.5571847507331      -1.809041776097275E-003
   16.5747800586510      -1.931098727559309E-003
   16.5923753665689      -1.995250869853111E-003
   16.6099706744868      -2.046896799906172E-003
   16.6275659824047      -2.029694680501737E-003
   16.6451612903226      -2.008015413847885E-003
   16.6627565982405      -1.931816269494139E-003
   16.6803519061584      -1.866875707093682E-003
   16.6979472140762      -1.761168668254970E-003
   16.7155425219941      -1.681831728163998E-003
   16.7331378299120      -1.574853406707465E-003
   16.7507331378299      -1.508866002936038E-003
   16.7683284457478      -1.427837693332767E-003
   16.7859237536657      -1.402029042062194E-003
   16.8035190615836      -1.373344335374245E-003
   16.8211143695015      -1.411130565918046E-003
   16.8387096774194      -1.446387562204744E-003
   16.8563049853372      -1.543324984221231E-003
   16.8739002932551      -1.629757914749806E-003
   16.8914956011730      -1.771803489772157E-003
   16.9090909090909      -1.894867136434949E-003
   16.9266862170088      -2.067128308023853E-003
   16.9442815249267      -2.211487665159410E-003
   16.9618768328446      -2.398349207763827E-003
   16.9794721407625      -2.548017126223821E-003
   16.9970674486804      -2.733340834740543E-003
   17.0146627565982      -2.872450000715960E-003
   17.0322580645161      -3.043639316065400E-003
   17.0498533724340      -3.164998360089452E-003
   17.0674486803519      -3.317902801667837E-003
   17.0850439882698      -3.416894330314794E-003
   17.1026392961877      -3.545908735528363E-003
   17.1202346041056      -3.615788834550097E-003
   17.1378299120235      -3.713226459177679E-003
   17.1554252199413      -3.745053978631588E-003
   17.1730205278592      -3.800820356879493E-003
   17.1906158357771      -3.782842412849755E-003
   17.2082111436950      -3.783267749745697E-003
   17.2258064516129      -3.701995876076546E-003
   17.2434017595308      -3.641897131408105E-003
   17.2609970674487      -3.503619996608818E-003
   17.2785923753666      -3.395544813913168E-003
   17.2961876832845      -3.213808200947195E-003
   17.3137829912023      -3.071741387511798E-003
   17.3313782991202      -2.860149045267163E-003
   17.3489736070381      -2.697443223512068E-003
   17.3665689149560      -2.468209146641317E-003
   17.3841642228739      -2.295961447226895E-003
   17.4017595307918      -2.057437251766549E-003
   17.4193548387097      -1.879517789611519E-003
   17.4369501466276      -1.630073405235160E-003
   17.4545454545455      -1.446778202211216E-003
   17.4721407624633      -1.193393579150139E-003
   17.4897360703812      -1.017992670719218E-003
   17.5073313782991      -7.770800479591739E-004
   17.5249266862170      -6.295253746149005E-004
   17.5425219941349      -4.229601235143285E-004
   17.5601173020528      -3.282715444689939E-004
   17.5777126099707      -1.826690903646378E-004
   17.5953079178886      -1.709018233129274E-004
   17.6129032258065      -1.171982672603951E-004
   17.6304985337243      -2.098034829034216E-004
   17.6480938416422      -2.388198152762659E-004
   17.6656891495601      -4.027951313951304E-004
   17.6832844574780      -4.725111977540884E-004
   17.7008797653959      -6.679244289056285E-004
   17.7184750733138      -7.368783609790575E-004
   17.7360703812317      -9.260188884819510E-004
   17.7536656891496      -9.547672210570753E-004
   17.7712609970675      -1.103849057634876E-003
   17.7888563049853      -1.056593872565789E-003
   17.8064516129032      -1.139891908842373E-003
   17.8240469208211      -9.981746721139531E-004
   17.8416422287390      -1.033075748685261E-003
   17.8592375366569      -8.225182089347773E-004
   17.8768328445748      -8.488848919845593E-004
   17.8944281524927      -5.801725284055670E-004
   17.9120234604106      -6.293194047316124E-004
   17.9296187683284      -2.791137794917185E-004
   17.9472140762463      -3.792690175672226E-004
   17.9648093841642       1.807184351701334E-004
   17.9824046920821      -2.989341370713827E-006
   18.0000000000000       1.812670389590243E-003
