  0.000000000000000E+000 -6.008728454344770E-003
  1.759530791788856E-002 -3.149189704367584E-003
  3.519061583577713E-002 -3.200473365911089E-003
  5.278592375366570E-002 -2.303051800898121E-003
  7.038123167155426E-002 -2.364745603823251E-003
  8.797653958944282E-002 -1.855877218265156E-003
  0.105571847507331      -1.917056830812496E-003
  0.123167155425220      -1.570334245354170E-003
  0.140762463343109      -1.627314997734279E-003
  0.158357771260997      -1.367009057443637E-003
  0.175953079178886      -1.418118488898484E-003
  0.193548387096774      -1.209722418032789E-003
  0.211143695014663      -1.254069077511894E-003
  0.228739002932551      -1.079278479962151E-003
  0.246334310850440      -1.117287536664142E-003
  0.263929618768328      -9.664191451110338E-004
  0.281524926686217      -9.993366405914516E-004
  0.299120234604106      -8.666925802601419E-004
  0.316715542521994      -8.957710433653955E-004
  0.334310850439883      -7.778434842370856E-004
  0.351906158357771      -8.043198736309719E-004
  0.369501466275660      -6.989358463650658E-004
  0.387096774193548      -7.240147108750309E-004
  0.404692082111437      -6.298418493639019E-004
  0.422287390029326      -6.545552885816641E-004
  0.439882697947214      -5.702848588931134E-004
  0.457478005865103      -5.947318534061815E-004
  0.475073313782991      -5.187785835536733E-004
  0.492668621700880      -5.428582441601097E-004
  0.510263929618768      -4.739559161692752E-004
  0.527859237536657      -4.975876376217383E-004
  0.545454545454546      -4.347146566237252E-004
  0.563049853372434      -4.578348209472272E-004
  0.580645161290323      -4.001622279793079E-004
  0.598240469208211      -4.227350519856701E-004
  0.615835777126100      -3.696078412910730E-004
  0.633431085043988      -3.916078842244379E-004
  0.651026392961877      -3.423588104785907E-004
  0.668621700879765      -3.635410007010395E-004
  0.686217008797654      -3.174070495082798E-004
  0.703812316715543      -3.374340627779850E-004
  0.721407624633431      -2.936635225140959E-004
  0.739002932551320      -3.121513300197424E-004
  0.756598240469208      -2.700026077501746E-004
  0.774193548387097      -2.865216223830791E-004
  0.791788856304985      -2.452464160855493E-004
  0.809384164222874      -2.593020263510166E-004
  0.826979472140763      -2.181974650064778E-004
  0.844574780058651      -2.296034285649546E-004
  0.862170087976540      -1.885889846135734E-004
  0.879765395894428      -1.976541788258909E-004
  0.897360703812317      -1.568913931703775E-004
  0.914956011730205      -1.640080446190108E-004
  0.932551319648094      -1.237460336439315E-004
  0.950146627565982      -1.293709940470143E-004
  0.967741935483871      -8.994855274364710E-005
  0.985337243401760      -9.462442230786719E-005
   1.00293255131965      -5.651778130410364E-005
   1.02052785923754      -6.096943696806457E-005
   1.03812316715543      -2.479967637088395E-005
   1.05571847507331      -2.957398322325894E-005
   1.07331378299120       4.486297601363140E-006
   1.09090909090909      -7.402685292284619E-007
   1.10850439882698       3.128225634020663E-005
   1.12609970674487       2.565789498029209E-005
   1.14369501466276       5.587199100293885E-005
   1.16129032258065       5.007095127763173E-005
   1.17888563049853       7.888032868909529E-005
   1.19648093841642       7.334404906499764E-005
   1.21407624633431       1.014573218511644E-004
   1.23167155425220       9.695614120290138E-005
   1.24926686217009       1.250088702684601E-004
   1.26686217008798       1.216780344913547E-004
   1.28445747800587       1.495746108110955E-004
   1.30205278592375       1.471013389736272E-004
   1.31964809384164       1.744798802941634E-004
   1.33724340175953       1.723471161195426E-004
   1.35483870967742       1.986562174889523E-004
   1.37243401759531       1.961627454709230E-004
   1.39002932551320       2.206455086096976E-004
   1.40762463343109       2.168310948671967E-004
   1.42521994134897       2.384802863744204E-004
   1.44281524926686       2.325741704636515E-004
   1.46041055718475       2.512587718588447E-004
   1.47800586510264       2.435107528516804E-004
   1.49560117302053       2.596946654119438E-004
   1.51319648093842       2.506338299096380E-004
   1.53079178885631       2.649766625140582E-004
   1.54838709677419       2.553108132762918E-004
   1.56598240469208       2.686475333065198E-004
   1.58357771260997       2.592812133527402E-004
   1.60117302052786       2.726937186361372E-004
   1.61876832844575       2.648472542961389E-004
   1.63636363636364       2.794665802221753E-004
   1.65395894428153       2.736036625308214E-004
   1.67155425219941       2.892826718870516E-004
   1.68914956011730       2.849226717404508E-004
   1.70674486803519       3.010480216206568E-004
   1.72434017595308       2.974178361607136E-004
   1.74193548387097       3.131215721427995E-004
   1.75953079178886       3.092036103167953E-004
   1.77712609970675       3.233552459525938E-004
   1.79472140762463       3.178249964013200E-004
   1.81231671554252       3.288728940410575E-004
   1.82991202346041       3.200651623232927E-004
   1.84750733137830       3.269089488696363E-004
   1.86510263929619       3.145579568011745E-004
   1.88269794721408       3.174836084209575E-004
   1.90029325513196       3.020942933306722E-004
   1.91788856304985       3.017984801027013E-004
   1.93548387096774       2.841996905193319E-004
   1.95307917888563       2.816788477539837E-004
   1.97067448680352       2.630073051067157E-004
   1.98826979472141       2.596040002989830E-004
   2.00586510263930       2.414596112713425E-004
   2.02346041055718       2.391494973488435E-004
   2.04105571847507       2.235080265825998E-004
   2.05865102639296       2.236837731489118E-004
   2.07624633431085       2.112408387835736E-004
   2.09384164222874       2.142364952830847E-004
   2.11143695014663       2.050718824730675E-004
   2.12903225806452       2.107779465194794E-004
   2.14662756598241       2.045751807806348E-004
   2.16422287390029       2.124918149666157E-004
   2.18181818181818       2.085117033719793E-004
   2.19941348973607       2.176243161339155E-004
   2.21700879765396       2.143658566028146E-004
   2.23460410557185       2.226649303301663E-004
   2.25219941348974       2.181522211063556E-004
   2.26979472140762       2.242623330099671E-004
   2.28739002932551       2.176038223248926E-004
   2.30498533724340       2.209370995662242E-004
   2.32258064516129       2.117532045202402E-004
   2.34017595307918       2.121326878379029E-004
   2.35777126099707       2.004173481001916E-004
   2.37536656891496       1.980391987728644E-004
   2.39296187683284       1.841960388578799E-004
   2.41055718475073       1.798026480076744E-004
   2.42815249266862       1.650812035405113E-004
   2.44574780058651       1.602879295304419E-004
   2.46334310850440       1.461289743232960E-004
   2.48093841642229       1.420119577679206E-004
   2.49853372434018       1.292295267634146E-004
   2.51612903225806       1.264474440556989E-004
   2.53372434017595       1.155528172762743E-004
   2.55131964809384       1.145006592967994E-004
   2.56891495601173       1.057532149128245E-004
   2.58651026392962       1.065598771851303E-004
   2.60410557184751       9.989322979536355E-005
   2.62170087976540       1.021523512714497E-004
   2.63929618768328       9.666945642349292E-005
   2.65689149560117       9.927260550975466E-005
   2.67448680351906       9.400973269698162E-005
   2.69208211143695       9.619833825181918E-005
   2.70967741935484       9.051144624877643E-005
   2.72727272727273       9.174447881010694E-005
   2.74486803519062       8.516470153130774E-005
   2.76246334310850       8.505531053550655E-005
   2.78005865102639       7.726256371952453E-005
   2.79765395894428       7.558047441128496E-005
   2.81524926686217       6.646534377234115E-005
   2.83284457478006       6.335226830153678E-005
   2.85043988269795       5.329379175566841E-005
   2.86803519061584       4.919829072140176E-005
   2.88563049853372       3.859158496294968E-005
   2.90322580645161       3.387995455912745E-005
   2.92082111436950       2.306586171405921E-005
   2.93841642228739       1.807484544482257E-005
   2.95601173020528       7.377626500540260E-006
   2.97360703812317       2.435870991519054E-006
   2.99120234604106      -7.821024815317017E-006
   3.00879765395894      -1.237933812272127E-005
   3.02639296187683      -2.190422261083260E-005
   3.04398826979472      -2.591181645111425E-005
   3.06158357771261      -3.469100871189470E-005
   3.07917888563050      -3.819261086264448E-005
   3.09677419354839      -4.628766013756584E-005
   3.11436950146628      -4.934389229964349E-005
   3.13196480938416      -5.682445417003780E-005
   3.14956011730205      -5.950157927095440E-005
   3.16715542521994      -6.644123045752369E-005
   3.18475073313783      -6.880888416769396E-005
   3.20234604105572      -7.528503528226589E-005
   3.21994134897361      -7.742120786978390E-005
   3.23753665689150      -8.352593800607429E-005
   3.25513196480938      -8.551776400289840E-005
   3.27272727272727      -9.133229060260087E-005
   3.29032258064516      -9.324316759213752E-005
   3.30791788856305      -9.882492452989866E-005
   3.32551319648094      -1.006961813594726E-004
   3.34310850439883      -1.060795135147249E-004
   3.36070381231672      -1.079271694468479E-004
   3.37829912023460      -1.131168301486701E-004
   3.39589442815249      -1.149204133175772E-004
   3.41348973607038      -1.198713246868639E-004
   3.43108504398827      -1.215702444677621E-004
   3.44868035190616      -1.262794377214783E-004
   3.46627565982405      -1.279439034900061E-004
   3.48387096774194      -1.325268822857225E-004
   3.50146627565982      -1.342797480796547E-004
   3.51906158357771      -1.388671550179854E-004
   3.53665689149560      -1.408330034614962E-004
   3.55425219941349      -1.455475121011025E-004
   3.57184750733138      -1.478327911268719E-004
   3.58944281524927      -1.527655258216220E-004
   3.60703812316716      -1.554169059505442E-004
   3.62463343108504      -1.604800657359877E-004
   3.64222873900293      -1.631443088685029E-004
   3.65982404692082      -1.678013435363649E-004
   3.67741935483871      -1.699385358417564E-004
   3.69501466275660      -1.737151738842896E-004
   3.71260997067449      -1.748925545185467E-004
   3.73020527859238      -1.773989243820129E-004
   3.74780058651026      -1.772585750104081E-004
   3.76539589442815      -1.781763691366046E-004
   3.78299120234604      -1.764349553616995E-004
   3.80058651026393      -1.755325783419846E-004
   3.81818181818182      -1.720718938598185E-004
   3.83577712609971      -1.695535709283518E-004
   3.85337243401760      -1.649562399174095E-004
   3.87096774193548      -1.615528099021906E-004
   3.88856304985337      -1.565144554692391E-004
   3.90615835777126      -1.528846554154978E-004
   3.92375366568915      -1.480275192153732E-004
   3.94134897360704      -1.447657928429177E-004
   3.95894428152493      -1.406474476360972E-004
   3.97653958944282      -1.382746275229965E-004
   3.99413489736070      -1.353595807391833E-004
   4.01173020527859      -1.342349972249135E-004
   4.02932551319648      -1.325451380812172E-004
   4.04692082111437      -1.322009679039743E-004
   4.06451612903226      -1.310186443198141E-004
   4.08211143695015      -1.307951979443630E-004
   4.09970674486804      -1.295633551272606E-004
   4.11730205278592      -1.289864486076710E-004
   4.13489736070381      -1.272991229723981E-004
   4.15249266862170      -1.260351571270390E-004
   4.17008797653959      -1.236280861887552E-004
   4.18768328445748      -1.214979654174372E-004
   4.20527859237537      -1.183012193143370E-004
   4.22287390029326      -1.154400859671874E-004
   4.24046920821114      -1.118322318740040E-004
   4.25806451612903      -1.087016640434823E-004
   4.27565982404692      -1.050402445990994E-004
   4.29325513196481      -1.018985997966004E-004
   4.31085043988270      -9.837929556426046E-005
   4.32844574780059      -9.538004306046787E-005
   4.34604105571848      -9.211622351638796E-005
   4.36363636363636      -8.934106853747844E-005
   4.38123167155425      -8.637568076698604E-005
   4.39882697947214      -8.382698238543063E-005
   4.41642228739003      -8.108184255801670E-005
   4.43401759530792      -7.855161355349386E-005
   4.45161290322581      -7.572893809224562E-005
   4.46920821114370      -7.295841432180568E-005
   4.48680351906158      -6.987320650635645E-005
   4.50439882697947      -6.673752479327086E-005
   4.52199413489736      -6.331003348310664E-005
   4.53958944281525      -5.977780716987234E-005
   4.55718475073314      -5.602149499701693E-005
   4.57478005865103      -5.216254048027851E-005
   4.59237536656892      -4.820979058121224E-005
   4.60997067448680      -4.425820684546014E-005
   4.62756598240469      -4.045261906557126E-005
   4.64516129032258      -3.673463548508550E-005
   4.66275659824047      -3.322240160233256E-005
   4.68035190615836      -2.972543481896327E-005
   4.69794721407625      -2.641369199240180E-005
   4.71554252199414      -2.300306216597096E-005
   4.73313782991202      -1.972272809249565E-005
   4.75073313782991      -1.620830562273888E-005
   4.76832844574780      -1.274924227448525E-005
   4.78592375366569      -8.910935285761951E-006
   4.80351906158358      -5.044664235628403E-006
   4.82111436950147      -6.859543200044560E-007
   4.83870967741935       3.672590722445211E-006
   4.85630498533724       8.500612030237115E-006
   4.87390029325513       1.325772807471141E-005
   4.89149560117302       1.847288396705687E-005
   4.90909090909091       2.356258276901063E-005
   4.92668621700880       2.910684760499376E-005
   4.94428152492669       3.448028471983824E-005
   4.96187683284458       4.030655559553439E-005
   4.97947214076246       4.591870771192039E-005
   4.99706744868035       5.197393197781673E-005
   5.01466275659824       5.775335642979673E-005
   5.03225806451613       6.393165871098452E-005
   5.04985337243402       6.977570442406658E-005
   5.06744868035191       7.601888615744919E-005
   5.08504398826980       8.191855351040869E-005
   5.10263929618768       8.824583064604108E-005
   5.12023460410557       9.424466500028351E-005
   5.13782991202346       1.007154064110572E-004
   5.15542521994135       1.068892880172138E-004
   5.17302052785924       1.135882045658610E-004
   5.19061583577713       1.200303605184415E-004
   5.20821114369502       1.270432265608585E-004
   5.22580645161290       1.337719757579680E-004
   5.24340175953079       1.409650103165730E-004
   5.26099706744868       1.477410556153384E-004
   5.27859237536657       1.548794477659417E-004
   5.29618768328446       1.615154790855737E-004
   5.31378299120235       1.684487017389560E-004
   5.33137829912024       1.748323385651614E-004
   5.34897360703812       1.814818938977922E-004
   5.36656891495601       1.875734797006572E-004
   5.38416422287390       1.939383688218255E-004
   5.40175953079179       1.997878212106811E-004
   5.41935483870968       2.059734029943706E-004
   5.43695014662757       2.116931993675117E-004
   5.45454545454546       2.177182616503919E-004
   5.47214076246334       2.232312494053111E-004
   5.48973607038123       2.289802019916263E-004
   5.50733137829912       2.341639407296984E-004
   5.52492668621701       2.395116665984869E-004
   5.54252199413490       2.442465211746154E-004
   5.56011730205279       2.490784976948438E-004
   5.57771260997067       2.532612075448883E-004
   5.59530791788856       2.574846639756402E-004
   5.61290322580645       2.610400928179425E-004
   5.63049853372434       2.645958135764101E-004
   5.64809384164223       2.674768270197130E-004
   5.66568914956012       2.703202592924976E-004
   5.68328445747801       2.724920190157513E-004
   5.70087976539589       2.746011120862636E-004
   5.71847507331378       2.760614153274575E-004
   5.73607038123167       2.774543488329488E-004
   5.75366568914956       2.782491431861278E-004
   5.77126099706745       2.790026442558389E-004
   5.78885630498534       2.792513011407425E-004
   5.80645161290323       2.795454350991824E-004
   5.82404692082111       2.794983724618601E-004
   5.84164222873900       2.795531380619112E-004
   5.85923753665689       2.792752798366949E-004
   5.87683284457478       2.790139630846243E-004
   5.89442815249267       2.783714555863263E-004
   5.91202346041056       2.776323664553530E-004
   5.92961876832845       2.764495460052355E-004
   5.94721407624634       2.750488132957334E-004
   5.96480938416422       2.731430027924918E-004
   5.98240469208211       2.709042410713804E-004
   6.00000000000000       2.681189523157126E-004
   6.01759530791789       2.649419625769910E-004
   6.03519061583578       2.613203907483787E-004
   6.05278592375367       2.573905516003732E-004
   6.07038123167156       2.531455362141302E-004
   6.08797653958944       2.486365618748758E-004
   6.10557184750733       2.439142909329143E-004
   6.12316715542522       2.389527566317207E-004
   6.14076246334311       2.338696906138814E-004
   6.15835777126100       2.285650200924831E-004
   6.17595307917889       2.232324583349986E-004
   6.19354838709677       2.177032321720701E-004
   6.21114369501466       2.122674981269841E-004
   6.22873900293255       2.066967469650044E-004
   6.24633431085044       2.013295140066049E-004
   6.26392961876833       1.958095388369123E-004
   6.28152492668622       1.905292533553346E-004
   6.29912023460411       1.850346051237690E-004
   6.31671554252199       1.797889960465346E-004
   6.33431085043988       1.742452906949703E-004
   6.35190615835777       1.689457023057623E-004
   6.36950146627566       1.632532849566102E-004
   6.38709677419355       1.577977790004083E-004
   6.40469208211144       1.518635285144274E-004
   6.42228739002933       1.462375345834481E-004
   6.43988269794721       1.402391080383987E-004
   6.45747800586510       1.347931419001492E-004
   6.47507331378299       1.290965331860017E-004
   6.49266862170088       1.241439451377553E-004
   6.51026392961877       1.190178106491157E-004
   6.52785923753666       1.147910480219508E-004
   6.54545454545455       1.104340709033507E-004
   6.56304985337243       1.071025319537664E-004
   6.58064516129032       1.036552214032715E-004
   6.59824046920821       1.013342391307226E-004
   6.61583577712610       9.888521889280555E-005
   6.63343108504399       9.762340072966283E-005
   6.65102639296188       9.615845129901836E-005
   6.66862170087977       9.588674108324333E-005
   6.68621700879765       9.529967680680607E-005
   6.70381231671554       9.588325517044776E-005
   6.72140762463343       9.600959954517437E-005
   6.73900293255132       9.725584627000298E-005
   6.75659824046921       9.787272531563165E-005
   6.77419354838710       9.952893703358226E-005
   6.79178885630499       1.003504299600537E-004
   6.80938416422287       1.020977065482004E-004
   6.82697947214076       1.028425159304213E-004
   6.84457478005865       1.045875602045964E-004
   6.86217008797654       1.053626650366441E-004
   6.87976539589443       1.072780249159742E-004
   6.89736070381232       1.082401783307477E-004
   6.91495601173021       1.104597166266683E-004
   6.93255131964809       1.117151667322103E-004
   6.95014662756598       1.143153927781163E-004
   6.96774193548387       1.159057432773924E-004
   6.98533724340176       1.188892165059363E-004
   7.00293255131965       1.207665695251194E-004
   7.02052785923754       1.240260056680556E-004
   7.03812316715543       1.260603832895529E-004
   7.05571847507331       1.295193986358629E-004
   7.07331378299120       1.316928323005671E-004
   7.09090909090909       1.353460499778201E-004
   7.10850439882698       1.376405197259202E-004
   7.12609970674487       1.414489262286696E-004
   7.14369501466276       1.437948971602822E-004
   7.16129032258065       1.476513582455960E-004
   7.17888563049853       1.498914108239248E-004
   7.19648093841642       1.535724056978470E-004
   7.21407624633431       1.553816295496789E-004
   7.23167155425220       1.585080784964977E-004
   7.24926686217009       1.596497902087528E-004
   7.26686217008798       1.622204231384643E-004
   7.28445747800587       1.628253677348567E-004
   7.30205278592375       1.650165401218856E-004
   7.31964809384164       1.652786806301134E-004
   7.33724340175953       1.672875389760893E-004
   7.35483870967742       1.673939015555703E-004
   7.37243401759531       1.693842639021352E-004
   7.39002932551320       1.694578584764035E-004
   7.40762463343109       1.714741788459563E-004
   7.42521994134897       1.714099831306607E-004
   7.44281524926686       1.732232388869393E-004
   7.46041055718475       1.728368983930319E-004
   7.47800586510264       1.744002911101845E-004
   7.49560117302053       1.737379240160058E-004
   7.51319648093842       1.751485059250980E-004
   7.53079178885631       1.743395998620981E-004
   7.54838709677419       1.757449019672785E-004
   7.56598240469208       1.749416898419995E-004
   7.58357771260997       1.764828762523066E-004
   7.60117302052786       1.757892616510036E-004
   7.61876832844575       1.774595250039635E-004
   7.63636363636364       1.766729515843811E-004
   7.65395894428153       1.781726609834306E-004
   7.67155425219941       1.770859554234546E-004
   7.68914956011730       1.783352110300634E-004
   7.70674486803519       1.769527997890716E-004
   7.72434017595308       1.780188865960816E-004
   7.74193548387097       1.764560240641369E-004
   7.75953079178886       1.774914848978325E-004
   7.77712609970675       1.759251967337985E-004
   7.79472140762463       1.771165845228566E-004
   7.81231671554252       1.756958672660037E-004
   7.82991202346041       1.770073468066026E-004
   7.84750733137830       1.754394848582442E-004
   7.86510263929619       1.765034037856096E-004
   7.88269794721408       1.745214558910622E-004
   7.90029325513197       1.751850922295403E-004
   7.91788856304985       1.727280262269712E-004
   7.93548387096774       1.730129566220148E-004
   7.95307917888563       1.701797944501282E-004
   7.97067448680352       1.702599527823002E-004
   7.98826979472141       1.672992205105973E-004
   8.00586510263930       1.675001800388872E-004
   8.02346041055718       1.647446991647592E-004
   8.04105571847507       1.652025932926176E-004
   8.05865102639296       1.625090040418309E-004
   8.07624633431085       1.629732127991546E-004
   8.09384164222874       1.601250993929117E-004
   8.11143695014663       1.604330349183045E-004
   8.12903225806452       1.573268576698998E-004
   8.14662756598241       1.574389688737166E-004
   8.16422287390029       1.541051991540468E-004
   8.18181818181818       1.541303413357928E-004
   8.19941348973607       1.507709090826875E-004
   8.21700879765396       1.510105356641978E-004
   8.23460410557185       1.478895804522339E-004
   8.25219941348974       1.483506601013632E-004
   8.26979472140763       1.452472217592449E-004
   8.28739002932551       1.456556862406554E-004
   8.30498533724340       1.423170964440821E-004
   8.32258064516129       1.424601750612330E-004
   8.34017595307918       1.387287152812196E-004
   8.35777126099707       1.385167746066377E-004
   8.37536656891496       1.343899611830955E-004
   8.39296187683285       1.339317764912907E-004
   8.41055718475073       1.296906881654952E-004
   8.42815249266862       1.294537437123630E-004
   8.44574780058651       1.255293461528008E-004
   8.46334310850440       1.256682522795250E-004
   8.48093841642229       1.219889745616620E-004
   8.49853372434018       1.223457556833409E-004
   8.51612903225807       1.187253484397548E-004
   8.53372434017595       1.191111510861215E-004
   8.55131964809384       1.153815284945905E-004
   8.56891495601173       1.156703944739679E-004
   8.58651026392962       1.117765893986198E-004
   8.60410557184751       1.120372487004910E-004
   8.62170087976540       1.082685165414734E-004
   8.63929618768329       1.089637974654721E-004
   8.65689149560117       1.056632112223766E-004
   8.67448680351906       1.068555629156353E-004
   8.69208211143695       1.039060175968599E-004
   8.70967741935484       1.053868219449273E-004
   8.72727272727273       1.025238439206172E-004
   8.74486803519062       1.039986700187435E-004
   8.76246334310851       1.009204870371445E-004
   8.78005865102639       1.021061714232423E-004
   8.79765395894428       9.858569162126200E-005
   8.81524926686217       9.941357276246313E-005
   8.83284457478006       9.570420034864125E-005
   8.85043988269795       9.664496397220309E-005
   8.86803519061584       9.310710978001222E-005
   8.88563049853373       9.430086356973051E-005
   8.90322580645161       9.092250168838895E-005
   8.92082111436950       9.224902191065114E-005
   8.93841642228739       8.882793830604775E-005
   8.95601173020528       9.002010930855428E-005
   8.97360703812317       8.624408153421354E-005
   8.99120234604106       8.696361368740601E-005
   9.00879765395895       8.251988302842353E-005
   9.02639296187683       8.269387348716999E-005
   9.04398826979472       7.797871647927035E-005
   9.06158357771261       7.829235287136330E-005
   9.07917888563050       7.393111773892768E-005
   9.09677419354839       7.485433190708912E-005
   9.11436950146628       7.119701284977179E-005
   9.13196480938416       7.297386345881489E-005
   9.14956011730205       7.017115180554616E-005
   9.16715542521994       7.286509307829736E-005
   9.18475073313783       7.090197734745295E-005
   9.20234604105572       7.442671382931149E-005
   9.21994134897361       7.320250361703257E-005
   9.23753665689150       7.759104840038688E-005
   9.25513196480938       7.732461728543721E-005
   9.27272727272727       8.282213524805223E-005
   9.29032258064516       8.366911909252579E-005
   9.30791788856305       9.033323242274135E-005
   9.32551319648094       9.225841981012298E-005
   9.34310850439883       9.996069956754036E-005
   9.36070381231672       1.027440510027486E-004
   9.37829912023460       1.111697976657372E-004
   9.39589442815249       1.144011227286077E-004
   9.41348973607038       1.230608377933498E-004
   9.43108504398827       1.263928975427711E-004
   9.44868035190616       1.353661888782241E-004
   9.46627565982405       1.391961454763959E-004
   9.48387096774194       1.488929123311309E-004
   9.50146627565982       1.535339764103054E-004
   9.51906158357771       1.641589602048409E-004
   9.53665689149560       1.697000144532785E-004
   9.55425219941349       1.812131063906439E-004
   9.57184750733138       1.874711279789461E-004
   9.58944281524927       1.995217609853573E-004
   9.60703812316716       2.059298613915237E-004
   9.62463343108504       2.177799778152785E-004
   9.64222873900293       2.237955352106861E-004
   9.65982404692082       2.353978276795549E-004
   9.67741935483871       2.412857058101906E-004
   9.69501466275660       2.529411815666918E-004
   9.71260997067449       2.589558332649365E-004
   9.73020527859238       2.708344749880170E-004
   9.74780058651026       2.770288438604511E-004
   9.76539589442815       2.890287820513119E-004
   9.78299120234604       2.950970365970075E-004
   9.80058651026393       3.066188717974258E-004
   9.81818181818182       3.115376126082077E-004
   9.83577712609971       3.214093102233278E-004
   9.85337243401760       3.246511390940963E-004
   9.87096774193548       3.332041228898505E-004
   9.88856304985337       3.355265115697933E-004
   9.90615835777126       3.436719883787642E-004
   9.92375366568915       3.460512920856825E-004
   9.94134897360704       3.547617137988505E-004
   9.95894428152493       3.581123737423985E-004
   9.97653958944282       3.681671709661583E-004
   9.99413489736071       3.730378157910433E-004
   10.0117302052786       3.844771487572223E-004
   10.0293255131965       3.899310547437899E-004
   10.0469208211144       4.011135715453556E-004
   10.0645161290323       4.058673836192817E-004
   10.0821114369501       4.163067126204849E-004
   10.0997067448680       4.204389416488400E-004
   10.1173020527859       4.305915506445869E-004
   10.1348973607038       4.348605220045691E-004
   10.1524926686217       4.457285320191280E-004
   10.1700879765396       4.513390753934789E-004
   10.1876832844575       4.642842540908532E-004
   10.2052785923754       4.726832524335732E-004
   10.2228739002933       4.887185321940305E-004
   10.2404692082111       4.994681758374871E-004
   10.2580645161290       5.166753986835284E-004
   10.2756598240469       5.275567931766978E-004
   10.2932551319648       5.440606940450398E-004
   10.3108504398827       5.535314462719204E-004
   10.3284457478006       5.680974600499804E-004
   10.3460410557185       5.752257686185536E-004
   10.3636363636364       5.872265178471389E-004
   10.3812316715543       5.917115606750894E-004
   10.3988269794721       6.012135734279769E-004
   10.4164222873900       6.035839213209797E-004
   10.4340175953079       6.114268611194707E-004
   10.4516129032258       6.122887119934806E-004
   10.4692082111437       6.186184560164402E-004
   10.4868035190616       6.179306864717880E-004
   10.5043988269795       6.227176798572871E-004
   10.5219941348974       6.205289706822608E-004
   10.5395894428153       6.239361600562709E-004
   10.5571847507331       6.205565474386034E-004
   10.5747800586510       6.230711671089377E-004
   10.5923753665689       6.192059428148797E-004
   10.6099706744868       6.218185871753440E-004
   10.6275659824047       6.186383262986229E-004
   10.6451612903226       6.222258237398566E-004
   10.6627565982405       6.200749574333329E-004
   10.6803519061584       6.247495607255999E-004
   10.6979472140762       6.238077098012211E-004
   10.7155425219941       6.299090673294479E-004
   10.7331378299120       6.307402201180460E-004
   10.7507331378299       6.391234807674006E-004
   10.7683284457478       6.429652743596360E-004
   10.7859237536657       6.553822484537019E-004
   10.8035190615836       6.647924928699121E-004
   10.8211143695015       6.848218008670217E-004
   10.8387096774194       7.030157095363619E-004
   10.8563049853372       7.311220659951342E-004
   10.8739002932551       7.557571446960051E-004
   10.8914956011730       7.882516478381968E-004
   10.9090909090909       8.149386061263899E-004
   10.9266862170088       8.469133167281744E-004
   10.9442815249267       8.703500669243459E-004
   10.9618768328446       8.961814386829515E-004
   10.9794721407625       9.104999013495084E-004
   10.9970674486804       9.241465100034530E-004
   11.0146627565982       9.236361829655371E-004
   11.0322580645161       9.224932125697574E-004
   11.0498533724340       9.102571711578189E-004
   11.0674486803519       9.009898934613276E-004
   11.0850439882698       8.839953184137386E-004
   11.1026392961877       8.730692250508497E-004
   11.1202346041056       8.573384813007983E-004
   11.1378299120235       8.503425789482594E-004
   11.1554252199413       8.410268476009002E-004
   11.1730205278592       8.426361904688422E-004
   11.1906158357771       8.438713467178979E-004
   11.2082111436950       8.574386126959257E-004
   11.2258064516129       8.705914743264991E-004
   11.2434017595308       8.941229668649704E-004
   11.2609970674487       9.148307401709619E-004
   11.2785923753666       9.437154127099504E-004
   11.2961876832845       9.677468460845158E-004
   11.3137829912023       9.979401918242760E-004
   11.3313782991202       1.021355924714679E-003
   11.3489736070381       1.048959764514485E-003
   11.3665689149560       1.067864231783187E-003
   11.3841642228739       1.088940400805285E-003
   11.4017595307918       1.099304495529187E-003
   11.4193548387097       1.110072434110727E-003
   11.4369501466276       1.110083632782997E-003
   11.4545454545455       1.112006270295351E-003
   11.4721407624633       1.105076586045300E-003
   11.4897360703812       1.101906856909402E-003
   11.5073313782991       1.091801031137062E-003
   11.5249266862170       1.087263088794373E-003
   11.5425219941349       1.077619975761068E-003
   11.5601173020528       1.075213091707723E-003
   11.5777126099707       1.069313980349955E-003
   11.5953079178886       1.071974284279971E-003
   11.6129032258065       1.071955724243211E-003
   11.6304985337243       1.079693230766250E-003
   11.6480938416422       1.083052597292081E-003
   11.6656891495601       1.092716841955704E-003
   11.6832844574780       1.097168729165186E-003
   11.7008797653959       1.107363488968368E-003
   11.7184750733138       1.112206571831806E-003
   11.7360703812317       1.122864071483708E-003
   11.7536656891496       1.128660069065658E-003
   11.7712609970675       1.141009443155037E-003
   11.7888563049853       1.149755242059440E-003
   11.8064516129032       1.166839909105659E-003
   11.8240469208211       1.182408244411142E-003
   11.8416422287390       1.206736700941357E-003
   11.8592375366569       1.228199942489938E-003
   11.8768328445748       1.256323389402361E-003
   11.8944281524927       1.279387604568356E-003
   11.9120234604106       1.306683105564003E-003
   11.9296187683284       1.326577778546390E-003
   11.9472140762463       1.348281072386445E-003
   11.9648093841642       1.360397906165165E-003
   11.9824046920821       1.372271411998022E-003
   12.0000000000000       1.373123230869595E-003
   12.0175953079179       1.373989671079316E-003
   12.0351906158358       1.368005615493651E-003
   12.0527859237537       1.367550015514325E-003
   12.0703812316716       1.364613392992250E-003
   12.0879765395894       1.370296134701172E-003
   12.1055718475073       1.375766508432280E-003
   12.1231671554252       1.391119380861256E-003
   12.1407624633431       1.406758597497118E-003
   12.1583577712610       1.431690836289104E-003
   12.1759530791789       1.455306265139607E-003
   12.1935483870968       1.485057946868486E-003
   12.2111436950147       1.507900129354550E-003
   12.2287390029326       1.528736566570699E-003
   12.2463343108504       1.536561721889141E-003
   12.2639296187683       1.539827874195782E-003
   12.2815249266862       1.529656526886684E-003
   12.2991202346041       1.515389432779485E-003
   12.3167155425220       1.489105474916018E-003
   12.3343108504399       1.460589010713795E-003
   12.3519061583578       1.422593604276933E-003
   12.3695014662757       1.385154553173387E-003
   12.3870967741935       1.341558306977964E-003
   12.4046920821114       1.301933256971659E-003
   12.4222873900293       1.258843231533676E-003
   12.4398826979472       1.219445455595534E-003
   12.4574780058651       1.174757569611905E-003
   12.4750733137830       1.131986212443867E-003
   12.4926686217009       1.082708826974001E-003
   12.5102639296188       1.034298488298008E-003
   12.5278592375367       9.788687876754289E-004
   12.5454545454545       9.239499819736930E-004
   12.5630498533724       8.622114154451195E-004
   12.5806451612903       8.013822483502106E-004
   12.5982404692082       7.347861083854510E-004
   12.6158357771261       6.705175129210778E-004
   12.6334310850440       6.020629234740601E-004
   12.6510263929619       5.365156974798915E-004
   12.6686217008798       4.671733211607616E-004
   12.6862170087977       4.009375299282932E-004
   12.7038123167155       3.314421947507342E-004
   12.7214076246334       2.655522344282282E-004
   12.7390029325513       1.973510760901095E-004
   12.7565982404692       1.337592068854492E-004
   12.7741935483871       6.943717510086633E-005
   12.7917888563050       1.151456307873372E-005
   12.8093841642229      -4.443093951919969E-005
   12.8269794721408      -9.153955796658475E-005
   12.8445747800587      -1.356674647528360E-004
   12.8621700879765      -1.716607307163638E-004
   12.8797653958944      -2.054388197107318E-004
   12.8973607038123      -2.320641699644831E-004
   12.9149560117302      -2.570593083815345E-004
   12.9325513196481      -2.754641071147713E-004
   12.9501466275660      -2.921393040574415E-004
   12.9677419354839      -3.017989551771265E-004
   12.9853372434018      -3.081708610949256E-004
   13.0029325513196      -3.046844032496093E-004
   13.0205278592375      -2.926546236815586E-004
   13.0381231671554      -2.673061649228210E-004
   13.0557184750733      -2.351312938435529E-004
   13.0733137829912      -1.950007804034813E-004
   13.0909090909091      -1.547246900553531E-004
   13.1085043988270      -1.146675660970355E-004
   13.1260997067449      -8.329609567056068E-005
   13.1436950146628      -6.204521198303431E-005
   13.1612903225806      -5.976006346413426E-005
   13.1788856304985      -7.865703461217066E-005
   13.1964809384164      -1.276199432930125E-004
   13.2140762463343      -2.074126317325472E-004
   13.2316715542522      -3.145849281816989E-004
   13.2492668621701      -4.369935057967200E-004
   13.2668621700880      -5.688434703151322E-004
   13.2844574780059      -7.002504521141348E-004
   13.3020527859238      -8.268954248431228E-004
   13.3196480938416      -9.409667813330647E-004
   13.3372434017595      -1.039766400498120E-003
   13.3548387096774      -1.117920528859666E-003
   13.3724340175953      -1.175059023433359E-003
   13.3900293255132      -1.209416767815096E-003
   13.4076246334311      -1.226291136871460E-003
   13.4252199413490      -1.233734260386979E-003
   13.4428152492669      -1.239191746023397E-003
   13.4604105571848      -1.243477206592153E-003
   13.4780058651026      -1.247466229518233E-003
   13.4956011730205      -1.249150665345872E-003
   13.5131964809384      -1.246639215731471E-003
   13.5307917888563      -1.236430225308145E-003
   13.5483870967742      -1.214744227010376E-003
   13.5659824046921      -1.177121733449535E-003
   13.5835777126100      -1.118331888705523E-003
   13.6011730205279      -1.033362223151431E-003
   13.6187683284457      -9.195179692934373E-004
   13.6363636363636      -7.859682096602159E-004
   13.6539589442815      -6.414597082618530E-004
   13.6715542521994      -4.960608642883825E-004
   13.6891495601173      -3.567405163501784E-004
   13.7067448680352      -2.325224412185281E-004
   13.7243401759531      -1.286275377330987E-004
   13.7419354838710      -5.291759739267272E-005
   13.7595307917889      -8.619704760565040E-006
   13.7771260997067      -1.925565850309493E-006
   13.7947214076246      -3.320924672171410E-005
   13.8123167155425      -1.037834022007275E-004
   13.8299120234604      -2.019324212389677E-004
   13.8475073313783      -3.214807116334060E-004
   13.8651026392962      -4.520023077163395E-004
   13.8826979472141      -5.906578766461741E-004
   13.9002932551320      -7.282943465431848E-004
   13.9178885630499      -8.636965104393868E-004
   13.9354838709677      -9.883059729275294E-004
   13.9530791788856      -1.102154631030965E-003
   13.9706744868035      -1.197090218805397E-003
   13.9882697947214      -1.274373717579569E-003
   14.0058651026393      -1.326635519298177E-003
   14.0234604105572      -1.359454602988599E-003
   14.0410557184751      -1.371128750078307E-003
   14.0586510263930      -1.369926114434924E-003
   14.0762463343109      -1.352757226485599E-003
   14.0938416422287      -1.327605407909975E-003
   14.1114369501466      -1.290290190257038E-003
   14.1290322580645      -1.248604586449079E-003
   14.1466275659824      -1.197209408570924E-003
   14.1642228739003      -1.143523621852545E-003
   14.1818181818182      -1.080631865530011E-003
   14.1994134897361      -1.014775822680346E-003
   14.2170087976540      -9.353004997336442E-004
   14.2346041055718      -8.467605525180821E-004
   14.2521994134897      -7.413581426765909E-004
   14.2697947214076      -6.281086741012194E-004
   14.2873900293255      -5.008894991264904E-004
   14.3049853372434      -3.707792466131449E-004
   14.3225806451613      -2.324904111991473E-004
   14.3401759530792      -9.882738680664649E-005
   14.3577712609971       3.476176730125151E-005
   14.3753665689150       1.536149814282897E-004
   14.3929618768328       2.611785548925742E-004
   14.4105571847507       3.396654767546964E-004
   14.4281524926686       3.926391469351508E-004
   14.4457478005865       4.075776421899698E-004
   14.4633431085044       3.944298428695361E-004
   14.4809384164223       3.426415329846589E-004
   14.4985337243402       2.641056743103555E-004
   14.5161290322581       1.490670331536613E-004
   14.5337243401760       1.114868886879505E-005
   14.5513196480938      -1.585439888623425E-004
   14.5689149560117      -3.442787220223047E-004
   14.5865102639296      -5.532991624291539E-004
   14.6041055718475      -7.656007404802480E-004
   14.6217008797654      -9.810432144957176E-004
   14.6392961876833      -1.173697272719080E-003
   14.6568914956012      -1.349198237545349E-003
   14.6744868035191      -1.488110391911574E-003
   14.6920821114370      -1.600731725686935E-003
   14.7096774193548      -1.670732728839595E-003
   14.7272727272727      -1.712133025071066E-003
   14.7448680351906      -1.711449412957117E-003
   14.7624633431085      -1.686724611897205E-003
   14.7800586510264      -1.628312426822238E-003
   14.7976539589443      -1.560335635610797E-003
   14.8152492668622      -1.482613056649699E-003
   14.8328445747801      -1.425031581927195E-003
   14.8504398826979      -1.375280923338865E-003
   14.8680351906158      -1.351254646126801E-003
   14.8856304985337      -1.334188965680103E-003
   14.9032258064516      -1.338765329617293E-003
   14.9208211143695      -1.342808932935370E-003
   14.9384164222874      -1.359168593088622E-003
   14.9560117302053      -1.362993112194984E-003
   14.9736070381232      -1.365739676057539E-003
   14.9912023460411      -1.340025301059454E-003
   15.0087976539589      -1.295997064635232E-003
   15.0263929618768      -1.212861806417485E-003
   15.0439882697947      -1.119173385974156E-003
   15.0615835777126      -1.003753028810863E-003
   15.0791788856305      -8.961282942759748E-004
   15.0967741935484      -7.838974994336022E-004
   15.1143695014663      -6.964738040489188E-004
   15.1319648093842      -6.198772863584813E-004
   15.1495601173021      -5.830473294884241E-004
   15.1671554252199      -5.699701027547328E-004
   15.1847507331378      -6.084113332330151E-004
   15.2023460410557      -6.788215642352988E-004
   15.2199413489736      -8.007578822075644E-004
   15.2375366568915      -9.378054363880099E-004
   15.2551319648094      -1.103520536235627E-003
   15.2727272727273      -1.264081169107707E-003
   15.2903225806452      -1.436213021204272E-003
   15.3079178885631      -1.587269495485614E-003
   15.3255131964809      -1.736149809433114E-003
   15.3431085043988      -1.850831018235990E-003
   15.3607038123167      -1.952175660182105E-003
   15.3782991202346      -2.008727160786125E-003
   15.3958944281525      -2.043509611855811E-003
   15.4134897360704      -2.027107171507580E-003
   15.4310850439883      -1.991061395316085E-003
   15.4486803519062      -1.912174217254981E-003
   15.4662756598240      -1.823737103913294E-003
   15.4838709677419      -1.701154276243351E-003
   15.5014662756598      -1.578343351730979E-003
   15.5190615835777      -1.429913364964059E-003
   15.5366568914956      -1.290753349432526E-003
   15.5542521994135      -1.134933657125113E-003
   15.5718475073314      -9.986505935154202E-004
   15.5894428152493      -8.558398637352774E-004
   15.6070381231672      -7.449997814486824E-004
   15.6246334310850      -6.386925584241992E-004
   15.6422287390029      -5.696961828900763E-004
   15.6598240469208      -5.026532889126449E-004
   15.6774193548387      -4.685670726583715E-004
   15.6950146627566      -4.297792383130261E-004
   15.7126099706745      -4.169815824933165E-004
   15.7302052785924      -3.905253975700808E-004
   15.7478005865103      -3.809448003937907E-004
   15.7653958944282      -3.465364585942231E-004
   15.7829912023460      -3.174671623549438E-004
   15.8005865102639      -2.493604573703516E-004
   15.8181818181818      -1.725176233075473E-004
   15.8357771260997      -4.923613482637290E-005
   15.8533724340176       7.799830971149336E-005
   15.8709677419355       2.439297234493871E-004
   15.8885630498534       4.041155774682431E-004
   15.9061583577713       5.938172038413514E-004
   15.9237536656892       7.672984399171288E-004
   15.9413489736070       9.608365115240932E-004
   15.9589442815249       1.127749298646428E-003
   15.9765395894428       1.305861805797970E-003
   15.9941348973607       1.448192311420375E-003
   16.0117302052786       1.596538586264284E-003
   16.0293255131965       1.711699430313348E-003
   16.0469208211144       1.843771414572963E-003
   16.0645161290323       1.951099213419529E-003
   16.0821114369501       2.081591566972134E-003
   16.0997067448680       2.189904456648310E-003
   16.1173020527859       2.322838648535809E-003
   16.1348973607038       2.431486494523725E-003
   16.1524926686217       2.561373353402085E-003
   16.1700879765396       2.659359507589587E-003
   16.1876832844575       2.768519526037443E-003
   16.2052785923754       2.828135912762046E-003
   16.2228739002933       2.875148616337959E-003
   16.2404692082111       2.852318882618094E-003
   16.2580645161290       2.813413710569239E-003
   16.2756598240469       2.709047464995203E-003
   16.2932551319648       2.598922500504949E-003
   16.3108504398827       2.435921888476585E-003
   16.3284457478006       2.284182723376853E-003
   16.3460410557185       2.097981253180036E-003
   16.3636363636364       1.945697545417440E-003
   16.3812316715543       1.783138622618405E-003
   16.3988269794721       1.683837685080530E-003
   16.4164222873900       1.604609009519543E-003
   16.4340175953079       1.605745262767536E-003
   16.4516129032258       1.618252668319033E-003
   16.4692082111437       1.694757172827013E-003
   16.4868035190616       1.762740059807399E-003
   16.5043988269795       1.875659397150000E-003
   16.5219941348974       1.958782984553649E-003
   16.5395894428153       2.067230863695016E-003
   16.5571847507331       2.124504923659487E-003
   16.5747800586510       2.188007487377222E-003
   16.5923753665689       2.180003827720159E-003
   16.6099706744868       2.162302390187635E-003
   16.6275659824047       2.068683540714901E-003
   16.6451612903226       1.981477615422435E-003
   16.6627565982405       1.838076417130322E-003
   16.6803519061584       1.720990189069809E-003
   16.6979472140762       1.564062456540821E-003
   16.7155425219941       1.450964306607631E-003
   16.7331378299120       1.312287826327783E-003
   16.7507331378299       1.233206643941263E-003
   16.7683284457478       1.141038827706378E-003
   16.7859237536657       1.122559049628755E-003
   16.8035190615836       1.101405583963463E-003
   16.8211143695015       1.162408566284604E-003
   16.8387096774194       1.216157751035727E-003
   16.8563049853372       1.343656127219410E-003
   16.8739002932551       1.452596165172114E-003
   16.8914956011730       1.627180498942112E-003
   16.9090909090909       1.772291722958541E-003
   16.9266862170088       1.975317015503061E-003
   16.9442815249267       2.138073653699274E-003
   16.9618768328446       2.351312508418566E-003
   16.9794721407625       2.513654764325832E-003
   16.9970674486804       2.719574163713674E-003
   17.0146627565982       2.865169238442735E-003
   17.0322580645161       3.051999228296130E-003
   17.0498533724340       3.174951577799944E-003
   17.0674486803519       3.339245793975828E-003
   17.0850439882698       3.434883435335868E-003
   17.1026392961877       3.570668887917012E-003
   17.1202346041056       3.631669082834544E-003
   17.1378299120235       3.730658049175555E-003
   17.1554252199413       3.747449775997304E-003
   17.1730205278592       3.799086038674826E-003
   17.1906158357771       3.759650926528880E-003
   17.2082111436950       3.750659892453020E-003
   17.2258064516129       3.643543747606778E-003
   17.2434017595308       3.573159634180124E-003
   17.2609970674487       3.409758584152277E-003
   17.2785923753666       3.294698952280881E-003
   17.2961876832845       3.091493848515373E-003
   17.3137829912023       2.947904130161451E-003
   17.3313782991202       2.719807823540351E-003
   17.3489736070381       2.561725456069559E-003
   17.3665689149560       2.320807714070167E-003
   17.3841642228739       2.158522365250409E-003
   17.4017595307918       1.911291239497331E-003
   17.4193548387097       1.746038569779721E-003
   17.4369501466276       1.488512801904230E-003
   17.4545454545455       1.320705062205265E-003
   17.4721407624633       1.061740930680627E-003
   17.4897360703812       9.071556574467698E-004
   17.5073313782991       6.653346625855735E-004
   17.5249266862170       5.459938975093088E-004
   17.5425219941349       3.445067781042229E-004
   17.5601173020528       2.863265563254319E-004
   17.5777126099707       1.513767445304168E-004
   17.5953079178886       1.828803441631998E-004
   17.6129032258065       1.405330796724465E-004
   17.6304985337243       2.730716247684752E-004
   17.6480938416422       2.992923385843407E-004
   17.6656891495601       4.871132178991463E-004
   17.6832844574780       5.305581039190452E-004
   17.7008797653959       7.282156032420859E-004
   17.7184750733138       7.433344946524489E-004
   17.7360703812317       9.120887102766785E-004
   17.7536656891496       8.591752911790184E-004
   17.7712609970675       9.684823271614484E-004
   17.7888563049853       8.155899224813644E-004
   17.8064516129032       8.490499381384704E-004
   17.8240469208211       5.892293864764069E-004
   17.8416422287390       5.814508950343727E-004
   17.8592375366569       2.489029369353539E-004
   17.8768328445748       2.472875067569798E-004
   17.8944281524927      -1.525124143673544E-004
   17.9120234604106      -1.148633479618563E-004
   17.9296187683284      -6.253573941351625E-004
   17.9472140762463      -5.217830382047466E-004
   17.9648093841642      -1.334998080149740E-003
   17.9824046920821      -1.138366664516768E-003
   18.0000000000000      -3.733813769229929E-003
