  0.000000000000000E+000  5.909853936457408E-003
  1.759530791788856E-002  2.851660768202564E-003
  3.519061583577713E-002  2.964281559834324E-003
  5.278592375366570E-002  2.017834552640187E-003
  7.038123167155426E-002  2.118017070973496E-003
  8.797653958944282E-002  1.584270678658406E-003
  0.105571847507331       1.673179509175286E-003
  0.123167155425220       1.310792472846238E-003
  0.140762463343109       1.389588211636966E-003
  0.158357771260997       1.118719569681955E-003
  0.175953079178886       1.188251434172785E-003
  0.193548387096774       9.728562878197493E-004
  0.211143695014663       1.033696801690340E-003
  0.228739002932551       8.545972073213282E-004
  0.246334310850440       9.076405742679990E-004
  0.263929618768328       7.541275834623680E-004
  0.281524926686217       8.005791491239733E-004
  0.299120234604106       6.661224138224156E-004
  0.316715542521994       7.070813974521649E-004
  0.334310850439883       5.874787584823478E-004
  0.351906158357771       6.239589995246553E-004
  0.369501466275660       5.164356971681241E-004
  0.387096774193548       5.493886005227560E-004
  0.404692082111437       4.521008814387942E-004
  0.422287390029326       4.824650139042067E-004
  0.439882697947214       3.942858262340066E-004
  0.457478005865103       4.230726337868011E-004
  0.475073313782991       3.433473975693039E-004
  0.492668621700880       3.714994525839522E-004
  0.510263929618768       2.998303307215126E-004
  0.527859237536657       3.282149915880537E-004
  0.545454545454546       2.643819160885315E-004
  0.563049853372434       2.937891114521743E-004
  0.580645161290323       2.376746856307556E-004
  0.598240469208211       2.687830962209725E-004
  0.615835777126100       2.201581465042262E-004
  0.633431085043988       2.526899086947956E-004
  0.651026392961877       2.095323778523346E-004
  0.668621700879765       2.414607234172960E-004
  0.686217008797654       2.012392940992990E-004
  0.703812316715543       2.306412152600069E-004
  0.721407624633431       1.910874434737018E-004
  0.739002932551320       2.162105184866065E-004
  0.756598240469208       1.752901795976926E-004
  0.774193548387097       1.945778059174923E-004
  0.791788856304985       1.505462565818444E-004
  0.809384164222874       1.628263012364205E-004
  0.826979472140763       1.151493261834552E-004
  0.844574780058651       1.218725962955253E-004
  0.862170087976540       7.297011335671171E-005
  0.879765395894428       7.691238978962089E-005
  0.897360703812317       2.909635362303934E-005
  0.914956011730205       3.260550519215375E-005
  0.932551319648094      -1.212981554419535E-005
  0.950146627565982      -7.017964880721841E-006
  0.967741935483871      -4.696775639943554E-005
  0.985337243401760      -3.855563027501518E-005
   1.00293255131965      -7.242010320405597E-005
   1.02052785923754      -5.986718050771391E-005
   1.03812316715543      -8.829809857149053E-005
   1.05571847507331      -7.340955481098128E-005
   1.07331378299120      -9.861252271919314E-005
   1.09090909090909      -8.322593839736703E-005
   1.10850439882698      -1.069585967530939E-004
   1.12609970674487      -9.256346828514406E-005
   1.14369501466276      -1.162825713676151E-004
   1.16129032258065      -1.040984689785422E-004
   1.17888563049853      -1.289733319697025E-004
   1.19648093841642      -1.199010269820615E-004
   1.21407624633431      -1.465968947616637E-004
   1.23167155425220      -1.404309392103562E-004
   1.24926686217009      -1.678792160889293E-004
   1.26686217008798      -1.631433164429423E-004
   1.28445747800587      -1.901147022568243E-004
   1.30205278592375      -1.857025376532005E-004
   1.31964809384164      -2.113006002361624E-004
   1.33724340175953      -2.063732875712412E-004
   1.35483870967742      -2.299412194697573E-004
   1.37243401759531      -2.239068133819261E-004
   1.39002932551320      -2.450569788524837E-004
   1.40762463343109      -2.376894247102212E-004
   1.42521994134897      -2.566823601146524E-004
   1.44281524926686      -2.487033569046321E-004
   1.46041055718475      -2.664540738695508E-004
   1.47800586510264      -2.585099677173997E-004
   1.49560117302053      -2.754907427767020E-004
   1.51319648093842      -2.678617335413199E-004
   1.53079178885631      -2.842730910109851E-004
   1.54838709677419      -2.770032799042381E-004
   1.56598240469208      -2.928147600124007E-004
   1.58357771260997      -2.857040894104102E-004
   1.60117302052786      -3.005848082348029E-004
   1.61876832844575      -2.929889358441690E-004
   1.63636363636364      -3.060467578931214E-004
   1.65395894428153      -2.970882651024304E-004
   1.67155425219941      -3.078115808713856E-004
   1.68914956011730      -2.972141445418919E-004
   1.70674486803519      -3.055234626219075E-004
   1.72434017595308      -2.933099232790465E-004
   1.74193548387097      -2.993806432642110E-004
   1.75953079178886      -2.858215581671707E-004
   1.77712609970675      -2.900932753666403E-004
   1.79472140762463      -2.757749052261523E-004
   1.81231671554252      -2.791490693711937E-004
   1.82991202346041      -2.653460037029488E-004
   1.84750733137830      -2.692245858988925E-004
   1.86510263929619      -2.569444375596276E-004
   1.88269794721408      -2.619315686415998E-004
   1.90029325513196      -2.514865134121019E-004
   1.91788856304985      -2.577209288820779E-004
   1.93548387096774      -2.490515322141576E-004
   1.95307917888563      -2.563233596279094E-004
   1.97067448680352      -2.490136973600415E-004
   1.98826979472141      -2.567112419707333E-004
   2.00586510263930      -2.498143727782000E-004
   2.02346041055718      -2.565287011507106E-004
   2.04105571847507      -2.483228332060413E-004
   2.05865102639296      -2.526863707555312E-004
   2.07624633431085      -2.423865419733630E-004
   2.09384164222874      -2.440219894647326E-004
   2.11143695014663      -2.314782693913213E-004
   2.12903225806452      -2.304579050964285E-004
   2.14662756598241      -2.159139020930496E-004
   2.16422287390029      -2.126879208748087E-004
   2.18181818181818      -1.967904114869140E-004
   2.19941348973607      -1.922911473611919E-004
   2.21700879765396      -1.763891455448913E-004
   2.23460410557185      -1.724280526897553E-004
   2.25219941348974      -1.582156052691774E-004
   2.26979472140762      -1.559200471316378E-004
   2.28739002932551      -1.440413969357439E-004
   2.30498533724340      -1.437940891921717E-004
   2.32258064516129      -1.344064650467541E-004
   2.34017595307918      -1.361904373999017E-004
   2.35777126099707      -1.290805513634926E-004
   2.37536656891496      -1.324985288421443E-004
   2.39296187683284      -1.270256812468344E-004
   2.41055718475073      -1.310968770150185E-004
   2.42815249266862      -1.257709589355365E-004
   2.44574780058651      -1.288173152517420E-004
   2.46334310850440      -1.223171109535663E-004
   2.48093841642229      -1.235162045550681E-004
   2.49853372434018      -1.153021375283780E-004
   2.51612903225806      -1.143183595311663E-004
   2.53372434017595      -1.042047283138374E-004
   2.55131964809384      -1.010085373822368E-004
   2.56891495601173      -8.909966664563254E-005
   2.58651026392962      -8.396218995213043E-005
   2.60410557184751      -7.072229692142620E-005
   2.62170087976540      -6.443410285220891E-005
   2.63929618768328      -5.093678100596380E-005
   2.65689149560117      -4.453548221094368E-005
   2.67448680351906      -3.152544172184590E-005
   2.69208211143695      -2.555629101747380E-005
   2.70967741935484      -1.344963148859428E-005
   2.72727272727273      -8.245256218173388E-006
   2.74486803519062       2.712572432166563E-006
   2.76246334310850       6.971971381492831E-006
   2.78005865102639       1.668622569670800E-005
   2.79765395894428       1.998705885250497E-005
   2.81524926686217       2.859287087810607E-005
   2.83284457478006       3.126240952597097E-005
   2.85043988269795       3.919164525617152E-005
   2.86803519061584       4.156613851338831E-005
   2.88563049853372       4.904309835210643E-005
   2.90322580645161       5.126644756785641E-005
   2.92082111436950       5.839311635667326E-005
   2.93841642228739       6.052010292072454E-005
   2.95601173020528       6.732412708803005E-005
   2.97360703812317       6.934286971354981E-005
   2.99120234604106       7.578745566367954E-005
   3.00879765395894       7.761735602384742E-005
   3.02639296187683       8.360872106948144E-005
   3.04398826979472       8.519226925662885E-005
   3.06158357771261       9.075988423965367E-005
   3.07917888563050       9.216343497846598E-005
   3.09677419354839       9.738626497749129E-005
   3.11436950146628       9.867928417001798E-005
   3.13196480938416       1.036274237522318E-004
   3.14956011730205       1.048651767061228E-004
   3.16715542521994       1.095896592002941E-004
   3.18475073313783       1.108034011144924E-004
   3.20234604105572       1.153231543607259E-004
   3.21994134897361       1.165064658860170E-004
   3.23753665689150       1.208389084226717E-004
   3.25513196480938       1.220716609977171E-004
   3.27272727272727       1.263602598480504E-004
   3.29032258064516       1.277982670061611E-004
   3.30791788856305       1.322080496910171E-004
   3.32551319648094       1.340096337895954E-004
   3.34310850439883       1.386999421731646E-004
   3.36070381231672       1.410109387736364E-004
   3.37829912023460       1.461204949829794E-004
   3.39589442815249       1.490547795284589E-004
   3.41348973607038       1.546515170035467E-004
   3.43108504398827       1.580807467592274E-004
   3.44868035190616       1.637445736061702E-004
   3.46627565982405       1.670808693586706E-004
   3.48387096774194       1.722349410780329E-004
   3.50146627565982       1.749340831313496E-004
   3.51906158357771       1.790673663929800E-004
   3.53665689149560       1.806380632970328E-004
   3.55425219941349       1.832880132470185E-004
   3.57184750733138       1.832879653233930E-004
   3.58944281524927       1.840463218116488E-004
   3.60703812316716       1.821093783333657E-004
   3.62463343108504       1.808185137107548E-004
   3.64222873900293       1.772516842674585E-004
   3.65982404692082       1.746505604201874E-004
   3.67741935483871       1.702924177561125E-004
   3.69501466275660       1.671756654361747E-004
   3.71260997067449       1.627737274965398E-004
   3.73020527859238       1.598539429724189E-004
   3.74780058651026       1.560761526799754E-004
   3.76539589442815       1.539809756823723E-004
   3.78299120234604       1.513956381224307E-004
   3.80058651026393       1.506204473412850E-004
   3.81818181818182       1.495294177839934E-004
   3.83577712609971       1.499314883331180E-004
   3.85337243401760       1.497269669525765E-004
   3.87096774193548       1.506009653124738E-004
   3.88856304985337       1.506793396816065E-004
   3.90615835777126       1.515175541562257E-004
   3.92375366568915       1.514393652871384E-004
   3.94134897360704       1.518699972853430E-004
   3.95894428152493       1.513208674323509E-004
   3.97653958944282       1.510976997201266E-004
   3.99413489736070       1.499007969616102E-004
   4.01173020527859       1.489624454792339E-004
   4.02932551319648       1.472525557636360E-004
   4.04692082111437       1.459221220718364E-004
   4.06451612903226       1.440306391408464E-004
   4.08211143695015       1.425533532580216E-004
   4.09970674486804       1.406515216119213E-004
   4.11730205278592       1.391557916985213E-004
   4.13489736070381       1.373292751611827E-004
   4.15249266862170       1.358675855601472E-004
   4.17008797653959       1.341265141336251E-004
   4.18768328445748       1.326667373534332E-004
   4.20527859237537       1.309069411740330E-004
   4.22287390029326       1.292266588976310E-004
   4.24046920821114       1.271093207368022E-004
   4.25806451612903       1.249038352451912E-004
   4.27565982404692       1.222531295797385E-004
   4.29325513196481       1.194545910377063E-004
   4.31085043988270       1.162698471876175E-004
   4.32844574780059       1.129417429331053E-004
   4.34604105571848       1.093404058896886E-004
   4.36363636363636       1.056617552135383E-004
   4.38123167155425       1.018844657366082E-004
   4.39882697947214       9.817893103371682E-005
   4.41642228739003       9.465748294214430E-005
   4.43401759530792       9.141270909079879E-005
   4.45161290322581       8.848300892663887E-005
   4.46920821114370       8.581070561557149E-005
   4.48680351906158       8.345379334320622E-005
   4.50439882697947       8.128086048999861E-005
   4.52199413489736       7.938293910820409E-005
   4.53958944281525       7.756999892589978E-005
   4.55718475073314       7.596488570046512E-005
   4.57478005865103       7.432696997563291E-005
   4.59237536656892       7.280476412652123E-005
   4.60997067448680       7.110569621473470E-005
   4.62756598240469       6.939753359415115E-005
   4.64516129032258       6.738242412812394E-005
   4.66275659824047       6.528849018268127E-005
   4.68035190615836       6.281423083548037E-005
   4.69794721407625       6.022042386013350E-005
   4.71554252199414       5.720043322617890E-005
   4.73313782991202       5.404187341992314E-005
   4.75073313782991       5.043999425393441E-005
   4.76832844574780       4.670785262815888E-005
   4.78592375366569       4.255504154735008E-005
   4.80351906158358       3.833186696273297E-005
   4.82111436950147       3.380190880014143E-005
   4.83870967741935       2.933269528889417E-005
   4.85630498533724       2.463500859617899E-005
   4.87390029325513       2.002185141870193E-005
   4.89149560117302       1.519060351190838E-005
   4.90909090909091       1.042756726812419E-005
   4.92668621700880       5.433205938001437E-006
   4.94428152492669       4.701889706627653E-007
   4.96187683284458      -4.747771108344096E-006
   4.97947214076246      -9.980684109073910E-006
   4.99706744868035      -1.549036172275119E-005
   5.01466275659824      -2.104364177689443E-005
   5.03225806451613      -2.681602236065276E-005
   5.04985337243402      -3.256618104140271E-005
   5.06744868035191      -3.845001554191878E-005
   5.08504398826980      -4.427883374736294E-005
   5.10263929618768      -5.018521486329333E-005
   5.12023460410557      -5.603033218243883E-005
   5.13782991202346      -6.191544670442409E-005
   5.15542521994135      -6.775356066414098E-005
   5.17302052785924      -7.360843210276072E-005
   5.19061583577713      -7.944761977743531E-005
   5.20821114369502      -8.529055234431661E-005
   5.22580645161290      -9.114123643002248E-005
   5.24340175953079      -9.693132708002826E-005
   5.26099706744868      -1.027068272106841E-004
   5.27859237536657      -1.083480946511976E-004
   5.29618768328446      -1.139675563988725E-004
   5.31378299120235      -1.193898078839349E-004
   5.33137829912024      -1.247966789070916E-004
   5.34897360703812      -1.299519808782468E-004
   5.36656891495601      -1.351095584514106E-004
   5.38416422287390      -1.399665559755185E-004
   5.40175953079179      -1.448485505810536E-004
   5.41935483870968      -1.493660271462836E-004
   5.43695014662757      -1.538943650525569E-004
   5.45454545454546      -1.579670818048359E-004
   5.47214076246334      -1.620591397230510E-004
   5.48973607038123      -1.656404438733229E-004
   5.50733137829912      -1.692843529787212E-004
   5.52492668621701      -1.723916429939192E-004
   5.54252199413490      -1.756376531998614E-004
   5.56011730205279      -1.783520496597951E-004
   5.57771260997067      -1.813192179968353E-004
   5.59530791788856      -1.838006572528385E-004
   5.61290322580645      -1.867055590710796E-004
   5.63049853372434      -1.891722807583536E-004
   5.64809384164223      -1.921016687810331E-004
   5.66568914956012      -1.944697103788872E-004
   5.68328445747801      -1.972624766013557E-004
   5.70087976539589      -1.993506933376462E-004
   5.71847507331378      -2.018221631003186E-004
   5.73607038123167      -2.034454001408047E-004
   5.75366568914956      -2.054176145386630E-004
   5.77126099706745      -2.064062886207231E-004
   5.78885630498534      -2.077256206901631E-004
   5.80645161290323      -2.079477966648774E-004
   5.82404692082111      -2.085330990095824E-004
   5.84164222873900      -2.079786338546140E-004
   5.85923753665689      -2.078649640443169E-004
   5.87683284457478      -2.065662959131363E-004
   5.89442815249267      -2.057798459032329E-004
   5.91202346041056      -2.037636400514955E-004
   5.92961876832845      -2.023395809393078E-004
   5.94721407624634      -1.996519201999353E-004
   5.96480938416422      -1.976550250516270E-004
   5.98240469208211      -1.943841056266435E-004
   6.00000000000000      -1.919406937271559E-004
   6.01759530791789      -1.882693662112740E-004
   6.03519061583578      -1.855909443034901E-004
   6.05278592375367      -1.816479014877004E-004
   6.07038123167156      -1.787417599263333E-004
   6.08797653958944      -1.744650650254764E-004
   6.10557184750733      -1.712407913984329E-004
   6.12316715542522      -1.665219030309541E-004
   6.14076246334311      -1.628635261418788E-004
   6.15835777126100      -1.575832417977421E-004
   6.17595307917889      -1.533782267379506E-004
   6.19354838709677      -1.474377057826861E-004
   6.21114369501466      -1.426302784420722E-004
   6.22873900293255      -1.361036624890582E-004
   6.24633431085044      -1.309520163918069E-004
   6.26392961876833      -1.241733420127423E-004
   6.28152492668622      -1.189742870703136E-004
   6.29912023460411      -1.121895285191350E-004
   6.31671554252199      -1.071565936610741E-004
   6.33431085043988      -1.005523297517700E-004
   6.35190615835777      -9.585260561493448E-005
   6.36950146627566      -8.957906768134344E-005
   6.38709677419355      -8.535246965825541E-005
   6.40469208211144      -7.954467163545882E-005
   6.42228739002933      -7.592289453914532E-005
   6.43988269794721      -7.066873503298490E-005
   6.45747800586510      -6.765311309863694E-005
   6.47507331378299      -6.288069907328065E-005
   6.49266862170088      -6.036388351704156E-005
   6.51026392961877      -5.594132581248820E-005
   6.52785923753666      -5.377279678920824E-005
   6.54545454545455      -4.953298626242812E-005
   6.56304985337243      -4.753373043507808E-005
   6.58064516129032      -4.328846389479502E-005
   6.59824046920821      -4.126872745582029E-005
   6.61583577712610      -3.685559620598351E-005
   6.63343108504399      -3.478529651947599E-005
   6.65102639296188      -3.035741322886982E-005
   6.66862170087977      -2.846077299101679E-005
   6.68621700879765      -2.420855553902932E-005
   6.70381231671554      -2.263338986168061E-005
   6.72140762463343      -1.866752130599065E-005
   6.73900293255132      -1.749168218057129E-005
   6.75659824046921      -1.385752075398010E-005
   6.77419354838710      -1.309570916954258E-005
   6.79178885630499      -9.776002514504910E-006
   6.80938416422287      -9.378788221970249E-006
   6.82697947214076      -6.303387278314013E-006
   6.84457478005865      -6.213921019673826E-006
   6.86217008797654      -3.348196390372270E-006
   6.87976539589443      -3.529601048520445E-006
   6.89736070381232      -8.145226357925487E-007
   6.91495601173021      -1.182634373661203E-006
   6.93255131964809       1.494180401012286E-006
   6.95014662756598       1.081569522887564E-006
   6.96774193548387       3.896005629234683E-006
   6.98533724340176       3.652148150596911E-006
   7.00293255131965       6.864401955398730E-006
   7.02052785923754       7.074703729621639E-006
   7.03812316715543       1.085810879008990E-005
   7.05571847507331       1.145957909446137E-005
   7.07331378299120       1.560131560387190E-005
   7.09090909090909       1.635724243939355E-005
   7.10850439882698       2.062969975302599E-005
   7.12609970674487       2.132880874171041E-005
   7.14369501466276       2.554412482365075E-005
   7.16129032258065       2.602735333872676E-005
   7.17888563049853       3.006375229817360E-005
   7.19648093841642       3.025727061286915E-005
   7.21407624633431       3.411627538793907E-005
   7.23167155425220       3.411003905113459E-005
   7.24926686217009       3.789616689623517E-005
   7.26686217008798       3.772707673628539E-005
   7.28445747800587       4.142155035591144E-005
   7.30205278592375       4.105372588595761E-005
   7.31964809384164       4.462184986373888E-005
   7.33724340175953       4.403259932785864E-005
   7.35483870967742       4.747364939897842E-005
   7.37243401759531       4.669570312207946E-005
   7.39002932551320       5.009092223450141E-005
   7.40762463343109       4.928836669459301E-005
   7.42521994134897       5.291521091450806E-005
   7.44281524926686       5.238133437821935E-005
   7.46041055718475       5.638129179188075E-005
   7.47800586510264       5.609098083972486E-005
   7.49560117302053       6.035662765970004E-005
   7.51319648093842       6.016259100350555E-005
   7.53079178885631       6.452356764214564E-005
   7.54838709677419       6.424663208343626E-005
   7.56598240469208       6.852708365779781E-005
   7.58357771260997       6.801061971333335E-005
   7.60117302052786       7.209812001039531E-005
   7.61876832844575       7.134198809640235E-005
   7.63636363636364       7.541061200573679E-005
   7.65395894428153       7.465134692678027E-005
   7.67155425219941       7.882977912038122E-005
   7.68914956011730       7.807394397383741E-005
   7.70674486803519       8.229151343437477E-005
   7.72434017595308       8.141285594579741E-005
   7.74193548387097       8.550133383873176E-005
   7.75953079178886       8.430035653131702E-005
   7.77712609970675       8.803982297133668E-005
   7.79472140762463       8.628985473686131E-005
   7.81231671554252       8.948540523106390E-005
   7.82991202346041       8.714887118594287E-005
   7.84750733137830       8.998641249274668E-005
   7.86510263929619       8.732599838235320E-005
   7.88269794721408       8.999607316176020E-005
   7.90029325513197       8.711812702002892E-005
   7.91788856304985       8.966175751813463E-005
   7.93548387096774       8.655205962410328E-005
   7.95307917888563       8.890591681686519E-005
   7.97067448680352       8.545897022491925E-005
   7.98826979472141       8.748123836340892E-005
   8.00586510263930       8.353372595665278E-005
   8.02346041055718       8.512628933449982E-005
   8.04105571847507       8.079777226603219E-005
   8.05865102639296       8.227601920963332E-005
   8.07624633431085       7.788861759541918E-005
   8.09384164222874       7.948955057613663E-005
   8.11143695014663       7.520209571857931E-005
   8.12903225806452       7.700870207507006E-005
   8.14662756598241       7.282984182355904E-005
   8.16422287390029       7.477309916514098E-005
   8.18181818181818       7.055161174481520E-005
   8.19941348973607       7.238521127235893E-005
   8.21700879765396       6.777682756880730E-005
   8.23460410557185       6.919347522228252E-005
   8.25219941348974       6.414296173135051E-005
   8.26979472140763       6.530908897432911E-005
   8.28739002932551       6.003613612826507E-005
   8.30498533724340       6.115350774034439E-005
   8.32258064516129       5.582692166030878E-005
   8.34017595307918       5.701829630782099E-005
   8.35777126099707       5.170596005852536E-005
   8.37536656891496       5.296963114582460E-005
   8.39296187683285       4.758449381437112E-005
   8.41055718475073       4.870770992153023E-005
   8.42815249266862       4.293586546895514E-005
   8.44574780058651       4.370369950631382E-005
   8.46334310850440       3.758045475449546E-005
   8.48093841642229       3.818793862104852E-005
   8.49853372434018       3.195019091663195E-005
   8.51612903225807       3.263428630014845E-005
   8.53372434017595       2.650145901697123E-005
   8.55131964809384       2.744512068674294E-005
   8.56891495601173       2.154754006484087E-005
   8.58651026392962       2.280331549006025E-005
   8.60410557184751       1.707150973037470E-005
   8.62170087976540       1.837782509953335E-005
   8.63929618768329       1.244577629242988E-005
   8.65689149560117       1.360682218385303E-005
   8.67448680351906       7.548938585047244E-006
   8.69208211143695       8.785746953090693E-006
   8.70967741935484       2.889787385695883E-006
   8.72727272727273       4.524211329511342E-006
   8.74486803519062      -8.761979736465545E-007
   8.76246334310851       1.479407674706702E-006
   8.78005865102639      -3.135418662613042E-006
   8.79765395894428       1.609312975254448E-007
   8.81524926686217      -3.617450646341031E-006
   8.83284457478006       3.439886299174341E-007
   8.85043988269795      -3.093485190826355E-006
   8.86803519061584       1.135277941694095E-006
   8.88563049853373      -2.155915198565221E-006
   8.90322580645161       2.280147228463481E-006
   8.92082111436950      -8.322563619436868E-007
   8.93841642228739       3.909353804440463E-006
   8.95601173020528       1.123696379255142E-006
   8.97360703812317       6.347641905813523E-006
   8.99120234604106       4.075893050638351E-006
   9.00879765395895       9.928426419885644E-006
   9.02639296187683       8.120475206447098E-006
   9.04398826979472       1.423877288822167E-005
   9.06158357771261       1.240569182931010E-005
   9.07917888563050       1.841200109237810E-005
   9.09677419354839       1.632170422743519E-005
   9.11436950146628       2.208884365663877E-005
   9.13196480938416       1.970480175139061E-005
   9.14956011730205       2.527193335429501E-005
   9.16715542521994       2.270211132804567E-005
   9.18475073313783       2.823359434323110E-005
   9.20234604105572       2.568729241489028E-005
   9.21994134897361       3.135567369286082E-005
   9.23753665689150       2.877635373222952E-005
   9.25513196480938       3.424898288508459E-005
   9.27272727272727       3.125277009646511E-005
   9.29032258064516       3.623976333607648E-005
   9.30791788856305       3.263511352756781E-005
   9.32551319648094       3.703306102652568E-005
   9.34310850439883       3.280349366113206E-005
   9.36070381231672       3.667857872435113E-005
   9.37829912023460       3.197573591301022E-005
   9.39589442815249       3.556414477113613E-005
   9.41348973607038       3.070265068485951E-005
   9.43108504398827       3.425175938199454E-005
   9.44868035190616       2.921394614131911E-005
   9.46627565982405       3.249624226275278E-005
   9.48387096774194       2.704648656928288E-005
   9.50146627565982       2.989343113997672E-005
   9.51906158357771       2.394126380614577E-005
   9.53665689149560       2.634365769409013E-005
   9.55425219941349       1.997086592428168E-005
   9.57184750733138       2.210759308042974E-005
   9.58944281524927       1.560579320061585E-005
   9.60703812316716       1.790508250983742E-005
   9.62463343108504       1.178568817530844E-005
   9.64222873900293       1.457385755541547E-005
   9.65982404692082       8.808521207263637E-006
   9.67741935483871       1.186747164486485E-005
   9.69501466275660       6.241669300443175E-006
   9.71260997067449       9.406011931986216E-006
   9.73020527859238       3.826401439882263E-006
   9.74780058651026       7.090778834494910E-006
   9.76539589442815       1.662744913319775E-006
   9.78299120234604       5.267738409533180E-006
   9.80058651026393       4.165414150139324E-007
   9.81818181818182       5.009953989433491E-006
   9.83577712609971       1.337965006192835E-006
   9.85337243401760       6.973427075244356E-006
   9.87096774193548       3.988639783036152E-006
   9.88856304985337       9.976571342425133E-006
   9.90615835777126       6.959993483752508E-006
   9.92375366568915       1.259917314960512E-005
   9.94134897360704       8.910194499283000E-006
   9.95894428152493       1.365263084265730E-005
   9.97653958944282       8.887491406108713E-006
   9.99413489736071       1.253475678226679E-005
   10.0117302052786       6.870650201782486E-006
   10.0293255131965       1.011657033835676E-005
   10.0469208211144       4.360051910289223E-006
   10.0645161290323       7.503927602670560E-006
   10.0821114369501       1.415376249101000E-006
   10.0997067448680       3.932013910922225E-006
   10.1173020527859      -3.165749340591870E-006
   10.1348973607038      -2.046062479218721E-006
   10.1524926686217      -1.095906326556838E-005
   10.1700879765396      -1.202896439846504E-005
   10.1876832844575      -2.346599609395819E-005
   10.2052785923754      -2.721255007952987E-005
   10.2228739002933      -4.097266392818133E-005
   10.2404692082111      -4.606841687343725E-005
   10.2580645161290      -6.024766920790974E-005
   10.2756598240469      -6.514688676960773E-005
   10.2932551319648      -7.872367114458445E-005
   10.3108504398827      -8.277178180052003E-005
   10.3284457478006      -9.538647109817830E-005
   10.3460410557185      -9.847666628314009E-005
   10.3636363636364      -1.102432858268089E-004
   10.3812316715543      -1.126893900245788E-004
   10.3988269794721      -1.240952808407904E-004
   10.4164222873900      -1.264573350132784E-004
   10.4340175953079      -1.377052059325041E-004
   10.4516129032258      -1.395223194047314E-004
   10.4692082111437      -1.498551428063012E-004
   10.4868035190616      -1.505067116258776E-004
   10.5043988269795      -1.595088277271585E-004
   10.5219941348974      -1.587742301673062E-004
   10.5395894428153      -1.664072104430460E-004
   10.5571847507331      -1.644268692096376E-004
   10.5747800586510      -1.709958042650401E-004
   10.5923753665689      -1.682288302385435E-004
   10.6099706744868      -1.742910086905529E-004
   10.6275659824047      -1.712743824770089E-004
   10.6451612903226      -1.773632621734517E-004
   10.6627565982405      -1.748994435582307E-004
   10.6803519061584      -1.822650127617434E-004
   10.6979472140762      -1.820428701991457E-004
   10.7155425219941      -1.927892808852041E-004
   10.7331378299120      -1.973496179230452E-004
   10.7507331378299      -2.144868553864033E-004
   10.7683284457478      -2.273741246976981E-004
   10.7859237536657      -2.550788211414505E-004
   10.8035190615836      -2.813285125607650E-004
   10.8211143695015      -3.248857470350284E-004
   10.8387096774194      -3.664708115333352E-004
   10.8563049853372      -4.215215095064177E-004
   10.8739002932551      -4.700027805634169E-004
   10.8914956011730      -5.271469599755928E-004
   10.9090909090909      -5.729364184791150E-004
   10.9266862170088      -6.225824430462412E-004
   10.9442815249267      -6.562535322841000E-004
   10.9618768328446      -6.892864399954624E-004
   10.9794721407625      -7.022640312831340E-004
   10.9970674486804      -7.109782032752742E-004
   11.0146627565982      -6.977996835387626E-004
   11.0322580645161      -6.831158868188012E-004
   11.0498533724340      -6.525949192869586E-004
   11.0674486803519      -6.259850340285783E-004
   11.0850439882698      -5.879872437952621E-004
   11.1026392961877      -5.575271579498548E-004
   11.1202346041056      -5.187887065815939E-004
   11.1378299120235      -4.900552687668916E-004
   11.1554252199413      -4.550864701533463E-004
   11.1730205278592      -4.315413271200832E-004
   11.1906158357771      -4.027185435112573E-004
   11.2082111436950      -3.854242992547344E-004
   11.2258064516129      -3.623381425020314E-004
   11.2434017595308      -3.503373492428136E-004
   11.2609970674487      -3.328695634522146E-004
   11.2785923753666      -3.269266180957388E-004
   11.2961876832845      -3.160311668551735E-004
   11.3137829912023      -3.169576352635846E-004
   11.3313782991202      -3.131730394680602E-004
   11.3489736070381      -3.211073825654657E-004
   11.3665689149560      -3.240547436959511E-004
   11.3841642228739      -3.379219622588665E-004
   11.4017595307918      -3.455133001867441E-004
   11.4193548387097      -3.615667700334489E-004
   11.4369501466276      -3.686972038660919E-004
   11.4545454545455      -3.827397057352659E-004
   11.4721407624633      -3.874709099130353E-004
   11.4897360703812      -3.990330561706682E-004
   11.5073313782991      -4.016295133506255E-004
   11.5249266862170      -4.114414786865839E-004
   11.5425219941349      -4.129257668716318E-004
   11.5601173020528      -4.221697263626489E-004
   11.5777126099707      -4.237363783992569E-004
   11.5953079178886      -4.334289194572189E-004
   11.6129032258065      -4.353678763470151E-004
   11.6304985337243      -4.438356983729292E-004
   11.6480938416422      -4.425703664943810E-004
   11.6656891495601      -4.464205986057048E-004
   11.6832844574780      -4.400179998188644E-004
   11.7008797653959      -4.385915717046876E-004
   11.7184750733138      -4.274203555964246E-004
   11.7360703812317      -4.220381393330988E-004
   11.7536656891496      -4.083703527957796E-004
   11.7712609970675      -4.023135476858803E-004
   11.7888563049853      -3.905842223316322E-004
   11.8064516129032      -3.898439432520528E-004
   11.8240469208211      -3.871827229337081E-004
   11.8416422287390      -3.966048841968068E-004
   11.8592375366569      -4.025068304214541E-004
   11.8768328445748      -4.177794019332882E-004
   11.8944281524927      -4.266967858991390E-004
   11.9120234604106      -4.417822757856393E-004
   11.9296187683284      -4.474310276902707E-004
   11.9472140762463      -4.559912722814952E-004
   11.9648093841642      -4.521515337674285E-004
   11.9824046920821      -4.483143344403226E-004
   12.0000000000000      -4.298487047275360E-004
   12.0175953079179      -4.109206515616561E-004
   12.0351906158358      -3.816690797047489E-004
   12.0527859237537      -3.583684543673591E-004
   12.0703812316716      -3.303052132774413E-004
   12.0879765395894      -3.124559135872395E-004
   12.1055718475073      -2.934134578359579E-004
   12.1231671554252      -2.871374617502407E-004
   12.1407624633431      -2.816040686550491E-004
   12.1583577712610      -2.896988968087840E-004
   12.1759530791789      -2.985801120318014E-004
   12.1935483870968      -3.196675567879799E-004
   12.2111436950147      -3.381020393658197E-004
   12.2287390029326      -3.630633980383234E-004
   12.2463343108504      -3.815799176553308E-004
   12.2639296187683      -4.057299400204469E-004
   12.2815249266862      -4.243722148067273E-004
   12.2991202346041      -4.501554532503492E-004
   12.3167155425220      -4.727436149781144E-004
   12.3343108504399      -5.049290649771555E-004
   12.3519061583578      -5.368691089569548E-004
   12.3695014662757      -5.812188907952511E-004
   12.3870967741935      -6.283072192562440E-004
   12.4046920821114      -6.899761981299126E-004
   12.4222873900293      -7.531658207448047E-004
   12.4398826979472      -8.228522375008621E-004
   12.4574780058651      -8.839103334946337E-004
   12.4750733137830      -9.428546218073580E-004
   12.4926686217009      -9.863174557398473E-004
   12.5102639296188      -1.021978457250523E-003
   12.5278592375367      -1.038096592157578E-003
   12.5454545454545      -1.043616934479494E-003
   12.5630498533724      -1.028734705792775E-003
   12.5806451612903      -1.004348330535539E-003
   12.5982404692082      -9.639082939831623E-004
   12.6158357771261      -9.244278103413230E-004
   12.6334310850440      -8.868616794079949E-004
   12.6510263929619      -8.657351767237196E-004
   12.6686217008798      -8.558104216313129E-004
   12.6862170087977      -8.674107159938656E-004
   12.7038123167155      -8.927735139928103E-004
   12.7214076246334      -9.396167106323855E-004
   12.7390029325513      -9.982469201931592E-004
   12.7565982404692      -1.073900729841330E-003
   12.7741935483871      -1.154672867275076E-003
   12.7917888563050      -1.242560854924166E-003
   12.8093841642229      -1.320826660162088E-003
   12.8269794721408      -1.386328891414207E-003
   12.8445747800587      -1.426850364562754E-003
   12.8621700879765      -1.447736306291137E-003
   12.8797653958944      -1.441955005994712E-003
   12.8973607038123      -1.417176740088933E-003
   12.9149560117302      -1.368928076167735E-003
   12.9325513196481      -1.306451109337760E-003
   12.9501466275660      -1.227519325590563E-003
   12.9677419354839      -1.143004763361486E-003
   12.9853372434018      -1.053383029787538E-003
   13.0029325513196      -9.725362117813404E-004
   13.0205278592375      -9.046722144961666E-004
   13.0381231671554      -8.580730369953493E-004
   13.0557184750733      -8.259789526142801E-004
   13.0733137829912      -8.107205640683960E-004
   13.0909090909091      -8.036555282057796E-004
   13.1085043988270      -8.050553646808954E-004
   13.1260997067449      -8.054090165147123E-004
   13.1436950146628      -8.035154551036887E-004
   13.1612903225806      -7.893062919329981E-004
   13.1788856304985      -7.603248520841507E-004
   13.1964809384164      -7.060741103255567E-004
   13.2140762463343      -6.242119223704812E-004
   13.2316715542522      -5.147143332555481E-004
   13.2492668621701      -3.879496220597245E-004
   13.2668621700880      -2.478284548904341E-004
   13.2844574780059      -1.035403451120779E-004
   13.3020527859238       4.147274103881143E-005
   13.3196480938416       1.793583144331170E-004
   13.3372434017595       3.073371759642334E-004
   13.3548387096774       4.191778792097559E-004
   13.3724340175953       5.132256857250219E-004
   13.3900293255132       5.855968845387323E-004
   13.4076246334311       6.377774621895319E-004
   13.4252199413490       6.725751504907648E-004
   13.4428152492669       6.939347700069425E-004
   13.4604105571848       7.014677883771372E-004
   13.4780058651026       6.951144509638829E-004
   13.4956011730205       6.731277658377172E-004
   13.5131964809384       6.336793984096409E-004
   13.5307917888563       5.744970550797838E-004
   13.5483870967742       4.925687794642864E-004
   13.5659824046921       3.855092397818692E-004
   13.5835777126100       2.495401208123117E-004
   13.6011730205279       8.272840609465467E-005
   13.6187683284457      -1.150295962877357E-004
   13.6363636363636      -3.308777056533750E-004
   13.6539589442815      -5.544979990801248E-004
   13.6715542521994      -7.727373986103884E-004
   13.6891495601173      -9.773162454364240E-004
   13.7067448680352      -1.156045309256135E-003
   13.7243401759531      -1.302420073763862E-003
   13.7419354838710      -1.405169735982263E-003
   13.7595307917889      -1.459684023576454E-003
   13.7771260997067      -1.455944394231210E-003
   13.7947214076246      -1.391860397492121E-003
   13.8123167155425      -1.261501626774847E-003
   13.8299120234604      -1.077084111780245E-003
   13.8475073313783      -8.452518598824897E-004
   13.8651026392962      -5.802006308253899E-004
   13.8826979472141      -2.860401600665778E-004
   13.9002932551320       2.362742580852806E-005
   13.9178885630499       3.459345745790243E-004
   13.9354838709677       6.673141459886176E-004
   13.9530791788856       9.857943924666847E-004
   13.9706744868035       1.287596638277079E-003
   13.9882697947214       1.571469010989430E-003
   14.0058651026393       1.823290741702366E-003
   14.0234604105572       2.045209406119193E-003
   14.0410557184751       2.229819249676415E-003
   14.0586510263930       2.384702348232501E-003
   14.0762463343109       2.502434104404274E-003
   14.0938416422287       2.591181984610376E-003
   14.1114369501466       2.642993810668038E-003
   14.1290322580645       2.666538052487397E-003
   14.1466275659824       2.653227513951577E-003
   14.1642228739003       2.612128166558907E-003
   14.1818181818182       2.533847371592021E-003
   14.1994134897361       2.427591278658563E-003
   14.2170087976540       2.283530574986844E-003
   14.2346041055718       2.116269004166429E-003
   14.2521994134897       1.921919390970219E-003
   14.2697947214076       1.717879579293665E-003
   14.2873900293255       1.500159849325151E-003
   14.3049853372434       1.287005983359787E-003
   14.3225806451613       1.073995665724346E-003
   14.3401759530792       8.799958208623581E-004
   14.3577712609971       6.999341599071562E-004
   14.3753665689150       5.530156301818334E-004
   14.3929618768328       4.331126013795011E-004
   14.4105571847507       3.580666943586165E-004
   14.4281524926686       3.098132789332359E-004
   14.4457478005865       2.919790514176451E-004
   14.4633431085044       2.818209143717785E-004
   14.4809384164223       2.855112641998650E-004
   14.4985337243402       2.811189736315555E-004
   14.5161290322581       2.767354607219540E-004
   14.5337243401760       2.510273571853808E-004
   14.5513196480938       2.139884544878230E-004
   14.5689149560117       1.450304454306167E-004
   14.5865102639296       5.643747706527586E-005
   14.6041055718475      -7.056274164513999E-005
   14.6217008797654      -2.157507210999619E-004
   14.6392961876833      -3.867817504242691E-004
   14.6568914956012      -5.582867047355419E-004
   14.6744868035191      -7.405891194834722E-004
   14.6920821114370      -9.089018030953250E-004
   14.7096774193548      -1.075133246735887E-003
   14.7272727272727      -1.214438574269688E-003
   14.7448680351906      -1.339940291128928E-003
   14.7624633431085      -1.426533439303239E-003
   14.7800586510264      -1.488450350898570E-003
   14.7976539589443      -1.500307792353369E-003
   14.8152492668622      -1.479028845383623E-003
   14.8328445747801      -1.408471927972803E-003
   14.8504398826979      -1.316983086609005E-003
   14.8680351906158      -1.190080603227633E-003
   14.8856304985337      -1.056457311126998E-003
   14.9032258064516      -9.005921660442666E-004
   14.9208211143695      -7.515927457704614E-004
   14.9384164222874      -5.928346079694999E-004
   14.9560117302053      -4.537293983739366E-004
   14.9736070381232      -3.163038683057743E-004
   14.9912023460411      -2.099067056473740E-004
   15.0087976539589      -1.138464218527229E-004
   15.0263929618768      -4.980170125317243E-005
   15.0439882697947       1.483632417184588E-005
   15.0615835777126       6.061308821451779E-005
   15.0791788856305       1.189859974397628E-004
   15.0967741935484       1.684362377867967E-004
   15.1143695014663       2.401039434672856E-004
   15.1319648093842       3.107118653992746E-004
   15.1495601173021       4.112389985336957E-004
   15.1671554252199       5.166264439496608E-004
   15.1847507331378       6.575414617728147E-004
   15.2023460410557       8.066184242128028E-004
   15.2199413489736       9.911570932171648E-004
   15.2375366568915       1.174965609764963E-003
   15.2551319648094       1.382103288030347E-003
   15.2727272727273       1.576320854537630E-003
   15.2903225806452       1.783139619522864E-003
   15.3079178885631       1.965803905897171E-003
   15.3255131964809       2.150853441043815E-003
   15.3431085043988       2.300690544961459E-003
   15.3607038123167       2.442649912382768E-003
   15.3782991202346       2.537969432189223E-003
   15.3958944281525       2.614388315260393E-003
   15.4134897360704       2.631498465935248E-003
   15.4310850439883       2.622411871305886E-003
   15.4486803519062       2.554953232089192E-003
   15.4662756598240       2.468268308872945E-003
   15.4838709677419       2.330885062847882E-003
   15.5014662756598       2.184104142516360E-003
   15.5190615835777       1.996597203588898E-003
   15.5366568914956       1.811734937566962E-003
   15.5542521994135       1.598387502323388E-003
   15.5718475073314       1.402298888455473E-003
   15.5894428152493       1.193064351750576E-003
   15.6070381231672       1.020369536702957E-003
   15.6246334310850       8.533888781533512E-004
   15.6422287390029       7.344321368436154E-004
   15.6598240469208       6.215999274425984E-004
   15.6774193548387       5.542792816429617E-004
   15.6950146627566       4.876052369244762E-004
   15.7126099706745       4.604383455455240E-004
   15.7302052785924       4.255413631181104E-004
   15.7478005865103       4.215977393251245E-004
   15.7653958944282       3.990558596874629E-004
   15.7829912023460       3.963348635739297E-004
   15.8005865102639       3.610909682432830E-004
   15.8181818181818       3.320780824402648E-004
   15.8357771260997       2.627333182686629E-004
   15.8533724340176       2.028832222533178E-004
   15.8709677419355       1.081081253230541E-004
   15.8885630498534       3.003580155327512E-005
   15.9061583577713      -7.669047512284477E-005
   15.9237536656892      -1.592143962574321E-004
   15.9413489736070      -2.642883145206679E-004
   15.9589442815249      -3.381570584323799E-004
   15.9765395894428      -4.295058830608713E-004
   15.9941348973607      -4.843486906215123E-004
   16.0117302052786      -5.557454788467043E-004
   16.0293255131965      -5.966543132531650E-004
   16.0469208211144      -6.671709293298397E-004
   16.0645161290323      -7.169782613712446E-004
   16.0821114369501      -8.042007507132652E-004
   16.0997067448680      -8.747823392198708E-004
   16.1173020527859      -9.860770912073693E-004
   16.1348973607038      -1.080491680658937E-003
   16.1524926686217      -1.214538330630393E-003
   16.1700879765396      -1.326543283114812E-003
   16.1876832844575      -1.471200965900684E-003
   16.2052785923754      -1.579864703574483E-003
   16.2228739002933      -1.701026191761005E-003
   16.2404692082111      -1.765383239357209E-003
   16.2580645161290      -1.834082315386775E-003
   16.2756598240469      -1.844027680188810E-003
   16.2932551319648      -1.861885655789836E-003
   16.3108504398827      -1.826149462080356E-003
   16.3284457478006      -1.807744754066504E-003
   16.3460410557185      -1.746025104642498E-003
   16.3636363636364      -1.716072774985882E-003
   16.3812316715543      -1.658304675218381E-003
   16.3988269794721      -1.652933447067924E-003
   16.4164222873900      -1.642346008469784E-003
   16.4340175953079      -1.701379334758099E-003
   16.4516129032258      -1.754472689565794E-003
   16.4692082111437      -1.870515505407396E-003
   16.4868035190616      -1.969764651655590E-003
   16.5043988269795      -2.121711874645250E-003
   16.5219941348974      -2.243684749878421E-003
   16.5395894428153      -2.406492408111986E-003
   16.5571847507331      -2.524792411845091E-003
   16.5747800586510      -2.671001614550335E-003
   16.5923753665689      -2.757097751406785E-003
   16.6099706744868      -2.857319763194809E-003
   16.6275659824047      -2.886080764488478E-003
   16.6451612903226      -2.929663334598425E-003
   16.6627565982405      -2.905468280327483E-003
   16.6803519061584      -2.902972276606114E-003
   16.6979472140762      -2.837534119693549E-003
   16.7155425219941      -2.801641521454808E-003
   16.7331378299120      -2.708556207209552E-003
   16.7507331378299      -2.654060413534993E-003
   16.7683284457478      -2.549477615298894E-003
   16.7859237536657      -2.494514491286428E-003
   16.8035190615836      -2.399589312026432E-003
   16.8211143695015      -2.370509522527432E-003
   16.8387096774194      -2.314414567031095E-003
   16.8563049853372      -2.334919278921563E-003
   16.8739002932551      -2.331980932936832E-003
   16.8914956011730      -2.410392980575190E-003
   16.9090909090909      -2.465022402895687E-003
   16.9266862170088      -2.602673581036298E-003
   16.9442815249267      -2.713237490028769E-003
   16.9618768328446      -2.905789026219199E-003
   16.9794721407625      -3.064867240884615E-003
   16.9970674486804      -3.301574216060553E-003
   17.0146627565982      -3.493017483077786E-003
   17.0322580645161      -3.749591184141746E-003
   17.0498533724340      -3.943204275547018E-003
   17.0674486803519      -4.190738943829573E-003
   17.0850439882698      -4.360886974004849E-003
   17.1026392961877      -4.575960706398477E-003
   17.1202346041056      -4.700260668541226E-003
   17.1378299120235      -4.861503290639033E-003
   17.1554252199413      -4.919038088602960E-003
   17.1730205278592      -5.006265687285291E-003
   17.1906158357771      -4.977162363020825E-003
   17.2082111436950      -4.971653977162378E-003
   17.2258064516129      -4.843993157873462E-003
   17.2434017595308      -4.751822461861051E-003
   17.2609970674487      -4.548091506815656E-003
   17.2785923753666      -4.396812879008940E-003
   17.2961876832845      -4.143112271759394E-003
   17.3137829912023      -3.957915843005940E-003
   17.3313782991202      -3.677797642487577E-003
   17.3489736070381      -3.481193280025541E-003
   17.3665689149560      -3.195075520375967E-003
   17.3841642228739      -3.005788432272239E-003
   17.4017595307918      -2.728798020449756E-003
   17.4193548387097      -2.556396596463356E-003
   17.4369501466276      -2.288763751243669E-003
   17.4545454545455      -2.130457658921494E-003
   17.4721407624633      -1.872720368012824E-003
   17.4897360703812      -1.734566441771439E-003
   17.5073313782991      -1.494890882874539E-003
   17.5249266862170      -1.388088310615105E-003
   17.5425219941349      -1.178320119349758E-003
   17.5601173020528      -1.117159601946786E-003
   17.5777126099707      -9.513988864683484E-004
   17.5953079178886      -9.520970779660223E-004
   17.6129032258065      -8.442732742097435E-004
   17.6304985337243      -9.129069794496154E-004
   17.6480938416422      -8.482970444036046E-004
   17.6656891495601      -9.600442541279478E-004
   17.6832844574780      -9.105638505734194E-004
   17.7008797653959      -1.043003719147380E-003
   17.7184750733138      -9.851966257569721E-004
   17.7360703812317      -1.121423649536705E-003
   17.7536656891496      -1.036182245658759E-003
   17.7712609970675      -1.165890214451579E-003
   17.7888563049853      -1.039632856697330E-003
   17.8064516129032      -1.163709157836013E-003
   17.8240469208211      -9.985289257002821E-004
   17.8416422287390      -1.145740614029794E-003
   17.8592375366569      -9.532468489154579E-004
   17.8768328445748      -1.146483526988842E-003
   17.8944281524927      -9.051904788664801E-004
   17.9120234604106      -1.154901455538976E-003
   17.9296187683284      -7.907310259040844E-004
   17.9472140762463      -1.100450190933702E-003
   17.9648093841642      -3.719331525514304E-004
   17.9824046920821      -7.399374921595481E-004
   18.0000000000000       2.050938115679261E-003
