  0.000000000000000E+000 -7.515505884781176E-003
  1.759530791788856E-002 -3.117434376310573E-003
  3.519061583577713E-002 -3.554559799246620E-003
  5.278592375366570E-002 -2.238708179114484E-003
  7.038123167155426E-002 -2.547045502795199E-003
  8.797653958944282E-002 -1.804182512172798E-003
  0.105571847507331      -2.042272227638730E-003
  0.123167155425220      -1.529565613237347E-003
  0.140762463343109      -1.721584940446151E-003
  0.158357771260997      -1.329565949719871E-003
  0.175953079178886      -1.488535811172529E-003
  0.193548387096774      -1.169626585114537E-003
  0.211143695014663      -1.303883465528988E-003
  0.228739002932551      -1.034221081079019E-003
  0.246334310850440      -1.150359126121686E-003
  0.263929618768328      -9.169718747634241E-004
  0.281524926686217      -1.019789229264052E-003
  0.299120234604106      -8.146192203397047E-004
  0.316715542521994      -9.076036708371340E-004
  0.334310850439883      -7.253882120154849E-004
  0.351906158357771      -8.111908708255546E-004
  0.369501466275660      -6.483396535100801E-004
  0.387096774193548      -7.290288898174319E-004
  0.404692082111437      -5.830107775199003E-004
  0.422287390029326      -6.602678271153075E-004
  0.439882697947214      -5.292676623832446E-004
  0.457478005865103      -6.043720302696959E-004
  0.475073313782991      -4.868097580639025E-004
  0.492668621700880      -5.605340605212448E-004
  0.510263929618768      -4.549092946402719E-004
  0.527859237536657      -5.275894527426423E-004
  0.545454545454546      -4.323480132961498E-004
  0.563049853372434      -5.038276793513981E-004
  0.580645161290323      -4.171385952901261E-004
  0.598240469208211      -4.865124220174940E-004
  0.615835777126100      -4.055493243217319E-004
  0.633431085043988      -4.699066895925640E-004
  0.651026392961877      -3.903215030207772E-004
  0.668621700879765      -4.469930845197239E-004
  0.686217008797654      -3.662636197798945E-004
  0.703812316715543      -4.141696082681533E-004
  0.721407624633431      -3.310531147268827E-004
  0.739002932551320      -3.701118337026886E-004
  0.756598240469208      -2.844314186260560E-004
  0.774193548387097      -3.155995648114459E-004
  0.791788856304985      -2.284698665151516E-004
  0.809384164222874      -2.544245683122970E-004
  0.826979472140763      -1.698067266320621E-004
  0.844574780058651      -1.961179524589692E-004
  0.862170087976540      -1.184573900274113E-004
  0.879765395894428      -1.484142479745422E-004
  0.897360703812317      -7.959677470587293E-005
  0.914956011730205      -1.147179676935842E-004
  0.932551319648094      -5.535412274330117E-005
  0.950146627565982      -9.599456023307031E-005
  0.967741935483871      -4.560149861945940E-005
  0.985337243401760      -9.091884241433162E-005
   1.00293255131965      -4.758442011714251E-005
   1.02052785923754      -9.458858751049892E-005
   1.03812316715543      -5.383201665451107E-005
   1.05571847507331      -9.847818610257207E-005
   1.07331378299120      -5.740325043960762E-005
   1.09090909090909      -9.801500380102749E-005
   1.10850439882698      -5.536972394291660E-005
   1.12609970674487      -9.134291264107454E-005
   1.14369501466276      -4.676928417125241E-005
   1.16129032258065      -7.829880029547631E-005
   1.17888563049853      -3.225934324390700E-005
   1.19648093841642      -6.044117487194965E-005
   1.21407624633431      -1.463874529282021E-005
   1.23167155425220      -4.219535072227297E-005
   1.24926686217009       6.859978910497078E-007
   1.26686217008798      -2.818725258894089E-005
   1.28445747800587       1.076911083081845E-005
   1.30205278592375      -2.007418333082257E-005
   1.31964809384164       1.472632879338341E-005
   1.33724340175953      -1.815679659641099E-005
   1.35483870967742       1.275454598077735E-005
   1.37243401759531      -2.175795452093288E-005
   1.39002932551320       6.022401796196269E-006
   1.40762463343109      -2.910377506471291E-005
   1.42521994134897      -2.986060972051898E-006
   1.44281524926686      -3.741612907812161E-005
   1.46041055718475      -1.222204095684814E-005
   1.47800586510264      -4.589026341804065E-005
   1.49560117302053      -2.175604386725384E-005
   1.51319648093842      -5.501837799338820E-005
   1.53079178885631      -3.234756834818331E-005
   1.54838709677419      -6.576586124167453E-005
   1.56598240469208      -4.514313758395448E-005
   1.58357771260997      -7.944713700444022E-005
   1.60117302052786      -6.164188905283853E-005
   1.61876832844575      -9.771330567468082E-005
   1.63636363636364      -8.323891538569412E-005
   1.65395894428153      -1.209219793040111E-004
   1.67155425219941      -1.090328820567175E-004
   1.68914956011730      -1.474622053592015E-004
   1.70674486803519      -1.371792211671374E-004
   1.72434017595308      -1.753696218687903E-004
   1.74193548387097      -1.656140310362852E-004
   1.75953079178886      -2.024805950769811E-004
   1.77712609970675      -1.920672922134228E-004
   1.79472140762463      -2.263930292424434E-004
   1.81231671554252      -2.139735936723911E-004
   1.82991202346041      -2.446735644649269E-004
   1.84750733137830      -2.299763120205798E-004
   1.86510263929619      -2.577058269424992E-004
   1.88269794721408      -2.417382828230611E-004
   1.90029325513196      -2.676579348264689E-004
   1.91788856304985      -2.516298877284025E-004
   1.93548387096774      -2.770547505956452E-004
   1.95307917888563      -2.623178623578757E-004
   1.97067448680352      -2.887015378323061E-004
   1.98826979472141      -2.767584269749425E-004
   2.00586510263930      -3.057377106670813E-004
   2.02346041055718      -2.980746566008617E-004
   2.04105571847507      -3.302914716900655E-004
   2.05865102639296      -3.262720443918359E-004
   2.07624633431085      -3.604422973767200E-004
   2.09384164222874      -3.586070722453485E-004
   2.11143695014663      -3.932288530651003E-004
   2.12903225806452      -3.919954702599007E-004
   2.14662756598241      -4.254602589958504E-004
   2.16422287390029      -4.231454852670573E-004
   2.18181818181818      -4.537352219370912E-004
   2.19941348973607      -4.485228442656377E-004
   2.21700879765396      -4.744281943855371E-004
   2.23460410557185      -4.650660266869489E-004
   2.25219941348974      -4.863175394767441E-004
   2.26979472140762      -4.737618602414793E-004
   2.28739002932551      -4.916252590408942E-004
   2.30498533724340      -4.772172650255858E-004
   2.32258064516129      -4.931295256066781E-004
   2.34017595307918      -4.783574914887530E-004
   2.35777126099707      -4.938960587070640E-004
   2.37536656891496      -4.803972177388909E-004
   2.39296187683284      -4.973103354966419E-004
   2.41055718475073      -4.869366441269127E-004
   2.42815249266862      -5.068931541868947E-004
   2.44574780058651      -5.003611115929006E-004
   2.46334310850440      -5.230190246411908E-004
   2.48093841642229      -5.194734402409419E-004
   2.49853372434018      -5.438604994588888E-004
   2.51612903225806      -5.422301199435588E-004
   2.53372434017595      -5.672196592079250E-004
   2.55131964809384      -5.662977777353557E-004
   2.56891495601173      -5.906314004708069E-004
   2.58651026392962      -5.890709657587867E-004
   2.60410557184751      -6.113153016001279E-004
   2.62170087976540      -6.076298413689757E-004
   2.63929618768328      -6.266619440252445E-004
   2.65689149560117      -6.204135340795538E-004
   2.67448680351906      -6.362945218136290E-004
   2.69208211143695      -6.276923801470342E-004
   2.70967741935484      -6.407252271998483E-004
   2.72727272727273      -6.301263984569268E-004
   2.74486803519062      -6.407403210455482E-004
   2.76246334310850      -6.286212906523368E-004
   2.78005865102639      -6.373686984507286E-004
   2.79765395894428      -6.243466619891100E-004
   2.81524926686217      -6.319533246983446E-004
   2.83284457478006      -6.187295270110556E-004
   2.85043988269795      -6.256427458417099E-004
   2.86803519061584      -6.123468124732326E-004
   2.88563049853372      -6.185646918900101E-004
   2.90322580645161      -6.051341844002448E-004
   2.92082111436950      -6.105760557095447E-004
   2.93841642228739      -5.969021213323931E-004
   2.95601173020528      -6.014588973250848E-004
   2.97360703812317      -5.874191946707548E-004
   2.99120234604106      -5.909828017161601E-004
   3.00879765395894      -5.764817414775802E-004
   3.02639296187683      -5.790501466122656E-004
   3.04398826979472      -5.642107448505156E-004
   3.06158357771261      -5.659847343315081E-004
   3.07917888563050      -5.509712047464089E-004
   3.09677419354839      -5.520799248503891E-004
   3.11436950146628      -5.369817140150550E-004
   3.13196480938416      -5.374987386738020E-004
   3.14956011730205      -5.223605323458756E-004
   3.16715542521994      -5.223227594147243E-004
   3.18475073313783      -5.071609262654582E-004
   3.20234604105572      -5.065887548216052E-004
   3.21994134897361      -4.914436982448111E-004
   3.23753665689150      -4.904731685171574E-004
   3.25513196480938      -4.755461811047691E-004
   3.27272727272727      -4.743689115182330E-004
   3.29032258064516      -4.597839086220230E-004
   3.30791788856305      -4.584762680543289E-004
   3.32551319648094      -4.442475066789027E-004
   3.34310850439883      -4.427734980088912E-004
   3.36070381231672      -4.287922951040591E-004
   3.37829912023460      -4.269703255909034E-004
   3.39589442815249      -4.129409009891366E-004
   3.41348973607038      -4.102906734163152E-004
   3.43108504398827      -3.954299332755520E-004
   3.44868035190616      -3.910499080259644E-004
   3.46627565982405      -3.746475080220394E-004
   3.48387096774194      -3.681006840655821E-004
   3.50146627565982      -3.498924616205546E-004
   3.51906158357771      -3.410593079979856E-004
   3.53665689149560      -3.210456690119342E-004
   3.55425219941349      -3.100614222587862E-004
   3.57184750733138      -2.885133171059664E-004
   3.58944281524927      -2.758282472783982E-004
   3.60703812316716      -2.534581641249471E-004
   3.62463343108504      -2.402764463467454E-004
   3.64222873900293      -2.187303968399499E-004
   3.65982404692082      -2.066278316125414E-004
   3.67741935483871      -1.870437581155922E-004
   3.69501466275660      -1.768232239483487E-004
   3.71260997067449      -1.597677620077511E-004
   3.73020527859238      -1.518037578131894E-004
   3.74780058651026      -1.374591955930429E-004
   3.76539589442815      -1.317495571187905E-004
   3.78299120234604      -1.198938858766205E-004
   3.80058651026393      -1.159493870758826E-004
   3.81818181818182      -1.056537126241681E-004
   3.83577712609971      -1.020990898493151E-004
   3.85337243401760      -9.203122180025834E-005
   3.87096774193548      -8.802035591765365E-005
   3.88856304985337      -7.770843592044104E-005
   3.90615835777126      -7.298656480278769E-005
   3.92375366568915      -6.232339747249444E-005
   3.94134897360704      -5.691340685418083E-005
   3.95894428152493      -4.602804616550793E-005
   3.97653958944282      -4.017295824248401E-005
   3.99413489736070      -2.941849943338572E-005
   4.01173020527859      -2.362788833335776E-005
   4.02932551319648      -1.363178434228520E-005
   4.04692082111437      -8.437506713110582E-006
   4.06451612903226       5.463069142123480E-007
   4.08211143695015       5.080066495757259E-006
   4.09970674486804       1.307782741451448E-005
   4.11730205278592       1.702468727094499E-005
   4.13489736070381       2.415797631072619E-005
   4.15249266862170       2.767271368869774E-005
   4.17008797653959       3.414012827526242E-005
   4.18768328445748       3.745907912958959E-005
   4.20527859237537       4.355990762108793E-005
   4.22287390029326       4.701065515439754E-005
   4.24046920821114       5.294358864260074E-005
   4.25806451612903       5.643720216898181E-005
   4.27565982404692       6.192086706393982E-005
   4.29325513196481       6.510682787694757E-005
   4.31085043988270       6.976765306289009E-005
   4.32844574780059       7.224938730840969E-005
   4.34604105571848       7.568532975010791E-005
   4.36363636363636       7.705146380295216E-005
   4.38123167155425       7.885914390962900E-005
   4.39882697947214       7.871532779729191E-005
   4.41642228739003       7.858038166036405E-005
   4.43401759530792       7.690169609180746E-005
   4.45161290322581       7.521897174404548E-005
   4.46920821114370       7.258350169848329E-005
   4.48680351906158       6.990836640934450E-005
   4.50439882697947       6.681468596439794E-005
   4.52199413489736       6.360926991168248E-005
   4.53958944281525       6.047912641382453E-005
   4.55718475073314       5.713709786339723E-005
   4.57478005865103       5.432865858085630E-005
   4.59237536656892       5.118269778919958E-005
   4.60997067448680       4.899093053667308E-005
   4.62756598240469       4.626793600030029E-005
   4.64516129032258       4.478401594402169E-005
   4.66275659824047       4.246472002498299E-005
   4.68035190615836       4.161655266231002E-005
   4.69794721407625       3.961234255461624E-005
   4.71554252199414       3.928439165350387E-005
   4.73313782991202       3.746021411241499E-005
   4.75073313782991       3.748727984395256E-005
   4.76832844574780       3.565442506211145E-005
   4.78592375366569       3.581214472920047E-005
   4.80351906158358       3.371269405402577E-005
   4.82111436950147       3.372614503537811E-005
   4.83870967741935       3.120523429800915E-005
   4.85630498533724       3.112920774592506E-005
   4.87390029325513       2.837062936767705E-005
   4.89149560117302       2.839830562651905E-005
   4.90909090909091       2.558798270936195E-005
   4.92668621700880       2.588314176788436E-005
   4.94428152492669       2.316530462738450E-005
   4.96187683284458       2.383827088764784E-005
   4.97947214076246       2.128901627894378E-005
   4.99706744868035       2.236001667571497E-005
   5.01466275659824       1.991755785038387E-005
   5.03225806451613       2.121443167718941E-005
   5.04985337243402       1.869754609619309E-005
   5.06744868035191       2.012989379631994E-005
   5.08504398826980       1.753879794391099E-005
   5.10263929618768       1.914484194086816E-005
   5.12023460410557       1.654454621512486E-005
   5.13782991202346       1.839758384211277E-005
   5.15542521994135       1.587030144661656E-005
   5.17302052785924       1.804582959304838E-005
   5.19061583577713       1.566032299662198E-005
   5.20821114369502       1.819493273112138E-005
   5.22580645161290       1.592753051839296E-005
   5.24340175953079       1.872704155141896E-005
   5.26099706744868       1.648869338128477E-005
   5.27859237536657       1.950935209174146E-005
   5.29618768328446       1.729856336012593E-005
   5.31378299120235       2.055647480876236E-005
   5.33137829912024       1.840744636668525E-005
   5.34897360703812       2.194080414924049E-005
   5.36656891495601       1.989825393313960E-005
   5.38416422287390       2.374389967662025E-005
   5.40175953079179       2.183441385705881E-005
   5.41935483870968       2.598327249037933E-005
   5.43695014662757       2.418144024082956E-005
   5.45454545454546       2.864719457055489E-005
   5.47214076246334       2.704445099160465E-005
   5.48973607038123       3.196151053888771E-005
   5.50733137829912       3.072057262881109E-005
   5.52492668621701       3.626322221598250E-005
   5.54252199413490       3.557027763753158E-005
   5.56011730205279       4.192237439362007E-005
   5.57771260997067       4.195734346623824E-005
   5.59530791788856       4.927441116269675E-005
   5.61290322580645       5.013026819936913E-005
   5.63049853372434       5.829346031591819E-005
   5.64809384164223       5.958797459408617E-005
   5.66568914956012       6.812635787993458E-005
   5.68328445747801       6.947034328135215E-005
   5.70087976539589       7.807813101077907E-005
   5.71847507331378       7.923628410830336E-005
   5.73607038123167       8.773335044494654E-005
   5.75366568914956       8.858424666050492E-005
   5.77126099706745       9.689959968342788E-005
   5.78885630498534       9.743206137404705E-005
   5.80645161290323       1.056172466540498E-004
   5.82404692082111       1.059655292655534E-004
   5.84164222873900       1.141942328583951E-004
   5.85923753665689       1.145050931058141E-004
   5.87683284457478       1.228737926643976E-004
   5.89442815249267       1.232325965981154E-004
   5.91202346041056       1.318249844996589E-004
   5.92961876832845       1.323259378201329E-004
   5.94721407624634       1.412423941432534E-004
   5.96480938416422       1.420004103403549E-004
   5.98240469208211       1.513631099996863E-004
   6.00000000000000       1.525124649684107E-004
   6.01759530791789       1.624281450506213E-004
   6.03519061583578       1.639349903246910E-004
   6.05278592375367       1.741587109696779E-004
   6.07038123167156       1.756995249321379E-004
   6.08797653958944       1.859384235846069E-004
   6.10557184750733       1.872740966765008E-004
   6.12316715542522       1.973355373486683E-004
   6.14076246334311       1.983300686338228E-004
   6.15835777126100       2.081333235648841E-004
   6.17595307917889       2.087788764386375E-004
   6.19354838709677       2.183989570671752E-004
   6.21114369501466       2.189093485738351E-004
   6.22873900293255       2.287350656635751E-004
   6.24633431085044       2.295486720709756E-004
   6.26392961876833       2.398578340749175E-004
   6.28152492668622       2.410820545509994E-004
   6.29912023460411       2.518866008381800E-004
   6.31671554252199       2.534835483889369E-004
   6.33431085043988       2.647036737076609E-004
   6.35190615835777       2.665674818475658E-004
   6.36950146627566       2.780696878401939E-004
   6.38709677419355       2.800483533024506E-004
   6.40469208211144       2.916523478724972E-004
   6.42228739002933       2.935112113029036E-004
   6.43988269794721       3.048694672803109E-004
   6.45747800586510       3.061802400791817E-004
   6.47507331378299       3.168649736336972E-004
   6.49266862170088       3.172428974747823E-004
   6.51026392961877       3.269028205658865E-004
   6.52785923753666       3.260377137313132E-004
   6.54545454545455       3.344016642060330E-004
   6.56304985337243       3.320751048044493E-004
   6.58064516129032       3.389842926134401E-004
   6.59824046920821       3.351268382690465E-004
   6.61583577712610       3.406617588870439E-004
   6.63343108504399       3.355677231630394E-004
   6.65102639296188       3.400823373230936E-004
   6.66862170087977       3.339643102012540E-004
   6.68621700879765       3.375140465961972E-004
   6.70381231671554       3.303431050146481E-004
   6.72140762463343       3.328389570403437E-004
   6.73900293255132       3.244883755401382E-004
   6.75659824046921       3.257702286653476E-004
   6.77419354838710       3.160619957266934E-004
   6.79178885630499       3.159362211429970E-004
   6.80938416422287       3.046821304694318E-004
   6.82697947214076       3.029950808207222E-004
   6.84457478005865       2.901010408890132E-004
   6.86217008797654       2.867704448127261E-004
   6.87976539589443       2.721296312362346E-004
   6.89736070381232       2.670193554280217E-004
   6.91495601173021       2.504850785020882E-004
   6.93255131964809       2.434401647800831E-004
   6.95014662756598       2.248642339226020E-004
   6.96774193548387       2.157479108565686E-004
   6.98533724340176       1.950268659918587E-004
   7.00293255131965       1.837956623508455E-004
   7.02052785923754       1.610679368046359E-004
   7.03812316715543       1.481858282250512E-004
   7.05571847507331       1.241266252679132E-004
   7.07331378299120       1.101874757355808E-004
   7.09090909090909       8.523738990797729E-005
   7.10850439882698       7.056702866380621E-005
   7.12609970674487       4.496390336232771E-005
   7.14369501466276       2.971889835894950E-005
   7.16129032258065       3.550333518933055E-006
   7.17888563049853      -1.225212930190565E-005
   7.19648093841642      -3.903223658409138E-005
   7.21407624633431      -5.550044937580728E-005
   7.23167155425220      -8.297321347437616E-005
   7.24926686217009      -1.000477835365909E-004
   7.26686217008798      -1.280360594645673E-004
   7.28445747800587      -1.455366529470993E-004
   7.30205278592375      -1.738934055683282E-004
   7.31964809384164      -1.917151932189157E-004
   7.33724340175953      -2.203737392304448E-004
   7.35483870967742      -2.384945596407889E-004
   7.37243401759531      -2.674725600319799E-004
   7.39002932551320      -2.859558328185585E-004
   7.40762463343109      -3.153537461355069E-004
   7.42521994134897      -3.342383265104513E-004
   7.44281524926686      -3.638163269209698E-004
   7.46041055718475      -3.825756024643910E-004
   7.47800586510264      -4.117322888494954E-004
   7.49560117302053      -4.298215602218309E-004
   7.51319648093842      -4.580725462365733E-004
   7.53079178885631      -4.750767259682359E-004
   7.54838709677419      -5.020767234438931E-004
   7.56598240469208      -5.177332634938275E-004
   7.58357771260997      -5.433100601439560E-004
   7.60117302052786      -5.575662440192624E-004
   7.61876832844575      -5.818068447604049E-004
   7.63636363636364      -5.947718137103081E-004
   7.65395894428153      -6.175578166495329E-004
   7.67155425219941      -6.288727930717883E-004
   7.68914956011730      -6.497585763423310E-004
   7.70674486803519      -6.589745358910942E-004
   7.72434017595308      -6.775277956739955E-004
   7.74193548387097      -6.842533096894233E-004
   7.75953079178886      -7.001353558841908E-004
   7.77712609970675      -7.041116129053828E-004
   7.79472140762463      -7.171683321333679E-004
   7.81231671554252      -7.184262965955550E-004
   7.82991202346041      -7.289322283440978E-004
   7.84750733137830      -7.278123955783596E-004
   7.86510263929619      -7.359029433436501E-004
   7.88269794721408      -7.323303388800116E-004
   7.90029325513197      -7.378259888482032E-004
   7.91788856304985      -7.315766328815255E-004
   7.93548387096774      -7.342324197307466E-004
   7.95307917888563      -7.250682521259433E-004
   7.97067448680352      -7.246725280492475E-004
   7.98826979472141      -7.124423310891948E-004
   8.00586510263930      -7.089617027799200E-004
   8.02346041055718      -6.938793967213716E-004
   8.04105571847507      -6.877605960440183E-004
   8.05865102639296      -6.702185431808397E-004
   8.07624633431085      -6.615958332024068E-004
   8.09384164222874      -6.415400994287172E-004
   8.11143695014663      -6.302475588968938E-004
   8.12903225806452      -6.074368860854468E-004
   8.14662756598241      -5.931791178150521E-004
   8.16422287390029      -5.672882818718554E-004
   8.18181818181818      -5.497305356261380E-004
   8.19941348973607      -5.204536458100522E-004
   8.21700879765396      -4.994318651349206E-004
   8.23460410557185      -4.669932553286224E-004
   8.25219941348974      -4.430978584820143E-004
   8.26979472140763      -4.080957401237847E-004
   8.28739002932551      -3.817432053230644E-004
   8.30498533724340      -3.444500761164253E-004
   8.32258064516129      -3.157985964314277E-004
   8.34017595307918      -2.762821875351176E-004
   8.35777126099707      -2.453192546005710E-004
   8.37536656891496      -2.035049956805020E-004
   8.39296187683285      -1.701056890755188E-004
   8.41055718475073      -1.258670672534669E-004
   8.42815249266862      -9.011056193776556E-005
   8.44574780058651      -4.394823168104527E-005
   8.46334310850440      -6.580558221609484E-006
   8.48093841642229       4.081919844444388E-005
   8.49853372434018       7.925687666552994E-005
   8.51612903225807       1.274725213422066E-004
   8.53372434017595       1.666727487990269E-004
   8.55131964809384       2.155019876880969E-004
   8.56891495601173       2.553685220363049E-004
   8.58651026392962       3.048168217370378E-004
   8.60410557184751       3.454610334650062E-004
   8.62170087976540       3.956378665736691E-004
   8.63929618768329       4.368425386454055E-004
   8.65689149560117       4.870512582662083E-004
   8.67448680351906       5.279399151360044E-004
   8.69208211143695       5.773754116130891E-004
   8.70967741935484       6.172534005195042E-004
   8.72727272727273       6.653363374456375E-004
   8.74486803519062       7.037536233817596E-004
   8.76246334310851       7.501736509293999E-004
   8.78005865102639       7.869853836635907E-004
   8.79765395894428       8.317971250917958E-004
   8.81524926686217       8.673345645261865E-004
   8.83284457478006       9.110284313681206E-004
   8.85043988269795       9.455067013978683E-004
   8.86803519061584       9.878377245854395E-004
   8.88563049853373       1.020782555029899E-003
   8.90322580645161       1.061221208061094E-003
   8.92082111436950       1.092106342628914E-003
   8.93841642228739       1.130160314038850E-003
   8.95601173020528       1.158557482008594E-003
   8.97360703812317       1.193891477718655E-003
   8.99120234604106       1.219599861431676E-003
   9.00879765395895       1.252235291991244E-003
   9.02639296187683       1.275590712907761E-003
   9.04398826979472       1.305959146259509E-003
   9.06158357771261       1.327098988234539E-003
   9.07917888563050       1.354989317294063E-003
   9.09677419354839       1.373534096970924E-003
   9.11436950146628       1.398491055263849E-003
   9.13196480938416       1.413952326390561E-003
   9.14956011730205       1.435485537760139E-003
   9.16715542521994       1.447403358370680E-003
   9.18475073313783       1.465118497465065E-003
   9.20234604105572       1.473229351470087E-003
   9.21994134897361       1.487138575301505E-003
   9.23753665689150       1.491797842138716E-003
   9.25513196480938       1.502285825231655E-003
   9.27272727272727       1.503592166118597E-003
   9.29032258064516       1.510508386299361E-003
   9.30791788856305       1.508175673350739E-003
   9.32551319648094       1.511144373295974E-003
   9.34310850439883       1.504744055220502E-003
   9.36070381231672       1.503309134785544E-003
   9.37829912023460       1.492391880583720E-003
   9.39589442815249       1.486149359784315E-003
   9.41348973607038       1.470469715243581E-003
   9.43108504398827       1.459546090684457E-003
   9.44868035190616       1.439554595972823E-003
   9.46627565982405       1.424341292281960E-003
   9.48387096774194       1.400185610690270E-003
   9.50146627565982       1.380646846993701E-003
   9.51906158357771       1.352169535751053E-003
   9.53665689149560       1.328057210758843E-003
   9.55425219941349       1.294947269623269E-003
   9.57184750733138       1.265913492796894E-003
   9.58944281524927       1.227820192025717E-003
   9.60703812316716       1.193583815697158E-003
   9.62463343108504       1.150551963202815E-003
   9.64222873900293       1.111719416559352E-003
   9.65982404692082       1.064646404615969E-003
   9.67741935483871       1.021955498305411E-003
   9.69501466275660       9.713342031006757E-004
   9.71260997067449       9.251032997061380E-004
   9.73020527859238       8.711128116067828E-004
   9.74780058651026       8.214093631729780E-004
   9.76539589442815       7.640314133549836E-004
   9.78299120234604       7.107839443722682E-004
   9.80058651026393       6.499496089704296E-004
   9.81818181818182       5.933381600075840E-004
   9.83577712609971       5.300484781394368E-004
   9.85337243401760       4.719346107378070E-004
   9.87096774193548       4.081377760132173E-004
   9.88856304985337       3.501004372789637E-004
   9.90615835777126       2.870340290220412E-004
   9.92375366568915       2.300101809541252E-004
   9.94134897360704       1.683291128800632E-004
   9.95894428152493       1.126955864518520E-004
   9.97653958944282       5.249421249755203E-005
   9.99413489736071      -1.953208012952477E-006
   10.0117302052786      -6.118934227161910E-005
   10.0293255131965      -1.148329417257656E-004
   10.0469208211144      -1.725243233602523E-004
   10.0645161290323      -2.238274298159266E-004
   10.0821114369501      -2.782151380585348E-004
   10.0997067448680      -3.255870598920258E-004
   10.1173020527859      -3.753119455627769E-004
   10.1348973607038      -4.176689236457362E-004
   10.1524926686217      -4.619722748102844E-004
   10.1700879765396      -4.989476335102920E-004
   10.1876832844575      -5.379538038544682E-004
   10.2052785923754      -5.703927853671520E-004
   10.2228739002933      -6.059464459057129E-004
   10.2404692082111      -6.360707970149259E-004
   10.2580645161290      -6.693555594792253E-004
   10.2756598240469      -6.969922839291585E-004
   10.2932551319648      -7.271525491828807E-004
   10.3108504398827      -7.511402350106462E-004
   10.3284457478006      -7.768415476744813E-004
   10.3460410557185      -7.957726729678183E-004
   10.3636363636364      -8.156110604405760E-004
   10.3812316715543      -8.281749720394063E-004
   10.3988269794721      -8.410538453445539E-004
   10.4164222873900      -8.466790140650668E-004
   10.4340175953079      -8.529086892942058E-004
   10.4516129032258      -8.523185393466934E-004
   10.4692082111437      -8.521571942094619E-004
   10.4868035190616      -8.450036519141905E-004
   10.5043988269795      -8.377350002578505E-004
   10.5219941348974      -8.230597562351257E-004
   10.5395894428153      -8.075600067831004E-004
   10.5571847507331      -7.841279250674085E-004
   10.5747800586510      -7.591056567080916E-004
   10.5923753665689      -7.256230327759534E-004
   10.6099706744868      -6.898742888745573E-004
   10.6275659824047      -6.452276777834214E-004
   10.6451612903226      -5.974452976286318E-004
   10.6627565982405      -5.399027446505605E-004
   10.6803519061584      -4.780964770090869E-004
   10.6979472140762      -4.056511527550281E-004
   10.7155425219941      -3.279304058139304E-004
   10.7331378299120      -2.389186656106259E-004
   10.7507331378299      -1.439966977868129E-004
   10.7683284457478      -3.771379784576790E-005
   10.7859237536657       7.418900027278816E-005
   10.8035190615836       1.958059459311412E-004
   10.8211143695015       3.180644803957992E-004
   10.8387096774194       4.400863171685191E-004
   10.8563049853372       5.527844500539124E-004
   10.8739002932551       6.575626577392391E-004
   10.8914956011730       7.472366353692775E-004
   10.9090909090909       8.245052014872329E-004
   10.9266862170088       8.837286506237906E-004
   10.9442815249267       9.288195333289623E-004
   10.9618768328446       9.558052320474463E-004
   10.9794721407625       9.702151792423091E-004
   10.9970674486804       9.705364723593603E-004
   11.0146627565982       9.663322169583480E-004
   11.0322580645161       9.600363984888140E-004
   11.0498533724340       9.584026562287225E-004
   11.0674486803519       9.595881207320837E-004
   11.0850439882698       9.678658037198250E-004
   11.1026392961877       9.802109469882064E-004
   11.1202346041056       9.997142915108624E-004
   11.1378299120235       1.022754603196135E-003
   11.1554252199413       1.051593537396336E-003
   11.1730205278592       1.082258655946294E-003
   11.1906158357771       1.116357350564881E-003
   11.2082111436950       1.149750499164794E-003
   11.2258064516129       1.184433406837240E-003
   11.2434017595308       1.217918785678434E-003
   11.2609970674487       1.252602133286585E-003
   11.2785923753666       1.285859746620885E-003
   11.2961876832845       1.319565195098110E-003
   11.3137829912023       1.350962493220301E-003
   11.3313782991202       1.381431274127055E-003
   11.3489736070381       1.408094803152853E-003
   11.3665689149560       1.431842026828181E-003
   11.3841642228739       1.449657869722212E-003
   11.4017595307918       1.461893845477146E-003
   11.4193548387097       1.465914236968080E-003
   11.4369501466276       1.464104643478868E-003
   11.4545454545455       1.456218116005502E-003
   11.4721407624633       1.444747176634352E-003
   11.4897360703812       1.429437534486668E-003
   11.5073313782991       1.412377667280296E-003
   11.5249266862170       1.393216927686928E-003
   11.5425219941349       1.373550886904950E-003
   11.5601173020528       1.352828308790922E-003
   11.5777126099707       1.331988133002066E-003
   11.5953079178886       1.310023887959886E-003
   11.6129032258065       1.286582129583574E-003
   11.6304985337243       1.260317482470474E-003
   11.6480938416422       1.232285124086677E-003
   11.6656891495601       1.202989262964793E-003
   11.6832844574780       1.174021369891663E-003
   11.7008797653959       1.146388135502527E-003
   11.7184750733138       1.121729410271598E-003
   11.7360703812317       1.101305983145384E-003
   11.7536656891496       1.086607322028478E-003
   11.7712609970675       1.078925408562242E-003
   11.7888563049853       1.079318249232677E-003
   11.8064516129032       1.088387304810307E-003
   11.8240469208211       1.103577783607043E-003
   11.8416422287390       1.120935488544144E-003
   11.8592375366569       1.136972962951206E-003
   11.8768328445748       1.149546967549467E-003
   11.8944281524927       1.156226932374695E-003
   11.9120234604106       1.156123744921560E-003
   11.9296187683284       1.147712378746226E-003
   11.9472140762463       1.131379731310737E-003
   11.9648093841642       1.106698393055319E-003
   11.9824046920821       1.075777696983171E-003
   12.0000000000000       1.040244159560094E-003
   12.0175953079179       1.006448684314824E-003
   12.0351906158358       9.785500440539063E-004
   12.0527859237537       9.594091011279733E-004
   12.0703812316716       9.487963736868491E-004
   12.0879765395894       9.475593464230145E-004
   12.1055718475073       9.538268803343170E-004
   12.1231671554252       9.674078591932773E-004
   12.1407624633431       9.852925003321698E-004
   12.1583577712610       1.006501266209745E-003
   12.1759530791789       1.027047059645093E-003
   12.1935483870968       1.045212514435545E-003
   12.2111436950147       1.056256444157473E-003
   12.2287390029326       1.061860345190218E-003
   12.2463343108504       1.063379155525272E-003
   12.2639296187683       1.065088234645621E-003
   12.2815249266862       1.067762598460201E-003
   12.2991202346041       1.075070570782223E-003
   12.3167155425220       1.086881181394036E-003
   12.3343108504399       1.105986867669918E-003
   12.3519061583578       1.130999198430507E-003
   12.3695014662757       1.163299105891292E-003
   12.3870967741935       1.199387773508118E-003
   12.4046920821114       1.237124826105551E-003
   12.4222873900293       1.266478131618358E-003
   12.4398826979472       1.282981502968048E-003
   12.4574780058651       1.282766093934428E-003
   12.4750733137830       1.267352474615913E-003
   12.4926686217009       1.235999439110547E-003
   12.5102639296188       1.192964056915411E-003
   12.5278592375367       1.139664000126447E-003
   12.5454545454545       1.082627710508697E-003
   12.5630498533724       1.025386794889352E-003
   12.5806451612903       9.770650264007792E-004
   12.5982404692082       9.442206286520262E-004
   12.6158357771261       9.397967904052907E-004
   12.6334310850440       9.641111286293619E-004
   12.6510263929619       1.014890594602509E-003
   12.6686217008798       1.084411272512453E-003
   12.6862170087977       1.168037282744339E-003
   12.7038123167155       1.256543315837679E-003
   12.7214076246334       1.344297433949339E-003
   12.7390029325513       1.421223242073566E-003
   12.7565982404692       1.481043545751656E-003
   12.7741935483871       1.513076775459239E-003
   12.7917888563050       1.510531837795204E-003
   12.8093841642229       1.462652804678521E-003
   12.8269794721408       1.371860028634135E-003
   12.8445747800587       1.244809283340284E-003
   12.8621700879765       1.092514187042987E-003
   12.8797653958944       9.216705471841980E-004
   12.8973607038123       7.429380054492645E-004
   12.9149560117302       5.626222907857599E-004
   12.9325513196481       3.909007457141640E-004
   12.9501466275660       2.335049435621304E-004
   12.9677419354839       9.983557583457029E-005
   12.9853372434018      -5.461436077367328E-006
   13.0029325513196      -7.499855185569684E-005
   13.0205278592375      -1.130618028636647E-004
   13.0381231671554      -1.311709171011091E-004
   13.0557184750733      -1.429883196480001E-004
   13.0733137829912      -1.570574074823783E-004
   13.0909090909091      -1.840869534614785E-004
   13.1085043988270      -2.300328010734144E-004
   13.1260997067449      -3.031376805652698E-004
   13.1436950146628      -4.067238537891061E-004
   13.1612903225806      -5.460984907509484E-004
   13.1788856304985      -7.208117341210749E-004
   13.1964809384164      -9.311420309822494E-004
   13.2140762463343      -1.165526303446105E-003
   13.2316715542522      -1.406268201872240E-003
   13.2492668621701      -1.638368052272712E-003
   13.2668621700880      -1.853736432928219E-003
   13.2844574780059      -2.044802939102793E-003
   13.3020527859238      -2.208249191438681E-003
   13.3196480938416      -2.340513810849925E-003
   13.3372434017595      -2.441692047426136E-003
   13.3548387096774      -2.511591755330351E-003
   13.3724340175953      -2.553542102826913E-003
   13.3900293255132      -2.570993027461763E-003
   13.4076246334311      -2.571860483415053E-003
   13.4252199413490      -2.561435848453054E-003
   13.4428152492669      -2.540080390428454E-003
   13.4604105571848      -2.505021379548654E-003
   13.4780058651026      -2.454713550034969E-003
   13.4956011730205      -2.386766706179985E-003
   13.5131964809384      -2.300308468834649E-003
   13.5307917888563      -2.194416935019298E-003
   13.5483870967742      -2.069978294961045E-003
   13.5659824046921      -1.928733055548031E-003
   13.5835777126100      -1.775182513344706E-003
   13.6011730205279      -1.617280143879581E-003
   13.6187683284457      -1.473314508598592E-003
   13.6363636363636      -1.365432919092801E-003
   13.6539589442815      -1.305562488109228E-003
   13.6715542521994      -1.302977992958191E-003
   13.6891495601173      -1.361769655559965E-003
   13.7067448680352      -1.485285735745532E-003
   13.7243401759531      -1.672365617340117E-003
   13.7419354838710      -1.921516651131081E-003
   13.7595307917889      -2.226451359726856E-003
   13.7771260997067      -2.580084717678885E-003
   13.7947214076246      -2.969137269138952E-003
   13.8123167155425      -3.374272112045772E-003
   13.8299120234604      -3.767484958680653E-003
   13.8475073313783      -4.132674987762440E-003
   13.8651026392962      -4.454998042530450E-003
   13.8826979472141      -4.726721653097061E-003
   13.9002932551320      -4.937443701558501E-003
   13.9178885630499      -5.083375064381617E-003
   13.9354838709677      -5.156978518363039E-003
   13.9530791788856      -5.157645958427327E-003
   13.9706744868035      -5.080513292212945E-003
   13.9882697947214      -4.928508129726832E-003
   14.0058651026393      -4.701230734764486E-003
   14.0234604105572      -4.410932948064892E-003
   14.0410557184751      -4.064410563277215E-003
   14.0586510263930      -3.672579270186731E-003
   14.0762463343109      -3.238057528035055E-003
   14.0938416422287      -2.770384172705682E-003
   14.1114369501466      -2.270692117576949E-003
   14.1290322580645      -1.748205713415231E-003
   14.1466275659824      -1.203352133247466E-003
   14.1642228739003      -6.456507184107386E-004
   14.1818181818182      -7.558625726378740E-005
   14.1994134897361       4.958432720239660E-004
   14.2170087976540       1.064050960733492E-003
   14.2346041055718       1.609468811089014E-003
   14.2521994134897       2.126575431934038E-003
   14.2697947214076       2.600282512423978E-003
   14.2873900293255       3.029424965453624E-003
   14.3049853372434       3.401908880418680E-003
   14.3225806451613       3.720135019404002E-003
   14.3401759530792       3.974974665310942E-003
   14.3577712609971       4.172862464297337E-003
   14.3753665689150       4.308796460503714E-003
   14.3929618768328       4.395298109132927E-003
   14.4105571847507       4.438162838360844E-003
   14.4281524926686       4.467715902863748E-003
   14.4457478005865       4.492231671932678E-003
   14.4633431085044       4.529985638233015E-003
   14.4809384164223       4.578901722312283E-003
   14.4985337243402       4.651997064287070E-003
   14.5161290322581       4.741925149943239E-003
   14.5337243401760       4.858100453259111E-003
   14.5513196480938       4.988644619276893E-003
   14.5689149560117       5.139375578174359E-003
   14.5865102639296       5.293104072233159E-003
   14.6041055718475       5.449277388907655E-003
   14.6217008797654       5.579185067528683E-003
   14.6392961876833       5.678942447313964E-003
   14.6568914956012       5.729137508559206E-003
   14.6744868035191       5.735293309129985E-003
   14.6920821114370       5.681705066377447E-003
   14.7096774193548       5.578012869161580E-003
   14.7272727272727       5.410702115427569E-003
   14.7448680351906       5.192913667845908E-003
   14.7624633431085       4.913335797329559E-003
   14.7800586510264       4.589328860393705E-003
   14.7976539589443       4.213452100707644E-003
   14.8152492668622       3.813570315762178E-003
   14.8328445747801       3.395250056099008E-003
   14.8504398826979       2.987333233166778E-003
   14.8680351906158       2.585820499779110E-003
   14.8856304985337       2.214204621166650E-003
   14.9032258064516       1.863463839189635E-003
   14.9208211143695       1.554199764866075E-003
   14.9384164222874       1.273175146356091E-003
   14.9560117302053       1.038254013408631E-003
   14.9736070381232       8.314542615911447E-004
   14.9912023460411       6.666893678239798E-004
   15.0087976539589       5.168953988757514E-004
   15.0263929618768       3.844465670411968E-004
   15.0439882697947       2.394072044072897E-004
   15.0615835777126       9.476725202894098E-005
   15.0791788856305      -7.255793623596751E-005
   15.0967741935484      -2.447043185035468E-004
   15.1143695014663      -4.422327246909862E-004
   15.1319648093842      -6.437116324802877E-004
   15.1495601173021      -8.678652602357173E-004
   15.1671554252199      -1.089766966028895E-003
   15.1847507331378      -1.325905142033206E-003
   15.2023460410557      -1.546274118550435E-003
   15.2199413489736      -1.760962277987252E-003
   15.2375366568915      -1.934893998758012E-003
   15.2551319648094      -2.084596586523596E-003
   15.2727272727273      -2.180188151622616E-003
   15.2903225806452      -2.242156810308792E-003
   15.3079178885631      -2.242076948697669E-003
   15.3255131964809      -2.203281606634248E-003
   15.3431085043988      -2.098277869932292E-003
   15.3607038123167      -1.953211956250856E-003
   15.3782991202346      -1.741824559573563E-003
   15.3958944281525      -1.493936920734733E-003
   15.4134897360704      -1.188210138363602E-003
   15.4310850439883      -8.682672665813512E-004
   15.4486803519062      -5.191389995699325E-004
   15.4662756598240      -1.828420771469062E-004
   15.4838709677419       1.601370997709447E-004
   15.5014662756598       4.689188108964349E-004
   15.5190615835777       7.659693445374258E-004
   15.5366568914956       1.010960759659477E-003
   15.5542521994135       1.229168620041705E-003
   15.5718475073314       1.380933572610149E-003
   15.5894428152493       1.494882156663850E-003
   15.6070381231672       1.533984643937022E-003
   15.6246334310850       1.540844313221754E-003
   15.6422287390029       1.494316761545512E-003
   15.6598240469208       1.442783586441097E-003
   15.6774193548387       1.360167599774670E-003
   15.6950146627566       1.293840005041519E-003
   15.7126099706745       1.214379679496343E-003
   15.7302052785924       1.168763759335351E-003
   15.7478005865103       1.124353110760812E-003
   15.7653958944282       1.127579530703136E-003
   15.7829912023460       1.141891285116218E-003
   15.8005865102639       1.211652196573874E-003
   15.8181818181818       1.289684415438826E-003
   15.8357771260997       1.406404024080740E-003
   15.8533724340176       1.508563581535717E-003
   15.8709677419355       1.633451657952758E-003
   15.8885630498534       1.730197334164562E-003
   15.9061583577713       1.840773213371478E-003
   15.9237536656892       1.915290917600861E-003
   15.9413489736070       1.999969121414904E-003
   15.9589442815249       2.045867220200154E-003
   15.9765395894428       2.104033111894034E-003
   15.9941348973607       2.127565093650538E-003
   16.0117302052786       2.176129981281263E-003
   16.0293255131965       2.206799651750788E-003
   16.0469208211144       2.275075346961890E-003
   16.0645161290323       2.326184306820484E-003
   16.0821114369501       2.412244652360748E-003
   16.0997067448680       2.473603134224908E-003
   16.1173020527859       2.561936627946865E-003
   16.1348973607038       2.613680064117730E-003
   16.1524926686217       2.680725057361252E-003
   16.1700879765396       2.695803955091072E-003
   16.1876832844575       2.711160415957410E-003
   16.2052785923754       2.655525855558380E-003
   16.2228739002933       2.588951168305844E-003
   16.2404692082111       2.458427261266447E-003
   16.2580645161290       2.341680830093052E-003
   16.2756598240469       2.184869687717996E-003
   16.2932551319648       2.067425033894863E-003
   16.3108504398827       1.932313125277762E-003
   16.3284457478006       1.860253969663782E-003
   16.3460410557185       1.790346293652534E-003
   16.3636363636364       1.804021401007493E-003
   16.3812316715543       1.835258811979790E-003
   16.3988269794721       1.964290954786150E-003
   16.4164222873900       2.111184146189406E-003
   16.4340175953079       2.333590796595915E-003
   16.4516129032258       2.535456151650037E-003
   16.4692082111437       2.782415912843442E-003
   16.4868035190616       2.981120411606166E-003
   16.5043988269795       3.204240435557888E-003
   16.5219941348974       3.358853235562638E-003
   16.5395894428153       3.523934094301238E-003
   16.5571847507331       3.606615856899778E-003
   16.5747800586510       3.692592199487984E-003
   16.5923753665689       3.689763428943285E-003
   16.6099706744868       3.694152958033910E-003
   16.6275659824047       3.623576114839597E-003
   16.6451612903226       3.585829457228882E-003
   16.6627565982405       3.492021976968008E-003
   16.6803519061584       3.449206925162462E-003
   16.6979472140762       3.362644145521367E-003
   16.7155425219941       3.341683086051395E-003
   16.7331378299120       3.286611251814929E-003
   16.7507331378299       3.309965764808146E-003
   16.7683284457478       3.307294455346936E-003
   16.7859237536657       3.394881754916939E-003
   16.8035190615836       3.463635570881413E-003
   16.8211143695015       3.631245655113280E-003
   16.8387096774194       3.774098223936020E-003
   16.8563049853372       4.006148746029203E-003
   16.8739002932551       4.197237262402859E-003
   16.8914956011730       4.465708180739250E-003
   16.9090909090909       4.675717441926789E-003
   16.9266862170088       4.950347558424505E-003
   16.9442815249267       5.147714644150063E-003
   16.9618768328446       5.395849863343439E-003
   16.9794721407625       5.546186721583227E-003
   16.9970674486804       5.731502814390541E-003
   17.0146627565982       5.794899093167921E-003
   17.0322580645161       5.877060547632975E-003
   17.0498533724340       5.821775487226214E-003
   17.0674486803519       5.781977488459791E-003
   17.0850439882698       5.596948897163312E-003
   17.1026392961877       5.428897579169149E-003
   17.1202346041056       5.111391777487990E-003
   17.1378299120235       4.816435717916205E-003
   17.1554252199413       4.371603036205290E-003
   17.1730205278592       3.960062245386585E-003
   17.1906158357771       3.404050633604155E-003
   17.2082111436950       2.902659602901459E-003
   17.2258064516129       2.281430298531125E-003
   17.2434017595308       1.755618735458343E-003
   17.2609970674487       1.133253295928314E-003
   17.2785923753666       6.326943457561671E-004
   17.2961876832845       4.627241760222728E-005
   17.3137829912023      -3.994796116663908E-004
   17.3313782991202      -9.277129911414721E-004
   17.3489736070381      -1.301818079294213E-003
   17.3665689149560      -1.761480607095863E-003
   17.3841642228739      -2.058790567388359E-003
   17.4017595307918      -2.452301552671056E-003
   17.4193548387097      -2.682141288615710E-003
   17.4369501466276      -3.021784852285796E-003
   17.4545454545455      -3.186422745618534E-003
   17.4721407624633      -3.465565262862030E-003
   17.4897360703812      -3.554040703241961E-003
   17.5073313782991      -3.763268320008101E-003
   17.5249266862170      -3.766090554382830E-003
   17.5425219941349      -3.899797256606405E-003
   17.5601173020528      -3.812774076775733E-003
   17.5777126099707      -3.873230913780338E-003
   17.5953079178886      -3.702867894624407E-003
   17.6129032258065      -3.711326422792060E-003
   17.6304985337243      -3.497619794465985E-003
   17.6480938416422      -3.511180473666454E-003
   17.6656891495601      -3.299449659858945E-003
   17.6832844574780      -3.351701607410589E-003
   17.7008797653959      -3.159887321152671E-003
   17.7184750733138      -3.266721938938623E-003
   17.7360703812317      -3.097896882704148E-003
   17.7536656891496      -3.264434322714753E-003
   17.7712609970675      -3.109054284016374E-003
   17.7888563049853      -3.331163759530053E-003
   17.8064516129032      -3.163916459194710E-003
   17.8240469208211      -3.426594692221562E-003
   17.8416422287390      -3.219760503925527E-003
   17.8592375366569      -3.550370627752160E-003
   17.8768328445748      -3.320287686247377E-003
   17.8944281524927      -3.803623278280123E-003
   17.9120234604106      -3.583203978889731E-003
   17.9296187683284      -4.388637058163827E-003
   17.9472140762463      -4.226881354514861E-003
   17.9648093841642      -5.806532125009253E-003
   17.9824046920821      -5.790026312697664E-003
   18.0000000000000      -1.104280841802494E-002
