  0.000000000000000E+000 -3.937941865477406E-003
  1.759530791788856E-002 -1.440407801559697E-003
  3.519061583577713E-002 -1.773477030256855E-003
  5.278592375366570E-002 -1.039762543972753E-003
  7.038123167155426E-002 -1.265608461022815E-003
  8.797653958944282E-002 -8.509788569403943E-004
  0.105571847507331      -1.020439853728449E-003
  0.123167155425220      -7.316448965315611E-004
  0.140762463343109      -8.654568137004932E-004
  0.158357771260997      -6.420702601163071E-004
  0.175953079178886      -7.513334214305873E-004
  0.193548387096774      -5.677280350044214E-004
  0.211143695014663      -6.595600074083146E-004
  0.228739002932551      -5.033788116897267E-004
  0.246334310850440      -5.831452182523054E-004
  0.263929618768328      -4.477073372679402E-004
  0.281524926686217      -5.189958315671149E-004
  0.299120234604106      -4.000564174745170E-004
  0.316715542521994      -4.653534497638840E-004
  0.334310850439883      -3.600839927415071E-004
  0.351906158357771      -4.211808970710041E-004
  0.369501466275660      -3.275850227466457E-004
  0.387096774193548      -3.857903010992631E-004
  0.404692082111437      -3.023866667931899E-004
  0.422287390029326      -3.586736096019787E-004
  0.439882697947214      -2.842819784612221E-004
  0.457478005865103      -3.392246717075794E-004
  0.475073313782991      -2.726490445738970E-004
  0.492668621700880      -3.264038616222527E-004
  0.510263929618768      -2.664038391682225E-004
  0.527859237536657      -3.187779352266486E-004
  0.545454545454546      -2.639871604545729E-004
  0.563049853372434      -3.143907693274428E-004
  0.580645161290323      -2.631548700022862E-004
  0.598240469208211      -3.103913887833672E-004
  0.615835777126100      -2.602452666216012E-004
  0.633431085043988      -3.018842138745087E-004
  0.651026392961877      -2.500717212787003E-004
  0.668621700879765      -2.849358357950097E-004
  0.686217008797654      -2.306538606926054E-004
  0.703812316715543      -2.589337916439623E-004
  0.721407624633431      -2.023835340039174E-004
  0.739002932551320      -2.250687101552842E-004
  0.756598240469208      -1.672812626182369E-004
  0.774193548387097      -1.861839559107400E-004
  0.791788856304985      -1.291934571882270E-004
  0.809384164222874      -1.474591350592896E-004
  0.826979472140763      -9.517663103901145E-005
  0.844574780058651      -1.170392004438884E-004
  0.862170087976540      -7.208453595557476E-005
  0.879765395894428      -9.892450517729726E-005
  0.897360703812317      -6.165225321585307E-005
  0.914956011730205      -9.348654820907406E-005
  0.932551319648094      -6.327494321904859E-005
  0.950146627565982      -9.923931119937652E-005
  0.967741935483871      -7.463707385168048E-005
  0.985337243401760      -1.129683948836066E-004
   1.00293255131965      -9.145178351950830E-005
   1.02052785923754      -1.289143495560231E-004
   1.03812316715543      -1.067312058653103E-004
   1.05571847507331      -1.406458657761413E-004
   1.07331378299120      -1.163923426154288E-004
   1.09090909090909      -1.462711234947672E-004
   1.10850439882698      -1.197957434448087E-004
   1.12609970674487      -1.459356896551763E-004
   1.14369501466276      -1.177367247566505E-004
   1.16129032258065      -1.410151915745236E-004
   1.17888563049853      -1.121822793017115E-004
   1.19648093841642      -1.341246672005356E-004
   1.21407624633431      -1.066049215223014E-004
   1.23167155425220      -1.296127280472492E-004
   1.24926686217009      -1.052843255038363E-004
   1.26686217008798      -1.303259823142409E-004
   1.28445747800587      -1.094265314889256E-004
   1.30205278592375      -1.364869228559340E-004
   1.31964809384164      -1.187243249011415E-004
   1.33724340175953      -1.473956507304479E-004
   1.35483870967742      -1.321481848532523E-004
   1.37243401759531      -1.617114262044440E-004
   1.39002932551320      -1.480461490936718E-004
   1.40762463343109      -1.774145814463372E-004
   1.42521994134897      -1.640733621758817E-004
   1.44281524926686      -1.923602323369233E-004
   1.46041055718475      -1.790722407204601E-004
   1.47800586510264      -2.064888937463727E-004
   1.49560117302053      -1.935659396874405E-004
   1.51319648093842      -2.205313901866027E-004
   1.53079178885631      -2.083989457854254E-004
   1.54838709677419      -2.354078837397652E-004
   1.56598240469208      -2.245476768428556E-004
   1.58357771260997      -2.521336125593074E-004
   1.60117302052786      -2.430559697590899E-004
   1.61876832844575      -2.716909761146633E-004
   1.63636363636364      -2.644484296643200E-004
   1.65395894428153      -2.936253840006392E-004
   1.67155425219941      -2.873677382355580E-004
   1.68914956011730      -3.162373512780248E-004
   1.70674486803519      -3.101030113574431E-004
   1.72434017595308      -3.378437102474221E-004
   1.74193548387097      -3.309969084650102E-004
   1.75953079178886      -3.568095983653555E-004
   1.77712609970675      -3.484385227782505E-004
   1.79472140762463      -3.715483998132730E-004
   1.81231671554252      -3.609020261166730E-004
   1.82991202346041      -3.809426136734886E-004
   1.84750733137830      -3.683972887913863E-004
   1.86510263929619      -3.863607181795414E-004
   1.88269794721408      -3.730324014432213E-004
   1.90029325513196      -3.900390935897362E-004
   1.91788856304985      -3.770144869410956E-004
   1.93548387096774      -3.941554087330355E-004
   1.95307917888563      -3.824909143936807E-004
   1.97067448680352      -4.008203082199765E-004
   1.98826979472141      -3.915263887253236E-004
   2.00586510263930      -4.120236820574065E-004
   2.02346041055718      -4.057538557883234E-004
   2.04105571847507      -4.282310673454021E-004
   2.05865102639296      -4.238785609367068E-004
   2.07624633431085      -4.469386553488811E-004
   2.09384164222874      -4.431350829596268E-004
   2.11143695014663      -4.654731914423122E-004
   2.12903225806452      -4.609418313255132E-004
   2.14662756598241      -4.813342020517170E-004
   2.16422287390029      -4.748775463107251E-004
   2.18181818181818      -4.921832474840025E-004
   2.19941348973607      -4.827010920136944E-004
   2.21700879765396      -4.960064179969879E-004
   2.23460410557185      -4.832512306963175E-004
   2.25219941348974      -4.933336048277444E-004
   2.26979472140762      -4.786136534244239E-004
   2.28739002932551      -4.868329638984914E-004
   2.30498533724340      -4.714583659465785E-004
   2.32258064516129      -4.791085644684748E-004
   2.34017595307918      -4.643410470858618E-004
   2.35777126099707      -4.726748411917830E-004
   2.37536656891496      -4.597379831811263E-004
   2.39296187683284      -4.699681772997626E-004
   2.41055718475073      -4.600156440265215E-004
   2.42815249266862      -4.729219723904606E-004
   2.44574780058651      -4.658470116363781E-004
   2.46334310850440      -4.805816343857190E-004
   2.48093841642229      -4.753169474307574E-004
   2.49853372434018      -4.908355754495399E-004
   2.51612903225806      -4.863406718160776E-004
   2.53372434017595      -5.016206690474950E-004
   2.55131964809384      -4.968721165746943E-004
   2.56891495601173      -5.109040545395004E-004
   2.58651026392962      -5.048888004625777E-004
   2.60410557184751      -5.166695393214351E-004
   2.62170087976540      -5.084802209995662E-004
   2.63929618768328      -5.175363599506589E-004
   2.65689149560117      -5.072707388141623E-004
   2.67448680351906      -5.140010537598665E-004
   2.69208211143695      -5.020986653140960E-004
   2.70967741935484      -5.069674847430927E-004
   2.72727272727273      -4.939030811540377E-004
   2.74486803519062      -4.974096558901920E-004
   2.76246334310850      -4.836950332395614E-004
   2.78005865102639      -4.863797095005968E-004
   2.79765395894428      -4.725760507860946E-004
   2.81524926686217      -4.750290748173203E-004
   2.83284457478006      -4.616197073184331E-004
   2.85043988269795      -4.640549233094667E-004
   2.86803519061584      -4.510174664530763E-004
   2.88563049853372      -4.533467689724342E-004
   2.90322580645161      -4.405757947196751E-004
   2.92082111436950      -4.426963090691147E-004
   2.93841642228739      -4.300852468762423E-004
   2.95601173020528      -4.319021676929220E-004
   2.97360703812317      -4.193621908367955E-004
   2.99120234604106      -4.208101770052593E-004
   3.00879765395894      -4.083061835643546E-004
   3.02639296187683      -4.094332978174266E-004
   3.04398826979472      -3.970940425315475E-004
   3.06158357771261      -3.980457084561697E-004
   3.07917888563050      -3.859636939317396E-004
   3.09677419354839      -3.867958602914606E-004
   3.11436950146628      -3.749965249741100E-004
   3.13196480938416      -3.757203900029292E-004
   3.14956011730205      -3.641962556912618E-004
   3.16715542521994      -3.647993404176160E-004
   3.18475073313783      -3.535287679576428E-004
   3.20234604105572      -3.539983743430363E-004
   3.21994134897361      -3.429957519989271E-004
   3.23753665689150      -3.434113194161218E-004
   3.25513196480938      -3.327737960321921E-004
   3.27272727272727      -3.331895374853762E-004
   3.29032258064516      -3.229058123515632E-004
   3.30791788856305      -3.232646380861974E-004
   3.32551319648094      -3.132262299080609E-004
   3.34310850439883      -3.133751326503484E-004
   3.36070381231672      -3.033713937074610E-004
   3.37829912023460      -3.030389599528360E-004
   3.39589442815249      -2.927095059647206E-004
   3.41348973607038      -2.913958383570155E-004
   3.43108504398827      -2.800810917635405E-004
   3.44868035190616      -2.771910874493775E-004
   3.46627565982405      -2.645674778130633E-004
   3.48387096774194      -2.600195199967888E-004
   3.50146627565982      -2.461424733306417E-004
   3.51906158357771      -2.401039362941037E-004
   3.53665689149560      -2.252371852236689E-004
   3.55425219941349      -2.180771337646464E-004
   3.57184750733138      -2.026996984755103E-004
   3.58944281524927      -1.950391143086377E-004
   3.60703812316716      -1.799826045184413E-004
   3.62463343108504      -1.729727061053856E-004
   3.64222873900293      -1.595104924430936E-004
   3.65982404692082      -1.541062570321074E-004
   3.67741935483871      -1.427394921329263E-004
   3.69501466275660      -1.391664487998932E-004
   3.71260997067449      -1.299346244000344E-004
   3.73020527859238      -1.280793941437720E-004
   3.74780058651026      -1.207205767730846E-004
   3.76539589442815      -1.201774750374248E-004
   3.78299120234604      -1.141197257925482E-004
   3.80058651026393      -1.141150237584608E-004
   3.81818181818182      -1.082920193758977E-004
   3.83577712609971      -1.076033108416184E-004
   3.85337243401760      -1.010976456736085E-004
   3.87096774193548      -9.931198099642939E-005
   3.88856304985337      -9.199901364467480E-005
   3.90615835777126      -8.913938797489096E-005
   3.92375366568915      -8.114115013292054E-005
   3.94134897360704      -7.741352565976226E-005
   3.95894428152493      -6.900355037409695E-005
   3.97653958944282      -6.475105440781502E-005
   3.99413489736070      -5.633815367098766E-005
   4.01173020527859      -5.205512041753190E-005
   4.02932551319648      -4.414521322686626E-005
   4.04692082111437      -4.015929884003776E-005
   4.06451612903226      -3.282365191538715E-005
   4.08211143695015      -2.907539789197347E-005
   4.09970674486804      -2.220812100440035E-005
   4.11730205278592      -1.856910675052370E-005
   4.13489736070381      -1.201873292748070E-005
   4.15249266862170      -8.323106516343776E-006
   4.17008797653959      -1.904192002684452E-006
   4.18768328445748       2.047827393256155E-006
   4.20527859237537       8.558260423732675E-006
   4.22287390029326       1.296263201420810E-005
   4.24046920821114       1.959822598523055E-005
   4.25806451612903       2.425449869022359E-005
   4.27565982404692       3.070456432240137E-005
   4.29325513196481       3.528946404903774E-005
   4.31085043988270       4.124031258195947E-005
   4.32844574780059       4.544845833824769E-005
   4.34604105571848       5.061383651901298E-005
   4.36363636363636       5.417811326667037E-005
   4.38123167155425       5.832522833179496E-005
   4.39882697947214       6.105757546745580E-005
   4.41642228739003       6.411370843779133E-005
   4.43401759530792       6.620131592877442E-005
   4.45161290322581       6.862127712719774E-005
   4.46920821114370       7.055900195442371E-005
   4.48680351906158       7.275580609200962E-005
   4.50439882697947       7.488290120489777E-005
   4.52199413489736       7.714582629783543E-005
   4.53958944281525       7.970484843869825E-005
   4.55718475073314       8.223996617950173E-005
   4.57478005865103       8.539755444915271E-005
   4.59237536656892       8.833812145179868E-005
   4.60997067448680       9.218297021366378E-005
   4.62756598240469       9.554605747878709E-005
   4.64516129032258       9.998902092482940E-005
   4.66275659824047       1.036192174853064E-004
   4.68035190615836       1.084857444363743E-004
   4.69794721407625       1.122069556962486E-004
   4.71554252199414       1.173095617434632E-004
   4.73313782991202       1.209268364325650E-004
   4.75073313782991       1.260568884956436E-004
   4.76832844574780       1.293531251566570E-004
   4.78592375366569       1.342799205253108E-004
   4.80351906158358       1.370179021346210E-004
   4.82111436950147       1.415284337552082E-004
   4.83870967741935       1.436262967162308E-004
   4.85630498533724       1.477989292764619E-004
   4.87390029325513       1.493967083620280E-004
   4.89149560117302       1.533491635407260E-004
   4.90909090909091       1.545404542274359E-004
   4.92668621700880       1.583364403122516E-004
   4.94428152492669       1.591587280253435E-004
   4.96187683284458       1.628014050666898E-004
   4.97947214076246       1.632237005138073E-004
   4.99706744868035       1.666339119443426E-004
   5.01466275659824       1.665138168473694E-004
   5.03225806451613       1.694942887757920E-004
   5.04985337243402       1.686814680774570E-004
   5.06744868035191       1.711829276857069E-004
   5.08504398826980       1.696949480568541E-004
   5.10263929618768       1.717552425718483E-004
   5.12023460410557       1.696416705986555E-004
   5.13782991202346       1.713093775005956E-004
   5.15542521994135       1.686175311003954E-004
   5.17302052785924       1.699277059016809E-004
   5.19061583577713       1.666792049028893E-004
   5.20821114369502       1.676208248030222E-004
   5.22580645161290       1.637583898759102E-004
   5.24340175953079       1.642439159679852E-004
   5.26099706744868       1.597139163967942E-004
   5.27859237536657       1.597368667331978E-004
   5.29618768328446       1.545633196582210E-004
   5.31378299120235       1.541583705333790E-004
   5.33137829912024       1.483857885266262E-004
   5.34897360703812       1.475970956918557E-004
   5.36656891495601       1.412704033982750E-004
   5.38416422287390       1.401335857768068E-004
   5.40175953079179       1.332772068530609E-004
   5.41935483870968       1.317927532253911E-004
   5.43695014662757       1.244128339580092E-004
   5.45454545454546       1.226385551711860E-004
   5.47214076246334       1.148539682225856E-004
   5.48973607038123       1.129307923447322E-004
   5.50733137829912       1.048918790235102E-004
   5.52492668621701       1.029672633596093E-004
   5.54252199413490       9.481738108602012E-005
   5.56011730205279       9.301891086802804E-005
   5.57771260997067       8.486541492883320E-005
   5.59530791788856       8.326090242436321E-005
   5.61290322580645       7.509289811190617E-005
   5.63049853372434       7.349813531685808E-005
   5.64809384164223       6.498738003370303E-005
   5.66568914956012       6.309438237657042E-005
   5.68328445747801       5.404464624397892E-005
   5.70087976539589       5.173914153733933E-005
   5.71847507331378       4.209951244149730E-005
   5.73607038123167       3.937909267602678E-005
   5.75366568914956       2.919544590516242E-005
   5.77126099706745       2.614640522002678E-005
   5.78885630498534       1.555040985545329E-005
   5.80645161290323       1.234966760356230E-005
   5.82404692082111       1.566761062160076E-006
   5.84164222873900      -1.562093759061134E-006
   5.85923753665689      -1.235747285819775E-005
   5.87683284457478      -1.528524679273741E-005
   5.89442815249267      -2.597096811503299E-005
   5.91202346041056      -2.857726126465316E-005
   5.92961876832845      -3.902743152311619E-005
   5.94721407624634      -4.118583583513598E-005
   5.96480938416422      -5.126954669086081E-005
   5.98240469208211      -5.285323615042706E-005
   6.00000000000000      -6.244990840469329E-005
   6.01759530791789      -6.338588103946544E-005
   6.03519061583578      -7.254827182769674E-005
   6.05278592375367      -7.302079780036116E-005
   6.07038123167156      -8.193807315562960E-005
   6.08797653958944      -8.207714627925162E-005
   6.10557184750733      -9.081952042546601E-005
   6.12316715542522      -9.064666393090727E-005
   6.14076246334311      -9.918268709585241E-005
   6.15835777126100      -9.861665876776093E-005
   6.17595307917889      -1.068041246079873E-004
   6.19354838709677      -1.056362752032361E-004
   6.21114369501466      -1.131645082325819E-004
   6.22873900293255      -1.109967644849161E-004
   6.24633431085044      -1.175256894564787E-004
   6.26392961876833      -1.142096661524963E-004
   6.28152492668622      -1.197288590026029E-004
   6.29912023460411      -1.153153912052430E-004
   6.31671554252199      -1.199048816062328E-004
   6.33431085043988      -1.144988401797617E-004
   6.35190615835777      -1.182776185191387E-004
   6.36950146627566      -1.120147952029227E-004
   6.38709677419355      -1.151302191645588E-004
   6.40469208211144      -1.081806312012185E-004
   6.42228739002933      -1.108465787314808E-004
   6.43988269794721      -1.034952002870661E-004
   6.45747800586510      -1.060182178354267E-004
   6.47507331378299      -9.853382597062607E-005
   6.49266862170088      -1.011287607058285E-004
   6.51026392961877      -9.368607317486064E-005
   6.52785923753666      -9.648329401665952E-005
   6.54545454545455      -8.917121581114820E-005
   6.56304985337243      -9.220806859879381E-005
   6.58064516129032      -8.500770638036671E-005
   6.59824046920821      -8.818625844933185E-005
   6.61583577712610      -8.088250676536858E-005
   6.63343108504399      -8.387358708105532E-005
   6.65102639296188      -7.619330681446298E-005
   6.66862170087977      -7.889697779961971E-005
   6.68621700879765      -7.086660925100441E-005
   6.70381231671554      -7.336423823136851E-005
   6.72140762463343      -6.510140097983999E-005
   6.73900293255132      -6.752901075163302E-005
   6.75659824046921      -5.918465174592244E-005
   6.77419354838710      -6.169519024282843E-005
   6.79178885630499      -5.342185308285914E-005
   6.80938416422287      -5.614888203670957E-005
   6.82697947214076      -4.804340055168552E-005
   6.84457478005865      -5.104453513446376E-005
   6.86217008797654      -4.317101067488886E-005
   6.87976539589443      -4.653314932499496E-005
   6.89736070381232      -3.899450126148762E-005
   6.91495601173021      -4.281857886589439E-005
   6.93255131964809      -3.571055985666042E-005
   6.95014662756598      -4.007308625120868E-005
   6.96774193548387      -3.344735685549409E-005
   6.98533724340176      -3.835415030304095E-005
   7.00293255131965      -3.214326592862941E-005
   7.02052785923754      -3.736258991137706E-005
   7.03812316715543      -3.112746688765923E-005
   7.05571847507331      -3.617940160401731E-005
   7.07331378299120      -2.959799826512142E-005
   7.09090909090909      -3.430760127711684E-005
   7.10850439882698      -2.730157291423285E-005
   7.12609970674487      -3.166024347902151E-005
   7.14369501466276      -2.428190267715742E-005
   7.16129032258065      -2.838950894340076E-005
   7.17888563049853      -2.078397023164028E-005
   7.19648093841642      -2.481971555763763E-005
   7.21407624633431      -1.718776315835565E-005
   7.23167155425220      -2.129324815341202E-005
   7.24926686217009      -1.365503190417897E-005
   7.26686217008798      -1.778301767250298E-005
   7.28445747800587      -1.011469353999878E-005
   7.30205278592375      -1.427800155852632E-005
   7.31964809384164      -6.628937929388114E-006
   7.33724340175953      -1.090493387810277E-005
   7.35483870967742      -3.381857244844828E-006
   7.37243401759531      -7.897220442425852E-006
   7.39002932551320      -6.454838595655920E-007
   7.40762463343109      -5.541354353347091E-006
   7.42521994134897       1.396068383429911E-006
   7.44281524926686      -3.690143080280351E-006
   7.46041055718475       3.287550132880209E-006
   7.47800586510264      -1.650153901493135E-006
   7.49560117302053       5.619991496471379E-006
   7.51319648093842       1.012561464794523E-006
   7.53079178885631       8.685883861617370E-006
   7.54838709677419       4.454498386112946E-006
   7.56598240469208       1.250565153150725E-005
   7.58357771260997       8.554453421488779E-006
   7.60117302052786       1.680239284769693E-005
   7.61876832844575       1.287853603620012E-005
   7.63636363636364       2.113189704559371E-005
   7.65395894428153       1.727696446681975E-005
   7.67155425219941       2.574324182164157E-005
   7.68914956011730       2.218723320570421E-005
   7.70674486803519       3.106505260452255E-005
   7.72434017595308       2.796740414321494E-005
   7.74193548387097       3.736167200940495E-005
   7.75953079178886       3.476732859900689E-005
   7.77712609970675       4.464384810423322E-005
   7.79472140762463       4.242400445544199E-005
   7.81231671554252       5.250684338661858E-005
   7.82991202346041       5.025478962521556E-005
   7.84750733137830       6.020711171400202E-005
   7.86510263929619       5.782317522734004E-005
   7.88269794721408       6.770396730579528E-005
   7.90029325513197       6.530157234955220E-005
   7.91788856304985       7.523413583481709E-005
   7.93548387096774       7.293058116594295E-005
   7.95307917888563       8.300427827785823E-005
   7.97067448680352       8.084719823031539E-005
   7.98826979472141       9.104050705010020E-005
   8.00586510263930       8.889588091222002E-005
   8.02346041055718       9.889601197895010E-005
   8.04105571847507       9.637510945724498E-005
   8.05865102639296       1.059649330548377E-004
   8.07624633431085       1.030958137844444E-004
   8.09384164222874       1.124315777597513E-004
   8.11143695014663       1.094340445839132E-004
   8.12903225806452       1.187678064206071E-004
   8.14662756598241       1.159084929697314E-004
   8.16422287390029       1.254984611295301E-004
   8.18181818181818       1.230075833821633E-004
   8.19941348973607       1.330164119716912E-004
   8.21700879765396       1.308936041578036E-004
   8.23460410557185       1.410262507471142E-004
   8.25219941348974       1.388181208585158E-004
   8.26979472140763       1.487438623986568E-004
   8.28739002932551       1.463082008861450E-004
   8.30498533724340       1.560029002287200E-004
   8.32258064516129       1.534012070026495E-004
   8.34017595307918       1.629850798491011E-004
   8.35777126099707       1.603836459330271E-004
   8.37536656891496       1.700463789739600E-004
   8.39296187683285       1.676412705210313E-004
   8.41055718475073       1.775253633315446E-004
   8.42815249266862       1.752493289654267E-004
   8.44574780058651       1.850000603834076E-004
   8.46334310850440       1.824287782161998E-004
   8.48093841642229       1.917557248466518E-004
   8.49853372434018       1.887448507898450E-004
   8.51612903225807       1.976083794919882E-004
   8.53372434017595       1.942105631524010E-004
   8.55131964809384       2.027391631392371E-004
   8.56891495601173       1.991525801014346E-004
   8.58651026392962       2.075989226446539E-004
   8.60410557184751       2.041150692840486E-004
   8.62170087976540       2.126893390590525E-004
   8.63929618768329       2.092085362581621E-004
   8.65689149560117       2.174960415429733E-004
   8.67448680351906       2.135800959806349E-004
   8.69208211143695       2.212714435054459E-004
   8.70967741935484       2.167374362186220E-004
   8.72727272727273       2.237657324874841E-004
   8.74486803519062       2.186653843729215E-004
   8.76246334310851       2.252001440890947E-004
   8.78005865102639       2.198332052013983E-004
   8.79765395894428       2.263175617268218E-004
   8.81524926686217       2.212937013723294E-004
   8.83284457478006       2.283228671585181E-004
   8.85043988269795       2.238816697350953E-004
   8.86803519061584       2.313236773101453E-004
   8.88563049853373       2.272199899590672E-004
   8.90322580645161       2.348408453261390E-004
   8.92082111436950       2.308846908183403E-004
   8.93841642228739       2.385531881193920E-004
   8.95601173020528       2.346916254220003E-004
   8.97360703812317       2.424489434596129E-004
   8.99120234604106       2.388456799524127E-004
   9.00879765395895       2.470314825345108E-004
   9.02639296187683       2.442029346764188E-004
   9.04398826979472       2.532458780066619E-004
   9.06158357771261       2.512743264649279E-004
   9.07917888563050       2.609888412004960E-004
   9.09677419354839       2.596054531972135E-004
   9.11436950146628       2.697027170533593E-004
   9.13196480938416       2.686299204988899E-004
   9.14956011730205       2.788641173144111E-004
   9.16715542521994       2.779133869350022E-004
   9.18475073313783       2.881783651486572E-004
   9.20234604105572       2.873781816878541E-004
   9.21994134897361       2.979203396688665E-004
   9.23753665689150       2.976827258894998E-004
   9.25513196480938       3.087682629912496E-004
   9.27272727272727       3.090605392982579E-004
   9.29032258064516       3.204768201555091E-004
   9.30791788856305       3.210112785408814E-004
   9.32551319648094       3.324310392654585E-004
   9.34310850439883       3.328728313392010E-004
   9.36070381231672       3.439736283038961E-004
   9.37829912023460       3.440442546167598E-004
   9.39589442815249       3.546246918308062E-004
   9.41348973607038       3.542940813761163E-004
   9.43108504398827       3.645948847682258E-004
   9.44868035190616       3.642174199101875E-004
   9.46627565982405       3.744078561674078E-004
   9.48387096774194       3.739256973577691E-004
   9.50146627565982       3.838167808234326E-004
   9.51906158357771       3.829690957268294E-004
   9.53665689149560       3.922564938527908E-004
   9.55425219941349       3.907243107098024E-004
   9.57184750733138       3.990996743006046E-004
   9.58944281524927       3.966222636345881E-004
   9.60703812316716       4.039458542242972E-004
   9.62463343108504       4.006884115927994E-004
   9.64222873900293       4.074795056363803E-004
   9.65982404692082       4.039972745756129E-004
   9.67741935483871       4.105623638089756E-004
   9.69501466275660       4.069475038609718E-004
   9.71260997067449       4.132475367854062E-004
   9.73020527859238       4.093710494157546E-004
   9.74780058651026       4.152181270768490E-004
   9.76539589442815       4.108662395258209E-004
   9.78299120234604       4.160598147044093E-004
   9.80058651026393       4.111162243025115E-004
   9.81818181818182       4.158451769889286E-004
   9.83577712609971       4.111333700778420E-004
   9.85337243401760       4.166274706009494E-004
   9.87096774193548       4.131508268453566E-004
   9.88856304985337       4.199928330697949E-004
   9.90615835777126       4.180221217724359E-004
   9.92375366568915       4.262272113740490E-004
   9.94134897360704       4.255575092289084E-004
   9.95894428152493       4.347181003981070E-004
   9.97653958944282       4.347584296224581E-004
   9.99413489736071       4.441129211186081E-004
   10.0117302052786       4.439951117781074E-004
   10.0293255131965       4.530002133504556E-004
   10.0469208211144       4.530273068667601E-004
   10.0645161290323       4.625604771207705E-004
   10.0821114369501       4.635544468385457E-004
   10.0997067448680       4.741633510651880E-004
   10.1173020527859       4.764017299713757E-004
   10.1348973607038       4.880814989163872E-004
   10.1524926686217       4.912586635693635E-004
   10.1700879765396       5.033660536620986E-004
   10.1876832844575       5.064458782930780E-004
   10.2052785923754       5.174117297962015E-004
   10.2228739002933       5.182779240335869E-004
   10.2404692082111       5.262389870684960E-004
   10.2580645161290       5.242966271706719E-004
   10.2756598240469       5.297333044659992E-004
   10.2932551319648       5.258321971347772E-004
   10.3108504398827       5.296993387640669E-004
   10.3284457478006       5.248152455723927E-004
   10.3460410557185       5.280404059586738E-004
   10.3636363636364       5.229999502123935E-004
   10.3812316715543       5.262392931363724E-004
   10.3988269794721       5.214342656764372E-004
   10.4164222873900       5.245970538501497E-004
   10.4340175953079       5.193902328452363E-004
   10.4516129032258       5.218917234660255E-004
   10.4692082111437       5.163145107297505E-004
   10.4868035190616       5.186712397688977E-004
   10.5043988269795       5.134719732422510E-004
   10.5219941348974       5.165577137530332E-004
   10.5395894428153       5.126744486586842E-004
   10.5571847507331       5.174453873158688E-004
   10.5747800586510       5.158107002846979E-004
   10.5923753665689       5.231330127697942E-004
   10.6099706744868       5.244912681765560E-004
   10.6275659824047       5.350436845344613E-004
   10.6451612903226       5.402573234208677E-004
   10.6627565982405       5.551665657591647E-004
   10.6803519061584       5.653940383923035E-004
   10.6979472140762       5.856384725481530E-004
   10.7155425219941       6.015722567427323E-004
   10.7331378299120       6.274518110336408E-004
   10.7507331378299       6.488536864510095E-004
   10.7683284457478       6.793831698140081E-004
   10.7859237536657       7.041772311832786E-004
   10.8035190615836       7.353966395671482E-004
   10.8211143695015       7.555785745507738E-004
   10.8387096774194       7.744043073274771E-004
   10.8563049853372       7.763188165355161E-004
   10.8739002932551       7.733778537191713E-004
   10.8914956011730       7.517959996011916E-004
   10.9090909090909       7.247441097211027E-004
   10.9266862170088       6.798110558121877E-004
   10.9442815249267       6.311365714510526E-004
   10.9618768328446       5.677263417944852E-004
   10.9794721407625       5.049407652011151E-004
   10.9970674486804       4.337507209101013E-004
   11.0146627565982       3.721878503748695E-004
   11.0322580645161       3.122160607912940E-004
   11.0498533724340       2.673936026500524E-004
   11.0674486803519       2.260773700354262E-004
   11.0850439882698       2.000682077405602E-004
   11.1026392961877       1.770651097320471E-004
   11.1202346041056       1.680496805195995E-004
   11.1378299120235       1.604960449384721E-004
   11.1554252199413       1.648346605036051E-004
   11.1730205278592       1.685219079716177E-004
   11.1906158357771       1.816063160762047E-004
   11.2082111436950       1.917877548858080E-004
   11.2258064516129       2.096623621889303E-004
   11.2434017595308       2.242511840010694E-004
   11.2609970674487       2.460877576428554E-004
   11.2785923753666       2.640335502763859E-004
   11.2961876832845       2.881179366978558E-004
   11.3137829912023       3.071966472844037E-004
   11.3313782991202       3.308771856657552E-004
   11.3489736070381       3.480761388038939E-004
   11.3665689149560       3.680338378805963E-004
   11.3841642228739       3.797917403426581E-004
   11.4017595307918       3.923223877670351E-004
   11.4193548387097       3.955032285218844E-004
   11.4369501466276       4.000438186831922E-004
   11.4545454545455       3.973405542436351E-004
   11.4721407624633       3.976511357775006E-004
   11.4897360703812       3.922438763783874E-004
   11.5073313782991       3.908186507425159E-004
   11.5249266862170       3.845567839400075E-004
   11.5425219941349       3.825991669213470E-004
   11.5601173020528       3.760078675049518E-004
   11.5777126099707       3.732865013071407E-004
   11.5953079178886       3.652393321731979E-004
   11.6129032258065       3.594267724171565E-004
   11.6304985337243       3.471259122964599E-004
   11.6480938416422       3.373969524116204E-004
   11.6656891495601       3.229408867675504E-004
   11.6832844574780       3.128764763301594E-004
   11.7008797653959       3.001917252384814E-004
   11.7184750733138       2.937451638385364E-004
   11.7360703812317       2.866278269625007E-004
   11.7536656891496       2.872642113658455E-004
   11.7712609970675       2.886275322672297E-004
   11.7888563049853       2.983977155598782E-004
   11.8064516129032       3.086239157851961E-004
   11.8240469208211       3.238474947946668E-004
   11.8416422287390       3.338137014857861E-004
   11.8592375366569       3.437362513069328E-004
   11.8768328445748       3.454787687306328E-004
   11.8944281524927       3.452188767237951E-004
   11.9120234604106       3.360981285309801E-004
   11.9296187683284       3.250175015904030E-004
   11.9472140762463       3.063304191390767E-004
   11.9648093841642       2.877529060751925E-004
   11.9824046920821       2.651397693687421E-004
   12.0000000000000       2.476880688475500E-004
   12.0175953079179       2.341079676645214E-004
   12.0351906158358       2.332074224381861E-004
   12.0527859237537       2.392452108858959E-004
   12.0703812316716       2.574510042952788E-004
   12.0879765395894       2.809121486712246E-004
   12.1055718475073       3.137107539483602E-004
   12.1231671554252       3.484922187062624E-004
   12.1407624633431       3.885976032993387E-004
   12.1583577712610       4.264749441593042E-004
   12.1759530791789       4.649547055351464E-004
   12.1935483870968       4.965057253306509E-004
   12.2111436950147       5.241606470795542E-004
   12.2287390029326       5.441708142950992E-004
   12.2463343108504       5.637291339437954E-004
   12.2639296187683       5.799538022354465E-004
   12.2815249266862       5.986976932717329E-004
   12.2991202346041       6.163117778997463E-004
   12.3167155425220       6.374806115954135E-004
   12.3343108504399       6.577417339355064E-004
   12.3519061583578       6.804416660980623E-004
   12.3695014662757       6.999599303214785E-004
   12.3870967741935       7.177004253047807E-004
   12.4046920821114       7.253390504131575E-004
   12.4222873900293       7.203460075978577E-004
   12.4398826979472       6.962846771858031E-004
   12.4574780058651       6.575438341236944E-004
   12.4750733137830       6.023282936223015E-004
   12.4926686217009       5.369694808620861E-004
   12.5102639296188       4.615709417247657E-004
   12.5278592375367       3.836160005691211E-004
   12.5454545454545       3.046550397376096E-004
   12.5630498533724       2.331465187540611E-004
   12.5806451612903       1.720664981298771E-004
   12.5982404692082       1.310631507025522E-004
   12.6158357771261       1.137686811849560E-004
   12.6334310850440       1.210397512660670E-004
   12.6510263929619       1.443243557241689E-004
   12.6686217008798       1.801681768227248E-004
   12.6862170087977       2.198310157170103E-004
   12.7038123167155       2.596443230776585E-004
   12.7214076246334       2.911691553195194E-004
   12.7390029325513       3.108290445064388E-004
   12.7565982404692       3.107386604220154E-004
   12.7741935483871       2.877536142611501E-004
   12.7917888563050       2.349933536854160E-004
   12.8093841642229       1.513478550713239E-004
   12.8269794721408       3.978695784594477E-005
   12.8445747800587      -8.851218755372359E-005
   12.8621700879765      -2.272638361985922E-004
   12.8797653958944      -3.675907005129470E-004
   12.8973607038123      -5.045293682119905E-004
   12.9149560117302      -6.306975749750216E-004
   12.9325513196481      -7.422325906533727E-004
   12.9501466275660      -8.332704159444624E-004
   12.9677419354839      -9.013325993208051E-004
   12.9853372434018      -9.427234136651816E-004
   13.0029325513196      -9.580426126483199E-004
   13.0205278592375      -9.526585743988259E-004
   13.0381231671554      -9.397361511335207E-004
   13.0557184750733      -9.267907056750028E-004
   13.0733137829912      -9.215616026741669E-004
   13.0909090909091      -9.281608420737444E-004
   13.1085043988270      -9.511287683206453E-004
   13.1260997067449      -9.920508412249707E-004
   13.1436950146628      -1.052488123557191E-003
   13.1612903225806      -1.131226323232964E-003
   13.1788856304985      -1.225945945725067E-003
   13.1964809384164      -1.330856308364579E-003
   13.2140762463343      -1.434124403867450E-003
   13.2316715542522      -1.520476265637918E-003
   13.2492668621701      -1.582726775529539E-003
   13.2668621700880      -1.616416979560545E-003
   13.2844574780059      -1.620331296154673E-003
   13.3020527859238      -1.594001879824792E-003
   13.3196480938416      -1.539113164431971E-003
   13.3372434017595      -1.457913196825538E-003
   13.3548387096774      -1.354299965133567E-003
   13.3724340175953      -1.232875250106945E-003
   13.3900293255132      -1.099667364227601E-003
   13.4076246334311      -9.619220731188858E-004
   13.4252199413490      -8.242660476189961E-004
   13.4428152492669      -6.861955352940105E-004
   13.4604105571848      -5.466360861097408E-004
   13.4780058651026      -4.052069069735374E-004
   13.4956011730205      -2.617517802064803E-004
   13.5131964809384      -1.172829680353002E-004
   13.5307917888563       2.685578730664349E-005
   13.5483870967742       1.675674401452084E-004
   13.5659824046921       3.011449852898715E-004
   13.5835777126100       4.209651893614275E-004
   13.6011730205279       5.180980924870648E-004
   13.6187683284457       5.759170077810341E-004
   13.6363636363636       5.816227765733155E-004
   13.6539589442815       5.305987510711093E-004
   13.6715542521994       4.217854581595161E-004
   13.6891495601173       2.565087110561930E-004
   13.7067448680352       3.849287947730412E-005
   13.7243401759531      -2.271426086271874E-004
   13.7419354838710      -5.328204731614316E-004
   13.7595307917889      -8.697890816032747E-004
   13.7771260997067      -1.226107967126050E-003
   13.7947214076246      -1.588036727160390E-003
   13.8123167155425      -1.934807483385187E-003
   13.8299120234604      -2.247415267207745E-003
   13.8475073313783      -2.515327797402511E-003
   13.8651026392962      -2.732659209749439E-003
   13.8826979472141      -2.895074274214560E-003
   13.9002932551320      -3.000334528779448E-003
   13.9178885630499      -3.046989379298777E-003
   13.9354838709677      -3.035313790575713E-003
   13.9530791788856      -2.966227590951442E-003
   13.9706744868035      -2.842460460783176E-003
   13.9882697947214      -2.667691436976704E-003
   14.0058651026393      -2.448725070085248E-003
   14.0234604105572      -2.195459957250462E-003
   14.0410557184751      -1.916985839934858E-003
   14.0586510263930      -1.618902265810108E-003
   14.0762463343109      -1.306611286027800E-003
   14.0938416422287      -9.842277057829562E-004
   14.1114369501466      -6.561050236855940E-004
   14.1290322580645      -3.258414697980941E-004
   14.1466275659824       2.527257946439487E-006
   14.1642228739003       3.253396199873394E-004
   14.1818181818182       6.381334495309421E-004
   14.1994134897361       9.360327900720357E-004
   14.2170087976540       1.210929297908738E-003
   14.2346041055718       1.453718483761499E-003
   14.2521994134897       1.658992085863933E-003
   14.2697947214076       1.823023160061438E-003
   14.2873900293255       1.944155711058685E-003
   14.3049853372434       2.021680711006254E-003
   14.3225806451613       2.056855639963245E-003
   14.3401759530792       2.051863164230034E-003
   14.3577712609971       2.011187935988002E-003
   14.3753665689150       1.940796305530576E-003
   14.3929618768328       1.850018893218109E-003
   14.4105571847507       1.753612674930783E-003
   14.4281524926686       1.669878251022219E-003
   14.4457478005865       1.607276896224075E-003
   14.4633431085044       1.570486320061020E-003
   14.4809384164223       1.560022917006576E-003
   14.4985337243402       1.576299582943930E-003
   14.5161290322581       1.616084674965132E-003
   14.5337243401760       1.676881845063543E-003
   14.5513196480938       1.752351003727174E-003
   14.5689149560117       1.837157324494990E-003
   14.5865102639296       1.921341731845257E-003
   14.6041055718475       1.994778577726653E-003
   14.6217008797654       2.041377966770047E-003
   14.6392961876833       2.054289259943011E-003
   14.6568914956012       2.028833820378448E-003
   14.6744868035191       1.965306051786738E-003
   14.6920821114370       1.862034801998413E-003
   14.7096774193548       1.722200673910774E-003
   14.7272727272727       1.546094508584386E-003
   14.7448680351906       1.339407816597918E-003
   14.7624633431085       1.104494207626445E-003
   14.7800586510264       8.502320415631534E-004
   14.7976539589443       5.825070228612637E-004
   14.8152492668622       3.179954718448751E-004
   14.8328445747801       6.854156430491471E-005
   14.8504398826979      -1.549980232615443E-004
   14.8680351906158      -3.503097614605213E-004
   14.8856304985337      -5.113948672636841E-004
   14.9032258064516      -6.398616900460665E-004
   14.9208211143695      -7.324453108523240E-004
   14.9384164222874      -7.939407459888363E-004
   14.9560117302053      -8.236332116842688E-004
   14.9736070381232      -8.298594283609249E-004
   14.9912023460411      -8.153545152137134E-004
   15.0087976539589      -7.951558959380021E-004
   15.0263929618768      -7.779241148705874E-004
   15.0439882697947      -7.743791315394383E-004
   15.0615835777126      -7.821126287223913E-004
   15.0791788856305      -8.063033609204993E-004
   15.0967741935484      -8.412049256882800E-004
   15.1143695014663      -8.899092733701789E-004
   15.1319648093842      -9.443408607360223E-004
   15.1495601173021      -1.006037754988834E-003
   15.1671554252199      -1.064668833458344E-003
   15.1847507331378      -1.119935451743754E-003
   15.2023460410557      -1.158096401495602E-003
   15.2199413489736      -1.174954312939489E-003
   15.2375366568915      -1.157108507166242E-003
   15.2551319648094      -1.108148879924588E-003
   15.2727272727273      -1.019369886749221E-003
   15.2903225806452      -8.971671847172265E-004
   15.3079178885631      -7.343513442466517E-004
   15.3255131964809      -5.393430385569977E-004
   15.3431085043988      -3.061589508174432E-004
   15.3607038123167      -4.531618598482490E-005
   15.3782991202346       2.475560064584261E-004
   15.3958944281525       5.589157754786677E-004
   15.4134897360704       8.881816066014279E-004
   15.4310850439883       1.213074724687985E-003
   15.4486803519062       1.532341455160501E-003
   15.4662756598240       1.828223410444934E-003
   15.4838709677419       2.103747717434446E-003
   15.5014662756598       2.343122642876878E-003
   15.5190615835777       2.552010865540682E-003
   15.5366568914956       2.716036825791444E-003
   15.5542521994135       2.843397570847268E-003
   15.5718475073314       2.921370371287692E-003
   15.5894428152493       2.961394875564420E-003
   15.6070381231672       2.954796830710133E-003
   15.6246334310850       2.924354821141549E-003
   15.6422287390029       2.870475647552340E-003
   15.6598240469208       2.815123299826603E-003
   15.6774193548387       2.753041663865041E-003
   15.6950146627566       2.703980364562378E-003
   15.7126099706745       2.659534376111755E-003
   15.7302052785924       2.638042155039039E-003
   15.7478005865103       2.628214846843200E-003
   15.7653958944282       2.646873061474251E-003
   15.7829912023460       2.679196775793199E-003
   15.8005865102639       2.738943131358198E-003
   15.8181818181818       2.802455209802454E-003
   15.8357771260997       2.875254287343772E-003
   15.8533724340176       2.934666543472854E-003
   15.8709677419355       2.993425083940798E-003
   15.8885630498534       3.031750019334350E-003
   15.9061583577713       3.066049300225764E-003
   15.9237536656892       3.077961624180151E-003
   15.9413489736070       3.086982929255519E-003
   15.9589442815249       3.075993674197053E-003
   15.9765395894428       3.067850585058954E-003
   15.9941348973607       3.047335405336307E-003
   16.0117302052786       3.042856849714571E-003
   16.0293255131965       3.039028166214831E-003
   16.0469208211144       3.056593641567273E-003
   16.0645161290323       3.070902614922826E-003
   16.0821114369501       3.100591718784455E-003
   16.0997067448680       3.118404862576992E-003
   16.1173020527859       3.142921698573870E-003
   16.1348973607038       3.145039680766458E-003
   16.1524926686217       3.143888040149749E-003
   16.1700879765396       3.108941756641386E-003
   16.1876832844575       3.060432898056502E-003
   16.2052785923754       2.967430286435674E-003
   16.2228739002933       2.859369727101419E-003
   16.2404692082111       2.720620854213225E-003
   16.2580645161290       2.589793276481973E-003
   16.2756598240469       2.447724970546182E-003
   16.2932551319648       2.332059942364386E-003
   16.3108504398827       2.220146551551508E-003
   16.3284457478006       2.148858193350543E-003
   16.3460410557185       2.091784318364282E-003
   16.3636363636364       2.084567525355665E-003
   16.3812316715543       2.095851601623531E-003
   16.3988269794721       2.157943304285067E-003
   16.4164222873900       2.226780550227101E-003
   16.4340175953079       2.319300180377293E-003
   16.4516129032258       2.387494175548568E-003
   16.4692082111437       2.458436825012884E-003
   16.4868035190616       2.488354727184321E-003
   16.5043988269795       2.510208337829626E-003
   16.5219941348974       2.481907048677881E-003
   16.5395894428153       2.441340548487317E-003
   16.5571847507331       2.347660537043657E-003
   16.5747800586510       2.243919992405515E-003
   16.5923753665689       2.091140707679383E-003
   16.6099706744868       1.940561490906856E-003
   16.6275659824047       1.759978840019156E-003
   16.6451612903226       1.604134081465936E-003
   16.6627565982405       1.432944542776990E-003
   16.6803519061584       1.299054356625365E-003
   16.6979472140762       1.158170926264406E-003
   16.7155425219941       1.063606101680399E-003
   16.7331378299120       9.676497050130710E-004
   16.7507331378299       9.249367925895507E-004
   16.7683284457478       8.844727919662690E-004
   16.7859237536657       9.024271197883213E-004
   16.8035190615836       9.241505659874345E-004
   16.8211143695015       1.004475715074787E-003
   16.8387096774194       1.077960964536653E-003
   16.8563049853372       1.197498513795381E-003
   16.8739002932551       1.295148198101573E-003
   16.8914956011730       1.427116956377400E-003
   16.9090909090909       1.522749752083705E-003
   16.9266862170088       1.641505287257734E-003
   16.9442815249267       1.709651115894776E-003
   16.9618768328446       1.789967262404340E-003
   16.9794721407625       1.805247234898102E-003
   16.9970674486804       1.821523346674254E-003
   17.0146627565982       1.757608053285166E-003
   17.0322580645161       1.686894285636916E-003
   17.0498533724340       1.531262790630581E-003
   17.0674486803519       1.371998250394639E-003
   17.0850439882698       1.128467057687599E-003
   17.1026392961877       8.876644982404184E-004
   17.1202346041056       5.659044950591587E-004
   17.1378299120235       2.563620855904257E-004
   17.1554252199413      -1.276990201097656E-004
   17.1730205278592      -4.858496311667862E-004
   17.1906158357771      -9.071125654345593E-004
   17.2082111436950      -1.280037591482984E-003
   17.2258064516129      -1.691689316917357E-003
   17.2434017595308      -2.025969631639197E-003
   17.2609970674487      -2.385607602047484E-003
   17.2785923753666      -2.654659008246992E-003
   17.2961876832845      -2.946130687955560E-003
   17.3137829912023      -3.139989498488363E-003
   17.3313782991202      -3.359008285185064E-003
   17.3489736070381      -3.477660751619248E-003
   17.3665689149560      -3.628942750734289E-003
   17.3841642228739      -3.680939591283283E-003
   17.4017595307918      -3.778069539425319E-003
   17.4193548387097      -3.780537153047147E-003
   17.4369501466276      -3.838879359342850E-003
   17.4545454545455      -3.796746103919108E-003
   17.4721407624633      -3.814731352805776E-003
   17.4897360703812      -3.725060894305804E-003
   17.5073313782991      -3.702043400558982E-003
   17.5249266862170      -3.565467445367144E-003
   17.5425219941349      -3.505768964626442E-003
   17.5601173020528      -3.328931986227043E-003
   17.5777126099707      -3.244774798659819E-003
   17.5953079178886      -3.044547236597380E-003
   17.6129032258065      -2.964591640644477E-003
   17.6304985337243      -2.781291306768494E-003
   17.6480938416422      -2.748828423995379E-003
   17.6656891495601      -2.608753848235380E-003
   17.6832844574780      -2.637780770692142E-003
   17.7008797653959      -2.543725924480165E-003
   17.7184750733138      -2.634782286516113E-003
   17.7360703812317      -2.578961614010996E-003
   17.7536656891496      -2.725079148150910E-003
   17.7712609970675      -2.691580337107106E-003
   17.7888563049853      -2.880136862211764E-003
   17.8064516129032      -2.844200523731097E-003
   17.8240469208211      -3.060149847356375E-003
   17.8416422287390      -3.007903475815859E-003
   17.8592375366569      -3.278577544834026E-003
   17.8768328445748      -3.232927328447832E-003
   17.8944281524927      -3.621540745648265E-003
   17.9120234604106      -3.614411564882564E-003
   17.9296187683284      -4.234952937327549E-003
   17.9472140762463      -4.309296739397864E-003
   17.9648093841642      -5.449230393982801E-003
   17.9824046920821      -5.678595899722215E-003
   18.0000000000000      -9.123028323639782E-003
