  0.000000000000000E+000 -7.619609587463969E-003
  1.759530791788856E-002 -3.195102205611341E-003
  3.519061583577713E-002 -3.610946962153913E-003
  5.278592375366570E-002 -2.282786385508017E-003
  7.038123167155426E-002 -2.578825525847208E-003
  8.797653958944282E-002 -1.828909754202423E-003
  0.105571847507331      -2.059147896245549E-003
  0.123167155425220      -1.542341186841284E-003
  0.140762463343109      -1.729208005349934E-003
  0.158357771260997      -1.335005702188627E-003
  0.175953079178886      -1.490641029125451E-003
  0.193548387096774      -1.170886186461014E-003
  0.211143695014663      -1.303089378495145E-003
  0.228739002932551      -1.033499976004013E-003
  0.246334310850440      -1.148427252424778E-003
  0.263929618768328      -9.156790855044625E-004
  0.281524926686217      -1.017809126525098E-003
  0.299120234604106      -8.136001316120947E-004
  0.316715542521994      -9.061940165581977E-004
  0.334310850439883      -7.250817779345642E-004
  0.351906158357771      -8.106211315239420E-004
  0.369501466275660      -6.488784855612224E-004
  0.387096774193548      -7.293016715498184E-004
  0.404692082111437      -5.842911373379120E-004
  0.422287390029326      -6.611774790791310E-004
  0.439882697947214      -5.310009588634030E-004
  0.457478005865103      -6.055551040085675E-004
  0.475073313782991      -4.885776546188183E-004
  0.492668621700880      -5.615257716742381E-004
  0.510263929618768      -4.562174394819586E-004
  0.527859237536657      -5.278750321648621E-004
  0.545454545454546      -4.326786777082674E-004
  0.563049853372434      -5.028992443569411E-004
  0.580645161290323      -4.160162465706143E-004
  0.598240469208211      -4.839511535998531E-004
  0.615835777126100      -4.026659098171821E-004
  0.633431085043988      -4.656020046403177E-004
  0.651026392961877      -3.858209037817752E-004
  0.668621700879765      -4.413115305174600E-004
  0.686217008797654      -3.606812793901770E-004
  0.703812316715543      -4.077744737796579E-004
  0.721407624633431      -3.251502883234582E-004
  0.739002932551320      -3.638325568810404E-004
  0.756598240469208      -2.790783139282599E-004
  0.774193548387097      -3.103147657733483E-004
  0.791788856304985      -2.245172880036974E-004
  0.809384164222874      -2.508984712057669E-004
  0.826979472140763      -1.678324834359389E-004
  0.844574780058651      -1.946560243355442E-004
  0.862170087976540      -1.185104993481257E-004
  0.879765395894428      -1.488797560414328E-004
  0.897360703812317      -8.140839847865689E-005
  0.914956011730205      -1.167441395624823E-004
  0.932551319648094      -5.848913200674089E-005
  0.950146627565982      -9.910374042140860E-005
  0.967741935483871      -4.956640084181191E-005
  0.985337243401760      -9.462985627624063E-005
   1.00293255131965      -5.194760834769340E-005
   1.02052785923754      -9.857768271447946E-005
   1.03812316715543      -5.843765580789862E-005
   1.05571847507331      -1.027545860470408E-004
   1.07331378299120      -6.237239067150104E-005
   1.09090909090909      -1.027689272702293E-004
   1.10850439882698      -6.093742151019370E-005
   1.12609970674487      -9.683511424937433E-005
   1.14369501466276      -5.320622488386364E-005
   1.16129032258065      -8.479458942302444E-005
   1.17888563049853      -3.981013993121929E-005
   1.19648093841642      -6.814654550746158E-005
   1.21407624633431      -2.344560185642352E-005
   1.23167155425220      -5.116315219401230E-005
   1.24926686217009      -9.346627452580022E-006
   1.26686217008798      -3.833801974879848E-005
   1.28445747800587      -3.875839414612565E-007
   1.30205278592375      -3.129684595549396E-005
   1.31964809384164       2.557865695619704E-006
   1.33724340175953      -3.034358581076639E-005
   1.35483870967742      -3.270833976085560E-007
   1.37243401759531      -3.482287954176775E-005
   1.39002932551320      -7.901780026597924E-006
   1.40762463343109      -4.299243217361675E-005
   1.42521994134897      -1.769940049201666E-005
   1.44281524926686      -5.203226056657201E-005
   1.46041055718475      -2.754372080852736E-005
   1.47800586510264      -6.095841916561024E-005
   1.49560117302053      -3.732205243422301E-005
   1.51319648093842      -7.009208030186489E-005
   1.53079178885631      -4.763517413778264E-005
   1.54838709677419      -8.025274384678316E-005
   1.56598240469208      -5.949792020209837E-005
   1.58357771260997      -9.264006763137803E-005
   1.60117302052786      -7.431726018381435E-005
   1.61876832844575      -1.088588233009557E-004
   1.63636363636364      -9.354916525315737E-005
   1.65395894428153      -1.294757236944411E-004
   1.67155425219941      -1.165891221169771E-004
   1.68914956011730      -1.531726749049583E-004
   1.70674486803519      -1.418520456228476E-004
   1.72434017595308      -1.782170892963864E-004
   1.74193548387097      -1.674819947209795E-004
   1.75953079178886      -2.026303941404431E-004
   1.77712609970675      -1.913695886832794E-004
   1.79472140762463      -2.241423513754303E-004
   1.81231671554252      -2.110357466134915E-004
   1.82991202346041      -2.402958392923545E-004
   1.84750733137830      -2.249102255069366E-004
   1.86510263929619      -2.511029822770918E-004
   1.88269794721408      -2.342516890602268E-004
   1.90029325513196      -2.583674391376177E-004
   1.91788856304985      -2.411077953618279E-004
   1.93548387096774      -2.643253074462843E-004
   1.95307917888563      -2.478886180207887E-004
   1.97067448680352      -2.715585502391670E-004
   1.98826979472141      -2.573651005607127E-004
   2.00586510263930      -2.830730576355001E-004
   2.02346041055718      -2.726391804687950E-004
   2.04105571847507      -3.012031393406413E-004
   2.05865102639296      -2.941735835747784E-004
   2.07624633431085      -3.245897754538969E-004
   2.09384164222874      -3.197501917396585E-004
   2.11143695014663      -3.507366911656520E-004
   2.12903225806452      -3.467035209141299E-004
   2.14662756598241      -3.768312061489650E-004
   2.16422287390029      -3.720809190031243E-004
   2.18181818181818      -3.997695748249061E-004
   2.19941348973607      -3.925961277582702E-004
   2.21700879765396      -4.160894356143872E-004
   2.23460410557185      -4.051625844326754E-004
   2.25219941348974      -4.242751464260560E-004
   2.26979472140762      -4.103010607620163E-004
   2.28739002932551      -4.260783974930288E-004
   2.30498533724340      -4.102047527504846E-004
   2.32258064516129      -4.239106738281918E-004
   2.34017595307918      -4.074702945654470E-004
   2.35777126099707      -4.205440377462384E-004
   2.37536656891496      -4.050542007312971E-004
   2.39296187683284      -4.191454190195449E-004
   2.41055718475073      -4.063944744719131E-004
   2.42815249266862      -4.231999515465946E-004
   2.44574780058651      -4.140658605963311E-004
   2.46334310850440      -4.334756904377327E-004
   2.48093841642229      -4.273239786327355E-004
   2.49853372434018      -4.485608809888673E-004
   2.51612903225806      -4.444978638289451E-004
   2.53372434017595      -4.665984047435757E-004
   2.55131964809384      -4.635676418558636E-004
   2.56891495601173      -4.854110606709807E-004
   2.58651026392962      -4.821895373509539E-004
   2.60410557184751      -5.024492527604480E-004
   2.62170087976540      -4.976181389477129E-004
   2.63929618768328      -5.151631053575363E-004
   2.65689149560117      -5.082112165399904E-004
   2.67448680351906      -5.230186399154701E-004
   2.69208211143695      -5.140836334553833E-004
   2.70967741935484      -5.263934062655469E-004
   2.72727272727273      -5.157753718042148E-004
   2.74486803519062      -5.259647351343690E-004
   2.76246334310850      -5.140925804092224E-004
   2.78005865102639      -5.226708275851377E-004
   2.79765395894428      -5.101235964402519E-004
   2.81524926686217      -5.177880759292091E-004
   2.83284457478006      -5.052647072528387E-004
   2.85043988269795      -5.124940767662409E-004
   2.86803519061584      -5.001694595591238E-004
   2.88563049853372      -5.070036934230667E-004
   2.90322580645161      -4.948521779823195E-004
   2.92082111436950      -5.012435670474416E-004
   2.93841642228739      -4.891857049846368E-004
   2.95601173020528      -4.950511274646769E-004
   2.97360703812317      -4.829867350726038E-004
   2.99120234604106      -4.882359384907419E-004
   3.00879765395894      -4.760806309238283E-004
   3.02639296187683      -4.807088926274612E-004
   3.04398826979472      -4.685645895773634E-004
   3.06158357771261      -4.727432556643929E-004
   3.07917888563050      -4.607477805356825E-004
   3.09677419354839      -4.645837894155332E-004
   3.11436950146628      -4.528064713238476E-004
   3.13196480938416      -4.563545899533656E-004
   3.14956011730205      -4.448218524353852E-004
   3.16715542521994      -4.481007639720993E-004
   3.18475073313783      -4.368100068291830E-004
   3.20234604105572      -4.398192154840223E-004
   3.21994134897361      -4.287834691940522E-004
   3.23753665689150      -4.316186800171168E-004
   3.25513196480938      -4.209896284150684E-004
   3.27272727272727      -4.237953173233008E-004
   3.29032258064516      -4.136560440053921E-004
   3.30791788856305      -4.164727100947350E-004
   3.32551319648094      -4.068058530906271E-004
   3.34310850439883      -4.095700380735272E-004
   3.36070381231672      -4.002437098080029E-004
   3.37829912023460      -4.027555966858997E-004
   3.39589442815249      -3.934619972429202E-004
   3.41348973607038      -3.952402361147201E-004
   3.43108504398827      -3.852135602372925E-004
   3.44868035190616      -3.853854016575199E-004
   3.46627565982405      -3.739368539503053E-004
   3.48387096774194      -3.720733340820425E-004
   3.50146627565982      -3.589369363659687E-004
   3.51906158357771      -3.549090817198572E-004
   3.53665689149560      -3.400685742658774E-004
   3.55425219941349      -3.339875701543259E-004
   3.57184750733138      -3.176814101546561E-004
   3.58944281524927      -3.099547009151691E-004
   3.60703812316716      -2.928361252437649E-004
   3.62463343108504      -2.845763457269883E-004
   3.64222873900293      -2.681638356835845E-004
   3.65982404692082      -2.608143457340041E-004
   3.67741935483871      -2.461356116909596E-004
   3.69501466275660      -2.404091961428105E-004
   3.71260997067449      -2.279540915195131E-004
   3.73020527859238      -2.241596583700049E-004
   3.74780058651026      -2.140549247131284E-004
   3.76539589442815      -2.121446587919629E-004
   3.78299120234604      -2.041330850621728E-004
   3.80058651026393      -2.035950905904192E-004
   3.81818181818182      -1.967432298347379E-004
   3.83577712609971      -1.962154583365825E-004
   3.85337243401760      -1.892026315784538E-004
   3.87096774193548      -1.878335933935688E-004
   3.88856304985337      -1.801703703623280E-004
   3.90615835777126      -1.776820860705235E-004
   3.92375366568915      -1.692346423744651E-004
   3.94134897360704      -1.656212533047827E-004
   3.95894428152493      -1.564884898479889E-004
   3.97653958944282      -1.519621214494668E-004
   3.99413489736070      -1.424660066616296E-004
   4.01173020527859      -1.375065019650494E-004
   4.02932551319648      -1.282552789825359E-004
   4.04692082111437      -1.233961532204218E-004
   4.06451612903226      -1.146602384355194E-004
   4.08211143695015      -1.099842114855470E-004
   4.09970674486804      -1.017539602314758E-004
   4.11730205278592      -9.720247583525956E-005
   4.13489736070381      -8.936992956656151E-005
   4.15249266862170      -8.480036042280975E-005
   4.17008797653959      -7.717734300846874E-005
   4.18768328445748      -7.236153640156717E-005
   4.20527859237537      -6.465304169320479E-005
   4.22287390029326      -5.925446518718258E-005
   4.24046920821114      -5.122523551084678E-005
   4.25806451612903      -4.527397001908156E-005
   4.27565982404692      -3.714562398617427E-005
   4.29325513196481      -3.094020693582681E-005
   4.31085043988270      -2.304087726826086E-005
   4.32844574780059      -1.693859701771673E-005
   4.34604105571848      -9.637355393092570E-006
   4.36363636363636      -4.023554925510084E-006
   4.38123167155425       2.293885541558627E-006
   4.39882697947214       7.031406990553995E-006
   4.41642228739003       1.203450593883775E-005
   4.43401759530792       1.580556153712718E-005
   4.45161290322581       1.977566133464925E-005
   4.46920821114370       2.303674028289364E-005
   4.48680351906158       2.642177225683974E-005
   4.50439882697947       2.957539496669682E-005
   4.52199413489736       3.274948586134627E-005
   4.53958944281525       3.613587289076332E-005
   4.55718475073314       3.941679890242256E-005
   4.57478005865103       4.332345418092860E-005
   4.59237536656892       4.697842380906720E-005
   4.60997067448680       5.164132002848745E-005
   4.62756598240469       5.585039546718748E-005
   4.64516129032258       6.132972371141170E-005
   4.66275659824047       6.605088698478565E-005
   4.68035190615836       7.225101673317992E-005
   4.69794721407625       7.736989776679509E-005
   4.71554252199414       8.414826841169944E-005
   4.73313782991202       8.950166783231844E-005
   4.75073313782991       9.666377597335707E-005
   4.76832844574780       1.020321802003067E-004
   4.78592375366569       1.093207631134870E-004
   4.80351906158358       1.144096276505508E-004
   4.82111436950147       1.215016908840238E-004
   4.83870967741935       1.260835769509288E-004
   4.85630498533724       1.329407791482573E-004
   4.87390029325513       1.371053966556469E-004
   4.89149560117302       1.438341386341151E-004
   4.90909090909091       1.476862547596380E-004
   4.92668621700880       1.543738947976682E-004
   4.94428152492669       1.579854943703280E-004
   4.96187683284458       1.646741430385514E-004
   4.97947214076246       1.680570866550912E-004
   4.99706744868035       1.747070234659352E-004
   5.01466275659824       1.777447947336663E-004
   5.03225806451613       1.841345916485284E-004
   5.04985337243402       1.865983670894333E-004
   5.06744868035191       1.925881960803328E-004
   5.08504398826980       1.944276082187672E-004
   5.10263929618768       2.000056715987531E-004
   5.12023460410557       2.012368840692101E-004
   5.13782991202346       2.064292538643150E-004
   5.15542521994135       2.070891245861555E-004
   5.17302052785924       2.119282518661930E-004
   5.19061583577713       2.120452065463677E-004
   5.20821114369502       2.165313096242323E-004
   5.22580645161290       2.160522297617679E-004
   5.24340175953079       2.200696614396582E-004
   5.26099706744868       2.188869320259720E-004
   5.27859237536657       2.223718471033317E-004
   5.29618768328446       2.204625318370031E-004
   5.31378299120235       2.234094654561641E-004
   5.33137829912024       2.207864679132356E-004
   5.34897360703812       2.232130354317739E-004
   5.36656891495601       2.199014070120466E-004
   5.38416422287390       2.218260551226648E-004
   5.40175953079179       2.178354911143493E-004
   5.41935483870968       2.192339460753682E-004
   5.43695014662757       2.145240844070344E-004
   5.45454545454546       2.153937319359530E-004
   5.47214076246334       2.100391307633989E-004
   5.48973607038123       2.104988614317780E-004
   5.50733137829912       2.046488152653222E-004
   5.52492668621701       2.048621720878591E-004
   5.54252199413490       1.986953142093787E-004
   5.56011730205279       1.988426077770229E-004
   5.57771260997067       1.925404225241688E-004
   5.59530791788856       1.927857901606819E-004
   5.61290322580645       1.864632401174207E-004
   5.63049853372434       1.867402399660762E-004
   5.64809384164223       1.801008845308287E-004
   5.66568914956012       1.800325207254881E-004
   5.68328445747801       1.727707691323270E-004
   5.70087976539589       1.721255815888520E-004
   5.71847507331378       1.640743451884893E-004
   5.73607038123167       1.627358340091829E-004
   5.75366568914956       1.538335018595482E-004
   5.77126099706745       1.517873916756193E-004
   5.78885630498534       1.420766974952532E-004
   5.80645161290323       1.394259866988541E-004
   5.82404692082111       1.290909040784353E-004
   5.84164222873900       1.260599027150698E-004
   5.85923753665689       1.153002913339390E-004
   5.87683284457478       1.120400324760056E-004
   5.89442815249267       1.009958427184308E-004
   5.91202346041056       9.764474071077958E-005
   5.92961876832845       8.646516932880610E-005
   5.94721407624634       8.317940073569666E-005
   5.96480938416422       7.203637610143378E-005
   5.98240469208211       6.899741203401230E-005
   6.00000000000000       5.808835476316114E-005
   6.01759530791789       5.547701908986689E-005
   6.03519061583578       4.486739626006146E-005
   6.05278592375367       4.256172507699964E-005
   6.07038123167156       3.205241387795163E-005
   6.08797653958944       2.987442500901920E-005
   6.10557184750733       1.933333553403746E-005
   6.12316715542522       1.719130751901056E-005
   6.14076246334311       6.577893225414119E-006
   6.15835777126100       4.481596135355731E-006
   6.17595307917889      -6.126496075836874E-006
   6.19354838709677      -8.021645300830910E-006
   6.21114369501466      -1.833653351995282E-005
   6.22873900293255      -1.957374115559774E-005
   6.24633431085044      -2.908946124936170E-005
   6.26392961876833      -2.931785630124107E-005
   6.28152492668622      -3.784984580408738E-005
   6.29912023460411      -3.697911353730528E-005
   6.31671554252199      -4.448682782897609E-005
   6.33431085043988      -4.251838447921758E-005
   6.35190615835777      -4.902955110578942E-005
   6.36950146627566      -4.601869678167494E-005
   6.38709677419355      -5.160683527564415E-005
   6.40469208211144      -4.765374952248924E-005
   6.42228739002933      -5.246710156097119E-005
   6.43988269794721      -4.782082459384295E-005
   6.45747800586510      -5.218263249496653E-005
   6.47507331378299      -4.717023558983629E-005
   6.49266862170088      -5.137195375982123E-005
   6.51026392961877      -4.625728633695048E-005
   6.52785923753666      -5.052724593979911E-005
   6.54545454545455      -4.550494157463559E-005
   6.56304985337243      -4.999072542277122E-005
   6.58064516129032      -4.515480521730440E-005
   6.59824046920821      -4.986845064278798E-005
   6.61583577712610      -4.509179529109550E-005
   6.63343108504399      -4.970754222197631E-005
   6.65102639296188      -4.461337077808443E-005
   6.66862170087977      -4.889302383035015E-005
   6.68621700879765      -4.339542004460199E-005
   6.70381231671554      -4.733581744217065E-005
   6.72140762463343      -4.149155793444549E-005
   6.73900293255132      -4.518815609221760E-005
   6.75659824046921      -3.912752838133388E-005
   6.77419354838710      -4.273080838759358E-005
   6.79178885630499      -3.662272862883417E-005
   6.80938416422287      -4.030068408552503E-005
   6.82697947214076      -3.428671913083012E-005
   6.84457478005865      -3.813157380469967E-005
   6.86217008797654      -3.229728762855384E-005
   6.87976539589443      -3.641972357677463E-005
   6.89736070381232      -3.090567210610512E-005
   6.91495601173021      -3.545899877415188E-005
   6.93255131964809      -3.042971093335828E-005
   6.95014662756598      -3.557587874762240E-005
   6.96774193548387      -3.118711852702316E-005
   6.98533724340176      -3.705586613388510E-005
   7.00293255131965      -3.338823727985185E-005
   7.02052785923754      -3.990241280001497E-005
   7.03812316715543      -3.659372423664201E-005
   7.05571847507331      -4.320682637837292E-005
   7.07331378299120      -3.978671658653693E-005
   7.09090909090909      -4.616844810828879E-005
   7.10850439882698      -4.241330601332686E-005
   7.12609970674487      -4.842284836481753E-005
   7.14369501466276      -4.426956115964750E-005
   7.16129032258065      -4.991067812906599E-005
   7.17888563049853      -4.543247222778908E-005
   7.19648093841642      -5.084244328248851E-005
   7.21407624633431      -4.624370018007370E-005
   7.23167155425220      -5.161696613986512E-005
   7.24926686217009      -4.697321200778508E-005
   7.26686217008798      -5.227461850248014E-005
   7.28445747800587      -4.754235095394857E-005
   7.30205278592375      -5.275675771313720E-005
   7.31964809384164      -4.795986674617135E-005
   7.33724340175953      -5.314761394496632E-005
   7.35483870967742      -4.839019914959905E-005
   7.37243401759531      -5.369606004262178E-005
   7.39002932551320      -4.917111255567078E-005
   7.40762463343109      -5.483255118367645E-005
   7.42521994134897      -5.074130982747699E-005
   7.44281524926686      -5.672384776114275E-005
   7.46041055718475      -5.276921493579431E-005
   7.47800586510264      -5.869370665957471E-005
   7.49560117302053      -5.453884203621654E-005
   7.51319648093842      -6.011877143657374E-005
   7.53079178885631      -5.553805354241084E-005
   7.54838709677419      -6.061072446990901E-005
   7.56598240469208      -5.551800438642904E-005
   7.58357771260997      -6.008257050052343E-005
   7.60117302052786      -5.459243783278347E-005
   7.61876832844575      -5.890517947683774E-005
   7.63636363636364      -5.331282345242738E-005
   7.65395894428153      -5.746235924121620E-005
   7.67155425219941      -5.161922583748696E-005
   7.68914956011730      -5.536139258501052E-005
   7.70674486803519      -4.901063847983728E-005
   7.72434017595308      -5.209689217148689E-005
   7.74193548387097      -4.502238943467874E-005
   7.75953079178886      -4.728103767921008E-005
   7.77712609970675      -3.938204553334651E-005
   7.79472140762463      -4.080759268889339E-005
   7.81231671554252      -3.225174494722033E-005
   7.82991202346041      -3.324270760987035E-005
   7.84750733137830      -2.448906896977507E-005
   7.86510263929619      -2.530265711626249E-005
   7.88269794721408      -1.639988361510972E-005
   7.90029325513197      -1.697797089186033E-005
   7.91788856304985      -7.819018734488716E-006
   7.93548387096774      -8.028253577520794E-006
   7.95307917888563       1.519914669037239E-006
   7.97067448680352       1.793691025912134E-006
   7.98826979472141       1.179413816167760E-005
   8.00586510263930       1.250867615086511E-005
   8.02346041055718       2.269262019739430E-005
   8.04105571847507       2.336910501300580E-005
   8.05865102639296       3.331987124745149E-005
   8.07624633431085       3.379384628198951E-005
   8.09384164222874       4.353159471270426E-005
   8.11143695014663       4.393601533996548E-005
   8.12903225806452       5.367229725446397E-005
   8.14662756598241       5.427787786735040E-005
   8.16422287390029       6.432041512379075E-005
   8.18181818181818       6.545403228703582E-005
   8.19941348973607       7.611496407405786E-005
   8.21700879765396       7.797537270072125E-005
   8.23460410557185       8.912115242886307E-005
   8.25219941348974       9.125751662733375E-005
   8.26979472140763       1.024336282395424E-004
   8.28739002932551       1.045574465211075E-004
   8.30498533724340       1.156098086251793E-004
   8.32258064516129       1.176762698972391E-004
   8.34017595307918       1.286488343352834E-004
   8.35777126099707       1.307826028274901E-004
   8.37536656891496       1.418656469139543E-004
   8.39296187683285       1.443140611719723E-004
   8.41055718475073       1.557728967955282E-004
   8.42815249266862       1.586403510022298E-004
   8.44574780058651       1.702178814895115E-004
   8.46334310850440       1.730251724075056E-004
   8.48093841642229       1.842879140943815E-004
   8.49853372434018       1.867300485208020E-004
   8.51612903225807       1.974827964524650E-004
   8.53372434017595       1.994717084124895E-004
   8.55131964809384       2.097274661115946E-004
   8.56891495601173       2.113803091802038E-004
   8.58651026392962       2.213592955991852E-004
   8.60410557184751       2.230090251882375E-004
   8.62170087976540       2.330721486243096E-004
   8.63929618768329       2.348157268611121E-004
   8.65689149560117       2.446283142376427E-004
   8.67448680351906       2.459465577174982E-004
   8.69208211143695       2.550379409246976E-004
   8.70967741935484       2.555534466762238E-004
   8.72727272727273       2.636477930345833E-004
   8.74486803519062       2.632021845465592E-004
   8.76246334310851       2.702706033575463E-004
   8.78005865102639       2.689913753816214E-004
   8.79765395894428       2.753533415700360E-004
   8.81524926686217       2.738343307249461E-004
   8.83284457478006       2.802622294467682E-004
   8.85043988269795       2.790344912897889E-004
   8.86803519061584       2.856132742795139E-004
   8.88563049853373       2.845234265607432E-004
   8.90322580645161       2.910319725253353E-004
   8.92082111436950       2.898504431103005E-004
   8.93841642228739       2.960820225827867E-004
   8.95601173020528       2.946548280110082E-004
   8.97360703812317       3.005371590823246E-004
   8.99120234604106       2.989144041295402E-004
   9.00879765395895       3.047063224013263E-004
   9.02639296187683       3.034489656486219E-004
   9.04398826979472       3.098063160877699E-004
   9.06158357771261       3.092836998841120E-004
   9.07917888563050       3.162301223163211E-004
   9.09677419354839       3.162926130622370E-004
   9.11436950146628       3.235955935893190E-004
   9.13196480938416       3.239689700716439E-004
   9.14956011730205       3.313429218688528E-004
   9.16715542521994       3.317610748658978E-004
   9.18475073313783       3.389930022199012E-004
   9.20234604105572       3.393576164354453E-004
   9.21994134897361       3.465998911629322E-004
   9.23753665689150       3.473742864078586E-004
   9.25513196480938       3.551032056649420E-004
   9.27272727272727       3.564819879572738E-004
   9.29032258064516       3.646481350253313E-004
   9.30791788856305       3.664451046184131E-004
   9.32551319648094       3.747687757746100E-004
   9.34310850439883       3.766449643714604E-004
   9.36070381231672       3.847514142779533E-004
   9.37829912023460       3.863277249074752E-004
   9.39589442815249       3.938688280040020E-004
   9.41348973607038       3.949306599240881E-004
   9.43108504398827       4.020168735886511E-004
   9.44868035190616       4.029531477209382E-004
   9.46627565982405       4.099052419050189E-004
   9.48387096774194       4.108038552664626E-004
   9.50146627565982       4.175325879742513E-004
   9.51906158357771       4.181828625946506E-004
   9.53665689149560       4.243839664776515E-004
   9.55425219941349       4.244125765677147E-004
   9.57184750733138       4.296665610677678E-004
   9.58944281524927       4.286374219674469E-004
   9.60703812316716       4.325544936786786E-004
   9.62463343108504       4.303493885690359E-004
   9.64222873900293       4.332946435497714E-004
   9.65982404692082       4.305287028212118E-004
   9.67741935483871       4.329695615498645E-004
   9.69501466275660       4.298833645090496E-004
   9.71260997067449       4.318937895431103E-004
   9.73020527859238       4.284244333532511E-004
   9.74780058651026       4.298278171646247E-004
   9.76539589442815       4.257061922683646E-004
   9.78299120234604       4.261675033914449E-004
   9.80058651026393       4.210379331827086E-004
   9.81818181818182       4.203907488207010E-004
   9.83577712609971       4.147821105524653E-004
   9.85337243401760       4.143099723457055E-004
   9.87096774193548       4.095931089814283E-004
   9.88856304985337       4.103427329370805E-004
   9.90615835777126       4.072544933772747E-004
   9.92375366568915       4.096841688993441E-004
   9.94134897360704       4.084162166497799E-004
   9.95894428152493       4.124503890853131E-004
   9.97653958944282       4.126496866883558E-004
   9.99413489736071       4.176351740799865E-004
   10.0117302052786       4.183150806674571E-004
   10.0293255131965       4.233012777554517E-004
   10.0469208211144       4.243328124319504E-004
   10.0645161290323       4.300930227767422E-004
   10.0821114369501       4.325094963980888E-004
   10.0997067448680       4.399578823150574E-004
   10.1173020527859       4.444798354390791E-004
   10.1348973607038       4.540953621916722E-004
   10.1524926686217       4.609077487853853E-004
   10.1700879765396       4.725133632012104E-004
   10.1876832844575       4.809775728736869E-004
   10.2052785923754       4.932447112504149E-004
   10.2228739002933       5.010504285011558E-004
   10.2404692082111       5.112627097231053E-004
   10.2580645161290       5.166754774041020E-004
   10.2756598240469       5.244341179977408E-004
   10.2932551319648       5.277516530786148E-004
   10.3108504398827       5.336811771028737E-004
   10.3284457478006       5.357240158592114E-004
   10.3460410557185       5.407436194781199E-004
   10.3636363636364       5.424554360481905E-004
   10.3812316715543       5.474479376950485E-004
   10.3988269794721       5.495366774371306E-004
   10.4164222873900       5.547462775621226E-004
   10.4340175953079       5.566681741159221E-004
   10.4516129032258       5.612075569268432E-004
   10.4692082111437       5.625422969282989E-004
   10.4868035190616       5.665796549277129E-004
   10.5043988269795       5.678595120780696E-004
   10.5219941348974       5.721737976358168E-004
   10.5395894428153       5.743526771088413E-004
   10.5571847507331       5.800223765196342E-004
   10.5747800586510       5.842511892537568E-004
   10.5923753665689       5.924484783666396E-004
   10.6099706744868       5.998295555445344E-004
   10.6275659824047       6.115753948962178E-004
   10.6451612903226       6.233188763988034E-004
   10.6627565982405       6.402580389014312E-004
   10.6803519061584       6.583056753348322E-004
   10.6979472140762       6.824500586326482E-004
   10.7155425219941       7.087590045079715E-004
   10.7331378299120       7.419117669186407E-004
   10.7507331378299       7.779976696237701E-004
   10.7683284457478       8.212064660509450E-004
   10.7859237536657       8.673461244106263E-004
   10.8035190615836       9.194185231008135E-004
   10.8211143695015       9.703162725744311E-004
   10.8387096774194       1.018637747680072E-003
   10.8563049853372       1.057292283759956E-003
   10.8739002932551       1.086920255850499E-003
   10.8914956011730       1.102165747856151E-003
   10.9090909090909       1.104848984414574E-003
   10.9266862170088       1.091043025179539E-003
   10.9442815249267       1.063694151109997E-003
   10.9618768328446       1.020435467440649E-003
   10.9794721407625       9.657381103719175E-004
   10.9970674486804       8.995649675679587E-004
   11.0146627565982       8.302479190632357E-004
   11.0322580645161       7.615327983612678E-004
   11.0498533724340       6.990414287259491E-004
   11.0674486803519       6.423695539280389E-004
   11.0850439882698       5.947250308272445E-004
   11.1026392961877       5.545280028489330E-004
   11.1202346041056       5.238219208240987E-004
   11.1378299120235       5.004119839389430E-004
   11.1554252199413       4.855131873055839E-004
   11.1730205278592       4.765435662560814E-004
   11.1906158357771       4.740455350387851E-004
   11.2082111436950       4.751891601943622E-004
   11.2258064516129       4.807274903306814E-004
   11.2434017595308       4.892615670436546E-004
   11.2609970674487       5.019340294980428E-004
   11.2785923753666       5.172461926552628E-004
   11.2961876832845       5.358562452494218E-004
   11.3137829912023       5.561311041420303E-004
   11.3313782991202       5.782537122634841E-004
   11.3489736070381       6.004514617257438E-004
   11.3665689149560       6.224201922870001E-004
   11.3841642228739       6.422094093559563E-004
   11.4017595307918       6.589450622614948E-004
   11.4193548387097       6.708641121634365E-004
   11.4369501466276       6.788049404637588E-004
   11.4545454545455       6.832471272753216E-004
   11.4721407624633       6.852412582726764E-004
   11.4897360703812       6.853137644403855E-004
   11.5073313782991       6.841821235185009E-004
   11.5249266862170       6.823044296841791E-004
   11.5425219941349       6.799615650280357E-004
   11.5601173020528       6.774310517534675E-004
   11.5777126099707       6.743881629673211E-004
   11.5953079178886       6.706722103993273E-004
   11.6129032258065       6.647074753826070E-004
   11.6304985337243       6.559247059658708E-004
   11.6480938416422       6.440861067181075E-004
   11.6656891495601       6.304466378679864E-004
   11.6832844574780       6.153574444804790E-004
   11.7008797653959       6.005988439490471E-004
   11.7184750733138       5.866312949569612E-004
   11.7360703812317       5.755229429248809E-004
   11.7536656891496       5.676606563606960E-004
   11.7712609970675       5.652029877956513E-004
   11.7888563049853       5.682229114660048E-004
   11.8064516129032       5.783609906763072E-004
   11.8240469208211       5.926094672171498E-004
   11.8416422287390       6.086015040916450E-004
   11.8592375366569       6.224306598050050E-004
   11.8768328445748       6.332935745963598E-004
   11.8944281524927       6.382227995683803E-004
   11.9120234604106       6.375382267065682E-004
   11.9296187683284       6.291026371643536E-004
   11.9472140762463       6.144034929522766E-004
   11.9648093841642       5.923317344521300E-004
   11.9824046920821       5.659814102951586E-004
   12.0000000000000       5.361986322464043E-004
   12.0175953079179       5.101192343501455E-004
   12.0351906158358       4.910282210668490E-004
   12.0527859237537       4.826684992275762E-004
   12.0703812316716       4.840753848888325E-004
   12.0879765395894       4.969969207639733E-004
   12.1055718475073       5.188556600553183E-004
   12.1231671554252       5.503357168321642E-004
   12.1407624633431       5.877185645019308E-004
   12.1583577712610       6.308472374809247E-004
   12.1759530791789       6.749850786192757E-004
   12.1935483870968       7.191316199320654E-004
   12.2111436950147       7.575721043996521E-004
   12.2287390029326       7.919558197897951E-004
   12.2463343108504       8.220533023591635E-004
   12.2639296187683       8.521368073807123E-004
   12.2815249266862       8.816520431369065E-004
   12.2991202346041       9.144030125801100E-004
   12.3167155425220       9.490855083059801E-004
   12.3343108504399       9.887349577510304E-004
   12.3519061583578       1.030935170528345E-003
   12.3695014662757       1.077425802226719E-003
   12.3870967741935       1.123854613034967E-003
   12.4046920821114       1.168645330185678E-003
   12.4222873900293       1.201300635146194E-003
   12.4398826979472       1.218116525359483E-003
   12.4574780058651       1.214594041648079E-003
   12.4750733137830       1.192801159622429E-003
   12.4926686217009       1.151313960288727E-003
   12.5102639296188       1.094879312767574E-003
   12.5278592375367       1.024241742231411E-003
   12.5454545454545       9.464122692417841E-004
   12.5630498533724       8.643012290999527E-004
   12.5806451612903       7.875676092773321E-004
   12.5982404692082       7.222911215756751E-004
   12.6158357771261       6.824309297843321E-004
   12.6334310850440       6.692956170567841E-004
   12.6510263929619       6.826193093375604E-004
   12.6686217008798       7.155400534827737E-004
   12.6862170087977       7.651142533368971E-004
   12.7038123167155       8.227654093943441E-004
   12.7214076246334       8.843278714162484E-004
   12.7390029325513       9.401823569966223E-004
   12.7565982404692       9.852790851474355E-004
   12.7741935483871       1.009146716687589E-003
   12.7917888563050       1.005877289125434E-003
   12.8093841642229       9.642817348881463E-004
   12.8269794721408       8.857643621658061E-004
   12.8445747800587       7.747177912702574E-004
   12.8621700879765       6.410457147541818E-004
   12.8797653958944       4.897898830391354E-004
   12.8973607038123       3.308390936799490E-004
   12.9149560117302       1.691772929359616E-004
   12.9325513196481       1.446628186301948E-005
   12.9501466275660      -1.285759409916310E-004
   12.9677419354839      -2.507777144753431E-004
   12.9853372434018      -3.481000637782116E-004
   13.0029325513196      -4.128236076466981E-004
   13.0205278592375      -4.482311417623089E-004
   13.0381231671554      -4.631501837816257E-004
   13.0557184750733      -4.696395425836955E-004
   13.0733137829912      -4.743559196316721E-004
   13.0909090909091      -4.868994181258564E-004
   13.1085043988270      -5.117871114747438E-004
   13.1260997067449      -5.564816094401904E-004
   13.1436950146628      -6.232446458306723E-004
   13.1612903225806      -7.169309952408572E-004
   13.1788856304985      -8.364737469182006E-004
   13.1964809384164      -9.821804786593080E-004
   13.2140762463343      -1.142928366714468E-003
   13.2316715542522      -1.302808517865403E-003
   13.2492668621701      -1.447958649120680E-003
   13.2668621700880      -1.571455370550872E-003
   13.2844574780059      -1.666393341112423E-003
   13.3020527859238      -1.730311496421654E-003
   13.3196480938416      -1.760135593681313E-003
   13.3372434017595      -1.756643942448828E-003
   13.3548387096774      -1.720041051049907E-003
   13.3724340175953      -1.654237256120249E-003
   13.3900293255132      -1.563057434846876E-003
   13.4076246334311      -1.455038734992958E-003
   13.4252199413490      -1.336496406628314E-003
   13.4428152492669      -1.209313292768475E-003
   13.4604105571848      -1.071952028270347E-003
   13.4780058651026      -9.240612212605244E-004
   13.4956011730205      -7.642651309519122E-004
   13.5131964809384      -5.926292557014876E-004
   13.5307917888563      -4.090413647101905E-004
   13.5483870967742      -2.150546056202928E-004
   13.5659824046921      -1.296904889036826E-005
   13.5835777126100       1.924164404661525E-004
   13.6011730205279       3.930564551237213E-004
   13.6187683284457       5.714646267230035E-004
   13.6363636363636       7.066924618951539E-004
   13.6539589442815       7.875926494995218E-004
   13.6715542521994       8.053359530550474E-004
   13.6891495601173       7.562111011271117E-004
   13.7067448680352       6.369748384724639E-004
   13.7243401759531       4.489428529120414E-004
   13.7419354838710       1.934546656061819E-004
   13.7595307917889      -1.232460698990167E-004
   13.7771260997067      -4.945048284106630E-004
   13.7947214076246      -9.073579467048700E-004
   13.8123167155425      -1.343472739941978E-003
   13.8299120234604      -1.775838742886896E-003
   13.8475073313783      -2.189320289147191E-003
   13.8651026392962      -2.569453810530987E-003
   13.8826979472141      -2.909098910938785E-003
   13.9002932551320      -3.197967541993992E-003
   13.9178885630499      -3.432678350642385E-003
   13.9354838709677      -3.605599728796100E-003
   13.9530791788856      -3.716365604765271E-003
   13.9706744868035      -3.759793727658665E-003
   13.9882697947214      -3.738837244738555E-003
   14.0058651026393      -3.652385855512222E-003
   14.0234604105572      -3.511945962803025E-003
   14.0410557184751      -3.322825095535304E-003
   14.0586510263930      -3.095266951528895E-003
   14.0762463343109      -2.830702811970055E-003
   14.0938416422287      -2.538165023866052E-003
   14.1114369501466      -2.217673331763870E-003
   14.1290322580645      -1.878014374364355E-003
   14.1466275659824      -1.518499383378764E-003
   14.1642228739003      -1.148216405450920E-003
   14.1818181818182      -7.664481846097144E-004
   14.1994134897361      -3.836396211404851E-004
   14.2170087976540      -2.647777429247711E-006
   14.2346041055718       3.584167258674881E-004
   14.2521994134897       6.959756528827646E-004
   14.2697947214076       9.958989715099812E-004
   14.2873900293255       1.258604876034730E-003
   14.3049853372434       1.472627756531114E-003
   14.3225806451613       1.641697289741346E-003
   14.3401759530792       1.757013759551817E-003
   14.3577712609971       1.826075643492959E-003
   14.3753665689150       1.843851769629849E-003
   14.3929618768328       1.823546523505517E-003
   14.4105571847507       1.770157796032531E-003
   14.4281524926686       1.713422042782918E-003
   14.4457478005865       1.660253230051802E-003
   14.4633431085044       1.628919258474565E-003
   14.4809384164223       1.616499748097170E-003
   14.4985337243402       1.636310687179005E-003
   14.5161290322581       1.680367567807198E-003
   14.5337243401760       1.758582667315165E-003
   14.5513196480938       1.858587999139304E-003
   14.5689149560117       1.986879411789909E-003
   14.5865102639296       2.125940972395888E-003
   14.6041055718475       2.276172125004472E-003
   14.6217008797654       2.408914726444438E-003
   14.6392961876833       2.521357813434400E-003
   14.6568914956012       2.593708563278632E-003
   14.6744868035191       2.632218390309627E-003
   14.6920821114370       2.620591873979250E-003
   14.7096774193548       2.569043466577684E-003
   14.7272727272727       2.463301085762351E-003
   14.7448680351906       2.316929667297337E-003
   14.7624633431085       2.117666703559670E-003
   14.7800586510264       1.883075072132343E-003
   14.7976539589443       1.604432180416184E-003
   14.8152492668622       1.309079207512462E-003
   14.8328445747801       1.000073925506999E-003
   14.8504398826979       7.054862982136318E-004
   14.8680351906158       4.193817097543263E-004
   14.8856304985337       1.649401449964897E-004
   14.9032258064516      -6.850027067752573E-005
   14.9208211143695      -2.603817054604857E-004
   14.9384164222874      -4.253599946899870E-004
   14.9560117302053      -5.453720811292881E-004
   14.9736070381232      -6.395849817387489E-004
   14.9912023460411      -6.935907464072954E-004
   15.0087976539589      -7.351911727581084E-004
   15.0263929618768      -7.607692046747802E-004
   15.0439882697947      -8.007276003187099E-004
   15.0615835777126      -8.412017345231733E-004
   15.0791788856305      -9.061054382078834E-004
   15.0967741935484      -9.768541967360618E-004
   15.1143695014663      -1.074986299432871E-003
   15.1319648093842      -1.178436054109903E-003
   15.1495601173021      -1.307017307739807E-003
   15.1671554252199      -1.435246641930159E-003
   15.1847507331378      -1.580827937000052E-003
   15.2023460410557      -1.713339225740273E-003
   15.2199413489736      -1.844393328723704E-003
   15.2375366568915      -1.938660924823606E-003
   15.2551319648094      -2.013963709762671E-003
   15.2727272727273      -2.039855805844770E-003
   15.2903225806452      -2.037965019665952E-003
   15.3079178885631      -1.979136304577312E-003
   15.3255131964809      -1.887722896667934E-003
   15.3431085043988      -1.735337361862730E-003
   15.3607038123167      -1.549001384410370E-003
   15.3782991202346      -1.301331141572043E-003
   15.3958944281525      -1.022759961586304E-003
   15.4134897360704      -6.901313005692808E-004
   15.4310850439883      -3.462607251718560E-004
   15.4486803519062       2.638194047271192E-005
   15.4662756598240       3.861397816618336E-004
   15.4838709677419       7.546180362744904E-004
   15.5014662756598       1.090950193333800E-003
   15.5190615835777       1.419421369132667E-003
   15.5366568914956       1.699428170758000E-003
   15.5542521994135       1.957797119440051E-003
   15.5718475073314       2.154257166327851E-003
   15.5894428152493       2.318608248718584E-003
   15.6070381231672       2.412499403318748E-003
   15.6246334310850       2.477903131410454E-003
   15.6422287390029       2.490415638936634E-003
   15.6598240469208       2.497733480865172E-003
   15.6774193548387       2.471240657772715E-003
   15.6950146627566       2.458061996550630E-003
   15.7126099706745       2.426589119502863E-003
   15.7302052785924       2.423867370218085E-003
   15.7478005865103       2.415367812251105E-003
   15.7653958944282       2.447910236783910E-003
   15.7829912023460       2.483417668705223E-003
   15.8005865102639       2.567145250442080E-003
   15.8181818181818       2.651534150210488E-003
   15.8357771260997       2.769718729307334E-003
   15.8533724340176       2.868567182313288E-003
   15.8709677419355       2.987500730939570E-003
   15.8885630498534       3.075359276664281E-003
   15.9061583577713       3.175971840661334E-003
   15.9237536656892       3.238940655720317E-003
   15.9413489736070       3.312157682402550E-003
   15.9589442815249       3.345996603496491E-003
   15.9765395894428       3.393015551444402E-003
   15.9941348973607       3.405445620748269E-003
   16.0117302052786       3.444253912663609E-003
   16.0293255131965       3.465635485420206E-003
   16.0469208211144       3.526736200410717E-003
   16.0645161290323       3.572127024112604E-003
   16.0821114369501       3.655580582104927E-003
   16.0997067448680       3.716727928098602E-003
   16.1173020527859       3.808827652267483E-003
   16.1348973607038       3.867485997049862E-003
   16.1524926686217       3.946041516083881E-003
   16.1700879765396       3.976199741732724E-003
   16.1876832844575       4.011383438085168E-003
   16.2052785923754       3.978756275080671E-003
   16.2228739002933       3.937741642776178E-003
   16.2404692082111       3.831185179908644E-003
   16.2580645161290       3.735616262026655E-003
   16.2756598240469       3.593840459385823E-003
   16.2932551319648       3.484632730582551E-003
   16.3108504398827       3.348076040398050E-003
   16.3284457478006       3.264651458881864E-003
   16.3460410557185       3.171006866107075E-003
   16.3636363636364       3.148786151799878E-003
   16.3812316715543       3.130077209811329E-003
   16.3988269794721       3.196053645361629E-003
   16.4164222873900       3.266623216466829E-003
   16.4340175953079       3.403571723916136E-003
   16.4516129032258       3.511972017842160E-003
   16.4692082111437       3.660708409072857E-003
   16.4868035190616       3.756826218752359E-003
   16.5043988269795       3.875739270105666E-003
   16.5219941348974       3.924528527310412E-003
   16.5395894428153       3.984555708310905E-003
   16.5571847507331       3.962628459099564E-003
   16.5747800586510       3.946473240046820E-003
   16.5923753665689       3.843277031203426E-003
   16.6099706744868       3.750430166835790E-003
   16.6275659824047       3.583706916615049E-003
   16.6451612903226       3.451357739693607E-003
   16.6627565982405       3.262692578165488E-003
   16.6803519061584       3.125648995467525E-003
   16.6979472140762       2.943915795588177E-003
   16.7155425219941       2.827908429516793E-003
   16.7331378299120       2.676493104443216E-003
   16.7507331378299       2.603417976109753E-003
   16.7683284457478       2.502960086970530E-003
   16.7859237536657       2.492793550598887E-003
   16.8035190615836       2.462827631963339E-003
   16.8211143695015       2.532932052992363E-003
   16.8387096774194       2.579749936722743E-003
   16.8563049853372       2.719813414453731E-003
   16.8739002932551       2.822904556266116E-003
   16.8914956011730       3.009728125804681E-003
   16.9090909090909       3.144213974364067E-003
   16.9266862170088       3.351664690478717E-003
   16.9442815249267       3.489845122266131E-003
   16.9618768328446       3.688881849187091E-003
   16.9794721407625       3.799736838838805E-003
   16.9970674486804       3.957144636163328E-003
   17.0146627565982       4.003503031294153E-003
   17.0322580645161       4.080832992214055E-003
   17.0498533724340       4.031661982315428E-003
   17.0674486803519       4.010112094477546E-003
   17.0850439882698       3.854174434747568E-003
   17.1026392961877       3.727165917905093E-003
   17.1202346041056       3.461283949116217E-003
   17.1378299120235       3.229516937263187E-003
   17.1554252199413       2.857940578517402E-003
   17.1730205278592       2.530506965675376E-003
   17.1906158357771       2.067721860643765E-003
   17.2082111436950       1.668949943744206E-003
   17.2258064516129       1.156960306602924E-003
   17.2434017595308       7.465438060037576E-004
   17.2609970674487       2.433223513786153E-004
   17.2785923753666      -1.343120555260987E-004
   17.2961876832845      -5.961353638578246E-004
   17.3137829912023      -9.153861001888573E-004
   17.3313782991202      -1.317130828141699E-003
   17.3489736070381      -1.564414099805397E-003
   17.3665689149560      -1.898691926679567E-003
   17.3841642228739      -2.071640428184148E-003
   17.4017595307918      -2.343487692068580E-003
   17.4193548387097      -2.454138821385442E-003
   17.4369501466276      -2.679284615522190E-003
   17.4545454545455      -2.734247257962149E-003
   17.4721407624633      -2.910544280186727E-003
   17.4897360703812      -2.902983042707934E-003
   17.5073313782991      -3.024753327575925E-003
   17.5249266862170      -2.948539979933822E-003
   17.5425219941349      -3.013143999278360E-003
   17.5601173020528      -2.866632034620410E-003
   17.5777126099707      -2.878385966539321E-003
   17.5953079178886      -2.669517485944000E-003
   17.6129032258065      -2.650085626629437E-003
   17.6304985337243      -2.417460755419556E-003
   17.6480938416422      -2.420999711998321E-003
   17.6656891495601      -2.207040314707702E-003
   17.6832844574780      -2.265028779961248E-003
   17.7008797653959      -2.086120945745945E-003
   17.7184750733138      -2.213191680362136E-003
   17.7360703812317      -2.071370061225446E-003
   17.7536656891496      -2.271714649122726E-003
   17.7712609970675      -2.156595240238700E-003
   17.7888563049853      -2.425213703641791E-003
   17.8064516129032      -2.310526314639368E-003
   17.8240469208211      -2.630605383667720E-003
   17.8416422287390      -2.484961549792315E-003
   17.8592375366569      -2.878384335113688E-003
   17.8768328445748      -2.712337661220515E-003
   17.8944281524927      -3.258123874800243E-003
   17.9120234604106      -3.099027625823926E-003
   17.9296187683284      -3.960491560320919E-003
   17.9472140762463      -3.851346186810442E-003
   17.9648093841642      -5.472547036419517E-003
   17.9824046920821      -5.491546665612472E-003
   18.0000000000000      -1.074700295524425E-002
