  0.000000000000000E+000 -1.702607080520523E-003
  1.759530791788856E-002 -1.812769864628068E-003
  3.519061583577713E-002 -1.685073946991278E-003
  5.278592375366570E-002 -1.677232186584804E-003
  7.038123167155426E-002 -1.585192787656957E-003
  8.797653958944282E-002 -1.565537874216466E-003
  0.105571847507331      -1.492752745250550E-003
  0.123167155425220      -1.472159326926806E-003
  0.140762463343109      -1.411907374937167E-003
  0.158357771260997      -1.392707270482237E-003
  0.175953079178886      -1.341421026235586E-003
  0.193548387096774      -1.324142146159657E-003
  0.211143695014663      -1.279650415911243E-003
  0.228739002932551      -1.264315393063111E-003
  0.246334310850440      -1.225179359265788E-003
  0.263929618768328      -1.211662312995713E-003
  0.281524926686217      -1.176875175830919E-003
  0.299120234604106      -1.165014089975798E-003
  0.316715542521994      -1.133839573522884E-003
  0.334310850439883      -1.123473161954606E-003
  0.351906158357771      -1.095354700190898E-003
  0.369501466275660      -1.086335198989139E-003
  0.387096774193548      -1.060841335339694E-003
  0.404692082111437      -1.053038718806558E-003
  0.422287390029326      -1.029824799822498E-003
  0.439882697947214      -1.023101247456511E-003
  0.457478005865103      -1.001837054448689E-003
  0.475073313782991      -9.960190756060907E-004
  0.492668621700880      -9.763982938279470E-004
  0.510263929618768      -9.713132625445355E-004
  0.527859237536657      -9.530572573812375E-004
  0.545454545454546      -9.485312269677290E-004
  0.563049853372434      -9.313763184481772E-004
  0.580645161290323      -9.272244928525487E-004
  0.598240469208211      -9.109011061504727E-004
  0.615835777126100      -9.068924117778439E-004
  0.633431085043988      -8.910666090784765E-004
  0.651026392961877      -8.869320711140049E-004
  0.668621700879765      -8.713504680628685E-004
  0.686217008797654      -8.669505136002828E-004
  0.703812316715543      -8.514765727177991E-004
  0.721407624633431      -8.467558273387235E-004
  0.739002932551320      -8.313364997869378E-004
  0.756598240469208      -8.263189074035680E-004
  0.774193548387097      -8.109948792034186E-004
  0.791788856304985      -8.058124240754458E-004
  0.809384164222874      -7.907898013483799E-004
  0.826979472140763      -7.858652421089278E-004
  0.844574780058651      -7.717117825415555E-004
  0.862170087976540      -7.676090836257051E-004
  0.879765395894428      -7.547214993378710E-004
  0.897360703812317      -7.517414919569450E-004
  0.914956011730205      -7.403197040872648E-004
  0.932551319648094      -7.386070190748997E-004
  0.950146627565982      -7.287082322607818E-004
  0.967741935483871      -7.282608238008819E-004
  0.985337243401760      -7.197811757809392E-004
   1.00293255131965      -7.203896177634941E-004
   1.02052785923754      -7.128953366075914E-004
   1.03812316715543      -7.138873351645755E-004
   1.05571847507331      -7.066507760687290E-004
   1.07331378299120      -7.074823524301990E-004
   1.09090909090909      -7.001080003981251E-004
   1.10850439882698      -7.004908871421358E-004
   1.12609970674487      -6.927563910535760E-004
   1.14369501466276      -6.925414175208063E-004
   1.16129032258065      -6.843486462405355E-004
   1.17888563049853      -6.835055968315697E-004
   1.19648093841642      -6.748816252960051E-004
   1.21407624633431      -6.735273566625380E-004
   1.23167155425220      -6.646327693749165E-004
   1.24926686217009      -6.628614766423197E-004
   1.26686217008798      -6.536520482390213E-004
   1.28445747800587      -6.513553363892835E-004
   1.30205278592375      -6.416989092134707E-004
   1.31964809384164      -6.387484622865903E-004
   1.33724340175953      -6.285185774889619E-004
   1.35483870967742      -6.248086022391625E-004
   1.37243401759531      -6.139203560357505E-004
   1.39002932551320      -6.094110354995384E-004
   1.40762463343109      -5.979016345139292E-004
   1.42521994134897      -5.928773173215927E-004
   1.44281524926686      -5.814176250068630E-004
   1.46041055718475      -5.767666985184443E-004
   1.47800586510264      -5.661660094686494E-004
   1.49560117302053      -5.625628341910213E-004
   1.51319648093842      -5.533855496759440E-004
   1.53079178885631      -5.513000076944772E-004
   1.54838709677419      -5.439142399269358E-004
   1.56598240469208      -5.436103867544648E-004
   1.58357771260997      -5.381483285425997E-004
   1.60117302052786      -5.395828904579312E-004
   1.61876832844575      -5.356306284805468E-004
   1.63636363636364      -5.377489541778372E-004
   1.65395894428153      -5.338114415244706E-004
   1.67155425219941      -5.352343696067712E-004
   1.68914956011730      -5.302118059172710E-004
   1.70674486803519      -5.300430625765296E-004
   1.72434017595308      -5.231998678959071E-004
   1.74193548387097      -5.208545105735060E-004
   1.75953079178886      -5.117523057935122E-004
   1.77712609970675      -5.069579387925571E-004
   1.79472140762463      -4.955200407701833E-004
   1.81231671554252      -4.885311580953888E-004
   1.82991202346041      -4.756321214987991E-004
   1.84750733137830      -4.678894802201876E-004
   1.86510263929619      -4.549725031444259E-004
   1.88269794721408      -4.476085978579875E-004
   1.90029325513196      -4.355583348195256E-004
   1.91788856304985      -4.292881748437709E-004
   1.93548387096774      -4.186719488849186E-004
   1.95307917888563      -4.139279357541048E-004
   1.97067448680352      -4.050373097443849E-004
   1.98826979472141      -4.019565912968248E-004
   2.00586510263930      -3.947119499082568E-004
   2.02346041055718      -3.928351236820682E-004
   2.04105571847507      -3.863514902770355E-004
   2.05865102639296      -3.847166460827095E-004
   2.07624633431085      -3.782693408934440E-004
   2.09384164222874      -3.763670240387467E-004
   2.11143695014663      -3.695776471662649E-004
   2.12903225806452      -3.671364731053868E-004
   2.14662756598241      -3.598252155164690E-004
   2.16422287390029      -3.567561297506253E-004
   2.18181818181818      -3.489286692784497E-004
   2.19941348973607      -3.453543355681199E-004
   2.21700879765396      -3.373156577352588E-004
   2.23460410557185      -3.337629589721645E-004
   2.25219941348974      -3.260758179252016E-004
   2.26979472140762      -3.229353138456027E-004
   2.28739002932551      -3.158254565299416E-004
   2.30498533724340      -3.132269474204781E-004
   2.32258064516129      -3.067514346054989E-004
   2.34017595307918      -3.046908096400634E-004
   2.35777126099707      -2.987855404486502E-004
   2.37536656891496      -2.971368152335227E-004
   2.39296187683284      -2.916023972131992E-004
   2.41055718475073      -2.900565031417495E-004
   2.42815249266862      -2.844342218802345E-004
   2.44574780058651      -2.824903205249544E-004
   2.46334310850440      -2.764157283250238E-004
   2.48093841642229      -2.738742804641586E-004
   2.49853372434018      -2.672458369279855E-004
   2.51612903225806      -2.640732655567165E-004
   2.53372434017595      -2.569154870466325E-004
   2.55131964809384      -2.531927860288545E-004
   2.56891495601173      -2.456449438191319E-004
   2.58651026392962      -2.415799254657711E-004
   2.60410557184751      -2.339451669074477E-004
   2.62170087976540      -2.300023994395395E-004
   2.63929618768328      -2.228948669673328E-004
   2.65689149560117      -2.196501952615302E-004
   2.67448680351906      -2.134714859847411E-004
   2.69208211143695      -2.111933060081099E-004
   2.70967741935484      -2.061264867747226E-004
   2.72727272727273      -2.049274348847156E-004
   2.74486803519062      -2.010194883308239E-004
   2.76246334310850      -2.008808001444188E-004
   2.78005865102639      -1.980385178053763E-004
   2.79765395894428      -1.987751050906270E-004
   2.81524926686217      -1.966573537081167E-004
   2.83284457478006      -1.976983281442563E-004
   2.85043988269795      -1.956276879842648E-004
   2.86803519061584      -1.964122180567658E-004
   2.88563049853372      -1.939834136886308E-004
   2.90322580645161      -1.942060419439629E-004
   2.92082111436950      -1.911857789332322E-004
   2.93841642228739      -1.906755785315132E-004
   2.95601173020528      -1.869509287976265E-004
   2.97360703812317      -1.856550561227639E-004
   2.99120234604106      -1.812396381226457E-004
   3.00879765395894      -1.792671791958894E-004
   3.02639296187683      -1.744258647425239E-004
   3.04398826979472      -1.721757276110015E-004
   3.06158357771261      -1.672924042862150E-004
   3.07917888563050      -1.650488041211927E-004
   3.09677419354839      -1.603354984737028E-004
   3.11436950146628      -1.582674182942035E-004
   3.13196480938416      -1.538588260068443E-004
   3.14956011730205      -1.520723856156964E-004
   3.16715542521994      -1.480473172032102E-004
   3.18475073313783      -1.465938039771734E-004
   3.20234604105572      -1.429697326683790E-004
   3.21994134897361      -1.418127990785256E-004
   3.23753665689150      -1.384861216282625E-004
   3.25513196480938      -1.375011973813696E-004
   3.27272727272727      -1.343808783371065E-004
   3.29032258064516      -1.335123746408226E-004
   3.30791788856305      -1.305643693215881E-004
   3.32551319648094      -1.297958958559893E-004
   3.34310850439883      -1.270194729912478E-004
   3.36070381231672      -1.263668520720229E-004
   3.37829912023460      -1.237965344897611E-004
   3.39589442815249      -1.233189454621920E-004
   3.41348973607038      -1.210580852535109E-004
   3.43108504398827      -1.209343359165216E-004
   3.44868035190616      -1.192058810784612E-004
   3.46627565982405      -1.196241478475553E-004
   3.48387096774194      -1.185553880589630E-004
   3.50146627565982      -1.195989641730134E-004
   3.51906158357771      -1.192380301119055E-004
   3.53665689149560      -1.209222750942495E-004
   3.55425219941349      -1.212502584729389E-004
   3.57184750733138      -1.235178924557152E-004
   3.58944281524927      -1.244298442630789E-004
   3.60703812316716      -1.271010863079904E-004
   3.62463343108504      -1.282727663662034E-004
   3.64222873900293      -1.308720611420064E-004
   3.65982404692082      -1.318215839267569E-004
   3.67741935483871      -1.339784642491686E-004
   3.69501466275660      -1.344316540199781E-004
   3.71260997067449      -1.359379952202665E-004
   3.73020527859238      -1.357436045549232E-004
   3.74780058651026      -1.365023620296323E-004
   3.76539589442815      -1.356189443925286E-004
   3.78299120234604      -1.356523530222300E-004
   3.80058651026393      -1.341844564769280E-004
   3.81818181818182      -1.337400691184024E-004
   3.83577712609971      -1.321252176551265E-004
   3.85337243401760      -1.317015747207860E-004
   3.87096774193548      -1.303265846414346E-004
   3.88856304985337      -1.301908977192017E-004
   3.90615835777126      -1.292489197349555E-004
   3.92375366568915      -1.295385817914668E-004
   3.94134897360704      -1.291189863415857E-004
   3.95894428152493      -1.298784564289418E-004
   3.97653958944282      -1.299790267113180E-004
   3.99413489736070      -1.311538247180246E-004
   4.01173020527859      -1.316432856679415E-004
   4.02932551319648      -1.330002510716420E-004
   4.04692082111437      -1.336077084941210E-004
   4.06451612903226      -1.349467403547841E-004
   4.08211143695015      -1.355587419966151E-004
   4.09970674486804      -1.368167673911340E-004
   4.11730205278592      -1.374024086633175E-004
   4.13489736070381      -1.385753303797903E-004
   4.15249266862170      -1.391542639396951E-004
   4.17008797653959      -1.402859673728889E-004
   4.18768328445748      -1.409284063993642E-004
   4.20527859237537      -1.421257615442462E-004
   4.22287390029326      -1.429870988928568E-004
   4.24046920821114      -1.444192677728424E-004
   4.25806451612903      -1.456061392484474E-004
   4.27565982404692      -1.473003317496035E-004
   4.29325513196481      -1.487941059029760E-004
   4.31085043988270      -1.507038479854144E-004
   4.32844574780059      -1.524340903829836E-004
   4.34604105571848      -1.544671411350367E-004
   4.36363636363636      -1.563187456317223E-004
   4.38123167155425      -1.583345602223924E-004
   4.39882697947214      -1.601338431418967E-004
   4.41642228739003      -1.619083405244098E-004
   4.43401759530792      -1.633936052696570E-004
   4.45161290322581      -1.647125027091293E-004
   4.46920821114370      -1.657668853820560E-004
   4.48680351906158      -1.665801057664033E-004
   4.50439882697947      -1.671901064602523E-004
   4.52199413489736      -1.675127812198783E-004
   4.53958944281525      -1.677185757851446E-004
   4.55718475073314      -1.676160765028511E-004
   4.57478005865103      -1.675097836327758E-004
   4.59237536656892      -1.671064771030271E-004
   4.60997067448680      -1.668612402356170E-004
   4.62756598240469      -1.663970901140668E-004
   4.64516129032258      -1.662709273534441E-004
   4.66275659824047      -1.659395896277181E-004
   4.68035190615836      -1.660485861444670E-004
   4.69794721407625      -1.659210407735438E-004
   4.71554252199414      -1.663060290462572E-004
   4.73313782991202      -1.663983685125392E-004
   4.75073313782991      -1.670524817497204E-004
   4.76832844574780      -1.673357911958792E-004
   4.78592375366569      -1.682059642604011E-004
   4.80351906158358      -1.685978277965789E-004
   4.82111436950147      -1.695674182199922E-004
   4.83870967741935      -1.699526221089300E-004
   4.85630498533724      -1.709663149454449E-004
   4.87390029325513      -1.713516035103445E-004
   4.89149560117302      -1.724417262419237E-004
   4.90909090909091      -1.728700335138719E-004
   4.92668621700880      -1.740850301674695E-004
   4.94428152492669      -1.746079136444462E-004
   4.96187683284458      -1.759997563148090E-004
   4.97947214076246      -1.766679617263432E-004
   4.99706744868035      -1.782827889162374E-004
   5.01466275659824      -1.791277355410814E-004
   5.03225806451613      -1.809434998473516E-004
   5.04985337243402      -1.818683706035757E-004
   5.06744868035191      -1.837533791193273E-004
   5.08504398826980      -1.846329059959458E-004
   5.10263929618768      -1.864723364940832E-004
   5.12023460410557      -1.871996026304614E-004
   5.13782991202346      -1.888921284243418E-004
   5.15542521994135      -1.893710000425705E-004
   5.17302052785924      -1.908240540122934E-004
   5.19061583577713      -1.909653769448329E-004
   5.20821114369502      -1.920915012867626E-004
   5.22580645161290      -1.918207565951383E-004
   5.24340175953079      -1.925838826012845E-004
   5.26099706744868      -1.919106331760089E-004
   5.27859237536657      -1.923426120200320E-004
   5.29618768328446      -1.913061718262387E-004
   5.31378299120235      -1.914511570219086E-004
   5.33137829912024      -1.901008369585373E-004
   5.34897360703812      -1.900122886038450E-004
   5.36656891495601      -1.884063520796528E-004
   5.38416422287390      -1.881465815799595E-004
   5.40175953079179      -1.863523521660320E-004
   5.41935483870968      -1.859882678353385E-004
   5.43695014662757      -1.840522658746030E-004
   5.45454545454546      -1.835943168860923E-004
   5.47214076246334      -1.815083635620243E-004
   5.48973607038123      -1.809479902865963E-004
   5.50733137829912      -1.787076924628490E-004
   5.52492668621701      -1.780444586492168E-004
   5.54252199413490      -1.756548909108018E-004
   5.56011730205279      -1.748994794663516E-004
   5.57771260997067      -1.723793790680521E-004
   5.59530791788856      -1.715603432229476E-004
   5.61290322580645      -1.689576735768209E-004
   5.63049853372434      -1.681587580083201E-004
   5.64809384164223      -1.655872818949311E-004
   5.66568914956012      -1.649164265117274E-004
   5.68328445747801      -1.624621387432130E-004
   5.70087976539589      -1.619875681686410E-004
   5.71847507331378      -1.597060338659980E-004
   5.73607038123167      -1.594708832985343E-004
   5.75366568914956      -1.573935634970970E-004
   5.77126099706745      -1.574153568192972E-004
   5.78885630498534      -1.555437391941182E-004
   5.80645161290323      -1.557976269747026E-004
   5.82404692082111      -1.540507091691254E-004
   5.84164222873900      -1.543788506168179E-004
   5.85923753665689      -1.525700216824143E-004
   5.87683284457478      -1.528142578033399E-004
   5.89442815249267      -1.508201365285831E-004
   5.91202346041056      -1.508804130083813E-004
   5.92961876832845      -1.486218307042012E-004
   5.94721407624634      -1.484375252401376E-004
   5.96480938416422      -1.458735366560553E-004
   5.98240469208211      -1.454243498640950E-004
   6.00000000000000      -1.425611306923458E-004
   6.01759530791789      -1.418936207374241E-004
   6.03519061583578      -1.388274485038001E-004
   6.05278592375367      -1.380487987491582E-004
   6.07038123167156      -1.348558816872076E-004
   6.08797653958944      -1.340127030131639E-004
   6.10557184750733      -1.307250756680366E-004
   6.12316715542522      -1.298394658040138E-004
   6.14076246334311      -1.264732967775030E-004
   6.15835777126100      -1.255563148337786E-004
   6.17595307917889      -1.221199683113204E-004
   6.19354838709677      -1.211774170336687E-004
   6.21114369501466      -1.176766175522394E-004
   6.22873900293255      -1.167159623941062E-004
   6.24633431085044      -1.131623055449042E-004
   6.26392961876833      -1.121956426256024E-004
   6.28152492668622      -1.086003846663884E-004
   6.29912023460411      -1.076375281264337E-004
   6.31671554252199      -1.040110492450982E-004
   6.33431085043988      -1.030627246948146E-004
   6.35190615835777      -9.941798650917063E-005
   6.36950146627566      -9.849947712018760E-005
   6.38709677419355      -9.485669618834944E-005
   6.40469208211144      -9.399561121109928E-005
   6.42228739002933      -9.039553734036414E-005
   6.43988269794721      -8.963644059276683E-005
   6.45747800586510      -8.610667277985459E-005
   6.47507331378299      -8.545284886849704E-005
   6.49266862170088      -8.198327209428038E-005
   6.51026392961877      -8.141605409792832E-005
   6.52785923753666      -7.798247194310909E-005
   6.54545454545455      -7.747243397275219E-005
   6.56304985337243      -7.404213671271148E-005
   6.58064516129032      -7.355307012946723E-005
   6.59824046920821      -7.008826869095251E-005
   6.61583577712610      -6.958350608876424E-005
   6.63343108504399      -6.606524898492832E-005
   6.65102639296188      -6.555403088719691E-005
   6.66862170087977      -6.200737919360446E-005
   6.68621700879765      -6.151363983577099E-005
   6.70381231671554      -5.795994114352472E-005
   6.72140762463343      -5.750225872720168E-005
   6.73900293255132      -5.395918588108472E-005
   6.75659824046921      -5.355403372925154E-005
   6.77419354838710      -5.003912620330555E-005
   6.79178885630499      -4.970565675470437E-005
   6.80938416422287      -4.624553695948853E-005
   6.82697947214076      -4.602690587887049E-005
   6.84457478005865      -4.268073558711943E-005
   6.86217008797654      -4.262967587732730E-005
   6.87976539589443      -3.943150486266820E-005
   6.89736070381232      -3.956546246975552E-005
   6.91495601173021      -3.652114872121103E-005
   6.93255131964809      -3.683447150703455E-005
   6.95014662756598      -3.392851778854414E-005
   6.96774193548387      -3.439466020086544E-005
   6.98533724340176      -3.158994476846307E-005
   7.00293255131965      -3.215798118346344E-005
   7.02052785923754      -2.939118658568766E-005
   7.03812316715543      -3.000340604262002E-005
   7.05571847507331      -2.724884917774493E-005
   7.07331378299120      -2.790520170798895E-005
   7.09090909090909      -2.517071900200770E-005
   7.10850439882698      -2.587907449563987E-005
   7.12609970674487      -2.317199848749663E-005
   7.14369501466276      -2.393679688313999E-005
   7.16129032258065      -2.125899965897817E-005
   7.17888563049853      -2.207743747118705E-005
   7.19648093841642      -1.942151130947720E-005
   7.21407624633431      -2.027884080591568E-005
   7.23167155425220      -1.762947123686357E-005
   7.24926686217009      -1.852247783143728E-005
   7.26686217008798      -1.589219260577101E-005
   7.28445747800587      -1.683819448570498E-005
   7.30205278592375      -1.424428466184940E-005
   7.31964809384164      -1.525774117321407E-005
   7.33724340175953      -1.271197861083580E-005
   7.35483870967742      -1.379981171706000E-005
   7.37243401759531      -1.130428530043839E-005
   7.39002932551320      -1.246102790415870E-005
   7.40762463343109      -1.000051123203417E-005
   7.42521994134897      -1.119939985510551E-005
   7.44281524926686      -8.751695526636879E-006
   7.46041055718475      -9.991035150221788E-006
   7.47800586510264      -7.572327881471245E-006
   7.49560117302053      -8.873363197141283E-006
   7.51319648093842      -6.506610807318673E-006
   7.53079178885631      -7.890909791259875E-006
   7.54838709677419      -5.595820947048373E-006
   7.56598240469208      -7.078429918379488E-006
   7.58357771260997      -4.864478345930361E-006
   7.60117302052786      -6.444542272260816E-006
   7.61876832844575      -4.295583941124520E-006
   7.63636363636364      -5.946237547589965E-006
   7.65395894428153      -3.851794039809804E-006
   7.67155425219941      -5.589310879460690E-006
   7.68914956011730      -3.582031246778460E-006
   7.70674486803519      -5.445274410320366E-006
   7.72434017595308      -3.568179299236732E-006
   7.74193548387097      -5.600690776763589E-006
   7.75953079178886      -3.897094354147256E-006
   7.77712609970675      -6.138204283280483E-006
   7.79472140762463      -4.641431960574609E-006
   7.81231671554252      -7.107524073809818E-006
   7.82991202346041      -5.794394290839030E-006
   7.84750733137830      -8.418106806644849E-006
   7.86510263929619      -7.215033041655925E-006
   7.88269794721408      -9.941129498670341E-006
   7.90029325513197      -8.809987029823496E-006
   7.91788856304985      -1.161059586063721E-005
   7.93548387096774      -1.053233541100949E-005
   7.95307917888563      -1.339396012924097E-005
   7.97067448680352      -1.236003212766803E-005
   7.98826979472141      -1.527577359268085E-005
   8.00586510263930      -1.427822761711387E-005
   8.02346041055718      -1.722804282653592E-005
   8.04105571847507      -1.623113830712428E-005
   8.05865102639296      -1.917839574136440E-005
   8.07624633431085      -1.816295111010074E-005
   8.09384164222874      -2.110433904736030E-005
   8.11143695014663      -2.007968385758307E-005
   8.12903225806452      -2.303409754793490E-005
   8.14662756598241      -2.202859265527948E-005
   8.16422287390029      -2.503165006497028E-005
   8.18181818181818      -2.408834474559293E-005
   8.19941348973607      -2.718788558360807E-005
   8.21700879765396      -2.635138053151264E-005
   8.23460410557185      -2.955309375106949E-005
   8.25219941348974      -2.877123331298056E-005
   8.26979472140763      -3.199800247364348E-005
   8.28739002932551      -3.120347884609592E-005
   8.30498533724340      -3.440114370668023E-005
   8.32258064516129      -3.355334176738928E-005
   8.34017595307918      -3.669352837224955E-005
   8.35777126099707      -3.577797044685363E-005
   8.37536656891496      -3.885992105479906E-005
   8.39296187683285      -3.789266149294531E-005
   8.41055718475073      -4.095314974758032E-005
   8.42815249266862      -3.999205382653179E-005
   8.44574780058651      -4.308438052631615E-005
   8.46334310850440      -4.215719666662672E-005
   8.48093841642229      -4.528989462697388E-005
   8.49853372434018      -4.440158950067419E-005
   8.51612903225807      -4.757997584049015E-005
   8.53372434017595      -4.673964392196117E-005
   8.55131964809384      -4.997707147242233E-005
   8.56891495601173      -4.920509474817628E-005
   8.58651026392962      -5.252947398654025E-005
   8.60410557184751      -5.186538547614115E-005
   8.62170087976540      -5.532180620539988E-005
   8.63929618768329      -5.478643143670799E-005
   8.65689149560117      -5.834441152425065E-005
   8.67448680351906      -5.787711827987616E-005
   8.69208211143695      -6.147202430042107E-005
   8.70967741935484      -6.101275800151604E-005
   8.72727272727273      -6.459039764263276E-005
   8.74486803519062      -6.409458613909254E-005
   8.76246334310851      -6.762138762543976E-005
   8.78005865102639      -6.707168631292549E-005
   8.79765395894428      -7.055149207508720E-005
   8.81524926686217      -6.999085780500869E-005
   8.83284457478006      -7.351713159899651E-005
   8.85043988269795      -7.305132588948599E-005
   8.86803519061584      -7.668933367177144E-005
   8.88563049853373      -7.634441009707841E-005
   8.90322580645161      -8.009824705006840E-005
   8.92082111436950      -7.986599989826642E-005
   8.93841642228739      -8.371843575530619E-005
   8.95601173020528      -8.357698818196504E-005
   8.97360703812317      -8.750328986344087E-005
   8.99120234604106      -8.742935375929072E-005
   9.00879765395895      -9.141257315286509E-005
   9.02639296187683      -9.140672574086265E-005
   9.04398826979472      -9.545981464874954E-005
   9.06158357771261      -9.552646760674267E-005
   9.07917888563050      -9.963363998488223E-005
   9.09677419354839      -9.974445355264078E-005
   9.11436950146628      -1.038694398365697E-004
   9.13196480938416      -1.039842997292527E-004
   9.14956011730205      -1.080846444695826E-004
   9.16715542521994      -1.081626613889716E-004
   9.18475073313783      -1.122015995275621E-004
   9.20234604105572      -1.122182051868286E-004
   9.21994134897361      -1.162033918277353E-004
   9.23753665689150      -1.162228724891389E-004
   9.25513196480938      -1.202459713700601E-004
   9.27272727272727      -1.203364367218350E-004
   9.29032258064516      -1.244312520917757E-004
   9.30791788856305      -1.246039517773621E-004
   9.32551319648094      -1.287629340849579E-004
   9.34310850439883      -1.289958180548939E-004
   9.36070381231672      -1.331832584420289E-004
   9.37829912023460      -1.334300251663262E-004
   9.39589442815249      -1.375897543090114E-004
   9.41348973607038      -1.377922820818197E-004
   9.43108504398827      -1.418943996325248E-004
   9.44868035190616      -1.420795264204143E-004
   9.46627565982405      -1.461800894585670E-004
   9.48387096774194      -1.463962738987521E-004
   9.50146627565982      -1.505264866131924E-004
   9.51906158357771      -1.507905210550919E-004
   9.53665689149560      -1.549523001980506E-004
   9.55425219941349      -1.552526134302629E-004
   9.57184750733138      -1.594196904764274E-004
   9.58944281524927      -1.597159976011347E-004
   9.60703812316716      -1.638317818204213E-004
   9.62463343108504      -1.640646752277617E-004
   9.64222873900293      -1.681015277615946E-004
   9.65982404692082      -1.682898898973789E-004
   9.67741935483871      -1.722829781651255E-004
   9.69501466275660      -1.724558879429372E-004
   9.71260997067449      -1.764232896021028E-004
   9.73020527859238      -1.765875316808258E-004
   9.74780058651026      -1.805221827993861E-004
   9.76539589442815      -1.806562899697513E-004
   9.78299120234604      -1.845187595741977E-004
   9.80058651026393      -1.845620438949064E-004
   9.81818181818182      -1.882659327076381E-004
   9.83577712609971      -1.881368089068262E-004
   9.85337243401760      -1.916559543715755E-004
   9.87096774193548      -1.913831798529695E-004
   9.88856304985337      -1.947633574875250E-004
   9.90615835777126      -1.943943177836956E-004
   9.92375366568915      -1.976788515963425E-004
   9.94134897360704      -1.972504977276696E-004
   9.95894428152493      -2.004661358058597E-004
   9.97653958944282      -1.999925154962950E-004
   9.99413489736071      -2.031350937941070E-004
   10.0117302052786      -2.025846778295755E-004
   10.0293255131965      -2.055949440215163E-004
   10.0469208211144      -2.049219677013637E-004
   10.0645161290323      -2.078014297304125E-004
   10.0821114369501      -2.070421238608400E-004
   10.0997067448680      -2.098377343506016E-004
   10.1173020527859      -2.090418040454509E-004
   10.1348973607038      -2.118002982786788E-004
   10.1524926686217      -2.110082162859517E-004
   10.1700879765396      -2.137581257889094E-004
   10.1876832844575      -2.129812804369222E-004
   10.2052785923754      -2.157026729342199E-004
   10.2228739002933      -2.148660711832477E-004
   10.2404692082111      -2.174371803312914E-004
   10.2580645161290      -2.164420829951905E-004
   10.2756598240469      -2.188259797155187E-004
   10.2932551319648      -2.176781386058036E-004
   10.3108504398827      -2.199031314448744E-004
   10.3284457478006      -2.186469882465664E-004
   10.3460410557185      -2.207671124731258E-004
   10.3636363636364      -2.194629323206324E-004
   10.3812316715543      -2.215386741009484E-004
   10.3988269794721      -2.202412793671430E-004
   10.4164222873900      -2.223003731813859E-004
   10.4340175953079      -2.209744396242343E-004
   10.4516129032258      -2.229291247729338E-004
   10.4692082111437      -2.214979454528862E-004
   10.4868035190616      -2.233078164870020E-004
   10.5043988269795      -2.217589791346569E-004
   10.5219941348974      -2.234315973005788E-004
   10.5395894428153      -2.217892406959746E-004
   10.5571847507331      -2.233612885678184E-004
   10.5747800586510      -2.216720938040401E-004
   10.5923753665689      -2.231955054443095E-004
   10.6099706744868      -2.215067008159940E-004
   10.6275659824047      -2.229806730437434E-004
   10.6451612903226      -2.212079811542562E-004
   10.6627565982405      -2.225061694376097E-004
   10.6803519061584      -2.205448520911175E-004
   10.6979472140762      -2.215963603671987E-004
   10.7155425219941      -2.194037500668921E-004
   10.7331378299120      -2.201909077575154E-004
   10.7507331378299      -2.177737986325346E-004
   10.7683284457478      -2.183266669780390E-004
   10.7859237536657      -2.157394689879029E-004
   10.8035190615836      -2.161377080699087E-004
   10.8211143695015      -2.134707537409345E-004
   10.8387096774194      -2.137505383653278E-004
   10.8563049853372      -2.109437721304550E-004
   10.8739002932551      -2.109970823645022E-004
   10.8914956011730      -2.079490577271758E-004
   10.9090909090909      -2.076910909488321E-004
   10.9266862170088      -2.043370712539972E-004
   10.9442815249267      -2.037253514289967E-004
   10.9618768328446      -2.000490609006140E-004
   10.9794721407625      -1.990979951055740E-004
   10.9970674486804      -1.951533474025843E-004
   11.0146627565982      -1.939741055248707E-004
   11.0322580645161      -1.899182514172434E-004
   11.0498533724340      -1.886278852892943E-004
   11.0674486803519      -1.844861494871328E-004
   11.0850439882698      -1.830531439385129E-004
   11.1026392961877      -1.787748572135667E-004
   11.1202346041056      -1.771415091654203E-004
   11.1378299120235      -1.726698157254550E-004
   11.1554252199413      -1.707852865897554E-004
   11.1730205278592      -1.660825162360934E-004
   11.1906158357771      -1.639296188523869E-004
   11.2082111436950      -1.590184876888518E-004
   11.2258064516129      -1.566910838481301E-004
   11.2434017595308      -1.517186146963085E-004
   11.2609970674487      -1.493333452514429E-004
   11.2785923753666      -1.443475505781730E-004
   11.2961876832845      -1.419065074816230E-004
   11.3137829912023      -1.368835075706422E-004
   11.3313782991202      -1.343439891864313E-004
   11.3489736070381      -1.292288443031166E-004
   11.3665689149560      -1.265279180063120E-004
   11.3841642228739      -1.212558789244863E-004
   11.4017595307918      -1.183350991533748E-004
   11.4193548387097      -1.128856683892915E-004
   11.4369501466276      -1.098151356987963E-004
   11.4545454545455      -1.043337246251551E-004
   11.4721407624633      -1.012502142282700E-004
   11.4897360703812      -9.583119102823274E-005
   11.5073313782991      -9.279520893324826E-005
   11.5249266862170      -8.747149927226156E-005
   11.5425219941349      -8.449117789345390E-005
   11.5601173020528      -7.924831455862745E-005
   11.5777126099707      -7.628714710932979E-005
   11.5953079178886      -7.106732483967709E-005
   11.6129032258065      -6.804949269749298E-005
   11.6304985337243      -6.280681073175631E-005
   11.6480938416422      -5.978253663328373E-005
   11.6656891495601      -5.464451447507282E-005
   11.6832844574780      -5.175077939648096E-005
   11.7008797653959      -4.683743372774065E-005
   11.7184750733138      -4.417441473345114E-005
   11.7360703812317      -3.956424637518194E-005
   11.7536656891496      -3.718552732535135E-005
   11.7712609970675      -3.290327218939263E-005
   11.7888563049853      -3.079781170562000E-005
   11.8064516129032      -2.678064384222606E-005
   11.8240469208211      -2.481963107232522E-005
   11.8416422287390      -2.092921519776886E-005
   11.8592375366569      -1.906022136627385E-005
   11.8768328445748      -1.533762245404277E-005
   11.8944281524927      -1.364403267827659E-005
   11.9120234604106      -1.019076624589273E-005
   11.9296187683284      -8.782847472724218E-006
   11.9472140762463      -5.710739011087678E-006
   11.9648093841642      -4.695165105908033E-006
   11.9824046920821      -2.097483936652170E-006
   12.0000000000000      -1.540456768890891E-006
   12.0175953079179       5.866289500900401E-007
   12.0351906158358       8.267007702233015E-007
   12.0527859237537       2.722831130636622E-006
   12.0703812316716       2.857065704698084E-006
   12.0879765395894       4.662795076041615E-006
   12.1055718475073       4.782579482781018E-006
   12.1231671554252       6.552959311660111E-006
   12.1407624633431       6.685294137064382E-006
   12.1583577712610       8.424904084944645E-006
   12.1759530791789       8.558839514256789E-006
   12.1935483870968       1.024906149005915E-005
   12.2111436950147       1.038055279336150E-005
   12.2287390029326       1.207220032138757E-005
   12.2463343108504       1.228854056221511E-005
   12.2639296187683       1.401530382071674E-005
   12.2815249266862       1.425287125275318E-005
   12.2991202346041       1.586974164441700E-005
   12.3167155425220       1.591573064201882E-005
   12.3343108504399       1.714557883971586E-005
   12.3519061583578       1.665932410034794E-005
   12.3695014662757       1.709601870255771E-005
   12.3870967741935       1.560156860978140E-005
   12.4046920821114       1.468972802595513E-005
   12.4222873900293       1.170710945162086E-005
   12.4398826979472       9.547082707565018E-006
   12.4574780058651       5.999712116674133E-006
   12.4750733137830       3.906363540158359E-006
   12.4926686217009       1.118414324263225E-006
   12.5102639296188       3.680354837555661E-007
   12.5278592375367      -4.441309176500263E-007
   12.5454545454545       1.293311693839338E-006
   12.5630498533724       3.518150546280352E-006
   12.5806451612903       8.705631532167441E-006
   12.5982404692082       1.480926991401420E-005
   12.6158357771261       2.404550142606028E-005
   12.6334310850440       3.383775737437497E-005
   12.6510263929619       4.571144693198913E-005
   12.6686217008798       5.700311040605308E-005
   12.6862170087977       6.909656891669718E-005
   12.7038123167155       7.931965824029572E-005
   12.7214076246334       8.885991237399627E-005
   12.7390029325513       9.496988226444331E-005
   12.7565982404692       9.855866943696422E-005
   12.7741935483871       9.666590902421759E-005
   12.7917888563050       8.971671025026146E-005
   12.8093841642229       7.405040208374839E-005
   12.8269794721408       5.100804296184107E-005
   12.8445747800587       2.129968510705596E-005
   12.8621700879765      -1.027800061226664E-005
   12.8797653958944      -4.180042948849930E-005
   12.8973607038123      -6.793043875353130E-005
   12.9149560117302      -8.616503810891118E-005
   12.9325513196481      -9.083369043936615E-005
   12.9501466275660      -7.901116192767882E-005
   12.9677419354839      -4.481550219022929E-005
   12.9853372434018       1.494010780517846E-005
   13.0029325513196       1.060169773874513E-004
   13.0205278592375       2.268729076626035E-004
   13.0381231671554       3.687144520690472E-004
   13.0557184750733       5.200174452831829E-004
   13.0733137829912       6.723640483915465E-004
   13.0909090909091       8.158383170913701E-004
   13.1085043988270       9.435709175028453E-004
   13.1260997067449       1.047392658314731E-003
   13.1436950146628       1.122441490776622E-003
   13.1612903225806       1.163006409348276E-003
   13.1788856304985       1.167656860148076E-003
   13.1964809384164       1.135556397093657E-003
   13.2140762463343       1.077430204044259E-003
   13.2316715542522       1.014797281662884E-003
   13.2492668621701       9.648245468145895E-004
   13.2668621700880       9.379910852491990E-004
   13.2844574780059       9.417541135871771E-004
   13.3020527859238       9.796601201279757E-004
   13.3196480938416       1.052928920219669E-003
   13.3372434017595       1.159065539580170E-003
   13.3548387096774       1.292876312325174E-003
   13.3724340175953       1.444467350247834E-003
   13.3900293255132       1.599482350570690E-003
   13.4076246334311       1.732114133807179E-003
   13.4252199413490       1.810212623931772E-003
   13.4428152492669       1.818722730311244E-003
   13.4604105571848       1.756401705083072E-003
   13.4780058651026       1.626678863675565E-003
   13.4956011730205       1.437793255692455E-003
   13.5131964809384       1.201217395245621E-003
   13.5307917888563       9.316497149407921E-004
   13.5483870967742       6.470480232887557E-004
   13.5659824046921       3.682706676201079E-004
   13.5835777126100       1.205219680169086E-004
   13.6011730205279      -6.637665317598315E-005
   13.6187683284457      -1.612025179059025E-004
   13.6363636363636      -1.634833187958423E-004
   13.6539589442815      -8.747086173183644E-005
   13.6715542521994       5.009592178122532E-005
   13.6891495601173       2.304847915512461E-004
   13.7067448680352       4.340360550445282E-004
   13.7243401759531       6.405323167031877E-004
   13.7419354838710       8.292634191233801E-004
   13.7595307917889       9.797844605342473E-004
   13.7771260997067       1.071759964908555E-003
   13.7947214076246       1.086185528338514E-003
   13.8123167155425       1.010060417602497E-003
   13.8299120234604       8.604777890513276E-004
   13.8475073313783       6.637077960504545E-004
   13.8651026392962       4.432132820863201E-004
   13.8826979472141       2.183784044597102E-004
   13.9002932551320       7.632644379402782E-006
   13.9178885630499      -1.744307474095718E-004
   13.9354838709677      -3.139570288970815E-004
   13.9530791788856      -4.013845059459772E-004
   13.9706744868035      -4.284892597368354E-004
   13.9882697947214      -3.928346520020317E-004
   14.0058651026393      -2.979946529675791E-004
   14.0234604105572      -1.666501971088935E-004
   14.0410557184751      -2.295384732518275E-005
   14.0586510263930       1.173094425633964E-004
   14.0762463343109       2.439051899191987E-004
   14.0938416422287       3.483780238995640E-004
   14.1114369501466       4.266073308542343E-004
   14.1290322580645       4.748156214153352E-004
   14.1466275659824       4.935438577813075E-004
   14.1642228739003       4.832320482427199E-004
   14.1818181818182       4.493367059871860E-004
   14.1994134897361       3.979203557158949E-004
   14.2170087976540       3.431449367571525E-004
   14.2346041055718       2.934221791453067E-004
   14.2521994134897       2.527854781753184E-004
   14.2697947214076       2.211955835259792E-004
   14.2873900293255       1.996070891234736E-004
   14.3049853372434       1.860239403952726E-004
   14.3225806451613       1.803504538022310E-004
   14.3401759530792       1.796981335690798E-004
   14.3577712609971       1.835468261620960E-004
   14.3753665689150       1.886582186642019E-004
   14.3929618768328       1.945581509691958E-004
   14.4105571847507       1.986651382882261E-004
   14.4281524926686       2.037042003992985E-004
   14.4457478005865       2.099387866248990E-004
   14.4633431085044       2.198665586975098E-004
   14.4809384164223       2.323733558019216E-004
   14.4985337243402       2.491123516689344E-004
   14.5161290322581       2.681124946702194E-004
   14.5337243401760       2.903655498615072E-004
   14.5513196480938       3.131270810108776E-004
   14.5689149560117       3.367080423098842E-004
   14.5865102639296       3.574688190368405E-004
   14.6041055718475       3.746194684698413E-004
   14.6217008797654       3.837929366980425E-004
   14.6392961876833       3.868467771882925E-004
   14.6568914956012       3.831896019215737E-004
   14.6744868035191       3.761699856228145E-004
   14.6920821114370       3.656290697197619E-004
   14.7096774193548       3.553117493254886E-004
   14.7272727272727       3.452333851055941E-004
   14.7448680351906       3.393814625077779E-004
   14.7624633431085       3.378757155014625E-004
   14.7800586510264       3.449069982416392E-004
   14.7976539589443       3.607077627975072E-004
   14.8152492668622       3.892880736706339E-004
   14.8328445747801       4.276676720182646E-004
   14.8504398826979       4.758024365830342E-004
   14.8680351906158       5.293734053076007E-004
   14.8856304985337       5.882751799571195E-004
   14.9032258064516       6.480911750304994E-004
   14.9208211143695       7.087313612668482E-004
   14.9384164222874       7.657378979025697E-004
   14.9560117302053       8.190935663042810E-004
   14.9736070381232       8.643982666910411E-004
   14.9912023460411       9.018610199466590E-004
   15.0087976539589       9.277978964427875E-004
   15.0263929618768       9.472765111533892E-004
   15.0439882697947       9.635834887524694E-004
   15.0615835777126       9.839374461211607E-004
   15.0791788856305       1.010281073692367E-003
   15.0967741935484       1.048773571465293E-003
   15.1143695014663       1.100169304111691E-003
   15.1319648093842       1.169462947585914E-003
   15.1495601173021       1.255889927549952E-003
   15.1671554252199       1.362694099513906E-003
   15.1847507331378       1.486484249802937E-003
   15.2023460410557       1.626221150582096E-003
   15.2199413489736       1.766927488887399E-003
   15.2375366568915       1.892840190574368E-003
   15.2551319648094       1.989476734703222E-003
   15.2727272727273       2.050087816473583E-003
   15.2903225806452       2.066094277623529E-003
   15.3079178885631       2.036009369217489E-003
   15.3255131964809       1.955879150359100E-003
   15.3431085043988       1.829367101050401E-003
   15.3607038123167       1.657871940417299E-003
   15.3782991202346       1.452238757099759E-003
   15.3958944281525       1.222989618579098E-003
   15.4134897360704       1.000488327822888E-003
   15.4310850439883       8.177754769570909E-004
   15.4486803519062       6.970396499680442E-004
   15.4662756598240       6.467547793969497E-004
   15.4838709677419       6.734570602357815E-004
   15.5014662756598       7.748454096637483E-004
   15.5190615835777       9.481827189802104E-004
   15.5366568914956       1.182200050188845E-003
   15.5542521994135       1.464977157389349E-003
   15.5718475073314       1.774627125063208E-003
   15.5894428152493       2.086354561636007E-003
   15.6070381231672       2.356122047537532E-003
   15.6246334310850       2.535809202827292E-003
   15.6422287390029       2.600343431739585E-003
   15.6598240469208       2.549375484359747E-003
   15.6774193548387       2.385286591508754E-003
   15.6950146627566       2.121829351026572E-003
   15.7126099706745       1.773345550033376E-003
   15.7302052785924       1.363461259824582E-003
   15.7478005865103       9.165031416203069E-004
   15.7653958944282       4.659171886399571E-004
   15.7829912023460       4.781495269879021E-005
   15.8005865102639      -2.892723113660714E-004
   15.8181818181818      -4.935585325447685E-004
   15.8357771260997      -5.494926386938095E-004
   15.8533724340176      -4.728726307332443E-004
   15.8709677419355      -2.800163223211549E-004
   15.8885630498534       2.725646183215885E-006
   15.9061583577713       3.516528815987091E-004
   15.9237536656892       7.354059751794542E-004
   15.9413489736070       1.125897913275336E-003
   15.9589442815249       1.488403033396923E-003
   15.9765395894428       1.791698975683589E-003
   15.9941348973607       1.998553404960450E-003
   16.0117302052786       2.079012238683431E-003
   16.0293255131965       2.036798732867522E-003
   16.0469208211144       1.903365290835491E-003
   16.0645161290323       1.704432269512703E-003
   16.0821114369501       1.468314753739539E-003
   16.0997067448680       1.217510035004929E-003
   16.1173020527859       9.767660737373814E-004
   16.1348973607038       7.649033050539033E-004
   16.1524926686217       6.022650182864393E-004
   16.1700879765396       5.025478864666692E-004
   16.1876832844575       4.792478043984120E-004
   16.2052785923754       5.344682938127312E-004
   16.2228739002933       6.513192822214253E-004
   16.2404692082111       7.970086361741018E-004
   16.2580645161290       9.528354795423613E-004
   16.2756598240469       1.100571468131438E-003
   16.2932551319648       1.229757429794683E-003
   16.3108504398827       1.329127236144875E-003
   16.3284457478006       1.393568294419115E-003
   16.3460410557185       1.417239921199099E-003
   16.3636363636364       1.399918383094741E-003
   16.3812316715543       1.341568459431078E-003
   16.3988269794721       1.248500520070605E-003
   16.4164222873900       1.131896288619843E-003
   16.4340175953079       1.006022317294474E-003
   16.4516129032258       8.753559694043129E-004
   16.4692082111437       7.449219836691655E-004
   16.4868035190616       6.154319249143512E-004
   16.5043988269795       4.895048276729747E-004
   16.5219941348974       3.666630945906135E-004
   16.5395894428153       2.484345541551653E-004
   16.5571847507331       1.339718615959638E-004
   16.5747800586510       2.442834415740791E-005
   16.5923753665689      -8.072527146091352E-005
   16.6099706744868      -1.792582595853700E-004
   16.6275659824047      -2.679126165554900E-004
   16.6451612903226      -3.424792028273952E-004
   16.6627565982405      -4.012635299730163E-004
   16.6803519061584      -4.425417516357067E-004
   16.6979472140762      -4.659785642650414E-004
   16.7155425219941      -4.714348276434483E-004
   16.7331378299120      -4.596477024742807E-004
   16.7507331378299      -4.319915258689066E-004
   16.7683284457478      -3.903715498523298E-004
   16.7859237536657      -3.380238133931406E-004
   16.8035190615836      -2.789758754269285E-004
   16.8211143695015      -2.194311124602233E-004
   16.8387096774194      -1.613322081956591E-004
   16.8563049853372      -1.052466053317770E-004
   16.8739002932551      -4.962325597538260E-005
   16.8914956011730       6.010611035766430E-006
   16.9090909090909       6.444253759423007E-005
   16.9266862170088       1.265284111851776E-004
   16.9442815249267       1.959242852520545E-004
   16.9618768328446       2.736437029138862E-004
   16.9794721407625       3.640727119881019E-004
   16.9970674486804       4.682552601521635E-004
   17.0146627565982       5.902755309899181E-004
   17.0322580645161       7.239825842893846E-004
   17.0498533724340       8.655392213765212E-004
   17.0674486803519       1.006380752255615E-003
   17.0850439882698       1.143518062885992E-003
   17.1026392961877       1.268457032936891E-003
   17.1202346041056       1.379141930210906E-003
   17.1378299120235       1.467228599664974E-003
   17.1554252199413       1.531802352402126E-003
   17.1730205278592       1.564945202530379E-003
   17.1906158357771       1.567420536006313E-003
   17.2082111436950       1.533337207029666E-003
   17.2258064516129       1.472639017615505E-003
   17.2434017595308       1.389162163800717E-003
   17.2609970674487       1.295144749375824E-003
   17.2785923753666       1.191048210350758E-003
   17.2961876832845       1.087992742244174E-003
   17.3137829912023       9.842069577460709E-004
   17.3313782991202       8.901526858590249E-004
   17.3489736070381       8.018794239032403E-004
   17.3665689149560       7.291441020679527E-004
   17.3841642228739       6.653153516618974E-004
   17.4017595307918       6.184396366128487E-004
   17.4193548387097       5.754326833751601E-004
   17.4369501466276       5.391332769657765E-004
   17.4545454545455       4.961254375900017E-004
   17.4721407624633       4.540705567943684E-004
   17.4897360703812       4.004484481727909E-004
   17.5073313782991       3.457543141558975E-004
   17.5249266862170       2.773381690855933E-004
   17.5425219941349       2.082777112503298E-004
   17.5601173020528       1.254386792538481E-004
   17.5777126099707       4.472146106723840E-005
   17.5953079178886      -4.750163474367675E-005
   17.6129032258065      -1.313466703626495E-004
   17.6304985337243      -2.213667200799894E-004
   17.6480938416422      -2.974523713677487E-004
   17.6656891495601      -3.790736760501244E-004
   17.6832844574780      -4.443608651588641E-004
   17.7008797653959      -5.162665956698890E-004
   17.7184750733138      -5.698552279692473E-004
   17.7360703812317      -6.319803736065140E-004
   17.7536656891496      -6.735972752576439E-004
   17.7712609970675      -7.263020950061904E-004
   17.7888563049853      -7.555758320721926E-004
   17.8064516129032      -7.989878393196097E-004
   17.8240469208211      -8.137214003063971E-004
   17.8416422287390      -8.441054167646389E-004
   17.8592375366569      -8.363029262845889E-004
   17.8768328445748      -8.469011395618946E-004
   17.8944281524927      -8.062304659630803E-004
   17.9120234604106      -7.898416095062453E-004
   17.9296187683284      -7.003912640308236E-004
   17.9472140762463      -6.473443275771216E-004
   17.9648093841642      -4.724392417861316E-004
   17.9824046920821      -3.640046251935749E-004
   18.0000000000000       1.064841293938128E-004
