  0.000000000000000E+000 -2.557704763183368E-003
  1.759530791788856E-002 -2.372518759302908E-003
  3.519061583577713E-002 -2.238789510637941E-003
  5.278592375366570E-002 -2.132109704244867E-003
  7.038123167155426E-002 -2.036916037543481E-003
  8.797653958944282E-002 -1.958530676868586E-003
  0.105571847507331      -1.884014464656601E-003
  0.123167155425220      -1.822099771720897E-003
  0.140762463343109      -1.760961922553766E-003
  0.158357771260997      -1.710184126318263E-003
  0.175953079178886      -1.658559241750406E-003
  0.193548387096774      -1.615923497897366E-003
  0.211143695014663      -1.571463775318659E-003
  0.228739002932551      -1.535078232212998E-003
  0.246334310850440      -1.496231278086405E-003
  0.263929618768328      -1.464812996903388E-003
  0.281524926686217      -1.430494126165754E-003
  0.299120234604106      -1.403126746574939E-003
  0.316715542521994      -1.372542733206090E-003
  0.334310850439883      -1.348544464145625E-003
  0.351906158357771      -1.321094679876456E-003
  0.369501466275660      -1.299941791117125E-003
  0.387096774193548      -1.275158184571558E-003
  0.404692082111437      -1.256437209645716E-003
  0.422287390029326      -1.233938937400717E-003
  0.439882697947214      -1.217283374781686E-003
  0.457478005865103      -1.196699900060317E-003
  0.475073313782991      -1.181753130114134E-003
  0.492668621700880      -1.162746279746604E-003
  0.510263929618768      -1.149190376345085E-003
  0.527859237536657      -1.131455184497519E-003
  0.545454545454546      -1.118997806900693E-003
  0.563049853372434      -1.102247693685966E-003
  0.580645161290323      -1.090605213891542E-003
  0.598240469208211      -1.074548949409520E-003
  0.615835777126100      -1.063404953702119E-003
  0.633431085043988      -1.047696505787286E-003
  0.651026392961877      -1.036741017659536E-003
  0.668621700879765      -1.021162135612966E-003
  0.686217008797654      -1.010256281170729E-003
  0.703812316715543      -9.947224716768948E-004
  0.721407624633431      -9.838300190535931E-004
  0.739002932551320      -9.683519780545291E-004
  0.756598240469208      -9.575340182057236E-004
  0.774193548387097      -9.422309214236458E-004
  0.791788856304985      -9.316795733882487E-004
  0.809384164222874      -9.168634851919726E-004
  0.826979472140763      -9.070922017495551E-004
  0.844574780058651      -8.934111041636921E-004
  0.862170087976540      -8.849725020430414E-004
  0.879765395894428      -8.727845774757603E-004
  0.897360703812317      -8.658990209176414E-004
  0.914956011730205      -8.553279270986178E-004
  0.932551319648094      -8.500329462976291E-004
  0.950146627565982      -8.410331851591079E-004
  0.967741935483871      -8.371951353304752E-004
  0.985337243401760      -8.295314525749103E-004
   1.00293255131965      -8.267754584446736E-004
   1.02052785923754      -8.198423846638867E-004
   1.03812316715543      -8.173350046376044E-004
   1.05571847507331      -8.103372657463600E-004
   1.07331378299120      -8.075260033027611E-004
   1.09090909090909      -8.000985746003308E-004
   1.10850439882698      -7.967281037757476E-004
   1.12609970674487      -7.887006843987140E-004
   1.14369501466276      -7.846712397620180E-004
   1.16129032258065      -7.760095508886435E-004
   1.17888563049853      -7.713501348217853E-004
   1.19648093841642      -7.621512463453876E-004
   1.21407624633431      -7.570376935889535E-004
   1.23167155425220      -7.475038853239945E-004
   1.24926686217009      -7.420258758271743E-004
   1.26686217008798      -7.320990311645051E-004
   1.28445747800587      -7.261365227083914E-004
   1.30205278592375      -7.156924977171361E-004
   1.31964809384164      -7.091315947302275E-004
   1.33724340175953      -6.980774073251624E-004
   1.35483870967742      -6.908548734803468E-004
   1.37243401759531      -6.791714635678047E-004
   1.39002932551320      -6.713311557258775E-004
   1.40762463343109      -6.591825277443163E-004
   1.42521994134897      -6.511853528027135E-004
   1.44281524926686      -6.394351797999821E-004
   1.46041055718475      -6.322853160552133E-004
   1.47800586510264      -6.217737025019479E-004
   1.49560117302053      -6.161175142659857E-004
   1.51319648093842      -6.073474684780305E-004
   1.53079178885631      -6.035562380907142E-004
   1.54838709677419      -5.967687410591228E-004
   1.56598240469208      -5.949414761233545E-004
   1.58357771260997      -5.900671765242455E-004
   1.60117302052786      -5.899015275840205E-004
   1.61876832844575      -5.861916238091455E-004
   1.63636363636364      -5.862622083067328E-004
   1.65395894428153      -5.819677296953215E-004
   1.67155425219941      -5.808049731503125E-004
   1.68914956011730      -5.748374232059623E-004
   1.70674486803519      -5.716090827864096E-004
   1.72434017595308      -5.633439843878309E-004
   1.74193548387097      -5.576132408399440E-004
   1.75953079178886      -5.468021546109122E-004
   1.77712609970675      -5.385265568830781E-004
   1.79472140762463      -5.253757536081084E-004
   1.81231671554252      -5.151648406098112E-004
   1.82991202346041      -5.009612908746789E-004
   1.84750733137830      -4.905833705458744E-004
   1.86510263929619      -4.769220351523640E-004
   1.88269794721408      -4.675350115615940E-004
   1.90029325513196      -4.552695776128010E-004
   1.91788856304985      -4.475161486853348E-004
   1.93548387096774      -4.371107380290479E-004
   1.95307917888563      -4.312881791716025E-004
   1.97067448680352      -4.228711859665955E-004
   1.98826979472141      -4.189190343766390E-004
   2.00586510263930      -4.121719688865844E-004
   2.02346041055718      -4.093499272348082E-004
   2.04105571847507      -4.031449466300858E-004
   2.05865102639296      -4.003708113514479E-004
   2.07624633431085      -3.939680022049920E-004
   2.09384164222874      -3.907579926912425E-004
   2.11143695014663      -3.838285542090209E-004
   2.12903225806452      -3.799765461666604E-004
   2.14662756598241      -3.724216761458455E-004
   2.16422287390029      -3.679313258094375E-004
   2.18181818181818      -3.598640546103618E-004
   2.19941348973607      -3.549790491215933E-004
   2.21700879765396      -3.468414987981288E-004
   2.23460410557185      -3.422034163957730E-004
   2.25219941348974      -3.345989917415045E-004
   2.26979472140762      -3.305703450549695E-004
   2.28739002932551      -3.236729329934244E-004
   2.30498533724340      -3.203216624747955E-004
   2.32258064516129      -3.141216453334893E-004
   2.34017595307918      -3.113709867957942E-004
   2.35777126099707      -3.057284640556987E-004
   2.37536656891496      -3.033712368967666E-004
   2.39296187683284      -2.980020105197389E-004
   2.41055718475073      -2.956377478464311E-004
   2.42815249266862      -2.900069722627351E-004
   2.44574780058651      -2.871134381925990E-004
   2.46334310850440      -2.808973969969785E-004
   2.48093841642229      -2.773416235510121E-004
   2.49853372434018      -2.705130597671488E-004
   2.51612903225806      -2.663393213859090E-004
   2.53372434017595      -2.590057388789125E-004
   2.55131964809384      -2.543813182143888E-004
   2.56891495601173      -2.467739680627412E-004
   2.58651026392962      -2.420036450933037E-004
   2.60410557184751      -2.345324283589532E-004
   2.62170087976540      -2.301899455546468E-004
   2.63929618768328      -2.235432007896134E-004
   2.65689149560117      -2.202056143536042E-004
   2.67448680351906      -2.147352922368903E-004
   2.69208211143695      -2.126017232213299E-004
   2.70967741935484      -2.084118660841073E-004
   2.72727272727273      -2.075059430768494E-004
   2.74486803519062      -2.045465094062875E-004
   2.76246334310850      -2.047424677522893E-004
   2.78005865102639      -2.028033957643963E-004
   2.79765395894428      -2.037849963947538E-004
   2.81524926686217      -2.023764915742652E-004
   2.83284457478006      -2.034297674259651E-004
   2.85043988269795      -2.017946410210544E-004
   2.86803519061584      -2.023504828013238E-004
   2.88563049853372      -2.001117683675890E-004
   2.90322580645161      -1.999080282896482E-004
   2.92082111436950      -1.968879196649924E-004
   2.93841642228739      -1.958183798209385E-004
   2.95601173020528      -1.919786422434851E-004
   2.97360703812317      -1.900740835925403E-004
   2.99120234604106      -1.855233228797050E-004
   3.00879765395894      -1.830018169157414E-004
   3.02639296187683      -1.781227005385172E-004
   3.04398826979472      -1.754743969761832E-004
   3.06158357771261      -1.706927620537758E-004
   3.07917888563050      -1.682100854471956E-004
   3.09677419354839      -1.637344143156525E-004
   3.11436950146628      -1.615751538209876E-004
   3.13196480938416      -1.575239487460839E-004
   3.14956011730205      -1.557726995005183E-004
   3.16715542521994      -1.521993128277492E-004
   3.18475073313783      -1.508766903402708E-004
   3.20234604105572      -1.477628030412428E-004
   3.21994134897361      -1.467900867461849E-004
   3.23753665689150      -1.439937093269767E-004
   3.25513196480938      -1.432255272200909E-004
   3.27272727272727      -1.406525942041119E-004
   3.29032258064516      -1.400373018805444E-004
   3.30791788856305      -1.376619692290154E-004
   3.32551319648094      -1.371938533833721E-004
   3.34310850439883      -1.350292750640736E-004
   3.36070381231672      -1.347403179278932E-004
   3.37829912023460      -1.328408700750669E-004
   3.39589442815249      -1.328137559779231E-004
   3.41348973607038      -1.313130616384310E-004
   3.43108504398827      -1.317562825171976E-004
   3.44868035190616      -1.308877220005070E-004
   3.46627565982405      -1.319725610141611E-004
   3.48387096774194      -1.318311910891972E-004
   3.50146627565982      -1.336004103439705E-004
   3.51906158357771      -1.341880189121130E-004
   3.53665689149560      -1.366042083172158E-004
   3.55425219941349      -1.378433111052342E-004
   3.57184750733138      -1.407830309956206E-004
   3.58944281524927      -1.424940875066503E-004
   3.60703812316716      -1.456888172867881E-004
   3.62463343108504      -1.474478088391403E-004
   3.64222873900293      -1.503429694260947E-004
   3.65982404692082      -1.516433805128312E-004
   3.67741935483871      -1.538864199118278E-004
   3.69501466275660      -1.544917658610922E-004
   3.71260997067449      -1.559240572655380E-004
   3.73020527859238      -1.557434529886057E-004
   3.74780058651026      -1.563376671270803E-004
   3.76539589442815      -1.554096763413613E-004
   3.78299120234604      -1.552786909728247E-004
   3.80058651026393      -1.538128472062264E-004
   3.81818181818182      -1.533249564876305E-004
   3.83577712609971      -1.518699370114738E-004
   3.85337243401760      -1.515792316326926E-004
   3.87096774193548      -1.505230982092954E-004
   3.88856304985337      -1.506739539801279E-004
   3.90615835777126      -1.501769045807641E-004
   3.92375366568915      -1.508658336204305E-004
   3.94134897360704      -1.509705905004308E-004
   3.95894428152493      -1.521895732602533E-004
   3.97653958944282      -1.528365143788332E-004
   3.99413489736070      -1.544677489178834E-004
   4.01173020527859      -1.554563596571867E-004
   4.02932551319648      -1.572030453986143E-004
   4.04692082111437      -1.582307619508935E-004
   4.06451612903226      -1.598956601637079E-004
   4.08211143695015      -1.608670917341336E-004
   4.09970674486804      -1.624081664384490E-004
   4.11730205278592      -1.633154479474295E-004
   4.13489736070381      -1.647524487907412E-004
   4.15249266862170      -1.656401864072342E-004
   4.17008797653959      -1.670422005128137E-004
   4.18768328445748      -1.680065094357345E-004
   4.20527859237537      -1.695060969180555E-004
   4.22287390029326      -1.707222883978185E-004
   4.24046920821114      -1.724866754010988E-004
   4.25806451612903      -1.740340225633250E-004
   4.27565982404692      -1.760521163326446E-004
   4.29325513196481      -1.778739127285129E-004
   4.31085043988270      -1.800615700763832E-004
   4.32844574780059      -1.820506627705433E-004
   4.34604105571848      -1.842792898139215E-004
   4.36363636363636      -1.862851954513697E-004
   4.38123167155425      -1.883793540148002E-004
   4.39882697947214      -1.901947079585978E-004
   4.41642228739003      -1.919003191784868E-004
   4.43401759530792      -1.932531764514643E-004
   4.45161290322581      -1.943777163635473E-004
   4.46920821114370      -1.951928847091954E-004
   4.48680351906158      -1.957309286089040E-004
   4.50439882697947      -1.960397378451420E-004
   4.52199413489736      -1.960511456536188E-004
   4.53958944281525      -1.959391287166534E-004
   4.55718475073314      -1.955349211850001E-004
   4.57478005865103      -1.951409304424584E-004
   4.59237536656892      -1.944931450071254E-004
   4.60997067448680      -1.940398918976439E-004
   4.62756598240469      -1.934306596700797E-004
   4.64516129032258      -1.931925700002375E-004
   4.66275659824047      -1.928032574535100E-004
   4.68035190615836      -1.928721201595870E-004
   4.69794721407625      -1.927466568105586E-004
   4.71554252199414      -1.931351559021131E-004
   4.73313782991202      -1.932602999033151E-004
   4.75073313782991      -1.939318649838539E-004
   4.76832844574780      -1.942484719721244E-004
   4.78592375366569      -1.951201864518070E-004
   4.80351906158358      -1.955167828725415E-004
   4.82111436950147      -1.964497124348453E-004
   4.83870967741935      -1.968065090739780E-004
   4.85630498533724      -1.977590788374869E-004
   4.87390029325513      -1.980999081509278E-004
   4.89149560117302      -1.991173199377411E-004
   4.90909090909091      -1.994936018947495E-004
   4.92668621700880      -2.006291477628730E-004
   4.94428152492669      -2.010931861160158E-004
   4.96187683284458      -2.023956382409491E-004
   4.97947214076246      -2.029898947640415E-004
   4.99706744868035      -2.044911371756137E-004
   5.01466275659824      -2.052223725695364E-004
   5.03225806451613      -2.068627247391565E-004
   5.04985337243402      -2.075935893280300E-004
   5.06744868035191      -2.092120880530190E-004
   5.08504398826980      -2.097991146297619E-004
   5.10263929618768      -2.112694604758437E-004
   5.12023460410557      -2.115985582475538E-004
   5.13782991202346      -2.128161340081472E-004
   5.15542521994135      -2.127909813145303E-004
   5.17302052785924      -2.136664462296278E-004
   5.19061583577713      -2.132043578110411E-004
   5.20821114369502      -2.136616026376204E-004
   5.22580645161290      -2.127076631421723E-004
   5.24340175953079      -2.127397871886301E-004
   5.26099706744868      -2.113348994051849E-004
   5.27859237536657      -2.110014328229541E-004
   5.29618768328446      -2.092087448209648E-004
   5.31378299120235      -2.085754839510166E-004
   5.33137829912024      -2.064637608470991E-004
   5.34897360703812      -2.056019255499304E-004
   5.36656891495601      -2.032450691477117E-004
   5.38416422287390      -2.022305507957826E-004
   5.40175953079179      -1.997062787438044E-004
   5.41935483870968      -1.986109390095630E-004
   5.43695014662757      -1.959624431326983E-004
   5.45454545454546      -1.947899487076912E-004
   5.47214076246334      -1.920054822648773E-004
   5.48973607038123      -1.907481736197346E-004
   5.50733137829912      -1.878268674726760E-004
   5.52492668621701      -1.864901968888088E-004
   5.54252199413490      -1.834448005134174E-004
   5.56011730205279      -1.820492001060837E-004
   5.57771260997067      -1.789101342973597E-004
   5.59530791788856      -1.774985425288450E-004
   5.61290322580645      -1.743318624416085E-004
   5.63049853372434      -1.730083800222498E-004
   5.64809384164223      -1.699414541808730E-004
   5.66568914956012      -1.688160463388611E-004
   5.68328445747801      -1.659287740118171E-004
   5.70087976539589      -1.650595164736166E-004
   5.71847507331378      -1.623938650884032E-004
   5.73607038123167      -1.618072866662664E-004
   5.75366568914956      -1.593746714647494E-004
   5.77126099706745      -1.590646207696810E-004
   5.78885630498534      -1.568380422884308E-004
   5.80645161290323      -1.567441174931584E-004
   5.82404692082111      -1.545980798628161E-004
   5.84164222873900      -1.545200428001441E-004
   5.85923753665689      -1.522437293623273E-004
   5.87683284457478      -1.520178969350557E-004
   5.89442815249267      -1.494918302526275E-004
   5.91202346041056      -1.490279649670290E-004
   5.92961876832845      -1.461873636127949E-004
   5.94721407624634      -1.454434380033646E-004
   5.96480938416422      -1.422696694185893E-004
   5.98240469208211      -1.412516871453633E-004
   6.00000000000000      -1.377814113401370E-004
   6.01759530791789      -1.365707886979503E-004
   6.03519061583578      -1.329317447524931E-004
   6.05278592375367      -1.316526984594208E-004
   6.07038123167156      -1.279251184124032E-004
   6.08797653958944      -1.266241706207552E-004
   6.10557184750733      -1.228389650434159E-004
   6.12316715542522      -1.215369148455276E-004
   6.14076246334311      -1.177088955694952E-004
   6.15835777126100      -1.164158115364869E-004
   6.17595307917889      -1.125526772373919E-004
   6.19354838709677      -1.112743976232630E-004
   6.21114369501466      -1.073826749203966E-004
   6.22873900293255      -1.061285715766352E-004
   6.24633431085044      -1.022219406994686E-004
   6.26392961876833      -1.010057504822416E-004
   6.28152492668622      -9.709660469286252E-005
   6.29912023460411      -9.592944818590200E-005
   6.31671554252199      -9.202965303913990E-005
   6.33431085043988      -9.092421319310515E-005
   6.35190615835777      -8.704904401064086E-005
   6.36950146627566      -8.602352695093605E-005
   6.38709677419355      -8.219660562603944E-005
   6.40469208211144      -8.128274054855065E-005
   6.42228739002933      -7.754794832872082E-005
   6.43988269794721      -7.678817960890771E-005
   6.45747800586510      -7.316392769386384E-005
   6.47507331378299      -7.254969207731906E-005
   6.49266862170088      -6.901453401961381E-005
   6.51026392961877      -6.851695610250888E-005
   6.52785923753666      -6.503757456968782E-005
   6.54545454545455      -6.461953615282346E-005
   6.56304985337243      -6.115702259423785E-005
   6.58064516129032      -6.077814306918215E-005
   6.59824046920821      -5.729303480894417E-005
   6.61583577712610      -5.691942437890374E-005
   6.63343108504399      -5.340165933320534E-005
   6.65102639296188      -5.305420952321572E-005
   6.66862170087977      -4.953757687109732E-005
   6.68621700879765      -4.924561630454498E-005
   6.70381231671554      -4.575505785520331E-005
   6.72140762463343      -4.553993296161540E-005
   6.73900293255132      -4.209541521698223E-005
   6.75659824046921      -4.197591108964937E-005
   6.77419354838710      -3.859756257837241E-005
   6.79178885630499      -3.859626318428612E-005
   6.80938416422287      -3.531575585728916E-005
   6.82697947214076      -3.548202956378452E-005
   6.84457478005865      -3.236091394441591E-005
   6.86217008797654      -3.274244231047313E-005
   6.87976539589443      -2.980442062173523E-005
   6.89736070381232      -3.040622709056864E-005
   6.91495601173021      -2.764353707679305E-005
   6.93255131964809      -2.844566924982028E-005
   6.95014662756598      -2.582808282248553E-005
   6.96774193548387      -2.678925687492980E-005
   6.98533724340176      -2.426521908145606E-005
   7.00293255131965      -2.532120040928118E-005
   7.02052785923754      -2.281802191684229E-005
   7.03812316715543      -2.391058824042179E-005
   7.05571847507331      -2.140944073890333E-005
   7.07331378299120      -2.254556790521286E-005
   7.09090909090909      -2.005844474643582E-005
   7.10850439882698      -2.124812877235777E-005
   7.12609970674487      -1.878287449117786E-005
   7.14369501466276      -2.002986911574341E-005
   7.16129032258065      -1.758664700598162E-005
   7.17888563049853      -1.888575530627382E-005
   7.19648093841642      -1.645432966687204E-005
   7.21407624633431      -1.778854660381670E-005
   7.23167155425220      -1.535435343858157E-005
   7.24926686217009      -1.672498465459887E-005
   7.26686217008798      -1.430550345811784E-005
   7.28445747800587      -1.573282567832249E-005
   7.30205278592375      -1.334632027195439E-005
   7.31964809384164      -1.484421986668592E-005
   7.33724340175953      -1.250050603896668E-005
   7.35483870967742      -1.407276341151095E-005
   7.37243401759531      -1.176971609814312E-005
   7.39002932551320      -1.340578512750772E-005
   7.40762463343109      -1.112262331025086E-005
   7.42521994134897      -1.279230149051137E-005
   7.44281524926686      -1.050920322999116E-005
   7.46041055718475      -1.221780989833970E-005
   7.47800586510264      -9.957783643647706E-006
   7.49560117302053      -1.173128399702175E-005
   7.51319648093842      -9.520118336821115E-006
   7.53079178885631      -1.138115559488760E-005
   7.54838709677419      -9.237936127970527E-006
   7.56598240469208      -1.119927895443038E-005
   7.58357771260997      -9.129560090041929E-006
   7.60117302052786      -1.118481949328505E-005
   7.61876832844575      -9.166544450468865E-006
   7.63636363636364      -1.128756760796218E-005
   7.65395894428153      -9.316738621517831E-006
   7.67155425219941      -1.152948069777100E-005
   7.68914956011730      -9.646933277538718E-006
   7.70674486803519      -1.199609654968700E-005
   7.72434017595308      -1.024820997075621E-005
   7.74193548387097      -1.277796354545345E-005
   7.75953079178886      -1.120564520718559E-005
   7.77712609970675      -1.394930702459326E-005
   7.79472140762463      -1.257543293907817E-005
   7.81231671554252      -1.553225805541496E-005
   7.82991202346041      -1.430997642708866E-005
   7.84750733137830      -1.739146599143358E-005
   7.86510263929619      -1.623666096531980E-005
   7.88269794721408      -1.938498766511848E-005
   7.90029325513197      -1.826016264421173E-005
   7.91788856304985      -2.144951507092407E-005
   7.93548387096774      -2.033836118416753E-005
   7.95307917888563      -2.355803470196169E-005
   7.97067448680352      -2.245437192766582E-005
   7.98826979472141      -2.569881907388514E-005
   8.00586510263930      -2.459414091738390E-005
   8.02346041055718      -2.784039854768585E-005
   8.04105571847507      -2.669720354344226E-005
   8.05865102639296      -2.991267212658930E-005
   8.07624633431085      -2.872090141475900E-005
   8.09384164222874      -3.191311076693445E-005
   8.11143695014663      -3.069328599567456E-005
   8.12903225806452      -3.389197639710652E-005
   8.14662756598241      -3.268240424061730E-005
   8.16422287390029      -3.593154414606478E-005
   8.18181818181818      -3.478116989869159E-005
   8.19941348973607      -3.813044263444676E-005
   8.21700879765396      -3.707761257382470E-005
   8.23460410557185      -4.051504868471299E-005
   8.25219941348974      -3.948738531579669E-005
   8.26979472140763      -4.292461858502088E-005
   8.28739002932551      -4.185283243810427E-005
   8.30498533724340      -4.523925531421699E-005
   8.32258064516129      -4.409030368203857E-005
   8.34017595307918      -4.740815207928542E-005
   8.35777126099707      -4.618073543209213E-005
   8.37536656891496      -4.944441542775006E-005
   8.39296187683285      -4.817141610222817E-005
   8.41055718475073      -5.143520889709167E-005
   8.42815249266862      -5.018836812826407E-005
   8.44574780058651      -5.351044401015153E-005
   8.46334310850440      -5.231603726823840E-005
   8.48093841642229      -5.570334109395757E-005
   8.49853372434018      -5.456674377717218E-005
   8.51612903225807      -5.802643558212980E-005
   8.53372434017595      -5.695980757595977E-005
   8.55131964809384      -6.050906208302617E-005
   8.56891495601173      -5.953707342093229E-005
   8.58651026392962      -6.320783109362996E-005
   8.60410557184751      -6.237259647494263E-005
   8.62170087976540      -6.620640412759366E-005
   8.63929618768329      -6.551428707415217E-005
   8.65689149560117      -6.946056759703154E-005
   8.67448680351906      -6.883563109685480E-005
   8.69208211143695      -7.282134959843688E-005
   8.70967741935484      -7.220054464802932E-005
   8.72727272727273      -7.617313628153357E-005
   8.74486803519062      -7.551796856931988E-005
   8.76246334310851      -7.945418158473100E-005
   8.78005865102639      -7.876216814621035E-005
   8.79765395894428      -8.268555539346157E-005
   8.81524926686217      -8.202464667813773E-005
   8.83284457478006      -8.605108283492426E-005
   8.85043988269795      -8.553377979248957E-005
   8.86803519061584      -8.972022708496222E-005
   8.88563049853373      -8.935980532822817E-005
   8.90322580645161      -9.369762316188403E-005
   8.92082111436950      -9.347419791519907E-005
   8.93841642228739      -9.793582980641991E-005
   8.95601173020528      -9.781906290728151E-005
   8.97360703812317      -1.023733627070571E-004
   8.99120234604106      -1.023361674759525E-004
   9.00879765395895      -1.069655542961218E-004
   9.02639296187683      -1.070101539777356E-004
   9.04398826979472      -1.117262091683497E-004
   9.06158357771261      -1.118497808624397E-004
   9.07917888563050      -1.166266255180624E-004
   9.09677419354839      -1.167914700190545E-004
   9.11436950146628      -1.215850238157878E-004
   9.13196480938416      -1.217454786162829E-004
   9.14956011730205      -1.265103584907531E-004
   9.16715542521994      -1.266260413714052E-004
   9.18475073313783      -1.313301361425647E-004
   9.20234604105572      -1.313872048018331E-004
   9.21994134897361      -1.360568966544361E-004
   9.23753665689150      -1.361405248536598E-004
   9.25513196480938      -1.408763581501581E-004
   9.27272727272727      -1.410491659735030E-004
   9.29032258064516      -1.458727420788038E-004
   9.30791788856305      -1.461315540454111E-004
   9.32551319648094      -1.510198990790959E-004
   9.34310850439883      -1.513275285755184E-004
   9.36070381231672      -1.562307361410792E-004
   9.37829912023460      -1.565289368698346E-004
   9.39589442815249      -1.613823544385514E-004
   9.41348973607038      -1.616119234364795E-004
   9.43108504398827      -1.663960417107224E-004
   9.44868035190616      -1.665993332084293E-004
   9.46627565982405      -1.713782160139003E-004
   9.48387096774194      -1.716023073090797E-004
   9.50146627565982      -1.764001039430586E-004
   9.51906158357771      -1.766515076330837E-004
   9.53665689149560      -1.814575378326355E-004
   9.55425219941349      -1.817108887680605E-004
   9.57184750733138      -1.864845338173599E-004
   9.58944281524927      -1.866858819146608E-004
   9.60703812316716      -1.913594501484151E-004
   9.62463343108504      -1.914465757629142E-004
   9.64222873900293      -1.960003414984882E-004
   9.65982404692082      -1.960025874216524E-004
   9.67741935483871      -2.004756482340658E-004
   9.69501466275660      -2.004198011315932E-004
   9.71260997067449      -2.048236758985982E-004
   9.73020527859238      -2.047069147149766E-004
   9.74780058651026      -2.090224100587587E-004
   9.76539589442815      -2.088095084698845E-004
   9.78299120234604      -2.129823282157710E-004
   9.80058651026393      -2.125980568426986E-004
   9.81818181818182      -2.165318713887632E-004
   9.83577712609971      -2.158992602383260E-004
   9.85337243401760      -2.195866811237082E-004
   9.87096774193548      -2.187541262598638E-004
   9.88856304985337      -2.222539041577413E-004
   9.90615835777126      -2.212762870443240E-004
   9.92375366568915      -2.246344571375475E-004
   9.94134897360704      -2.235474967416631E-004
   9.95894428152493      -2.267857165092605E-004
   9.97653958944282      -2.255951150449802E-004
   9.99413489736071      -2.286976500155634E-004
   10.0117302052786      -2.273585008995708E-004
   10.0293255131965      -2.302578977955616E-004
   10.0469208211144      -2.287300967553752E-004
   10.0645161290323      -2.314423835638210E-004
   10.0821114369501      -2.297754439745253E-004
   10.0997067448680      -2.323559602564387E-004
   10.1173020527859      -2.306035657009872E-004
   10.1348973607038      -2.330983137723381E-004
   10.1524926686217      -2.312956512043720E-004
   10.1700879765396      -2.337227457596535E-004
   10.1876832844575      -2.318654625123928E-004
   10.2052785923754      -2.341824603720036E-004
   10.2228739002933      -2.321694420800632E-004
   10.2404692082111      -2.342392643986850E-004
   10.2580645161290      -2.319785544489043E-004
   10.2756598240469      -2.337835646081042E-004
   10.2932551319648      -2.313013891606555E-004
   10.3108504398827      -2.328883910074068E-004
   10.3284457478006      -2.302451047688998E-004
   10.3460410557185      -2.316803155926784E-004
   10.3636363636364      -2.289441352055462E-004
   10.3812316715543      -2.302902863688928E-004
   10.3988269794721      -2.275110752007572E-004
   10.4164222873900      -2.287797958941007E-004
   10.4340175953079      -2.258981810750989E-004
   10.4516129032258      -2.269855662894512E-004
   10.4692082111437      -2.239253594906819E-004
   10.4868035190616      -2.248006764257499E-004
   10.5043988269795      -2.215622669363562E-004
   10.5219941348974      -2.222464153004272E-004
   10.5395894428153      -2.188666503328145E-004
   10.5571847507331      -2.194068279014751E-004
   10.5747800586510      -2.159395252749047E-004
   10.5923753665689      -2.163891999569792E-004
   10.6099706744868      -2.128731917041098E-004
   10.6275659824047      -2.132079896883240E-004
   10.6451612903226      -2.095308176973651E-004
   10.6627565982405      -2.096102098076145E-004
   10.6803519061584      -2.056702166151982E-004
   10.6979472140762      -2.054355794315477E-004
   10.7155425219941      -2.012076456574997E-004
   10.7331378299120      -2.006619346157861E-004
   10.7507331378299      -1.961753681022083E-004
   10.7683284457478      -1.953713024255310E-004
   10.7859237536657      -1.907019236927904E-004
   10.8035190615836      -1.897358095343422E-004
   10.8211143695015      -1.849771332563208E-004
   10.8387096774194      -1.838666294520807E-004
   10.8563049853372      -1.789319491574393E-004
   10.8739002932551      -1.775537768726296E-004
   10.8914956011730      -1.723403785102179E-004
   10.9090909090909      -1.706176924241412E-004
   10.9266862170088      -1.650764840401116E-004
   10.9442815249267      -1.629885459483528E-004
   10.9618768328446      -1.571306555519330E-004
   10.9794721407625      -1.547238556178082E-004
   10.9970674486804      -1.486394059989350E-004
   11.0146627565982      -1.460617126459585E-004
   11.0322580645161      -1.399299179268945E-004
   11.0498533724340      -1.372919751563336E-004
   11.0674486803519      -1.311167307549194E-004
   11.0850439882698      -1.283682036546642E-004
   11.1026392961877      -1.220869655935057E-004
   11.1202346041056      -1.191644063551367E-004
   11.1378299120235      -1.127210036727103E-004
   11.1554252199413      -1.095804553734236E-004
   11.1730205278592      -1.029510599668396E-004
   11.1906158357771      -9.959647500711685E-005
   11.2082111436950      -9.283440501594294E-005
   11.2258064516129      -8.939472437156641E-005
   11.2434017595308      -8.266805340220256E-005
   11.2609970674487      -7.925564310663619E-005
   11.2785923753666      -7.259492293959957E-005
   11.2961876832845      -6.919302474952238E-005
   11.3137829912023      -6.255747930845629E-005
   11.3313782991202      -5.910926723622016E-005
   11.3489736070381      -5.243411205257305E-005
   11.3665689149560      -4.887187719043601E-005
   11.3841642228739      -4.209470836639605E-005
   11.4017595307918      -3.837216927601017E-005
   11.4193548387097      -3.150060261522150E-005
   11.4369501466276      -2.772742000287521E-005
   11.4545454545455      -2.093601651238003E-005
   11.4721407624633      -1.725588898483151E-005
   11.4897360703812      -1.063282530901043E-005
   11.5073313782991      -7.093842134077627E-006
   11.5249266862170      -6.563925679176491E-007
   11.5425219941349       2.750753234338293E-006
   11.5601173020528       9.034499576280177E-006
   11.5777126099707       1.236243105952531E-005
   11.5953079178886       1.856251346616192E-005
   11.6129032258065       2.188968971974830E-005
   11.6304985337243       2.803378790083105E-005
   11.6480938416422       3.127620200797021E-005
   11.6656891495601       3.720922334481077E-005
   11.6832844574780       4.021859257979592E-005
   11.7008797653959       4.582099494888137E-005
   11.7184750733138       4.850643838864609E-005
   11.7360703812317       5.371601066456155E-005
   11.7536656891496       5.604669733096861E-005
   11.7712609970675       6.086686880966525E-005
   11.7888563049853       6.288727363158653E-005
   11.8064516129032       6.741826150463533E-005
   11.8240469208211       6.928898858943998E-005
   11.8416422287390       7.367463301819190E-005
   11.8592375366569       7.542624395957126E-005
   11.8768328445748       7.959757732365789E-005
   11.8944281524927       8.112585898216446E-005
   11.9120234604106       8.496784640418544E-005
   11.9296187683284       8.615699239571124E-005
   11.9472140762463       8.956047670236445E-005
   11.9648093841642       9.031606710180376E-005
   11.9824046920821       9.321100152925453E-005
   12.0000000000000       9.350479641094392E-005
   12.0175953079179       9.595359135269046E-005
   12.0351906158358       9.599780497370852E-005
   12.0527859237537       9.828909674920860E-005
   12.0703812316716       9.830928946034337E-005
   12.0879765395894       1.005791320655634E-004
   12.1055718475073       1.006551774208602E-004
   12.1231671554252       1.029434444702185E-004
   12.1407624633431       1.030862874979779E-004
   12.1583577712610       1.053819849272662E-004
   12.1759530791789       1.055679112784400E-004
   12.1935483870968       1.078442190230410E-004
   12.2111436950147       1.080699278457356E-004
   12.2287390029326       1.103832786145267E-004
   12.2463343108504       1.107265095247727E-004
   12.2639296187683       1.130740861336822E-004
   12.2815249266862       1.134203395970544E-004
   12.2991202346041       1.156042151343130E-004
   12.3167155425220       1.156911509895051E-004
   12.3343108504399       1.173914155894198E-004
   12.3519061583578       1.168472868758452E-004
   12.3695014662757       1.176443002189949E-004
   12.3870967741935       1.160074411168047E-004
   12.4046920821114       1.154113629919748E-004
   12.4222873900293       1.123881111330457E-004
   12.4398826979472       1.108473520438390E-004
   12.4574780058651       1.077491209697070E-004
   12.4750733137830       1.068612960615383E-004
   12.4926686217009       1.051840768227975E-004
   12.5102639296188       1.063177693176495E-004
   12.5278592375367       1.073011174637211E-004
   12.5454545454545       1.115586152603456E-004
   12.5630498533724       1.161544294012007E-004
   12.5806451612903       1.243140133224911E-004
   12.5982404692082       1.330888173879656E-004
   12.6158357771261       1.453233853176426E-004
   12.6334310850440       1.574480879683300E-004
   12.6510263929619       1.716170488393861E-004
   12.6686217008798       1.842860604585644E-004
   12.6862170087977       1.974997552531643E-004
   12.7038123167155       2.077705340597209E-004
   12.7214076246334       2.169617612094361E-004
   12.7390029325513       2.215778812151567E-004
   12.7565982404692       2.232314820073133E-004
   12.7741935483871       2.183143047426521E-004
   12.7917888563050       2.080399895516413E-004
   12.8093841642229       1.884172911929733E-004
   12.8269794721408       1.624503704158736E-004
   12.8445747800587       1.313375589195861E-004
   12.8621700879765       1.013679572236004E-004
   12.8797653958944       7.451660321122046E-005
   12.8973607038123       5.724780312800972E-005
   12.9149560117302       5.179559048903462E-005
   12.9325513196481       6.458297023982318E-005
   12.9501466275660       9.787356402088451E-005
   12.9677419354839       1.577809528014142E-004
   12.9853372434018       2.461603796331961E-004
   13.0029325513196       3.678256767452725E-004
   13.0205278592375       5.174386906876775E-004
   13.0381231671554       6.833205674696457E-004
   13.0557184750733       8.517634212002690E-004
   13.0733137829912       1.013754115610343E-003
   13.0909090909091       1.158564149215663E-003
   13.1085043988270       1.279861903979310E-003
   13.1260997067449       1.369686229147353E-003
   13.1436950146628       1.424738424703765E-003
   13.1612903225806       1.440606203464700E-003
   13.1788856304985       1.418735086219418E-003
   13.1964809384164       1.361261147177553E-003
   13.2140762463343       1.284604982085424E-003
   13.2316715542522       1.213448417605742E-003
   13.2492668621701       1.165122583241122E-003
   13.2668621700880       1.148543674044568E-003
   13.2844574780059       1.169333052257924E-003
   13.3020527859238       1.228270033677663E-003
   13.3196480938416       1.323776265345720E-003
   13.3372434017595       1.449817448420989E-003
   13.3548387096774       1.597681140049034E-003
   13.3724340175953       1.753301940898861E-003
   13.3900293255132       1.898146775127199E-003
   13.4076246334311       2.001711046949615E-003
   13.4252199413490       2.031809060449781E-003
   13.4428152492669       1.978685731283627E-003
   13.4604105571848       1.846843702552237E-003
   13.4780058651026       1.645035758170963E-003
   13.4956011730205       1.386752817299389E-003
   13.5131964809384       1.088249457167525E-003
   13.5307917888563       7.687936289079767E-004
   13.5483870967742       4.503172241694655E-004
   13.5659824046921       1.572075791667628E-004
   13.5835777126100      -8.279775371779669E-005
   13.6011730205279      -2.386735370036517E-004
   13.6187683284457      -2.833721006135674E-004
   13.6363636363636      -2.267763954982516E-004
   13.6539589442815      -9.066815278717154E-005
   13.6715542521994       1.018782319723597E-004
   13.6891495601173       3.276340824674858E-004
   13.7067448680352       5.630441214223061E-004
   13.7243401759531       7.855204170660653E-004
   13.7419354838710       9.725951975110194E-004
   13.7595307917889       1.103662310993430E-003
   13.7771260997067       1.159287392310402E-003
   13.7947214076246       1.123576738538169E-003
   13.8123167155425       9.907256687465638E-004
   13.8299120234604       7.887366777675058E-004
   13.8475073313783       5.497106995167000E-004
   13.8651026392962       3.008594694135627E-004
   13.8826979472141       6.277571074824508E-005
   13.9002932551320      -1.451028882318092E-004
   13.9178885630499      -3.092482191386526E-004
   13.9354838709677      -4.167213257873645E-004
   13.9530791788856      -4.609206176882343E-004
   13.9706744868035      -4.364260690426518E-004
   13.9882697947214      -3.459457914608872E-004
   14.0058651026393      -1.989483457888409E-004
   14.0234604105572      -2.575190817496410E-005
   14.0410557184751       1.477315367467070E-004
   14.0586510263930       3.052698513925850E-004
   14.0762463343109       4.380968149754951E-004
   14.0938416422287       5.385198823492800E-004
   14.1114369501466       6.048477534020251E-004
   14.1290322580645       6.346332899319085E-004
   14.1466275659824       6.313976165259941E-004
   14.1642228739003       5.972506108931119E-004
   14.1818181818182       5.410011759713811E-004
   14.1994134897361       4.705897839992445E-004
   14.2170087976540       4.031170914926056E-004
   14.2346041055718       3.455512477039289E-004
   14.2521994134897       3.016454358987149E-004
   14.2697947214076       2.694278176866893E-004
   14.2873900293255       2.498950115016123E-004
   14.3049853372434       2.393246920222211E-004
   14.3225806451613       2.379580626594782E-004
   14.3401759530792       2.413858222938510E-004
   14.3577712609971       2.497383980174331E-004
   14.3753665689150       2.585145704626666E-004
   14.3929618768328       2.682987402894657E-004
   14.4105571847507       2.757981036878577E-004
   14.4281524926686       2.854535544139169E-004
   14.4457478005865       2.965039004555630E-004
   14.4633431085044       3.125071706457991E-004
   14.4809384164223       3.309140816186438E-004
   14.4985337243402       3.543368715345123E-004
   14.5161290322581       3.792228890486831E-004
   14.5337243401760       4.075275400507069E-004
   14.5513196480938       4.348559192688226E-004
   14.5689149560117       4.625532899974696E-004
   14.5865102639296       4.853346347625466E-004
   14.6041055718475       5.036531041943259E-004
   14.6217008797654       5.120710448613887E-004
   14.6392961876833       5.147659745869035E-004
   14.6568914956012       5.103060438488544E-004
   14.6744868035191       5.040996393626491E-004
   14.6920821114370       4.948650504954659E-004
   14.7096774193548       4.882672186662655E-004
   14.7272727272727       4.829712345169872E-004
   14.7448680351906       4.847649356505583E-004
   14.7624633431085       4.921799892353694E-004
   14.7800586510264       5.110418427246409E-004
   14.7976539589443       5.396533275346705E-004
   14.8152492668622       5.831064131877400E-004
   14.8328445747801       6.355275519589281E-004
   14.8504398826979       6.979078755413553E-004
   14.8680351906158       7.634832713257387E-004
   14.8856304985337       8.336101982408131E-004
   14.9032258064516       9.016304528299516E-004
   14.9208211143695       9.692084628501399E-004
   14.9384164222874       1.029815544923016E-003
   14.9560117302053       1.085500160387811E-003
   14.9736070381232       1.130037823047594E-003
   14.9912023460411       1.166163621595296E-003
   15.0087976539589       1.189103253173042E-003
   15.0263929618768       1.207753649793140E-003
   15.0439882697947       1.224307531095148E-003
   15.0615835777126       1.248606693465968E-003
   15.0791788856305       1.280397879600204E-003
   15.0967741935484       1.327891655937945E-003
   15.1143695014663       1.388984991997961E-003
   15.1319648093842       1.470245310485003E-003
   15.1495601173021       1.567373408990747E-003
   15.1671554252199       1.684590285455056E-003
   15.1847507331378       1.814019223075366E-003
   15.2023460410557       1.954340729296113E-003
   15.2199413489736       2.084227828843176E-003
   15.2375366568915       2.189025153170170E-003
   15.2551319648094       2.252383598332703E-003
   15.2727272727273       2.271558976284200E-003
   15.2903225806452       2.237354472597309E-003
   15.3079178885631       2.153459246050862E-003
   15.3255131964809       2.016121211373726E-003
   15.3431085043988       1.835179782849775E-003
   15.3607038123167       1.613056281151304E-003
   15.3782991202346       1.367951163272845E-003
   15.3958944281525       1.112633286190225E-003
   15.4134897360704       8.866602102067537E-004
   15.4310850439883       7.212173814438067E-004
   15.4486803519062       6.379835055320533E-004
   15.4662756598240       6.379391410221590E-004
   15.4838709677419       7.257046024791021E-004
   15.5014662756598       8.905226078019783E-004
   15.5190615835777       1.127183242721664E-003
   15.5366568914956       1.415343809410164E-003
   15.5542521994135       1.740269775698723E-003
   15.5718475073314       2.070533331898575E-003
   15.5894428152493       2.378310111518089E-003
   15.6070381231672       2.609916208692822E-003
   15.6246334310850       2.721156232099259E-003
   15.6422287390029       2.692249746921250E-003
   15.6598240469208       2.535294205610073E-003
   15.6774193548387       2.257601592702582E-003
   15.6950146627566       1.884747430140578E-003
   15.7126099706745       1.435110927845800E-003
   15.7302052785924       9.434057734336503E-004
   15.7478005865103       4.368541582147124E-004
   15.7653958944282      -4.112187941199302E-005
   15.7829912023460      -4.533788884650875E-004
   15.8005865102639      -7.439699037790388E-004
   15.8181818181818      -8.687957206829923E-004
   15.8357771260997      -8.224677153680283E-004
   15.8533724340176      -6.366956107093243E-004
   15.8709677419355      -3.337232206226679E-004
   15.8885630498534       4.779361687405318E-005
   15.9061583577713       4.813858812556482E-004
   15.9237536656892       9.258773525109549E-004
   15.9413489736070       1.353238486930240E-003
   15.9589442815249       1.721552857585894E-003
   15.9765395894428       2.003185817237755E-003
   15.9941348973607       2.157717706974466E-003
   16.0117302052786       2.167231315693208E-003
   16.0293255131965       2.045320936526107E-003
   16.0469208211144       1.838599135377985E-003
   16.0645161290323       1.574644599636827E-003
   16.0821114369501       1.290736602284005E-003
   16.0997067448680       1.007288336900970E-003
   16.1173020527859       7.550180116400178E-004
   16.1348973607038       5.477902811538394E-004
   16.1524926686217       4.094118810243828E-004
   16.1700879765396       3.457442978496556E-004
   16.1876832844575       3.707688518004100E-004
   16.2052785923754       4.740495389192139E-004
   16.2228739002933       6.340522716468688E-004
   16.2404692082111       8.074792944431608E-004
   16.2580645161290       9.797834770268144E-004
   16.2756598240469       1.127036091827572E-003
   16.2932551319648       1.245163229058460E-003
   16.3108504398827       1.318623799989027E-003
   16.3284457478006       1.349938225078816E-003
   16.3460410557185       1.329808895345121E-003
   16.3636363636364       1.266599682316327E-003
   16.3812316715543       1.157454472074699E-003
   16.3988269794721       1.018215318015863E-003
   16.4164222873900       8.575478504302199E-004
   16.4340175953079       6.967440797798282E-004
   16.4516129032258       5.336039247635729E-004
   16.4692082111437       3.790691722649869E-004
   16.4868035190616       2.269505836453081E-004
   16.5043988269795       8.601405882595586E-005
   16.5219941348974      -5.118311599208319E-005
   16.5395894428153      -1.766356933181025E-004
   16.5571847507331      -2.981582997758545E-004
   16.5747800586510      -4.076924520490529E-004
   16.5923753665689      -5.126281581185601E-004
   16.6099706744868      -6.030944845320249E-004
   16.6275659824047      -6.825781103342764E-004
   16.6451612903226      -7.397784514946217E-004
   16.6627565982405      -7.809686146080341E-004
   16.6803519061584      -7.975617786325273E-004
   16.6979472140762      -7.976267689149605E-004
   16.7155425219941      -7.740901340327914E-004
   16.7331378299120      -7.364348489333438E-004
   16.7507331378299      -6.789444217081055E-004
   16.7683284457478      -6.125690077686310E-004
   16.7859237536657      -5.332300026875619E-004
   16.8035190615836      -4.542222165939454E-004
   16.8211143695015      -3.734964642112850E-004
   16.8387096774194      -3.008109186077951E-004
   16.8563049853372      -2.271874081295925E-004
   16.8739002932551      -1.593462815010579E-004
   16.8914956011730      -8.720712233006262E-005
   16.9090909090909      -1.677884175247914E-005
   16.9266862170088       6.249116534849723E-005
   16.9442815249267       1.448892887827414E-004
   16.9618768328446       2.411697045526622E-004
   16.9794721407625       3.456184847632393E-004
   16.9970674486804       4.688380829761503E-004
   17.0146627565982       6.032278561739173E-004
   17.0322580645161       7.508273848361265E-004
   17.0498533724340       8.957684447382529E-004
   17.0674486803519       1.039348447445732E-003
   17.0850439882698       1.167038020255620E-003
   17.1026392961877       1.281273714581188E-003
   17.1202346041056       1.368580947824484E-003
   17.1378299120235       1.432543918438858E-003
   17.1554252199413       1.460916864876335E-003
   17.1730205278592       1.458844037773718E-003
   17.1906158357771       1.416029116183866E-003
   17.2082111436950       1.341532617247630E-003
   17.2258064516129       1.235404234387315E-003
   17.2434017595308       1.116628155905935E-003
   17.2609970674487       9.848014208745503E-004
   17.2785923753666       8.547461445388986E-004
   17.2961876832845       7.235629943051883E-004
   17.3137829912023       6.039120279461864E-004
   17.3313782991202       4.910385599770241E-004
   17.3489736070381       3.956896031245956E-004
   17.3665689149560       3.111695476471451E-004
   17.3841642228739       2.458407460718867E-004
   17.4017595307918       1.897735379450216E-004
   17.4193548387097       1.450281328546826E-004
   17.4369501466276       9.617541948118386E-005
   17.4545454545455       4.785388386941036E-005
   17.4721407624633      -1.063831605825410E-005
   17.4897360703812      -7.228595993656611E-005
   17.5073313782991      -1.459389742590160E-004
   17.5249266862170      -2.232702640418963E-004
   17.5425219941349      -3.118090415111573E-004
   17.5601173020528      -4.021428445506526E-004
   17.5777126099707      -5.004965255565834E-004
   17.5953079178886      -5.961820889087610E-004
   17.6129032258065      -6.933323030648779E-004
   17.6304985337243      -7.808599049943248E-004
   17.6480938416422      -8.657647436023046E-004
   17.6656891495601      -9.397420908825658E-004
   17.6832844574780      -1.010580816284633E-003
   17.7008797653959      -1.070511148797545E-003
   17.7184750733138      -1.127395013630389E-003
   17.7360703812317      -1.173744072242519E-003
   17.7536656891496      -1.217244875399060E-003
   17.7712609970675      -1.250574368933829E-003
   17.7888563049853      -1.280997752104448E-003
   17.8064516129032      -1.301120779294316E-003
   17.8240469208211      -1.316528806851614E-003
   17.8416422287390      -1.318535353877041E-003
   17.8592375366569      -1.311673468986718E-003
   17.8768328445748      -1.288200436297538E-003
   17.8944281524927      -1.251655834325216E-003
   17.9120234604106      -1.195253096874636E-003
   17.9296187683284      -1.120084959796611E-003
   17.9472140762463      -1.020798033671501E-003
   17.9648093841642      -8.913812644472427E-004
   17.9824046920821      -7.295097814066524E-004
   18.0000000000000      -4.833885802985137E-004
