  0.000000000000000E+000 -2.086868066235027E-003
  1.759530791788856E-002 -1.867237288881125E-003
  3.519061583577713E-002 -1.769131873980198E-003
  5.278592375366570E-002 -1.663458347808594E-003
  7.038123167155426E-002 -1.593980103544928E-003
  8.797653958944282E-002 -1.520414669017391E-003
  0.105571847507331      -1.466262998261584E-003
  0.123167155425220      -1.409656629794372E-003
  0.140762463343109      -1.365400685757367E-003
  0.158357771260997      -1.319671162319020E-003
  0.175953079178886      -1.282437683908860E-003
  0.193548387096774      -1.244398310772836E-003
  0.211143695014663      -1.212443696155747E-003
  0.228739002932551      -1.180172396949361E-003
  0.246334310850440      -1.152344804130117E-003
  0.263929618768328      -1.124579390676166E-003
  0.281524926686217      -1.100074502694750E-003
  0.299120234604106      -1.075934604649188E-003
  0.316715542521994      -1.054164368992961E-003
  0.334310850439883      -1.033006995291381E-003
  0.351906158357771      -1.013525992451277E-003
  0.369501466275660      -9.948643035607521E-004
  0.387096774193548      -9.773248873440200E-004
  0.404692082111437      -9.607785512922477E-004
  0.422287390029326      -9.448960220571652E-004
  0.439882697947214      -9.301343026698452E-004
  0.457478005865103      -9.156297396329483E-004
  0.475073313782991      -9.023419540707191E-004
  0.492668621700880      -8.889621154218264E-004
  0.510263929618768      -8.768765103893682E-004
  0.527859237536657      -8.643937113931596E-004
  0.545454545454546      -8.532648341675871E-004
  0.563049853372434      -8.414656485917724E-004
  0.580645161290323      -8.310600377787425E-004
  0.598240469208211      -8.197280498119121E-004
  0.615835777126100      -8.097921592589240E-004
  0.633431085043988      -7.986710141452023E-004
  0.651026392961877      -7.889608340522689E-004
  0.668621700879765      -7.778914238028569E-004
  0.686217008797654      -7.682943307390752E-004
  0.703812316715543      -7.572182303733143E-004
  0.721407624633431      -7.477009925851021E-004
  0.739002932551320      -7.366318276573635E-004
  0.756598240469208      -7.272366420699424E-004
  0.774193548387097      -7.162705602002748E-004
  0.791788856304985      -7.071408097730584E-004
  0.809384164222874      -6.965213199794662E-004
  0.826979472140763      -6.880469982470498E-004
  0.844574780058651      -6.782734900642227E-004
  0.862170087976540      -6.708734216925676E-004
  0.879765395894428      -6.622217190565043E-004
  0.897360703812317      -6.560602888208084E-004
  0.914956011730205      -6.486262768131823E-004
  0.932551319648094      -6.437282649613317E-004
  0.950146627565982      -6.374781434921769E-004
  0.967741935483871      -6.337377556470388E-004
  0.985337243401760      -6.284925289457533E-004
   1.00293255131965      -6.256201435252200E-004
   1.02052785923754      -6.209186616146494E-004
   1.03812316715543      -6.182765962476330E-004
   1.05571847507331      -6.135145507377219E-004
   1.07331378299120      -6.106798959403578E-004
   1.09090909090909      -6.055796798423747E-004
   1.10850439882698      -6.023546385165214E-004
   1.12609970674487      -5.967853417302952E-004
   1.14369501466276      -5.930890878655773E-004
   1.16129032258065      -5.870213227329633E-004
   1.17888563049853      -5.828687415847176E-004
   1.19648093841642      -5.763696215527270E-004
   1.21407624633431      -5.718816581990615E-004
   1.23167155425220      -5.650885689995608E-004
   1.24926686217009      -5.603128368112662E-004
   1.26686217008798      -5.531676963063006E-004
   1.28445747800587      -5.480029729372120E-004
   1.30205278592375      -5.404073463323370E-004
   1.31964809384164      -5.347644530916381E-004
   1.33724340175953      -5.266498058825824E-004
   1.35483870967742      -5.204843031423149E-004
   1.37243401759531      -5.118448479804564E-004
   1.39002932551320      -5.052015148491725E-004
   1.40762463343109      -4.961814434260416E-004
   1.42521994134897      -4.894396412015446E-004
   1.44281524926686      -4.807334001509145E-004
   1.46041055718475      -4.746877466589438E-004
   1.47800586510264      -4.669550731940102E-004
   1.49560117302053      -4.621088747335927E-004
   1.51319648093842      -4.557399654006978E-004
   1.53079178885631      -4.523775765156567E-004
   1.54838709677419      -4.475545089760299E-004
   1.56598240469208      -4.457445693163430E-004
   1.58357771260997      -4.424039406133618E-004
   1.60117302052786      -4.418982504425814E-004
   1.61876832844575      -4.394423776108987E-004
   1.63636363636364      -4.391162009542792E-004
   1.65395894428153      -4.361763193629492E-004
   1.67155425219941      -4.348849109122379E-004
   1.68914956011730      -4.306170862730801E-004
   1.70674486803519      -4.277166674093796E-004
   1.72434017595308      -4.216406701480258E-004
   1.74193548387097      -4.167971224254220E-004
   1.75953079178886      -4.087268712884882E-004
   1.77712609970675      -4.019143126902006E-004
   1.79472140762463      -3.920187386862641E-004
   1.81231671554252      -3.837195776205930E-004
   1.82991202346041      -3.730068295474671E-004
   1.84750733137830      -3.645977306922104E-004
   1.86510263929619      -3.543058130458217E-004
   1.88269794721408      -3.466831758506891E-004
   1.90029325513196      -3.374728145501228E-004
   1.91788856304985      -3.311331633964771E-004
   1.93548387096774      -3.233631091273818E-004
   1.95307917888563      -3.185355709956601E-004
   1.97067448680352      -3.123049983692644E-004
   1.98826979472141      -3.089425190351251E-004
   2.00586510263930      -3.040061560121965E-004
   2.02346041055718      -3.015390689747024E-004
   2.04105571847507      -2.970313479757703E-004
   2.05865102639296      -2.946300466172063E-004
   2.07624633431085      -2.899847917103283E-004
   2.09384164222874      -2.872786890997179E-004
   2.11143695014663      -2.822440458431923E-004
   2.12903225806452      -2.790743108745831E-004
   2.14662756598241      -2.735734304110285E-004
   2.16422287390029      -2.699405045533783E-004
   2.18181818181818      -2.640569677598169E-004
   2.19941348973607      -2.601426285808460E-004
   2.21700879765396      -2.542077321497004E-004
   2.23460410557185      -2.504916719439398E-004
   2.25219941348974      -2.449551540519915E-004
   2.26979472140762      -2.417052631090674E-004
   2.28739002932551      -2.366941763992256E-004
   2.30498533724340      -2.339581943510170E-004
   2.32258064516129      -2.294629516762154E-004
   2.34017595307918      -2.271811295014198E-004
   2.35777126099707      -2.230955418574237E-004
   2.37536656891496      -2.211116011873229E-004
   2.39296187683284      -2.172228061291086E-004
   2.41055718475073      -2.152378268389416E-004
   2.42815249266862      -2.111494459542087E-004
   2.44574780058651      -2.087795444353170E-004
   2.46334310850440      -2.042576295731760E-004
   2.48093841642229      -2.014103485612479E-004
   2.49853372434018      -1.964408302143409E-004
   2.51612903225806      -1.931547166520475E-004
   2.53372434017595      -1.878232342444586E-004
   2.55131964809384      -1.842279920096216E-004
   2.56891495601173      -1.787120366817728E-004
   2.58651026392962      -1.750396280767329E-004
   2.60410557184751      -1.696498380225531E-004
   2.62170087976540      -1.663327455078450E-004
   2.63929618768328      -1.615859924575555E-004
   2.65689149560117      -1.590552833342877E-004
   2.67448680351906      -1.552129675803016E-004
   2.69208211143695      -1.536148456703173E-004
   2.70967741935484      -1.507517716708780E-004
   2.72727272727273      -1.501001438429943E-004
   2.74486803519062      -1.481747614901576E-004
   2.76246334310850      -1.483705643007733E-004
   2.78005865102639      -1.472201545486223E-004
   2.79765395894428      -1.480199356571081E-004
   2.81524926686217      -1.472695613997475E-004
   2.83284457478006      -1.481285019696107E-004
   2.85043988269795      -1.472018785873681E-004
   2.86803519061584      -1.476872776481399E-004
   2.88563049853372      -1.462981745445247E-004
   2.90322580645161      -1.462109624442327E-004
   2.92082111436950      -1.442246802385049E-004
   2.93841642228739      -1.434844651234190E-004
   2.95601173020528      -1.408725466197538E-004
   2.97360703812317      -1.395032394838826E-004
   2.99120234604106      -1.363490288964984E-004
   3.00879765395894      -1.345171487186991E-004
   3.02639296187683      -1.311124579080471E-004
   3.04398826979472      -1.291908732333916E-004
   3.06158357771261      -1.258591230156978E-004
   3.07917888563050      -1.240692483063975E-004
   3.09677419354839      -1.209680600073117E-004
   3.11436950146628      -1.194287303301093E-004
   3.13196480938416      -1.166471539404067E-004
   3.14956011730205      -1.154214131831021E-004
   3.16715542521994      -1.129988187578515E-004
   3.18475073313783      -1.121009090510644E-004
   3.20234604105572      -1.100219711376157E-004
   3.21994134897361      -1.093903407063079E-004
   3.23753665689150      -1.075455311943252E-004
   3.25513196480938      -1.070682137769852E-004
   3.27272727272727      -1.053850526901978E-004
   3.29032258064516      -1.050218524384677E-004
   3.30791788856305      -1.034799907820457E-004
   3.32551319648094      -1.032257951543633E-004
   3.34310850439883      -1.018346622643147E-004
   3.36070381231672      -1.017131390862582E-004
   3.37829912023460      -1.005136290793386E-004
   3.39589442815249      -1.005871483278420E-004
   3.41348973607038      -9.968063499532933E-005
   3.43108504398827      -1.001074396995854E-004
   3.44868035190616      -9.967092415635137E-005
   3.46627565982405      -1.005801533881433E-004
   3.48387096774194      -1.006845633385004E-004
   3.50146627565982      -1.021070233736930E-004
   3.51906158357771      -1.027519259517372E-004
   3.53665689149560      -1.046570435621053E-004
   3.55425219941349      -1.057812768533491E-004
   3.57184750733138      -1.080725397548550E-004
   3.58944281524927      -1.095366806231204E-004
   3.60703812316716      -1.120062876546968E-004
   3.62463343108504      -1.134835488458111E-004
   3.64222873900293      -1.157051050277031E-004
   3.65982404692082      -1.168068510794619E-004
   3.67741935483871      -1.185100467952248E-004
   3.69501466275660      -1.190551294739049E-004
   3.71260997067449      -1.201184002996642E-004
   3.73020527859238      -1.200372717378299E-004
   3.74780058651026      -1.204396251062463E-004
   3.76539589442815      -1.197618100145235E-004
   3.78299120234604      -1.195894565986070E-004
   3.80058651026393      -1.184750455948154E-004
   3.81818181818182      -1.180088807586129E-004
   3.83577712609971      -1.168757789155257E-004
   3.85337243401760      -1.165370865947218E-004
   3.87096774193548      -1.156801299603782E-004
   3.88856304985337      -1.156545328008268E-004
   3.90615835777126      -1.151956961553956E-004
   3.92375366568915      -1.155569340300240E-004
   3.94134897360704      -1.155294898616889E-004
   3.95894428152493      -1.162725458386709E-004
   3.97653958944282      -1.166328323348241E-004
   3.99413489736070      -1.176703668671390E-004
   4.01173020527859      -1.182694241126052E-004
   4.02932551319648      -1.193812189035837E-004
   4.04692082111437      -1.199959287235007E-004
   4.06451612903226      -1.210380835186207E-004
   4.08211143695015      -1.216004478877092E-004
   4.09970674486804      -1.225442719755742E-004
   4.11730205278592      -1.230508239039927E-004
   4.13489736070381      -1.239129969099544E-004
   4.15249266862170      -1.243986621433020E-004
   4.17008797653959      -1.252318336989012E-004
   4.18768328445748      -1.257689551429759E-004
   4.20527859237537      -1.266716967552885E-004
   4.22287390029326      -1.273889708434330E-004
   4.24046920821114      -1.284813256199482E-004
   4.25806451612903      -1.294323231554729E-004
   4.27565982404692      -1.307014507462832E-004
   4.29325513196481      -1.318406659544354E-004
   4.31085043988270      -1.332213956152092E-004
   4.32844574780059      -1.344673443581202E-004
   4.34604105571848      -1.358628384965098E-004
   4.36363636363636      -1.371031848451918E-004
   4.38123167155425      -1.383832549929409E-004
   4.39882697947214      -1.394651440271333E-004
   4.41642228739003      -1.404439090634058E-004
   4.43401759530792      -1.411714629361886E-004
   4.45161290322581      -1.417145260253147E-004
   4.46920821114370      -1.420404719393742E-004
   4.48680351906158      -1.421511122973438E-004
   4.50439882697947      -1.421052827905287E-004
   4.52199413489736      -1.418338749086742E-004
   4.53958944281525      -1.414853393313014E-004
   4.55718475073314      -1.409194157137822E-004
   4.57478005865103      -1.403760908902495E-004
   4.59237536656892      -1.396477698351881E-004
   4.60997067448680      -1.390789790297758E-004
   4.62756598240469      -1.384004315207377E-004
   4.64516129032258      -1.380108863305318E-004
   4.66275659824047      -1.375165913802793E-004
   4.68035190615836      -1.373744055932004E-004
   4.69794721407625      -1.370972151272453E-004
   4.71554252199414      -1.372123905529069E-004
   4.73313782991202      -1.371432668148288E-004
   4.75073313782991      -1.374898367073296E-004
   4.76832844574780      -1.375863828985425E-004
   4.78592375366569      -1.381049196166783E-004
   4.80351906158358      -1.382873472712763E-004
   4.82111436950147      -1.388798208659548E-004
   4.83870967741935      -1.390673329459391E-004
   4.85630498533724      -1.397123163578161E-004
   4.87390029325513      -1.399304589244886E-004
   4.89149560117302      -1.406675521281110E-004
   4.90909090909091      -1.409591284662280E-004
   4.92668621700880      -1.418314224310611E-004
   4.94428152492669      -1.422376143303996E-004
   4.96187683284458      -1.432825922327959E-004
   4.97947214076246      -1.438348495931207E-004
   4.99706744868035      -1.450745912797270E-004
   5.01466275659824      -1.457736517076615E-004
   5.03225806451613      -1.471555452157712E-004
   5.04985337243402      -1.478886927605184E-004
   5.06744868035191      -1.492839696856181E-004
   5.08504398826980      -1.499377608876695E-004
   5.10263929618768      -1.512473160514983E-004
   5.12023460410557      -1.517327053145321E-004
   5.13782991202346      -1.528754566147750E-004
   5.15542521994135      -1.531182495436584E-004
   5.17302052785924      -1.540260317728673E-004
   5.19061583577713      -1.539638091930153E-004
   5.20821114369502      -1.545803733925946E-004
   5.22580645161290      -1.541747332591683E-004
   5.24340175953079      -1.544995404368910E-004
   5.26099706744868      -1.537855145932377E-004
   5.27859237536657      -1.538661319919172E-004
   5.29618768328446      -1.528927831699012E-004
   5.31378299120235      -1.527795425923744E-004
   5.33137829912024      -1.515987054578236E-004
   5.34897360703812      -1.513447160506254E-004
   5.36656891495601      -1.500108154591169E-004
   5.38416422287390      -1.496713348822221E-004
   5.40175953079179      -1.482400165266844E-004
   5.41935483870968      -1.478647860368929E-004
   5.43695014662757      -1.463622407479135E-004
   5.45454545454546      -1.459472460992122E-004
   5.47214076246334      -1.443589067292744E-004
   5.48973607038123      -1.438937795718279E-004
   5.50733137829912      -1.422149408909166E-004
   5.52492668621701      -1.417002229041079E-004
   5.54252199413490      -1.399372107511106E-004
   5.56011730205279      -1.393853714466611E-004
   5.57771260997067      -1.375584234022669E-004
   5.59530791788856      -1.369995133640577E-004
   5.61290322580645      -1.351565488633995E-004
   5.63049853372434      -1.346678978742052E-004
   5.64809384164223      -1.329039223985363E-004
   5.66568914956012      -1.325668622700913E-004
   5.68328445747801      -1.309397550235594E-004
   5.70087976539589      -1.307952505118126E-004
   5.71847507331378      -1.293333563404961E-004
   5.73607038123167      -1.293977408468744E-004
   5.75366568914956      -1.281054932667636E-004
   5.77126099706745      -1.283694732554726E-004
   5.78885630498534      -1.272211435034171E-004
   5.80645161290323      -1.276328148640689E-004
   5.82404692082111      -1.265255979568909E-004
   5.84164222873900      -1.269243927173272E-004
   5.85923753665689      -1.256902647786297E-004
   5.87683284457478      -1.259454661126128E-004
   5.89442815249267      -1.244881971811473E-004
   5.91202346041056      -1.245263825112384E-004
   5.92961876832845      -1.227922404919391E-004
   5.94721407624634      -1.225773106512173E-004
   5.96480938416422      -1.205481518864519E-004
   5.98240469208211      -1.200808899062317E-004
   6.00000000000000      -1.177808240523541E-004
   6.01759530791789      -1.171192872355487E-004
   6.03519061583578      -1.146411925255821E-004
   6.05278592375367      -1.138755227634098E-004
   6.07038123167156      -1.112764407730381E-004
   6.08797653958944      -1.104385728425436E-004
   6.10557184750733      -1.077388813911105E-004
   6.12316715542522      -1.068418494456974E-004
   6.14076246334311      -1.040502505033903E-004
   6.15835777126100      -1.030994413974404E-004
   6.17595307917889      -1.002197097805127E-004
   6.19354838709677      -9.921775954184613E-005
   6.21114369501466      -9.625326090117385E-005
   6.22873900293255      -9.520602247686848E-005
   6.24633431085044      -9.216604893387338E-005
   6.26392961876833      -9.108296666801647E-005
   6.28152492668622      -8.797592236861901E-005
   6.29912023460411      -8.686453164264671E-005
   6.31671554252199      -8.369854339435140E-005
   6.33431085043988      -8.256769606933695E-005
   6.35190615835777      -7.935359103843905E-005
   6.36950146627566      -7.821640322632006E-005
   6.38709677419355      -7.497134544015193E-005
   6.40469208211144      -7.385103596765799E-005
   6.42228739002933      -7.060699850382144E-005
   6.43988269794721      -6.953402540690315E-005
   6.45747800586510      -6.630341828630009E-005
   6.47507331378299      -6.527058010071264E-005
   6.49266862170088      -6.203712047707911E-005
   6.51026392961877      -6.102310322346262E-005
   6.52785923753666      -5.776259393708488E-005
   6.54545454545455      -5.674087451173264E-005
   6.56304985337243      -5.342593968290248E-005
   6.58064516129032      -5.236867000262627E-005
   6.59824046920821      -4.897285486837345E-005
   6.61583577712610      -4.785896635136423E-005
   6.63343108504399      -4.438069648944898E-005
   6.65102639296188      -4.323270782340125E-005
   6.66862170087977      -3.970359519191765E-005
   6.68621700879765      -3.854905649158277E-005
   6.70381231671554      -3.499296526026541E-005
   6.72140762463343      -3.385290477171296E-005
   6.73900293255132      -3.028973214341620E-005
   6.75659824046921      -2.918319804318132E-005
   6.77419354838710      -2.563304427416493E-005
   6.79178885630499      -2.458215067761245E-005
   6.80938416422287      -2.107418657669428E-005
   6.82697947214076      -2.012183510436610E-005
   6.84457478005865      -1.670834097873564E-005
   6.86217008797654      -1.589628853640305E-005
   6.87976539589443      -1.260075479599280E-005
   6.89736070381232      -1.193843491170859E-005
   6.91495601173021      -8.760729057023014E-006
   6.93255131964809      -8.239018511333254E-006
   6.95014662756598      -5.162485042062792E-006
   6.96774193548387      -4.756751836745600E-006
   6.98533724340176      -1.749444487101265E-006
   7.00293255131965      -1.418924907404709E-006
   7.02052785923754       1.564956024300713E-006
   7.03812316715543       1.853451971689582E-006
   7.05571847507331       4.817109231401822E-006
   7.07331378299120       5.048420982567276E-006
   7.09090909090909       7.973944197264333E-006
   7.10850439882698       8.132196973012866E-006
   7.12609970674487       1.100573098666543E-005
   7.14369501466276       1.108037174386549E-005
   7.16129032258065       1.389424803267950E-005
   7.17888563049853       1.388167582168902E-005
   7.19648093841642       1.663605062575003E-005
   7.21407624633431       1.654115141611933E-005
   7.23167155425220       1.923838680988911E-005
   7.24926686217009       1.905122020826065E-005
   7.26686217008798       2.166975950019411E-005
   7.28445747800587       2.136737807214477E-005
   7.30205278592375       2.388630205744440E-005
   7.31964809384164       2.345139695723515E-005
   7.33724340175953       2.585673259386136E-005
   7.35483870967742       2.528003147306465E-005
   7.37243401759531       2.756707455167154E-005
   7.39002932551320       2.685020058620769E-005
   7.40762463343109       2.902809730447617E-005
   7.42521994134897       2.818662717407983E-005
   7.44281524926686       3.026253251226327E-005
   7.46041055718475       2.928495958154502E-005
   7.47800586510264       3.123497972122690E-005
   7.49560117302053       3.009591150932388E-005
   7.51319648093842       3.189532978434639E-005
   7.53079178885631       3.057283295928331E-005
   7.54838709677419       3.220277382978458E-005
   7.56598240469208       3.068301359344902E-005
   7.58357771260997       3.213532009954958E-005
   7.60117302052786       3.041922558360073E-005
   7.61876832844575       3.170642527093279E-005
   7.63636363636364       2.981059505972621E-005
   7.65395894428153       3.093119263547487E-005
   7.67155425219941       2.883249754230888E-005
   7.68914956011730       2.975319749674930E-005
   7.70674486803519       2.741624207359092E-005
   7.72434017595308       2.810116054235073E-005
   7.74193548387097       2.549245489171009E-005
   7.75953079178886       2.591133605836941E-005
   7.77712609970675       2.300715210996296E-005
   7.79472140762463       2.314508878167104E-005
   7.81231671554252       1.994961753799860E-005
   7.82991202346041       1.984735555398655E-005
   7.84750733137830       1.643379584094444E-005
   7.86510263929619       1.616084713971873E-005
   7.88269794721408       1.257815380263466E-005
   7.90029325513197       1.216788014367767E-005
   7.91788856304985       8.440574711495725E-006
   7.93548387096774       7.910444074173437E-006
   7.95307917888563       4.051941871281085E-006
   7.97067448680352       3.412227094766062E-006
   7.98826979472141      -5.673548016587524E-007
   8.00586510263930      -1.303842901405509E-006
   8.02346041055718      -5.380162892302311E-006
   8.04105571847507      -6.177513809357985E-006
   8.05865102639296      -1.031818859779063E-005
   8.07624633431085      -1.116103368632398E-005
   8.09384164222874      -1.536382179150609E-005
   8.11143695014663      -1.625939291843270E-005
   8.12903225806452      -2.053806863261730E-005
   8.14662756598241      -2.150605777317949E-005
   8.16422287390029      -2.588392653488684E-005
   8.18181818181818      -2.695051470080344E-005
   8.19941348973607      -3.145310364795601E-005
   8.21700879765396      -3.263307946095767E-005
   8.23460410557185      -3.723425576297934E-005
   8.25219941348974      -3.845492764635258E-005
   8.26979472140763      -4.307168588012792E-005
   8.28739002932551      -4.426626265479444E-005
   8.30498533724340      -4.884689390512132E-005
   8.32258064516129      -4.997750824489362E-005
   8.34017595307918      -5.449604481399154E-005
   8.35777126099707      -5.554935366815960E-005
   8.37536656891496      -6.000435304586607E-005
   8.39296187683285      -6.099272523524896E-005
   8.41055718475073      -6.541221204062811E-005
   8.42815249266862      -6.637573694579170E-005
   8.44574780058651      -7.078871377226066E-005
   8.46334310850440      -7.173274919384329E-005
   8.48093841642229      -7.613097818552335E-005
   8.49853372434018      -7.704675007477628E-005
   8.51612903225807      -8.142315908603686E-005
   8.53372434017595      -8.230756065591289E-005
   8.55131964809384      -8.666287613326681E-005
   8.56891495601173      -8.752217780573938E-005
   8.58651026392962      -9.186783369750558E-005
   8.60410557184751      -9.272038624292112E-005
   8.62170087976540      -9.707252309818118E-005
   8.63929618768329      -9.790587596596700E-005
   8.65689149560117      -1.022092874676536E-004
   8.67448680351906      -1.029513256422273E-004
   8.69208211143695      -1.071379981312726E-004
   8.70967741935484      -1.077294897311327E-004
   8.72727272727273      -1.117490962480922E-004
   8.74486803519062      -1.121511621173876E-004
   8.76246334310851      -1.159770486382594E-004
   8.78005865102639      -1.161793389337304E-004
   8.79765395894428      -1.198213402015590E-004
   8.81524926686217      -1.198675454683942E-004
   8.83284457478006      -1.234055298476056E-004
   8.85043988269795      -1.233730430042317E-004
   8.86803519061584      -1.268430717831393E-004
   8.88563049853373      -1.267358154666892E-004
   8.90322580645161      -1.301260185769816E-004
   8.92082111436950      -1.299243270570854E-004
   8.93841642228739      -1.332098984189765E-004
   8.95601173020528      -1.328875076690337E-004
   8.97360703812317      -1.360421949099467E-004
   8.99120234604106      -1.355765461572819E-004
   9.00879765395895      -1.385855894722539E-004
   9.02639296187683      -1.379774827115044E-004
   9.04398826979472      -1.408492582029982E-004
   9.06158357771261      -1.400966878674281E-004
   9.07917888563050      -1.428123393995944E-004
   9.09677419354839      -1.418881683954525E-004
   9.11436950146628      -1.444164062526588E-004
   9.13196480938416      -1.432888678554050E-004
   9.14956011730205      -1.455988880948591E-004
   9.16715542521994      -1.442417900994083E-004
   9.18475073313783      -1.463145710110146E-004
   9.20234604105572      -1.447238410906973E-004
   9.21994134897361      -1.465873060060228E-004
   9.23753665689150      -1.448369858331545E-004
   9.25513196480938      -1.465772569013879E-004
   9.27272727272727      -1.447243010540448E-004
   9.29032258064516      -1.463670900514889E-004
   9.30791788856305      -1.444187000244438E-004
   9.32551319648094      -1.459566377855556E-004
   9.34310850439883      -1.438952838608457E-004
   9.36070381231672      -1.453019396752574E-004
   9.37829912023460      -1.430958386369840E-004
   9.39589442815249      -1.443358168434581E-004
   9.41348973607038      -1.419557732684432E-004
   9.43108504398827      -1.430329409848957E-004
   9.44868035190616      -1.405312341735814E-004
   9.46627565982405      -1.415130830383255E-004
   9.48387096774194      -1.389426603107955E-004
   9.50146627565982      -1.398639492769225E-004
   9.51906158357771      -1.372459150358904E-004
   9.53665689149560      -1.381146719295912E-004
   9.55425219941349      -1.354461196731810E-004
   9.57184750733138      -1.362482736802792E-004
   9.58944281524927      -1.335057234327122E-004
   9.60703812316716      -1.342086350497088E-004
   9.62463343108504      -1.313659736641798E-004
   9.64222873900293      -1.319777969817795E-004
   9.65982404692082      -1.290798607014536E-004
   9.67741935483871      -1.296507780952054E-004
   9.69501466275660      -1.267370731019792E-004
   9.71260997067449      -1.272943334080242E-004
   9.73020527859238      -1.243808829806937E-004
   9.74780058651026      -1.249279643449546E-004
   9.76539589442815      -1.220062139392404E-004
   9.78299120234604      -1.225204853824686E-004
   9.80058651026393      -1.195528080967698E-004
   9.81818181818182      -1.199826375149140E-004
   9.83577712609971      -1.169348596979595E-004
   9.85337243401760      -1.172991662120149E-004
   9.87096774193548      -1.142299850718370E-004
   9.88856304985337      -1.145928748429229E-004
   9.90615835777126      -1.115620109519739E-004
   9.92375366568915      -1.119754262370578E-004
   9.94134897360704      -1.090262359321294E-004
   9.95894428152493      -1.095222646675040E-004
   9.97653958944282      -1.066743848211323E-004
   9.99413489736071      -1.072562625606524E-004
   10.0117302052786      -1.044912941505337E-004
   10.0293255131965      -1.051248349027811E-004
   10.0469208211144      -1.024299435877045E-004
   10.0645161290323      -1.031433329959810E-004
   10.0821114369501      -1.005699011100378E-004
   10.0997067448680      -1.014172809116828E-004
   10.1173020527859      -9.901697284965511E-005
   10.1348973607038      -1.000430906383329E-004
   10.1524926686217      -9.785153017001692E-005
   10.1700879765396      -9.907819913847438E-005
   10.1876832844575      -9.709944888368669E-005
   10.2052785923754      -9.850127217348534E-005
   10.2228739002933      -9.666534964631435E-005
   10.2404692082111      -9.814511604216808E-005
   10.2580645161290      -9.638833351058925E-005
   10.2756598240469      -9.793716386203660E-005
   10.2932551319648      -9.628242039483900E-005
   10.3108504398827      -9.793747048020854E-005
   10.3284457478006      -9.643094219342485E-005
   10.3460410557185      -9.824152330063066E-005
   10.3636363636364      -9.693273161227550E-005
   10.3812316715543      -9.894274154365817E-005
   10.3988269794721      -9.786420648147897E-005
   10.4164222873900      -1.000749193989654E-004
   10.4340175953079      -9.917150299256670E-005
   10.4516129032258      -1.014928078098868E-004
   10.4692082111437      -1.006959346973493E-004
   10.4868035190616      -1.030940715952119E-004
   10.5043988269795      -1.023933384666920E-004
   10.5219941348974      -1.048728467218449E-004
   10.5395894428153      -1.042841109091669E-004
   10.5571847507331      -1.068676679729206E-004
   10.5747800586510      -1.064173973231102E-004
   10.5923753665689      -1.091295805743463E-004
   10.6099706744868      -1.088288139818387E-004
   10.6275659824047      -1.116289283642722E-004
   10.6451612903226      -1.113676300495715E-004
   10.6627565982405      -1.141252927130263E-004
   10.6803519061584      -1.138047688686647E-004
   10.6979472140762      -1.164549547707545E-004
   10.7155425219941      -1.160358808348359E-004
   10.7331378299120      -1.185604039815783E-004
   10.7507331378299      -1.180441490667388E-004
   10.7683284457478      -1.204612984573237E-004
   10.7859237536657      -1.198824474866790E-004
   10.8035190615836      -1.222401846551749E-004
   10.8211143695015      -1.216405201939014E-004
   10.8387096774194      -1.239185910525122E-004
   10.8563049853372      -1.231988667947435E-004
   10.8739002932551      -1.252743033507065E-004
   10.8914956011730      -1.243303938346771E-004
   10.9090909090909      -1.261204125718406E-004
   10.9266862170088      -1.248917920139955E-004
   10.9442815249267      -1.263580869637479E-004
   10.9618768328446      -1.248310827097825E-004
   10.9794721407625      -1.259867405370878E-004
   10.9970674486804      -1.242072085393292E-004
   11.0146627565982      -1.251402417742971E-004
   11.0322580645161      -1.232168300207797E-004
   11.0498533724340      -1.239828596960855E-004
   11.0674486803519      -1.218931947623895E-004
   11.0850439882698      -1.224322620140698E-004
   11.1026392961877      -1.201096134475549E-004
   11.1202346041056      -1.203561224885938E-004
   11.1378299120235      -1.177420204708086E-004
   11.1554252199413      -1.176481142608604E-004
   11.1730205278592      -1.147112494816890E-004
   11.1906158357771      -1.142677768613624E-004
   11.2082111436950      -1.110374284075330E-004
   11.2258064516129      -1.103315676206046E-004
   11.2434017595308      -1.069250602815357E-004
   11.2609970674487      -1.060328065384623E-004
   11.2785923753666      -1.024656106728773E-004
   11.2961876832845      -1.013680199065318E-004
   11.3137829912023      -9.760444616648381E-005
   11.3313782991202      -9.625506284818233E-005
   11.3489736070381      -9.224416868159305E-005
   11.3665689149560      -9.059141837389752E-005
   11.3841642228739      -8.628753528523855E-005
   11.4017595307918      -8.430023831451106E-005
   11.4193548387097      -7.971655752119866E-005
   11.4369501466276      -7.748904989594552E-005
   11.4545454545455      -7.277003757717241E-005
   11.4721407624633      -7.042150389503385E-005
   11.4897360703812      -6.564295267162970E-005
   11.5073313782991      -6.321846165637058E-005
   11.5249266862170      -5.840227951924317E-005
   11.5425219941349      -5.590404876956906E-005
   11.5601173020528      -5.103615585884930E-005
   11.5777126099707      -4.843555626342011E-005
   11.5953079178886      -4.347590077227073E-005
   11.6129032258065      -4.072969137569984E-005
   11.6304985337243      -3.567868161989074E-005
   11.6480938416422      -3.287439617930305E-005
   11.6656891495601      -2.787062788017591E-005
   11.6832844574780      -2.513762739041933E-005
   11.7008797653959      -2.028630759054515E-005
   11.7184750733138      -1.770655646236144E-005
   11.7360703812317      -1.306693839365147E-005
   11.7536656891496      -1.067517505604842E-005
   11.7712609970675      -6.255716413209572E-006
   11.7888563049853      -4.029263241427467E-006
   11.8064516129032       2.340875053354896E-007
   11.8240469208211       2.402593977721246E-006
   11.8416422287390       6.602066917709426E-006
   11.8592375366569       8.720499715586722E-006
   11.8768328445748       1.279263847172321E-005
   11.8944281524927       1.477433929575528E-005
   11.9120234604106       1.862681368369157E-005
   11.9296187683284       2.038122680735321E-005
   11.9472140762463       2.393066899834262E-005
   11.9648093841642       2.538785214650427E-005
   11.9824046920821       2.858509331472964E-005
   12.0000000000000       2.973032567544609E-005
   12.0175953079179       3.263307282467459E-005
   12.0351906158358       3.364189230751749E-005
   12.0527859237537       3.648497162530007E-005
   12.0703812316716       3.754293985004972E-005
   12.0879765395894       4.044289459919728E-005
   12.1055718475073       4.162400111506995E-005
   12.1231671554252       4.462490799159821E-005
   12.1407624633431       4.595211615252068E-005
   12.1583577712610       4.906125840982462E-005
   12.1759530791789       5.053350101267917E-005
   12.1935483870968       5.374890203976484E-005
   12.2111436950147       5.538396979312751E-005
   12.2287390029326       5.877089032638380E-005
   12.2463343108504       6.065216974116397E-005
   12.2639296187683       6.423431126952355E-005
   12.2815249266862       6.630268199665752E-005
   12.2991202346041       6.996021036868063E-005
   12.3167155425220       7.205038234123365E-005
   12.3343108504399       7.557846676345200E-005
   12.3519061583578       7.745164791160918E-005
   12.3695014662757       8.058209007832687E-005
   12.3870967741935       8.194789282888154E-005
   12.4046920821114       8.438497446797610E-005
   12.4222873900293       8.512723631910579E-005
   12.4398826979472       8.734789558224804E-005
   12.4574780058651       8.859123751635276E-005
   12.4750733137830       9.190207061981565E-005
   12.4926686217009       9.484800421933198E-005
   12.5102639296188       1.003354456097019E-004
   12.5278592375367       1.059572061190641E-004
   12.5454545454545       1.144763226658248E-004
   12.5630498533724       1.235010571990296E-004
   12.5806451612903       1.356320335016788E-004
   12.5982404692082       1.484605862188617E-004
   12.6158357771261       1.642741433814387E-004
   12.6334310850440       1.801750481120603E-004
   12.6510263929619       1.979354412379133E-004
   12.6686217008798       2.147050135834572E-004
   12.6862170087977       2.321857735294260E-004
   12.7038123167155       2.475878394974264E-004
   12.7214076246334       2.624863500812589E-004
   12.7390029325513       2.741058874628731E-004
   12.7565982404692       2.838482878822080E-004
   12.7741935483871       2.888866686744640E-004
   12.7917888563050       2.903594718850517E-004
   12.8093841642229       2.852558431730305E-004
   12.8269794721408       2.762395375442551E-004
   12.8445747800587       2.642439107648764E-004
   12.8621700879765       2.542324709928303E-004
   12.8797653958944       2.475707382781958E-004
   12.8973607038123       2.492413871426864E-004
   12.9149560117302       2.607040280047782E-004
   12.9325513196481       2.868016485361055E-004
   12.9501466275660       3.289011615830530E-004
   12.9677419354839       3.914698817459072E-004
   12.9853372434018       4.753853014020004E-004
   13.0029325513196       5.838325180329946E-004
   13.0205278592375       7.116604254844840E-004
   13.0381231671554       8.491721029201245E-004
   13.0557184750733       9.853061983758542E-004
   13.0733137829912       1.112910391108452E-003
   13.0909090909091       1.223472330990088E-003
   13.1085043988270       1.312103288529866E-003
   13.1260997067449       1.372584720718645E-003
   13.1436950146628       1.402513525569032E-003
   13.1612903225806       1.398548926952313E-003
   13.1788856304985       1.362091162875915E-003
   13.1964809384164       1.295010180205166E-003
   13.2140762463343       1.210469650301269E-003
   13.2316715542522       1.127856101170539E-003
   13.2492668621701       1.060910703002057E-003
   13.2668621700880       1.016751195956948E-003
   13.2844574780059       1.000093439847658E-003
   13.3020527859238       1.011837223934545E-003
   13.3196480938416       1.051225668864324E-003
   13.3372434017595       1.114020861442370E-003
   13.3548387096774       1.194111041260779E-003
   13.3724340175953       1.281283577911734E-003
   13.3900293255132       1.362152982044955E-003
   13.4076246334311       1.414473763139290E-003
   13.4252199413490       1.415343465154758E-003
   13.4428152492669       1.358525183053768E-003
   13.4604105571848       1.248180905479502E-003
   13.4780058651026       1.091366820519755E-003
   13.4956011730205       8.985812717289634E-004
   13.5131964809384       6.821321516451552E-004
   13.5307917888563       4.564835963862720E-004
   13.5483870967742       2.378018725317638E-004
   13.5659824046921       4.393818375601666E-005
   13.5835777126100      -1.051749841205734E-004
   13.6011730205279      -1.875793375073610E-004
   13.6187683284457      -1.857328712825791E-004
   13.6363636363636      -1.102736938245539E-004
   13.6539589442815       2.040658317309751E-005
   13.6715542521994       1.873737816587233E-004
   13.6891495601173       3.720788479623867E-004
   13.7067448680352       5.559523534646402E-004
   13.7243401759531       7.215282492605341E-004
   13.7419354838710       8.516446257655219E-004
   13.7595307917889       9.309097218699391E-004
   13.7771260997067       9.451242096202641E-004
   13.7947214076246       8.832496824326160E-004
   13.8123167155425       7.428533544266365E-004
   13.8299120234604       5.479835926126544E-004
   13.8475073313783       3.248203903950975E-004
   13.8651026392962       9.538425023661090E-005
   13.8826979472141      -1.237842484679411E-004
   13.9002932551320      -3.170693254302058E-004
   13.9178885630499      -4.736884432369185E-004
   13.9354838709677      -5.832726391667376E-004
   13.9530791788856      -6.405873082544922E-004
   13.9706744868035      -6.412354430947445E-004
   13.9882697947214      -5.873332971577086E-004
   14.0058651026393      -4.861336741830787E-004
   14.0234604105572      -3.611836976284665E-004
   14.0410557184751      -2.323786964542228E-004
   14.0586510263930      -1.123272525167035E-004
   14.0762463343109      -7.723510695944179E-006
   14.0938416422287       7.533395339249748E-005
   14.1114369501466       1.355333729887979E-004
   14.1290322580645       1.707234178917677E-004
   14.1466275659824       1.835120387970144E-004
   14.1642228739003       1.751322489102675E-004
   14.1818181818182       1.521139190261384E-004
   14.1994134897361       1.199543560379116E-004
   14.2170087976540       9.114627653176266E-005
   14.2346041055718       7.008129195888591E-005
   14.2521994134897       5.927750852174518E-005
   14.2697947214076       5.666449787269558E-005
   14.2873900293255       6.286735660180407E-005
   14.3049853372434       7.461313486903678E-005
   14.3225806451613       9.206884515311790E-005
   14.3401759530792       1.115256095921505E-004
   14.3577712609971       1.331626643372696E-004
   14.3753665689150       1.532795715123529E-004
   14.3929618768328       1.725025161537388E-004
   14.4105571847507       1.881708108689811E-004
   14.4281524926686       2.040113911609228E-004
   14.4457478005865       2.193087813818786E-004
   14.4633431085044       2.370570600564591E-004
   14.4809384164223       2.551334878984029E-004
   14.4985337243402       2.758211615505360E-004
   14.5161290322581       2.962305796677955E-004
   14.5337243401760       3.181731068290446E-004
   14.5513196480938       3.381313018662174E-004
   14.5689149560117       3.574977486182510E-004
   14.5865102639296       3.721141380917661E-004
   14.6041055718475       3.827911160171510E-004
   14.6217008797654       3.854058975350831E-004
   14.6392961876833       3.837041914444934E-004
   14.6568914956012       3.764692151133857E-004
   14.6744868035191       3.682534896734954E-004
   14.6920821114370       3.578655492687340E-004
   14.7096774193548       3.500026386348008E-004
   14.7272727272727       3.433680390884637E-004
   14.7448680351906       3.427131999301017E-004
   14.7624633431085       3.465752778496248E-004
   14.7800586510264       3.596849848221141E-004
   14.7976539589443       3.803142785894216E-004
   14.8152492668622       4.124961998567363E-004
   14.8328445747801       4.511535238071014E-004
   14.8504398826979       4.972834331044420E-004
   14.8680351906158       5.452789934760863E-004
   14.8856304985337       5.965257874473859E-004
   14.9032258064516       6.455521366578028E-004
   14.9208211143695       6.940515833248290E-004
   14.9384164222874       7.366951728907876E-004
   14.9560117302053       7.755446851216303E-004
   14.9736070381232       8.055619296475848E-004
   14.9912023460411       8.294386369195574E-004
   15.0087976539589       8.434020723392066E-004
   15.0263929618768       8.551139398918182E-004
   15.0439882697947       8.661036663145967E-004
   15.0615835777126       8.845089007150076E-004
   15.0791788856305       9.097793846983357E-004
   15.0967741935484       9.487101867387324E-004
   15.1143695014663       9.992237512359903E-004
   15.1319648093842       1.066791169695126E-003
   15.1495601173021       1.147553216815902E-003
   15.1671554252199       1.245115764551955E-003
   15.1847507331378       1.352762050325562E-003
   15.2023460410557       1.469736039455417E-003
   15.2199413489736       1.578788593882704E-003
   15.2375366568915       1.668884522085722E-003
   15.2551319648094       1.726761904987170E-003
   15.2727272727273       1.750689971371028E-003
   15.2903225806452       1.732927950720799E-003
   15.3079178885631       1.676725961763850E-003
   15.3255131964809       1.578507836154621E-003
   15.3431085043988       1.446250620435103E-003
   15.3607038123167       1.281068522053838E-003
   15.3782991202346       1.097311948534089E-003
   15.3958944281525       9.039129676057491E-004
   15.4134897360704       7.313348699425219E-004
   15.4310850439883       6.022211790731044E-004
   15.4486803519062       5.334803314288330E-004
   15.4662756598240       5.250505367646980E-004
   15.4838709677419       5.811354407196341E-004
   15.5014662756598       6.929282970028860E-004
   15.5190615835777       8.573826133029106E-004
   15.5366568914956       1.058599451358807E-003
   15.5542521994135       1.286565411578128E-003
   15.5718475073314       1.517251919452136E-003
   15.5894428152493       1.731144982615939E-003
   15.6070381231672       1.888108653288002E-003
   15.6246334310850       1.957719560644724E-003
   15.6422287390029       1.926103030740536E-003
   15.6598240469208       1.804379320901804E-003
   15.6774193548387       1.598006670799608E-003
   15.6950146627566       1.327642015375230E-003
   15.7126099706745       1.006462443460714E-003
   15.7302052785924       6.614997445764688E-004
   15.7478005865103       3.119735391536700E-004
   15.7653958944282      -9.129259258707999E-006
   15.7829912023460      -2.759796392246583E-004
   15.8005865102639      -4.473064452161357E-004
   15.8181818181818      -4.945986286578436E-004
   15.8357771260997      -4.171923982348922E-004
   15.8533724340176      -2.427003349346997E-004
   15.8709677419355       1.102705163523285E-005
   15.8885630498534       3.124208586950063E-004
   15.9061583577713       6.415058509191969E-004
   15.9237536656892       9.656216454105840E-004
   15.9413489736070       1.264492954434963E-003
   15.9589442815249       1.505691682978722E-003
   15.9765395894428       1.670257931841153E-003
   15.9941348973607       1.728010841799667E-003
   16.0117302052786       1.669541497817721E-003
   16.0293255131965       1.508411904072583E-003
   16.0469208211144       1.284147166555657E-003
   16.0645161290323       1.018649208028912E-003
   16.0821114369501       7.429152785161330E-004
   16.0997067448680       4.725297276177074E-004
   16.1173020527859       2.328855754664418E-004
   16.1348973607038       3.400694528152748E-005
   16.1524926686217      -1.044278706589626E-004
   16.1700879765396      -1.790060781092461E-004
   16.1876832844575      -1.780027259395268E-004
   16.2052785923754      -1.111408845699443E-004
   16.2228739002933       5.308977067181142E-006
   16.2404692082111       1.361527650812204E-004
   16.2580645161290       2.710911964313508E-004
   16.2756598240469       3.901538178455203E-004
   16.2932551319648       4.912445948263941E-004
   16.3108504398827       5.608566193325713E-004
   16.3284457478006       6.020131381827185E-004
   16.3460410557185       6.059474962052819E-004
   16.3636363636364       5.801752413000214E-004
   16.3812316715543       5.207596391816413E-004
   16.3988269794721       4.408841804694328E-004
   16.4164222873900       3.451384169154506E-004
   16.4340175953079       2.506694606339515E-004
   16.4516129032258       1.538463324572983E-004
   16.4692082111437       6.422378995890265E-005
   16.4868035190616      -2.477094387923384E-005
   16.5043988269795      -1.050846634556948E-004
   16.5219941348974      -1.842130166748288E-004
   16.5395894428153      -2.545545080345377E-004
   16.5571847507331      -3.238738661850211E-004
   16.5747800586510      -3.844060989641094E-004
   16.5923753665689      -4.435789471063113E-004
   16.6099706744868      -4.920962442144706E-004
   16.6275659824047      -5.343649902474460E-004
   16.6451612903226      -5.599178509275085E-004
   16.6627565982405      -5.753868026494940E-004
   16.6803519061584      -5.723234162698746E-004
   16.6979472140762      -5.587821202856560E-004
   16.7155425219941      -5.273846206129406E-004
   16.7331378299120      -4.873049819547885E-004
   16.7507331378299      -4.320974132875483E-004
   16.7683284457478      -3.720814155005325E-004
   16.7859237536657      -3.019266289420404E-004
   16.8035190615836      -2.337086293337981E-004
   16.8211143695015      -1.633593082601868E-004
   16.8387096774194      -1.002151770586716E-004
   16.8563049853372      -3.501822211277802E-005
   16.8739002932551       2.493027048672050E-005
   16.8914956011730       8.970140916839575E-005
   16.9090909090909       1.523534339171758E-004
   16.9266862170088       2.233241341192692E-004
   16.9442815249267       2.957171753766430E-004
   16.9618768328446       3.801287149097559E-004
   16.9794721407625       4.694488471075766E-004
   16.9970674486804       5.741113811962486E-004
   17.0146627565982       6.851620859835536E-004
   17.0322580645161       8.062994335140236E-004
   17.0498533724340       9.223083043250770E-004
   17.0674486803519       1.036782418365840E-003
   17.0850439882698       1.135614899618242E-003
   17.1026392961877       1.223532876874200E-003
   17.1202346041056       1.287225278130858E-003
   17.1378299120235       1.332538080200797E-003
   17.1554252199413       1.347071691264951E-003
   17.1730205278592       1.338128041678107E-003
   17.1906158357771       1.294792204868627E-003
   17.2082111436950       1.227751465862725E-003
   17.2258064516129       1.134170462063818E-003
   17.2434017595308       1.032513123736074E-003
   17.2609970674487       9.191248939039942E-004
   17.2785923753666       8.092539191217805E-004
   17.2961876832845       6.970432045343798E-004
   17.3137829912023       5.962027496171706E-004
   17.3313782991202       4.991882949190354E-004
   17.3489736070381       4.184082334107557E-004
   17.3665689149560       3.445579537689376E-004
   17.3841642228739       2.884129743166053E-004
   17.4017595307918       2.378919256585563E-004
   17.4193548387097       1.991535410036522E-004
   17.4369501466276       1.556024274450927E-004
   17.4545454545455       1.156949291873268E-004
   17.4721407624633       6.615219343427725E-005
   17.4897360703812       1.757660781273018E-005
   17.5073313782991      -4.226202794555989E-005
   17.5249266862170      -1.013945620420267E-004
   17.5425219941349      -1.714672383137428E-004
   17.5601173020528      -2.392701232533900E-004
   17.5777126099707      -3.159521611799268E-004
   17.5953079178886      -3.868673550286805E-004
   17.6129032258065      -4.621971685562759E-004
   17.6304985337243      -5.265079141391525E-004
   17.6480938416422      -5.927939253869068E-004
   17.6656891495601      -6.469493273610899E-004
   17.6832844574780      -7.032809260659135E-004
   17.7008797653959      -7.472082607411357E-004
   17.7184750733138      -7.940069477523660E-004
   17.7360703812317      -8.282430637072963E-004
   17.7536656891496      -8.662138597187958E-004
   17.7712609970675      -8.912686987540745E-004
   17.7888563049853      -9.208757135160432E-004
   17.8064516129032      -9.365683092893314E-004
   17.8240469208211      -9.565067359446424E-004
   17.8416422287390      -9.588762911090417E-004
   17.8592375366569      -9.639456170568608E-004
   17.8768328445748      -9.472754548236406E-004
   17.8944281524927      -9.327488267921635E-004
   17.9120234604106      -8.913605781614456E-004
   17.9296187683284      -8.525917274718826E-004
   17.9472140762463      -7.789911639773364E-004
   17.9648093841642      -7.106230818979117E-004
   17.9824046920821      -5.900881652515150E-004
   18.0000000000000      -4.899507163004994E-004
