  0.000000000000000E+000 -4.042140757565613E-003
  1.759530791788856E-002 -2.270772112254839E-003
  3.519061583577713E-002 -2.304241696392983E-003
  5.278592375366570E-002 -1.735380027922584E-003
  7.038123167155426E-002 -1.766463795390966E-003
  8.797653958944282E-002 -1.436466923397216E-003
  0.105571847507331      -1.465500916214304E-003
  0.123167155425220      -1.236945681420282E-003
  0.140762463343109      -1.264175615245753E-003
  0.158357771260997      -1.091369988597322E-003
  0.175953079178886      -1.116977952596054E-003
  0.193548387096774      -9.792151969750479E-004
  0.211143695014663      -1.003339562602481E-003
  0.228739002932551      -8.895079820176296E-004
  0.246334310850440      -9.122605899886685E-004
  0.263929618768328      -8.157193486799712E-004
  0.281524926686217      -8.371877191990332E-004
  0.299120234604106      -7.536502211811929E-004
  0.316715542521994      -7.738985018515815E-004
  0.334310850439883      -7.004335540920022E-004
  0.351906158357771      -7.195044556591609E-004
  0.369501466275660      -6.540116606373671E-004
  0.387096774193548      -6.719242455564153E-004
  0.404692082111437      -6.128301744451205E-004
  0.422287390029326      -6.295593609614388E-004
  0.439882697947214      -5.756120414009596E-004
  0.457478005865103      -5.911007119370648E-004
  0.475073313782991      -5.413310594042111E-004
  0.492668621700880      -5.555582488736652E-004
  0.510263929618768      -5.092160380196712E-004
  0.527859237536657      -5.221780166612287E-004
  0.545454545454546      -4.786697297596986E-004
  0.563049853372434      -4.903746603918406E-004
  0.580645161290323      -4.492260055914155E-004
  0.598240469208211      -4.596924228501085E-004
  0.615835777126100      -4.205318320094762E-004
  0.633431085043988      -4.298659229408801E-004
  0.651026392961877      -3.925936244507045E-004
  0.668621700879765      -4.011263093458546E-004
  0.686217008797654      -3.658121990018962E-004
  0.703812316715543      -3.739094399841481E-004
  0.721407624633431      -3.406852949179042E-004
  0.739002932551320      -3.487362203525039E-004
  0.756598240469208      -3.177957651084426E-004
  0.774193548387097      -3.262248377944260E-004
  0.791788856304985      -2.978372682918293E-004
  0.809384164222874      -3.071398828733666E-004
  0.826979472140763      -2.816001756288393E-004
  0.844574780058651      -2.919437992162283E-004
  0.862170087976540      -2.689009502016891E-004
  0.879765395894428      -2.798700450391688E-004
  0.897360703812317      -2.587168000478850E-004
  0.914956011730205      -2.697824727931683E-004
  0.932551319648094      -2.498407369810955E-004
  0.950146627565982      -2.603971655954376E-004
  0.967741935483871      -2.409252881027351E-004
  0.985337243401760      -2.502864952543120E-004
   1.00293255131965      -2.304575219992562E-004
   1.02052785923754      -2.378779695416246E-004
   1.03812316715543      -2.171245650088097E-004
   1.05571847507331      -2.225938197182682E-004
   1.07331378299120      -2.011424180887585E-004
   1.09090909090909      -2.050327564737751E-004
   1.10850439882698      -1.832124661186476E-004
   1.12609970674487      -1.859285111768261E-004
   1.14369501466276      -1.640894681998127E-004
   1.16129032258065      -1.660378025489527E-004
   1.17888563049853      -1.445233859164403E-004
   1.19648093841642      -1.460792110281551E-004
   1.21407624633431      -1.251528815470529E-004
   1.23167155425220      -1.264576359118464E-004
   1.24926686217009      -1.060316637825755E-004
   1.26686217008798      -1.070196878221340E-004
   1.28445747800587      -8.707633267427455E-005
   1.30205278592375      -8.785659057029921E-005
   1.31964809384164      -6.853991326588901E-005
   1.33724340175953      -6.936595386801970E-005
   1.35483870967742      -5.097109850896048E-005
   1.37243401759531      -5.226189770513168E-005
   1.39002932551320      -3.528710009712060E-005
   1.40762463343109      -3.774984132904241E-005
   1.42521994134897      -2.306323459237408E-005
   1.44281524926686      -2.746763077930572E-005
   1.46041055718475      -1.529117502302868E-005
   1.47800586510264      -2.141463434817875E-005
   1.49560117302053      -1.125729545746157E-005
   1.51319648093842      -1.847398144060230E-005
   1.53079178885631      -9.544781375068951E-006
   1.54838709677419      -1.695274040216496E-005
   1.56598240469208      -8.185571389873886E-006
   1.58357771260997      -1.457764302108811E-005
   1.60117302052786      -4.525673160242743E-006
   1.61876832844575      -8.209940815607525E-006
   1.63636363636364       4.703981629043618E-006
   1.65395894428153       4.423379844725573E-006
   1.67155425219941       2.002683193170721E-005
   1.68914956011730       2.253978547226534E-005
   1.70674486803519       4.002584416747584E-005
   1.72434017595308       4.433850002880099E-005
   1.74193548387097       6.257926630164836E-005
   1.75953079178886       6.739970530965229E-005
   1.77712609970675       8.496012171974274E-005
   1.79472140762463       8.865066938817767E-005
   1.81231671554252       1.036511111763717E-004
   1.82991202346041       1.043168709019866E-004
   1.84750733137830       1.156249726665555E-004
   1.86510263929619       1.131276663745228E-004
   1.88269794721408       1.211641684952398E-004
   1.90029325513196       1.161187064266744E-004
   1.91788856304985       1.216474494942880E-004
   1.93548387096774       1.149177517073571E-004
   1.95307917888563       1.189155549553208E-004
   1.97067448680352       1.115656760792334E-004
   1.98826979472141       1.152136561193480E-004
   2.00586510263930       1.085480680495658E-004
   2.02346041055718       1.131966859546264E-004
   2.04105571847507       1.081369095308416E-004
   2.05865102639296       1.139787024154447E-004
   2.07624633431085       1.102448969614338E-004
   2.09384164222874       1.168787202583791E-004
   2.11143695014663       1.140011560911439E-004
   2.12903225806452       1.209237337589774E-004
   2.14662756598241       1.183568432514293E-004
   2.16422287390029       1.250033044069982E-004
   2.18181818181818       1.221480197247000E-004
   2.19941348973607       1.279026250493578E-004
   2.21700879765396       1.241461473718001E-004
   2.23460410557185       1.286372378630939E-004
   2.25219941348974       1.240431467732967E-004
   2.26979472140762       1.276322321424411E-004
   2.28739002932551       1.226104555226187E-004
   2.30498533724340       1.257140968688813E-004
   2.32258064516129       1.206702176885458E-004
   2.34017595307918       1.236959027271232E-004
   2.35777126099707       1.190235564822786E-004
   2.37536656891496       1.223630912938935E-004
   2.39296187683284       1.184357370242649E-004
   2.41055718475073       1.224423167117650E-004
   2.42815249266862       1.194480143375168E-004
   2.44574780058651       1.239784442703264E-004
   2.46334310850440       1.214945560296524E-004
   2.48093841642229       1.260670779869429E-004
   2.49853372434018       1.236196341180845E-004
   2.51612903225806       1.277759519631309E-004
   2.53372434017595       1.249079678768459E-004
   2.55131964809384       1.282021713010504E-004
   2.56891495601173       1.244659290248135E-004
   2.58651026392962       1.264580506887825E-004
   2.60410557184751       1.214078470688312E-004
   2.62170087976540       1.217224409202071E-004
   2.63929618768328       1.152573934255289E-004
   2.65689149560117       1.141853550179108E-004
   2.67448680351906       1.067928202391888E-004
   2.69208211143695       1.048635265465451E-004
   2.70967741935484       9.708375598749502E-005
   2.72727272727273       9.485764976096978E-005
   2.74486803519062       8.726243949921327E-005
   2.76246334310850       8.533397284579771E-005
   2.78005865102639       7.853507360691171E-005
   2.79765395894428       7.754972539834709E-005
   2.81524926686217       7.221150792021522E-005
   2.83284457478006       7.268520783271135E-005
   2.85043988269795       6.891260553594880E-005
   2.86803519061584       7.060713590304673E-005
   2.88563049853372       6.803495869768745E-005
   2.90322580645161       7.055156553632964E-005
   2.92082111436950       6.874906631400748E-005
   2.93841642228739       7.163690877902017E-005
   2.95601173020528       7.012639642901289E-005
   2.97360703812317       7.288814601553007E-005
   2.99120234604106       7.114197838864932E-005
   3.00879765395894       7.321979859713904E-005
   3.02639296187683       7.070960788390726E-005
   3.04398826979472       7.179292921748301E-005
   3.06158357771261       6.847803003619524E-005
   3.07917888563050       6.866564052018678E-005
   3.09677419354839       6.467423260512704E-005
   3.11436950146628       6.411564812807593E-005
   3.13196480938416       5.960789225029682E-005
   3.14956011730205       5.847888921325958E-005
   3.16715542521994       5.363875951368716E-005
   3.18475073313783       5.213880951051655E-005
   3.20234604105572       4.717737698367506E-005
   3.21994134897361       4.552742778258517E-005
   3.23753665689150       4.060899751007942E-005
   3.25513196480938       3.886375392656640E-005
   3.27272727272727       3.395981938255775E-005
   3.29032258064516       3.206953577172581E-005
   3.30791788856305       2.711720555717913E-005
   3.32551319648094       2.501407527910360E-005
   3.34310850439883       1.993532436967441E-005
   3.36070381231672       1.753698764109496E-005
   3.37829912023460       1.223805226019717E-005
   3.39589442815249       9.442762570986370E-006
   3.41348973607038       3.806098885953256E-006
   3.43108504398827       5.379536157919806E-007
   3.44868035190616      -5.381581323649902E-006
   3.46627565982405      -8.931311380740423E-006
   3.48387096774194      -1.488693961648013E-005
   3.50146627565982      -1.844691493840812E-005
   3.51906158357771      -2.415241268144156E-005
   3.53665689149560      -2.741668571466462E-005
   3.55425219941349      -3.255077301992725E-005
   3.57184750733138      -3.517462858643933E-005
   3.58944281524927      -3.936920730767932E-005
   3.60703812316716      -4.094249909986592E-005
   3.62463343108504      -4.379816833831494E-005
   3.64222873900293      -4.411474859355954E-005
   3.65982404692082      -4.573519372553274E-005
   3.67741935483871      -4.508224168115881E-005
   3.69501466275660      -4.581756433781712E-005
   3.71260997067449      -4.457829718281390E-005
   3.73020527859238      -4.484426917421453E-005
   3.74780058651026      -4.345968699945881E-005
   3.76539589442815      -4.372724534694761E-005
   3.78299120234604      -4.269586075361379E-005
   3.80058651026393      -4.350262847016061E-005
   3.81818181818182      -4.337810647699448E-005
   3.83577712609971      -4.512728703916526E-005
   3.85337243401760      -4.596873386873107E-005
   3.87096774193548      -4.847070067952676E-005
   3.88856304985337      -5.001385719639223E-005
   3.90615835777126      -5.298531952118498E-005
   3.92375366568915      -5.493076587302763E-005
   3.94134897360704      -5.806455858848109E-005
   3.95894428152493      -6.009535907385858E-005
   3.97653958944282      -6.307095504804227E-005
   3.99413489736070      -6.486024615577420E-005
   4.01173020527859      -6.735738524095142E-005
   4.02932551319648      -6.866950387160137E-005
   4.04692082111437      -7.065250905089744E-005
   4.06451612903226      -7.160942505715844E-005
   4.08211143695015      -7.324066557644270E-005
   4.09970674486804      -7.399502303048043E-005
   4.11730205278592      -7.542153875481085E-005
   4.13489736070381      -7.611071641975151E-005
   4.15249266862170      -7.746359210453684E-005
   4.17008797653959      -7.820714936863577E-005
   4.18768328445748      -7.959591500083637E-005
   4.20527859237537      -8.048254910249419E-005
   4.22287390029326      -8.193713854036519E-005
   4.24046920821114      -8.286511723851809E-005
   4.25806451612903      -8.417278965580386E-005
   4.27565982404692      -8.490975929741869E-005
   4.29325513196481      -8.586411489315692E-005
   4.31085043988270      -8.622092873557325E-005
   4.32844574780059      -8.665115174794484E-005
   4.34604105571848      -8.647078338164730E-005
   4.36363636363636      -8.623773807891642E-005
   4.38123167155425      -8.539747068964830E-005
   4.39882697947214      -8.440320021566178E-005
   4.41642228739003      -8.285311731464810E-005
   4.43401759530792      -8.118038971508931E-005
   4.45161290322581      -7.915999708210023E-005
   4.46920821114370      -7.710941730961115E-005
   4.48680351906158      -7.490044495540246E-005
   4.50439882697947      -7.273519774207302E-005
   4.52199413489736      -7.058492447220213E-005
   4.53958944281525      -6.854253106182683E-005
   4.55718475073314      -6.667669089322384E-005
   4.57478005865103      -6.497486009894960E-005
   4.59237536656892      -6.359933993511535E-005
   4.60997067448680      -6.242893630232878E-005
   4.62756598240469      -6.165742292109996E-005
   4.64516129032258      -6.097696891467175E-005
   4.66275659824047      -6.063963573380849E-005
   4.68035190615836      -6.025238215668358E-005
   4.69794721407625      -6.016068185399658E-005
   4.71554252199414      -5.988784575713934E-005
   4.73313782991202      -5.986935857797073E-005
   4.75073313782991      -5.954866363759494E-005
   4.76832844574780      -5.944986238374552E-005
   4.78592375366569      -5.894289519688683E-005
   4.80351906158358      -5.864567331734598E-005
   4.82111436950147      -5.789159592388013E-005
   4.83870967741935      -5.743592468510459E-005
   4.85630498533724      -5.654729065524626E-005
   4.87390029325513      -5.603116213754722E-005
   4.89149560117302      -5.506776086585367E-005
   4.90909090909091      -5.451984554057112E-005
   4.92668621700880      -5.348630639971259E-005
   4.94428152492669      -5.288578592092421E-005
   4.96187683284458      -5.173818870653740E-005
   4.97947214076246      -5.101232213573170E-005
   4.99706744868035      -4.964577415556241E-005
   5.01466275659824      -4.863708411532479E-005
   5.03225806451613      -4.684629692131325E-005
   5.04985337243402      -4.537034342494784E-005
   5.06744868035191      -4.305316897310720E-005
   5.08504398826980      -4.106817922679397E-005
   5.10263929618768      -3.821622827047777E-005
   5.12023460410557      -3.573453306935284E-005
   5.13782991202346      -3.237966131957411E-005
   5.15542521994135      -2.944832646717974E-005
   5.17302052785924      -2.565548724816719E-005
   5.19061583577713      -2.235643970352405E-005
   5.20821114369502      -1.823494905499574E-005
   5.22580645161290      -1.471856822089351E-005
   5.24340175953079      -1.045404957219423E-005
   5.26099706744868      -6.894510145117577E-006
   5.27859237536657      -2.628126259267893E-006
   5.29618768328446       8.596888952226989E-007
   5.31378299120235       5.028349050076153E-006
   5.33137829912024       8.360300794497677E-006
   5.34897360703812       1.235914193704794E-005
   5.36656891495601       1.547800557815146E-005
   5.38416422287390       1.926390293830475E-005
   5.40175953079179       2.214770825745399E-005
   5.41935483870968       2.573008513543944E-005
   5.43695014662757       2.842571997853600E-005
   5.45454545454546       3.185272270987290E-005
   5.47214076246334       3.438001939827664E-005
   5.48973607038123       3.764540919210256E-005
   5.50733137829912       3.998514618248829E-005
   5.52492668621701       4.305810811311936E-005
   5.54252199413490       4.517206318572570E-005
   5.56011730205279       4.800534790293785E-005
   5.57771260997067       4.983936754448156E-005
   5.59530791788856       5.236840827509387E-005
   5.61290322580645       5.384674042771852E-005
   5.63049853372434       5.600087691602969E-005
   5.64809384164223       5.710605210025934E-005
   5.66568914956012       5.893025844791682E-005
   5.68328445747801       5.974217704164750E-005
   5.70087976539589       6.133034074499144E-005
   5.71847507331378       6.195611395588973E-005
   5.73607038123167       6.342613781531253E-005
   5.75366568914956       6.399736503947417E-005
   5.77126099706745       6.549443276024231E-005
   5.78885630498534       6.617561779553710E-005
   5.80645161290323       6.789112212591531E-005
   5.82404692082111       6.889640958529866E-005
   5.84164222873900       7.099438174851864E-005
   5.85923753665689       7.237055645032386E-005
   5.87683284457478       7.480618811443318E-005
   5.89442815249267       7.647248926654549E-005
   5.91202346041056       7.914321580061005E-005
   5.92961876832845       8.098175718226600E-005
   5.94721407624634       8.375521873494621E-005
   5.96480938416422       8.562261556989198E-005
   5.98240469208211       8.834333650980231E-005
   6.00000000000000       9.007403895826816E-005
   6.01759530791789       9.257243777274454E-005
   6.03519061583578       9.404149465421868E-005
   6.05278592375367       9.627932532668426E-005
   6.07038123167156       9.750567829677035E-005
   6.08797653958944       9.950960901469158E-005
   6.10557184750733       1.005181314898695E-004
   6.12316715542522       1.023087287735351E-004
   6.14076246334311       1.031171543093366E-004
   6.15835777126100       1.047072916838187E-004
   6.17595307917889       1.053251699308254E-004
   6.19354838709677       1.067189592790170E-004
   6.21114369501466       1.071459130284741E-004
   6.22873900293255       1.083374213036151E-004
   6.24633431085044       1.085684993719468E-004
   6.26392961876833       1.095554419055990E-004
   6.28152492668622       1.095907815818346E-004
   6.29912023460411       1.103715376304831E-004
   6.31671554252199       1.102087866243709E-004
   6.33431085043988       1.107784492371378E-004
   6.35190615835777       1.104118339088073E-004
   6.36950146627566       1.107623361840349E-004
   6.38709677419355       1.101836357009178E-004
   6.40469208211144       1.103065642880315E-004
   6.42228739002933       1.095199418587871E-004
   6.43988269794721       1.094512243053807E-004
   6.45747800586510       1.085236030083599E-004
   6.47507331378299       1.083321523611439E-004
   6.49266862170088       1.073222469370591E-004
   6.51026392961877       1.070556877444598E-004
   6.52785923753666       1.060018617011319E-004
   6.54545454545455       1.056874728000819E-004
   6.56304985337243       1.046065921476368E-004
   6.58064516129032       1.042476121426158E-004
   6.59824046920821       1.031275879150129E-004
   6.61583577712610       1.026866641920724E-004
   6.63343108504399       1.014638039673548E-004
   6.65102639296188       1.008756015911517E-004
   6.66862170087977       9.950951365130314E-005
   6.68621700879765       9.875226777785103E-005
   6.70381231671554       9.723024424387048E-005
   6.72140762463343       9.629455038764731E-005
   6.73900293255132       9.460945772728679E-005
   6.75659824046921       9.348743160501585E-005
   6.77419354838710       9.163035224973172E-005
   6.79178885630499       9.030905077469478E-005
   6.80938416422287       8.826164115435613E-005
   6.82697947214076       8.672437636203207E-005
   6.84457478005865       8.449949439723453E-005
   6.86217008797654       8.279766447031047E-005
   6.87976539589443       8.046702587567142E-005
   6.89736070381232       7.867547476802700E-005
   6.91495601173021       7.631467161068197E-005
   6.93255131964809       7.450677096526954E-005
   6.95014662756598       7.218640773428608E-005
   6.96774193548387       7.042688896624178E-005
   6.98533724340176       6.820427347783743E-005
   7.00293255131965       6.653653569526056E-005
   7.02052785923754       6.442566928251147E-005
   7.03812316715543       6.281558278383114E-005
   7.05571847507331       6.075711675220906E-005
   7.07331378299120       5.915822933313289E-005
   7.09090909090909       5.712659007297052E-005
   7.10850439882698       5.552511599309135E-005
   7.12609970674487       5.351559350912757E-005
   7.14369501466276       5.191221746951971E-005
   7.16129032258065       4.993005605559124E-005
   7.17888563049853       4.833148538930208E-005
   7.19648093841642       4.638345289099860E-005
   7.21407624633431       4.478922175781298E-005
   7.23167155425220       4.285718376590564E-005
   7.24926686217009       4.123391066803627E-005
   7.26686217008798       3.929051512016397E-005
   7.28445747800587       3.762498752819917E-005
   7.30205278592375       3.566852585865774E-005
   7.31964809384164       3.396647722258172E-005
   7.33724340175953       3.200926894949274E-005
   7.35483870967742       3.028729212386559E-005
   7.37243401759531       2.834956668118679E-005
   7.39002932551320       2.662885863752255E-005
   7.40762463343109       2.472935835306397E-005
   7.42521994134897       2.301038354323375E-005
   7.44281524926686       2.111881451783525E-005
   7.46041055718475       1.935588964596049E-005
   7.47800586510264       1.743745478522026E-005
   7.49560117302053       1.561069042590342E-005
   7.51319648093842       1.365737885481422E-005
   7.53079178885631       1.176819367051188E-005
   7.54838709677419       9.790281220781037E-006
   7.56598240469208       7.856044215838052E-006
   7.58357771260997       5.877441734149225E-006
   7.60117302052786       3.925893286776693E-006
   7.61876832844575       1.968493183953745E-006
   7.63636363636364      -1.034043796882046E-008
   7.65395894428153      -1.991697974281051E-006
   7.67155425219941      -4.046620171466548E-006
   7.68914956011730      -6.083213842636697E-006
   7.70674486803519      -8.228574386013300E-006
   7.72434017595308      -1.031814154567023E-005
   7.74193548387097      -1.253556717615466E-005
   7.75953079178886      -1.464226048297502E-005
   7.77712609970675      -1.687713710624464E-005
   7.79472140762463      -1.892382307633158E-005
   7.81231671554252      -2.106928139969603E-005
   7.82991202346041      -2.293133626582996E-005
   7.84750733137830      -2.489885333745415E-005
   7.86510263929619      -2.655076501024061E-005
   7.88269794721408      -2.835053992563316E-005
   7.90029325513197      -2.981200264568702E-005
   7.91788856304985      -3.146655204297985E-005
   7.93548387096774      -3.275929997006971E-005
   7.95307917888563      -3.428769093163939E-005
   7.97067448680352      -3.542568974050890E-005
   7.98826979472141      -3.683510914059924E-005
   8.00586510263930      -3.781503653150399E-005
   8.02346041055718      -3.909464174768909E-005
   8.04105571847507      -3.991976883777239E-005
   8.05865102639296      -4.110571247193118E-005
   8.07624633431085      -4.183185455898590E-005
   8.09384164222874      -4.298139451952127E-005
   8.11143695014663      -4.366107179759527E-005
   8.12903225806452      -4.481960361730128E-005
   8.14662756598241      -4.548792699763834E-005
   8.16422287390029      -4.667743484976759E-005
   8.18181818181818      -4.733817501983492E-005
   8.19941348973607      -4.853637674750327E-005
   8.21700879765396      -4.912187715776433E-005
   8.23460410557185      -5.021486560581821E-005
   8.25219941348974      -5.062565156124911E-005
   8.26979472140763      -5.157831029302470E-005
   8.28739002932551      -5.182756467539310E-005
   8.30498533724340      -5.267813580739844E-005
   8.32258064516129      -5.282015289614288E-005
   8.34017595307918      -5.363399801827094E-005
   8.35777126099707      -5.374158815802413E-005
   8.37536656891496      -5.459569549416786E-005
   8.39296187683285      -5.474649343723404E-005
   8.41055718475073      -5.571137858267554E-005
   8.42815249266862      -5.594390707522471E-005
   8.44574780058651      -5.700921133718331E-005
   8.46334310850440      -5.729080683166692E-005
   8.48093841642229      -5.843374196616679E-005
   8.49853372434018      -5.875510088875738E-005
   8.51612903225807      -5.997449766924753E-005
   8.53372434017595      -6.033951108900429E-005
   8.55131964809384      -6.164137454998078E-005
   8.56891495601173      -6.205498253969689E-005
   8.58651026392962      -6.343873466147124E-005
   8.60410557184751      -6.388573621391008E-005
   8.62170087976540      -6.529767778816741E-005
   8.63929618768329      -6.567395980635055E-005
   8.65689149560117      -6.700466985179847E-005
   8.67448680351906      -6.724465931889528E-005
   8.69208211143695      -6.847073267968531E-005
   8.70967741935484      -6.857991762447278E-005
   8.72727272727273      -6.973050973899128E-005
   8.74486803519062      -6.975869448257028E-005
   8.76246334310851      -7.090232626371360E-005
   8.78005865102639      -7.093567427627408E-005
   8.79765395894428      -7.217529207584332E-005
   8.81524926686217      -7.232665098127893E-005
   8.83284457478006      -7.373475414705741E-005
   8.85043988269795      -7.398230286549059E-005
   8.86803519061584      -7.547367429490217E-005
   8.88563049853373      -7.572768828368156E-005
   8.90322580645161      -7.722460513934803E-005
   8.92082111436950      -7.742006364536917E-005
   8.93841642228739      -7.887018461553377E-005
   8.95601173020528      -7.896803851332197E-005
   8.97360703812317      -8.034572527049280E-005
   8.99120234604106      -8.033471506092698E-005
   9.00879765395895      -8.164369463705895E-005
   9.02639296187683      -8.153180022301279E-005
   9.04398826979472      -8.275713794648639E-005
   9.06158357771261      -8.250117701876658E-005
   9.07917888563050      -8.359435750222013E-005
   9.09677419354839      -8.315679448438484E-005
   9.11436950146628      -8.409351135414289E-005
   9.13196480938416      -8.346520841579152E-005
   9.14956011730205      -8.425277763152400E-005
   9.16715542521994      -8.346012011008117E-005
   9.18475073313783      -8.414677006853057E-005
   9.20234604105572      -8.326665985165137E-005
   9.21994134897361      -8.395891153173917E-005
   9.23753665689150      -8.308226102910080E-005
   9.25513196480938      -8.378993673070164E-005
   9.27272727272727      -8.285751161183236E-005
   9.29032258064516      -8.350102517910392E-005
   9.30791788856305      -8.243241656652941E-005
   9.32551319648094      -8.293563184240604E-005
   9.34310850439883      -8.166412415230764E-005
   9.36070381231672      -8.197308553737317E-005
   9.37829912023460      -8.046344576508209E-005
   9.39589442815249      -8.056827732730751E-005
   9.41348973607038      -7.885466176707426E-005
   9.43108504398827      -7.884174192179613E-005
   9.44868035190616      -7.701156001572995E-005
   9.46627565982405      -7.691040930544236E-005
   9.48387096774194      -7.494312957464429E-005
   9.50146627565982      -7.470956315206776E-005
   9.51906158357771      -7.255000775637359E-005
   9.53665689149560      -7.212337899329461E-005
   9.55425219941349      -6.971117188564482E-005
   9.57184750733138      -6.903575084226310E-005
   9.58944281524927      -6.632662677499562E-005
   9.60703812316716      -6.538175079137104E-005
   9.62463343108504      -6.240473682051284E-005
   9.64222873900293      -6.126503808648224E-005
   9.65982404692082      -5.808509247429701E-005
   9.67741935483871      -5.676914325770169E-005
   9.69501466275660      -5.337202269087893E-005
   9.71260997067449      -5.184673596535423E-005
   9.73020527859238      -4.818772319841554E-005
   9.74780058651026      -4.640116627985706E-005
   9.76539589442815      -4.242657995023105E-005
   9.78299120234604      -4.032827747132495E-005
   9.80058651026393      -3.600088680176815E-005
   9.81818181818182      -3.359402539646547E-005
   9.83577712609971      -2.899830640077678E-005
   9.85337243401760      -2.641905942620369E-005
   9.87096774193548      -2.166637140928850E-005
   9.88856304985337      -1.897829662404467E-005
   9.90615835777126      -1.409956059198274E-005
   9.92375366568915      -1.130801723362493E-005
   9.94134897360704      -6.289132941877884E-006
   9.95894428152493      -3.363115260252042E-006
   9.97653958944282       1.839005922433842E-006
   9.99413489736071       4.951532833740627E-006
   10.0117302052786       1.038481767190182E-005
   10.0293255131965       1.368762361315982E-005
   10.0469208211144       1.928432166871881E-005
   10.0645161290323       2.268494461941113E-005
   10.0821114369501       2.837875160499802E-005
   10.0997067448680       3.184500871776562E-005
   10.1173020527859       3.763078156642960E-005
   10.1348973607038       4.118325066527185E-005
   10.1524926686217       4.710462014029266E-005
   10.1700879765396       5.081028526842340E-005
   10.1876832844575       5.695593842567602E-005
   10.2052785923754       6.092598314284231E-005
   10.2228739002933       6.739943123369771E-005
   10.2404692082111       7.165273576729569E-005
   10.2580645161290       7.836085463612405E-005
   10.2756598240469       8.276650666143945E-005
   10.2932551319648       8.959451212571809E-005
   10.3108504398827       9.406126505143560E-005
   10.3284457478006       1.009415217850165E-004
   10.3460410557185       1.054284992707115E-004
   10.3636363636364       1.123479994858588E-004
   10.3812316715543       1.168753904298209E-004
   10.3988269794721       1.238930687885825E-004
   10.4164222873900       1.285702301254312E-004
   10.4340175953079       1.358098119106996E-004
   10.4516129032258       1.406902233334564E-004
   10.4692082111437       1.481168389818499E-004
   10.4868035190616       1.531324176131269E-004
   10.5043988269795       1.606748283200995E-004
   10.5219941348974       1.657619034340336E-004
   10.5395894428153       1.733689682848059E-004
   10.5571847507331       1.784958207775285E-004
   10.5747800586510       1.861607655249368E-004
   10.5923753665689       1.913559108233607E-004
   10.6099706744868       1.991623785381987E-004
   10.6275659824047       2.045729704731163E-004
   10.6451612903226       2.126533968865943E-004
   10.6627565982405       2.183112057637378E-004
   10.6803519061584       2.266098135889715E-004
   10.6979472140762       2.324238986865101E-004
   10.7155425219941       2.408342712147285E-004
   10.7331378299120       2.466937394275952E-004
   10.7507331378299       2.551071357708401E-004
   10.7683284457478       2.609148533470348E-004
   10.7859237536657       2.692544072181258E-004
   10.8035190615836       2.749746378765319E-004
   10.8211143695015       2.832885859964915E-004
   10.8387096774194       2.890671945176287E-004
   10.8563049853372       2.974981823139256E-004
   10.8739002932551       3.033866332657941E-004
   10.8914956011730       3.119085849806254E-004
   10.9090909090909       3.178362168924275E-004
   10.9266862170088       3.263446428730432E-004
   10.9442815249267       3.321835435319481E-004
   10.9618768328446       3.405317059987530E-004
   10.9794721407625       3.461249988544082E-004
   10.9970674486804       3.541526642455838E-004
   11.0146627565982       3.593671426490918E-004
   11.0322580645161       3.670495335566590E-004
   11.0498533724340       3.720008572408707E-004
   11.0674486803519       3.794893959722902E-004
   11.0850439882698       3.842829276017435E-004
   11.1026392961877       3.916324653035952E-004
   11.1202346041056       3.962837447153722E-004
   11.1378299120235       4.034730020614013E-004
   11.1554252199413       4.079280347119893E-004
   11.1730205278592       4.148697128302616E-004
   11.1906158357771       4.190098437168766E-004
   11.2082111436950       4.255517325643435E-004
   11.2258064516129       4.292354234704343E-004
   11.2434017595308       4.353415987697625E-004
   11.2609970674487       4.386591804922385E-004
   11.2785923753666       4.444581049573491E-004
   11.2961876832845       4.475214457894888E-004
   11.3137829912023       4.530997679950383E-004
   11.3313782991202       4.559693675083086E-004
   11.3489736070381       4.613562310793973E-004
   11.3665689149560       4.640275636963394E-004
   11.3841642228739       4.691761856566013E-004
   11.4017595307918       4.715489063162174E-004
   11.4193548387097       4.762861744251321E-004
   11.4369501466276       4.781662692430853E-004
   11.4545454545455       4.823943042604691E-004
   11.4721407624633       4.838056745329400E-004
   11.4897360703812       4.876013997074872E-004
   11.5073313782991       4.886389376868363E-004
   11.5249266862170       4.921012470486248E-004
   11.5425219941349       4.928609418398184E-004
   11.5601173020528       4.960737618374064E-004
   11.5777126099707       4.966200452980647E-004
   11.5953079178886       4.996139073830363E-004
   11.6129032258065       4.999119791134761E-004
   11.6304985337243       5.025464167551082E-004
   11.6480938416422       5.024154270466585E-004
   11.6656891495601       5.045857262832805E-004
   11.6832844574780       5.040200323314942E-004
   11.7008797653959       5.057797536637042E-004
   11.7184750733138       5.048734423330466E-004
   11.7360703812317       5.063456274088418E-004
   11.7536656891496       5.052458760342564E-004
   11.7712609970675       5.065936515130481E-004
   11.7888563049853       5.054749836162886E-004
   11.8064516129032       5.068681342891153E-004
   11.8240469208211       5.058335113374623E-004
   11.8416422287390       5.072206111638730E-004
   11.8592375366569       5.061094495957237E-004
   11.8768328445748       5.073464375572202E-004
   11.8944281524927       5.060784329700854E-004
   11.9120234604106       5.071370861176595E-004
   11.9296187683284       5.057349610389215E-004
   11.9472140762463       5.066864288344950E-004
   11.9648093841642       5.052741487388030E-004
   11.9824046920821       5.062988243944510E-004
   12.0000000000000       5.051277530953121E-004
   12.0175953079179       5.065598053157165E-004
   12.0351906158358       5.059646659211326E-004
   12.0527859237537       5.079683662325954E-004
   12.0703812316716       5.079327840311553E-004
   12.0879765395894       5.104204308776007E-004
   12.1055718475073       5.108423466411815E-004
   12.1231671554252       5.137100822467814E-004
   12.1407624633431       5.144955545170906E-004
   12.1583577712610       5.176642324468308E-004
   12.1759530791789       5.187587077985803E-004
   12.1935483870968       5.222043356005906E-004
   12.2111436950147       5.236280244952235E-004
   12.2287390029326       5.273718095372030E-004
   12.2463343108504       5.290434455205691E-004
   12.2639296187683       5.328809067057777E-004
   12.2815249266862       5.345660815206094E-004
   12.2991202346041       5.382945592628423E-004
   12.3167155425220       5.398465056931641E-004
   12.3343108504399       5.433928148976633E-004
   12.3519061583578       5.448401709944222E-004
   12.3695014662757       5.483698698251274E-004
   12.3870967741935       5.500767027902928E-004
   12.4046920821114       5.542935636537968E-004
   12.4222873900293       5.576257258950786E-004
   12.4398826979472       5.645313117888005E-004
   12.4574780058651       5.712921761661482E-004
   12.4750733137830       5.818751005927179E-004
   12.4926686217009       5.924055466289583E-004
   12.5102639296188       6.065712239210263E-004
   12.5278592375367       6.204081045228701E-004
   12.5454545454545       6.373503922341784E-004
   12.5630498533724       6.533452376331774E-004
   12.5806451612903       6.715360459452931E-004
   12.5982404692082       6.876956459505380E-004
   12.6158357771261       7.043972463029085E-004
   12.6334310850440       7.171575698228570E-004
   12.6510263929619       7.289115027806187E-004
   12.6686217008798       7.358692753355291E-004
   12.6862170087977       7.412286331539952E-004
   12.7038123167155       7.415821404688092E-004
   12.7214076246334       7.403206621715068E-004
   12.7390029325513       7.344664033800321E-004
   12.7565982404692       7.277205783817231E-004
   12.7741935483871       7.177993318700563E-004
   12.7917888563050       7.091569622590078E-004
   12.8093841642229       7.017225946462775E-004
   12.8269794721408       7.045211484287226E-004
   12.8445747800587       7.198695647150728E-004
   12.8621700879765       7.539452043900809E-004
   12.8797653958944       8.058752329010350E-004
   12.8973607038123       8.794309196891814E-004
   12.9149560117302       9.715769626547839E-004
   12.9325513196481       1.083734930934215E-003
   12.9501466275660       1.210365934751334E-003
   12.9677419354839       1.349759666775405E-003
   12.9853372434018       1.492351783811379E-003
   13.0029325513196       1.629660883226117E-003
   13.0205278592375       1.740272743888555E-003
   13.0381231671554       1.811946358021924E-003
   13.0557184750733       1.837699886144057E-003
   13.0733137829912       1.818336995158415E-003
   13.0909090909091       1.753964212181334E-003
   13.1085043988270       1.651126867740786E-003
   13.1260997067449       1.514913154383166E-003
   13.1436950146628       1.356741995611307E-003
   13.1612903225806       1.186708889584855E-003
   13.1788856304985       1.022008839800392E-003
   13.1964809384164       8.798326158250179E-004
   13.2140762463343       7.873193066490321E-004
   13.2316715542522       7.516467754029577E-004
   13.2492668621701       7.655188505403558E-004
   13.2668621700880       8.149559497717043E-004
   13.2844574780059       8.862637575766233E-004
   13.3020527859238       9.621887459513792E-004
   13.3196480938416       1.026795767224618E-003
   13.3372434017595       1.061585986928590E-003
   13.3548387096774       1.049879047187893E-003
   13.3724340175953       9.734686733502844E-004
   13.3900293255132       8.167633617033508E-004
   13.4076246334311       5.670034593980638E-004
   13.4252199413490       2.415301025196531E-004
   13.4428152492669      -1.214804153341704E-004
   13.4604105571848      -4.884387816281629E-004
   13.4780058651026      -8.309649488998383E-004
   13.4956011730205      -1.123403500860855E-003
   13.5131964809384      -1.344818355682179E-003
   13.5307917888563      -1.476965567659610E-003
   13.5483870967742      -1.507065002460576E-003
   13.5659824046921      -1.426200651202952E-003
   13.5835777126100      -1.233825014328598E-003
   13.6011730205279      -9.392982740594682E-004
   13.6187683284457      -5.841569528584052E-004
   13.6363636363636      -2.289397372909545E-004
   13.6539589442815       8.982163575706935E-005
   13.6715542521994       3.441269564575493E-004
   13.6891495601173       5.174288763774350E-004
   13.7067448680352       5.974375180731292E-004
   13.7243401759531       5.807250097731502E-004
   13.7419354838710       4.679605778710039E-004
   13.7595307917889       2.686463467211458E-004
   13.7771260997067      -1.332604345012145E-006
   13.7947214076246      -3.142753803965851E-004
   13.8123167155425      -6.216482685866738E-004
   13.8299120234604      -8.690088446941196E-004
   13.8475073313783      -1.035531360166884E-003
   13.8651026392962      -1.111240383306790E-003
   13.8826979472141      -1.098418063858186E-003
   13.9002932551320      -1.000287230336720E-003
   13.9178885630499      -8.297482586191698E-004
   13.9354838709677      -5.987324825131272E-004
   13.9530791788856      -3.284337697444908E-004
   13.9706744868035      -3.871879979030324E-005
   13.9882697947214       2.403656851479686E-004
   14.0058651026393       4.773358456028959E-004
   14.0234604105572       6.405772601373352E-004
   14.0410557184751       7.321936321983498E-004
   14.0586510263930       7.576464590311248E-004
   14.0762463343109       7.302318564977132E-004
   14.0938416422287       6.585060924744827E-004
   14.1114369501466       5.580648612515311E-004
   14.1290322580645       4.382529849322464E-004
   14.1466275659824       3.153644935909303E-004
   14.1642228739003       1.984571283776243E-004
   14.1818181818182       1.033517145539495E-004
   14.1994134897361       3.730501921314364E-005
   14.2170087976540       9.150800027653615E-006
   14.2346041055718       6.014904898092435E-006
   14.2521994134897       2.388510357555793E-005
   14.2697947214076       5.166143681777916E-005
   14.2873900293255       8.884629707472365E-005
   14.3049853372434       1.265841286397384E-004
   14.3225806451613       1.666477956691671E-004
   14.3401759530792       2.018516793342711E-004
   14.3577712609971       2.360134389752439E-004
   14.3753665689150       2.636310484739306E-004
   14.3929618768328       2.908618958522588E-004
   14.4105571847507       3.150574099451667E-004
   14.4281524926686       3.445642201156576E-004
   14.4457478005865       3.735470989140521E-004
   14.4633431085044       4.067400403141126E-004
   14.4809384164223       4.366678031527545E-004
   14.4985337243402       4.679277921092054E-004
   14.5161290322581       4.926551176527023E-004
   14.5337243401760       5.158265182355323E-004
   14.5513196480938       5.295927387823739E-004
   14.5689149560117       5.397034346373752E-004
   14.5865102639296       5.388188295795017E-004
   14.6041055718475       5.344869809054461E-004
   14.6217008797654       5.230777708940921E-004
   14.6392961876833       5.169248712293905E-004
   14.6568914956012       5.116829885736858E-004
   14.6744868035191       5.173752322221972E-004
   14.6920821114370       5.277886739771628E-004
   14.7096774193548       5.519229029513593E-004
   14.7272727272727       5.821543007585477E-004
   14.7448680351906       6.266575726203062E-004
   14.7624633431085       6.763756041337240E-004
   14.7800586510264       7.384121250698410E-004
   14.7976539589443       8.016704755996533E-004
   14.8152492668622       8.701393641375741E-004
   14.8328445747801       9.288116145753809E-004
   14.8504398826979       9.835227723181178E-004
   14.8680351906158       1.022567558802829E-003
   14.8856304985337       1.054286646018421E-003
   14.9032258064516       1.068208145897637E-003
   14.9208211143695       1.074359917811115E-003
   14.9384164222874       1.063283372514883E-003
   14.9560117302053       1.046770800995146E-003
   14.9736070381232       1.016762732573562E-003
   14.9912023460411       9.875986505387168E-004
   15.0087976539589       9.550971501806905E-004
   15.0263929618768       9.386593127407300E-004
   15.0439882697947       9.305580611750799E-004
   15.0615835777126       9.421555176221841E-004
   15.0791788856305       9.600595923146197E-004
   15.0967741935484       9.928828777514161E-004
   15.1143695014663       1.024035136240450E-003
   15.1319648093842       1.059976009738382E-003
   15.1495601173021       1.081002490173134E-003
   15.1671554252199       1.091056719505120E-003
   15.1847507331378       1.066329059372787E-003
   15.2023460410557       1.005761687316962E-003
   15.2199413489736       8.807333284739369E-004
   15.2375366568915       7.053585354877826E-004
   15.2551319648094       4.761044752615510E-004
   15.2727272727273       2.189690215786710E-004
   15.2903225806452      -6.549719958414646E-005
   15.3079178885631      -3.473250404679095E-004
   15.3255131964809      -6.236862409288067E-004
   15.3431085043988      -8.615703560355475E-004
   15.3607038123167      -1.056253586566478E-003
   15.3782991202346      -1.171730947587703E-003
   15.3958944281525      -1.201061604145354E-003
   15.4134897360704      -1.107904631476273E-003
   15.4310850439883      -9.200217548876264E-004
   15.4486803519062      -6.514585392774070E-004
   15.4662756598240      -3.490223094200353E-004
   15.4838709677419      -2.653275877867684E-005
   15.5014662756598       2.693868993829038E-004
   15.5190615835777       5.266489695527032E-004
   15.5366568914956       6.998491924247085E-004
   15.5542521994135       7.798327715351292E-004
   15.5718475073314       7.241695193664643E-004
   15.5894428152493       5.293482250753643E-004
   15.6070381231672       1.641605790861750E-004
   15.6246334310850      -3.228751737046853E-004
   15.6422287390029      -8.882247441342112E-004
   15.6598240469208      -1.460563318702658E-003
   15.6774193548387      -2.013206368803469E-003
   15.6950146627566      -2.485992379950816E-003
   15.7126099706745      -2.863815318327056E-003
   15.7302052785924      -3.096061061420071E-003
   15.7478005865103      -3.179586072256978E-003
   15.7653958944282      -3.075476522706448E-003
   15.7829912023460      -2.797699163097900E-003
   15.8005865102639      -2.330257750840662E-003
   15.8181818181818      -1.745925801967335E-003
   15.8357771260997      -1.112374643944674E-003
   15.8533724340176      -5.133209610634011E-004
   15.8709677419355       2.528543696583842E-005
   15.8885630498534       4.462858703114283E-004
   15.9061583577713       7.459863104394950E-004
   15.9237536656892       8.843366914592056E-004
   15.9413489736070       8.763749510119101E-004
   15.9589442815249       6.990788932859756E-004
   15.9765395894428       3.896315071557741E-004
   15.9941348973607      -5.043539906115746E-005
   16.0117302052786      -5.355718341087493E-004
   16.0293255131965      -1.009709088410608E-003
   16.0469208211144      -1.400927897420478E-003
   16.0645161290323      -1.710940301111859E-003
   16.0821114369501      -1.902065932300659E-003
   16.0997067448680      -1.997149456599515E-003
   16.1173020527859      -1.973961419474753E-003
   16.1348973607038      -1.870028148668630E-003
   16.1524926686217      -1.675298514968994E-003
   16.1700879765396      -1.441251078423993E-003
   16.1876832844575      -1.171438075746351E-003
   16.2052785923754      -9.384175816156080E-004
   16.2228739002933      -7.598539590104793E-004
   16.2404692082111      -6.795161622147468E-004
   16.2580645161290      -6.642477481499807E-004
   16.2756598240469      -7.378512372594843E-004
   16.2932551319648      -8.586427339446757E-004
   16.3108504398827      -1.045884786174321E-003
   16.3284457478006      -1.253520741642169E-003
   16.3460410557185      -1.498972501649362E-003
   16.3636363636364      -1.733265456553341E-003
   16.3812316715543      -1.973239458586925E-003
   16.3988269794721      -2.167943232516240E-003
   16.4164222873900      -2.338361299549150E-003
   16.4340175953079      -2.451805147349509E-003
   16.4516129032258      -2.549228363874634E-003
   16.4692082111437      -2.599291233073077E-003
   16.4868035190616      -2.642226569375609E-003
   16.5043988269795      -2.644075661307732E-003
   16.5219941348974      -2.644807171553421E-003
   16.5395894428153      -2.607962685597967E-003
   16.5571847507331      -2.573324852498453E-003
   16.5747800586510      -2.501755575850648E-003
   16.5923753665689      -2.432589231510868E-003
   16.6099706744868      -2.322996410213460E-003
   16.6275659824047      -2.213542778795909E-003
   16.6451612903226      -2.065428426650358E-003
   16.6627565982405      -1.925372547139868E-003
   16.6803519061584      -1.754567729028631E-003
   16.6979472140762      -1.601536217759359E-003
   16.7155425219941      -1.426209713557289E-003
   16.7331378299120      -1.278517016067627E-003
   16.7507331378299      -1.116673160527342E-003
   16.7683284457478      -9.917153716116904E-004
   16.7859237536657      -8.595654945489415E-004
   16.8035190615836      -7.714138874885599E-004
   16.8211143695015      -6.762059861201299E-004
   16.8387096774194      -6.179866308081352E-004
   16.8563049853372      -5.413434364112540E-004
   16.8739002932551      -4.948480569074429E-004
   16.8914956011730      -4.232856741604392E-004
   16.9090909090909      -3.789332254004204E-004
   16.9266862170088      -3.062650580398025E-004
   16.9442815249267      -2.613456986361196E-004
   16.9618768328446      -1.884798274791097E-004
   16.9794721407625      -1.483563237046531E-004
   16.9970674486804      -8.635268527028472E-005
   17.0146627565982      -7.220052037015595E-005
   17.0322580645161      -5.548119312086275E-005
   17.0498533724340      -1.038432482359766E-004
   17.0674486803519      -1.559285234126751E-004
   17.0850439882698      -2.769934844726344E-004
   17.1026392961877      -3.995227340493675E-004
   17.1202346041056      -5.885677166668867E-004
   17.1378299120235      -7.709092804617262E-004
   17.1554252199413      -1.011699966422062E-003
   17.1730205278592      -1.231374957474327E-003
   17.1906158357771      -1.494410823220887E-003
   17.2082111436950      -1.711365810272618E-003
   17.2258064516129      -1.944670085754460E-003
   17.2434017595308      -2.108545568081769E-003
   17.2609970674487      -2.282355202281068E-003
   17.2785923753666      -2.383069771607712E-003
   17.2961876832845      -2.497445860002548E-003
   17.3137829912023      -2.540849670581805E-003
   17.3313782991202      -2.606625134334946E-003
   17.3489736070381      -2.607430229922450E-003
   17.3665689149560      -2.643397696695194E-003
   17.3841642228739      -2.624034071616385E-003
   17.4017595307918      -2.657390170843482E-003
   17.4193548387097      -2.648727786082280E-003
   17.4369501466276      -2.705327029496496E-003
   17.4545454545455      -2.715688381736285E-003
   17.4721407624633      -2.790269715164087E-003
   17.4897360703812      -2.809464788968740E-003
   17.5073313782991      -2.890940409939803E-003
   17.5249266862170      -2.906662491811136E-003
   17.5425219941349      -2.982995086736316E-003
   17.5601173020528      -2.982544613729064E-003
   17.5777126099707      -3.041988367632372E-003
   17.5953079178886      -3.013412705472918E-003
   17.6129032258065      -3.046585268145979E-003
   17.6304985337243      -2.985340756013906E-003
   17.6480938416422      -2.997391377250851E-003
   17.6656891495601      -2.911528146490129E-003
   17.6832844574780      -2.911185736894565E-003
   17.7008797653959      -2.806201613748613E-003
   17.7184750733138      -2.799850043451940E-003
   17.7360703812317      -2.678895568644183E-003
   17.7536656891496      -2.671618616070663E-003
   17.7712609970675      -2.535707491817710E-003
   17.7888563049853      -2.531668050130235E-003
   17.8064516129032      -2.378947133584199E-003
   17.8240469208211      -2.380840283345507E-003
   17.8416422287390      -2.206445627381915E-003
   17.8592375366569      -2.222718749165975E-003
   17.8768328445748      -2.026595224875478E-003
   17.8944281524927      -2.079539241919646E-003
   17.9120234604106      -1.863933428897179E-003
   17.9296187683284      -2.002314283050411E-003
   17.9472140762463      -1.770593588825901E-003
   17.9648093841642      -2.135918932402149E-003
   17.9824046920821      -1.892312975910893E-003
   18.0000000000000      -3.453060879553332E-003
