  0.000000000000000E+000 -3.364639353390574E-002
  1.759530791788856E-002 -1.833700774399894E-002
  3.519061583577713E-002 -1.831080090876218E-002
  5.278592375366570E-002 -1.330152958651246E-002
  7.038123167155426E-002 -1.337433029994241E-002
  8.797653958944282E-002 -1.046791647956022E-002
  0.105571847507331      -1.060572199090481E-002
  0.123167155425220      -8.624673841689282E-003
  0.140762463343109      -8.814968468609569E-003
  0.158357771260997      -7.364731706805059E-003
  0.175953079178886      -7.600260826940097E-003
  0.193548387096774      -6.498807936326402E-003
  0.211143695014663      -6.771466694236031E-003
  0.228739002932551      -5.912265994313983E-003
  0.246334310850440      -6.205774446645387E-003
  0.263929618768328      -5.516581719889484E-003
  0.281524926686217      -5.818723708591468E-003
  0.299120234604106      -5.253555424713946E-003
  0.316715542521994      -5.557009996613547E-003
  0.334310850439883      -5.085321978273828E-003
  0.351906158357771      -5.386316922173589E-003
  0.369501466275660      -4.988259257390616E-003
  0.387096774193548      -5.286890358194505E-003
  0.404692082111437      -4.952219144071473E-003
  0.422287390029326      -5.256461758084248E-003
  0.439882697947214      -4.988382407794485E-003
  0.457478005865103      -5.311624101574769E-003
  0.475073313782991      -5.111485889643526E-003
  0.492668621700880      -5.459330098285633E-003
  0.510263929618768      -5.324278754289992E-003
  0.527859237536657      -5.698205615831526E-003
  0.545454545454546      -5.623036505821533E-003
  0.563049853372434      -6.021160212321883E-003
  0.580645161290323      -5.998058030655879E-003
  0.598240469208211      -6.414406580670261E-003
  0.615835777126100      -6.430286490504079E-003
  0.633431085043988      -6.849579520799271E-003
  0.651026392961877      -6.883333645635033E-003
  0.668621700879765      -7.289363965378607E-003
  0.686217008797654      -7.325481909513554E-003
  0.703812316715543      -7.707064054877148E-003
  0.721407624633431      -7.733634525530470E-003
  0.739002932551320      -8.081971522554292E-003
  0.756598240469208      -8.089358869187914E-003
  0.774193548387097      -8.397451425931580E-003
  0.791788856304985      -8.378005193610439E-003
  0.809384164222874      -8.640862646718676E-003
  0.826979472140763      -8.590710995421190E-003
  0.844574780058651      -8.809529557574984E-003
  0.862170087976540      -8.731108014372419E-003
  0.879765395894428      -8.909716256947729E-003
  0.897360703812317      -8.805499653095713E-003
  0.914956011730205      -8.947291783985852E-003
  0.932551319648094      -8.819718769416411E-003
  0.950146627565982      -8.928073629507012E-003
  0.967741935483871      -8.779763784859312E-003
  0.985337243401760      -8.858223538702342E-003
   1.00293255131965      -8.692150395212386E-003
   1.02052785923754      -8.744460327647465E-003
   1.03812316715543      -8.562877926611237E-003
   1.05571847507331      -8.590340004289954E-003
   1.07331378299120      -8.392879203220053E-003
   1.09090909090909      -8.395437202310589E-003
   1.10850439882698      -8.181416406094507E-003
   1.12609970674487      -8.158881779059832E-003
   1.14369501466276      -7.927602856548222E-003
   1.16129032258065      -7.879767071394504E-003
   1.17888563049853      -7.630593975843349E-003
   1.19648093841642      -7.557309199408056E-003
   1.21407624633431      -7.289872762859272E-003
   1.23167155425220      -7.192229963625441E-003
   1.24926686217009      -6.909160635805713E-003
   1.26686217008798      -6.791449140699067E-003
   1.28445747800587      -6.496925860652237E-003
   1.30205278592375      -6.363630618177011E-003
   1.31964809384164      -6.061811941039700E-003
   1.33724340175953      -5.917419709605317E-003
   1.35483870967742      -5.612530600335008E-003
   1.37243401759531      -5.461616427728931E-003
   1.39002932551320      -5.158054673305458E-003
   1.40762463343109      -5.005464456294986E-003
   1.42521994134897      -4.707747731839794E-003
   1.44281524926686      -4.557173954921512E-003
   1.46041055718475      -4.267104237384499E-003
   1.47800586510264      -4.119557069288471E-003
   1.49560117302053      -3.837542957052530E-003
   1.51319648093842      -3.693389228806043E-003
   1.53079178885631      -3.419356537744909E-003
   1.54838709677419      -3.278486145992778E-003
   1.56598240469208      -3.011873665133291E-003
   1.58357771260997      -2.873597739444875E-003
   1.60117302052786      -2.613089720908555E-003
   1.61876832844575      -2.475550823538886E-003
   1.63636363636364      -2.218689376318677E-003
   1.65395894428153      -2.080439300426078E-003
   1.67155425219941      -1.827101799662077E-003
   1.68914956011730      -1.689173871795722E-003
   1.70674486803519      -1.440878445935275E-003
   1.72434017595308      -1.305483424874734E-003
   1.74193548387097      -1.064833765907458E-003
   1.75953079178886      -9.352805514039394E-004
   1.77712609970675      -7.061241323927209E-004
   1.79472140762463      -5.872496886757322E-004
   1.81231671554252      -3.757463748447369E-004
   1.82991202346041      -2.756537499906887E-004
   1.84750733137830      -8.976564952186628E-005
   1.86510263929619      -1.414779998021051E-005
   1.88269794721408       1.429134119466771E-004
   1.90029325513196       1.921456776724891E-004
   1.91788856304985       3.195980559876727E-004
   1.93548387096774       3.424627365212445E-004
   1.95307917888563       4.412947721456437E-004
   1.97067448680352       4.395936479870107E-004
   1.98826979472141       5.127433343921919E-004
   2.00586510263930       4.907801219334485E-004
   2.02346041055718       5.449307467355109E-004
   2.04105571847507       5.110758807875876E-004
   2.05865102639296       5.538497127667729E-004
   2.07624633431085       5.133944825928653E-004
   2.09384164222874       5.486360212565997E-004
   2.11143695014663       5.044287873077778E-004
   2.12903225806452       5.343354727510108E-004
   2.14662756598241       4.878615386501436E-004
   2.16422287390029       5.133825723272309E-004
   2.18181818181818       4.648673134188115E-004
   2.19941348973607       4.855139886197476E-004
   2.21700879765396       4.331941418974578E-004
   2.23460410557185       4.460355654120340E-004
   2.25219941348974       3.871333292616724E-004
   2.26979472140762       3.909486653069173E-004
   2.28739002932551       3.253781062676014E-004
   2.30498533724340       3.208379438031204E-004
   2.32258064516129       2.497351892458907E-004
   2.34017595307918       2.385029499473460E-004
   2.35777126099707       1.639281040214775E-004
   2.37536656891496       1.486166331604462E-004
   2.39296187683284       7.370953957661633E-005
   2.41055718475073       5.840736004336513E-005
   2.42815249266862      -1.173148104065165E-005
   2.44574780058651      -2.190948618460973E-005
   2.46334310850440      -8.369565382476724E-005
   2.48093841642229      -8.656318938838977E-005
   2.49853372434018      -1.386524398065422E-004
   2.51612903225806      -1.333350801018134E-004
   2.53372434017595      -1.753378359367856E-004
   2.55131964809384      -1.617911917791702E-004
   2.56891495601173      -1.941005227715858E-004
   2.58651026392962      -1.730894708755118E-004
   2.60410557184751      -1.970516706473083E-004
   2.62170087976540      -1.706408909094528E-004
   2.63929618768328      -1.889074909683394E-004
   2.65689149560117      -1.593319437209861E-004
   2.67448680351906      -1.733657085117545E-004
   2.69208211143695      -1.415419837606002E-004
   2.70967741935484      -1.520365450597587E-004
   2.72727272727273      -1.184248778817643E-004
   2.74486803519062      -1.257309136838011E-004
   2.76246334310850      -9.051108279203306E-005
   2.78005865102639      -9.472547972488487E-005
   2.79765395894428      -5.782833709025376E-005
   2.81524926686217      -5.877826166599329E-005
   2.83284457478006      -1.999352468094101E-005
   2.85043988269795      -1.780807026076650E-005
   2.86803519061584       2.242685915799318E-005
   2.88563049853372       2.712760003828167E-005
   2.90322580645161       6.818840233164458E-005
   2.92082111436950       7.472868691563447E-005
   2.93841642228739       1.159697522783672E-004
   2.95601173020528       1.236750528880145E-004
   2.97360703812317       1.644714092469871E-004
   2.99120234604106       1.727141926380118E-004
   3.00879765395894       2.125418933384258E-004
   3.02639296187683       2.209374053436475E-004
   3.04398826979472       2.596265378686450E-004
   3.06158357771261       2.679678636751904E-004
   3.07917888563050       3.051874099583826E-004
   3.09677419354839       3.129699944004235E-004
   3.11436950146628       3.481333528467950E-004
   3.13196480938416       3.546344116292708E-004
   3.14956011730205       3.869383475466858E-004
   3.16715542521994       3.912038357685313E-004
   3.18475073313783       4.195749825137252E-004
   3.20234604105572       4.202936850006344E-004
   3.21994134897361       4.431287781682844E-004
   3.23753665689150       4.384951577337373E-004
   3.25513196480938       4.543652019632615E-004
   3.27272727272727       4.434930957802258E-004
   3.29032258064516       4.518922652004624E-004
   3.30791788856305       4.344547038910857E-004
   3.32551319648094       4.352453968818943E-004
   3.34310850439883       4.112228995365405E-004
   3.36070381231672       4.045502039721158E-004
   3.37829912023460       3.742096190332375E-004
   3.39589442815249       3.605356265689299E-004
   3.41348973607038       3.245679277233418E-004
   3.43108504398827       3.049117294493132E-004
   3.44868035190616       2.643526214773092E-004
   3.46627565982405       2.394925849497785E-004
   3.48387096774194       1.948241870998267E-004
   3.50146627565982       1.651182572747619E-004
   3.51906158357771       1.165792344889074E-004
   3.53665689149560       8.221205588170648E-005
   3.55425219941349       2.989729219667323E-005
   3.57184750733138      -9.078124016741692E-006
   3.58944281524927      -6.520494716430599E-005
   3.60703812316716      -1.088875606729391E-004
   3.62463343108504      -1.689774495285146E-004
   3.64222873900293      -2.172872397796583E-004
   3.65982404692082      -2.809096771464895E-004
   3.67741935483871      -3.331622162695982E-004
   3.69501466275660      -3.995825059980663E-004
   3.71260997067449      -4.549874756235585E-004
   3.73020527859238      -5.234096994521427E-004
   3.74780058651026      -5.811304198441176E-004
   3.76539589442815      -6.507202938062740E-004
   3.78299120234604      -7.098868730561203E-004
   3.80058651026393      -7.797795381647195E-004
   3.81818181818182      -8.395028952839987E-004
   3.83577712609971      -9.088663635325748E-004
   3.85337243401760      -9.683634033438682E-004
   3.87096774193548      -1.036464974598531E-003
   3.88856304985337      -1.094973529534697E-003
   3.90615835777126      -1.161049614607670E-003
   3.92375366568915      -1.217764672798044E-003
   3.94134897360704      -1.281001032259340E-003
   3.95894428152493      -1.335056278862414E-003
   3.97653958944282      -1.394558974237797E-003
   3.99413489736070      -1.444978295545877E-003
   4.01173020527859      -1.499670617177587E-003
   4.02932551319648      -1.545220628875410E-003
   4.04692082111437      -1.593942188593244E-003
   4.06451612903226      -1.633722803230314E-003
   4.08211143695015      -1.675847342037768E-003
   4.09970674486804      -1.709369446450950E-003
   4.11730205278592      -1.744541466376248E-003
   4.13489736070381      -1.771540072982601E-003
   4.15249266862170      -1.799617821969631E-003
   4.17008797653959      -1.820049670057552E-003
   4.18768328445748      -1.841140292286808E-003
   4.20527859237537      -1.855286639056560E-003
   4.22287390029326      -1.870024358633030E-003
   4.24046920821114      -1.878874380926688E-003
   4.25806451612903      -1.888317332988136E-003
   4.27565982404692      -1.892683077363549E-003
   4.29325513196481      -1.897461040100427E-003
   4.31085043988270      -1.897840873862772E-003
   4.32844574780059      -1.898380069559127E-003
   4.34604105571848      -1.895114835425938E-003
   4.36363636363636      -1.891709684432557E-003
   4.38123167155425      -1.885021836796311E-003
   4.39882697947214      -1.877851827205367E-003
   4.41642228739003      -1.867844775623171E-003
   4.43401759530792      -1.857018251396822E-003
   4.45161290322581      -1.843879032440679E-003
   4.46920821114370      -1.829703038619744E-003
   4.48680351906158      -1.813765614614389E-003
   4.50439882697947      -1.796598077096614E-003
   4.52199413489736      -1.778210340353627E-003
   4.53958944281525      -1.758415628465738E-003
   4.55718475073314      -1.737930571866847E-003
   4.57478005865103      -1.715879617729319E-003
   4.59237536656892      -1.693661619420896E-003
   4.60997067448680      -1.669751324326702E-003
   4.62756598240469      -1.646258176993730E-003
   4.64516129032258      -1.621089432095743E-003
   4.66275659824047      -1.596990750976659E-003
   4.68035190615836      -1.571245039290910E-003
   4.69794721407625      -1.547187646779548E-003
   4.71554252199414      -1.521512686783783E-003
   4.73313782991202      -1.498125220450740E-003
   4.75073313782991      -1.473163222126665E-003
   4.76832844574780      -1.451084315190362E-003
   4.78592375366569      -1.427509510807130E-003
   4.80351906158358      -1.407454906796378E-003
   4.82111436950147      -1.386126086637073E-003
   4.83870967741935      -1.369082298588196E-003
   4.85630498533724      -1.350941683471511E-003
   4.87390029325513      -1.337613181243145E-003
   4.89149560117302      -1.323179354880891E-003
   4.90909090909091      -1.313924734096336E-003
   4.92668621700880      -1.303432391671909E-003
   4.94428152492669      -1.298338396542258E-003
   4.96187683284458      -1.291740706285619E-003
   4.97947214076246      -1.290579299694881E-003
   4.99706744868035      -1.287445520507758E-003
   5.01466275659824      -1.289414946128021E-003
   5.03225806451613      -1.288428388296950E-003
   5.04985337243402      -1.291959054928902E-003
   5.06744868035191      -1.291828198484769E-003
   5.08504398826980      -1.295970004384905E-003
   5.10263929618768      -1.295969084424103E-003
   5.12023460410557      -1.300128650674963E-003
   5.13782991202346      -1.299789339740091E-003
   5.15542521994135      -1.303586282875614E-003
   5.17302052785924      -1.302632100877843E-003
   5.19061583577713      -1.305875101607260E-003
   5.20821114369502      -1.304251815693035E-003
   5.22580645161290      -1.307090274454604E-003
   5.24340175953079      -1.305174922110242E-003
   5.26099706744868      -1.308002090132091E-003
   5.27859237536657      -1.306076574866980E-003
   5.29618768328446      -1.309055314962251E-003
   5.31378299120235      -1.307215419075441E-003
   5.33137829912024      -1.310359538923959E-003
   5.34897360703812      -1.308555287400661E-003
   5.36656891495601      -1.311721294310447E-003
   5.38416422287390      -1.309715523804250E-003
   5.40175953079179      -1.312507244536075E-003
   5.41935483870968      -1.309617346211712E-003
   5.43695014662757      -1.310893127849038E-003
   5.45454545454546      -1.305766608723547E-003
   5.47214076246334      -1.304330838349594E-003
   5.48973607038123      -1.296007506766111E-003
   5.50733137829912      -1.291031928556884E-003
   5.52492668621701      -1.278796643871129E-003
   5.54252199413490      -1.269637490759199E-003
   5.56011730205279      -1.252922529263482E-003
   5.57771260997067      -1.239056654105930E-003
   5.59530791788856      -1.217389753345061E-003
   5.61290322580645      -1.198355303149586E-003
   5.63049853372434      -1.171294549900737E-003
   5.64809384164223      -1.146710490995727E-003
   5.66568914956012      -1.114016509633966E-003
   5.68328445747801      -1.083756545211458E-003
   5.70087976539589      -1.045402957081547E-003
   5.71847507331378      -1.009511886224259E-003
   5.73607038123167      -9.656287465590789E-004
   5.75366568914956      -9.243045046699369E-004
   5.77126099706745      -8.751778175484635E-004
   5.78885630498534      -8.287846137297927E-004
   5.80645161290323      -7.748949401604537E-004
   5.82404692082111      -7.240296135792889E-004
   5.84164222873900      -6.660220461113965E-004
   5.85923753665689      -6.112238400343605E-004
   5.87683284457478      -5.495400154691861E-004
   5.89442815249267      -4.912099717707583E-004
   5.91202346041056      -4.262595962656992E-004
   5.92961876832845      -3.648111960968908E-004
   5.94721407624634      -2.970349561751645E-004
   5.96480938416422      -2.329256457678548E-004
   5.98240469208211      -1.628178842404382E-004
   6.00000000000000      -9.656794637776458E-005
   6.01759530791789      -2.468245314080684E-005
   6.03519061583578       4.319728832806763E-005
   6.05278592375367       1.164317454512824E-004
   6.07038123167156       1.855577929765376E-004
   6.08797653958944       2.597169895717167E-004
   6.10557184750733       3.296178487169882E-004
   6.12316715542522       4.041607024347194E-004
   6.14076246334311       4.742297138616856E-004
   6.15835777126100       5.484570287975023E-004
   6.17595307917889       6.178953973477074E-004
   6.19354838709677       6.908633644445200E-004
   6.21114369501466       7.585053163221871E-004
   6.22873900293255       8.286944266072411E-004
   6.24633431085044       8.928491046427026E-004
   6.26392961876833       9.587526552593980E-004
   6.28152492668622       1.018202362339616E-003
   6.29912023460411       1.078759984735297E-003
   6.31671554252199       1.132544133716953E-003
   6.33431085043988       1.186852551212725E-003
   6.35190615835777       1.234116574371981E-003
   6.36950146627566       1.281340009870872E-003
   6.38709677419355       1.321261787088234E-003
   6.40469208211144       1.360551633458283E-003
   6.42228739002933       1.392282419935272E-003
   6.43988269794721       1.422966165337773E-003
   6.45747800586510       1.446211437792086E-003
   6.47507331378299       1.468270077117298E-003
   6.49266862170088       1.483131811476337E-003
   6.51026392961877       1.496726299591521E-003
   6.52785923753666       1.503421127932959E-003
   6.54545454545455       1.508801255218328E-003
   6.56304985337243       1.507615297600011E-003
   6.58064516129032       1.505083472706940E-003
   6.59824046920821       1.496336086700067E-003
   6.61583577712610       1.486200081624865E-003
   6.63343108504399       1.470211392298064E-003
   6.65102639296188       1.452864650612718E-003
   6.66862170087977       1.430146457317434E-003
   6.68621700879765       1.406172571208743E-003
   6.70381231671554       1.377359894396850E-003
   6.72140762463343       1.347423784933256E-003
   6.73900293255132       1.313214032156323E-003
   6.75659824046921       1.278029124366297E-003
   6.77419354838710       1.239153869759559E-003
   6.79178885630499       1.199450463854240E-003
   6.80938416422287       1.156622104864861E-003
   6.82697947214076       1.112994215514813E-003
   6.84457478005865       1.066630822065499E-003
   6.86217008797654       1.019414476747173E-003
   6.87976539589443       9.699141377519723E-004
   6.89736070381232       9.195801393717274E-004
   6.91495601173021       8.674752332496081E-004
   6.93255131964809       8.145994571402887E-004
   6.95014662756598       7.605104765343359E-004
   6.96774193548387       7.057427933970513E-004
   6.98533724340176       6.503490622150695E-004
   7.00293255131965       5.943747467201632E-004
   7.02052785923754       5.382862367251359E-004
   7.03812316715543       4.814350143736430E-004
   7.05571847507331       4.246927459219249E-004
   7.07331378299120       3.669524047628464E-004
   7.09090909090909       3.096406309502390E-004
   7.10850439882698       2.511798186143679E-004
   7.12609970674487       1.935509938717571E-004
   7.14369501466276       1.346947557916120E-004
   7.16129032258065       7.715287139565016E-005
   7.17888563049853       1.837820637806537E-005
   7.19648093841642      -3.851595203959970E-005
   7.21407624633431      -9.657781162200396E-005
   7.23167155425220      -1.522605681503327E-004
   7.24926686217009      -2.093274499493004E-004
   7.26686217008798      -2.637361757315585E-004
   7.28445747800587      -3.197721730179693E-004
   7.30205278592375      -3.728115328949367E-004
   7.31964809384164      -4.276562513507587E-004
   7.33724340175953      -4.790849998034044E-004
   7.35483870967742      -5.324114048847381E-004
   7.37243401759531      -5.817954550260765E-004
   7.39002932551320      -6.330460607927109E-004
   7.40762463343109      -6.796455290992197E-004
   7.42521994134897      -7.278957294654469E-004
   7.44281524926686      -7.708432034481948E-004
   7.46041055718475      -8.155734411510426E-004
   7.47800586510264      -8.546325711135016E-004
   7.49560117302053      -8.957058682320125E-004
   7.51319648093842      -9.307614595167521E-004
   7.53079178885631      -9.680606240479630E-004
   7.54838709677419      -9.989644135031048E-004
   7.56598240469208      -1.032292402621073E-003
   7.58357771260997      -1.058764867010910E-003
   7.60117302052786      -1.087715397817842E-003
   7.61876832844575      -1.109124749588584E-003
   7.63636363636364      -1.132885199850354E-003
   7.65395894428153      -1.148567040453342E-003
   7.67155425219941      -1.166822619715691E-003
   7.68914956011730      -1.176687019552623E-003
   7.70674486803519      -1.189461566134584E-003
   7.72434017595308      -1.193600818591563E-003
   7.74193548387097      -1.201030471400022E-003
   7.75953079178886      -1.199600945235594E-003
   7.77712609970675      -1.201842677752995E-003
   7.79472140762463      -1.194972868748460E-003
   7.81231671554252      -1.192074166508396E-003
   7.82991202346041      -1.179720684878058E-003
   7.84750733137830      -1.171738147524494E-003
   7.86510263929619      -1.154229143257317E-003
   7.88269794721408      -1.141709864671138E-003
   7.90029325513197      -1.119703932167279E-003
   7.91788856304985      -1.103377930967096E-003
   7.93548387096774      -1.077652798655882E-003
   7.95307917888563      -1.058329170661934E-003
   7.97067448680352      -1.029704679600286E-003
   7.98826979472141      -1.008192476990180E-003
   8.00586510263930      -9.774152953404211E-004
   8.02346041055718      -9.542211638095332E-004
   8.04105571847507      -9.213650868718958E-004
   8.05865102639296      -8.963104558488415E-004
   8.07624633431085      -8.612934903048723E-004
   8.09384164222874      -8.344761097507795E-004
   8.11143695014663      -7.975233135536691E-004
   8.12903225806452      -7.692727244168143E-004
   8.14662756598241      -7.308004622905814E-004
   8.16422287390029      -7.016085188323783E-004
   8.18181818181818      -6.621713393729386E-004
   8.19941348973607      -6.326407564038003E-004
   8.21700879765396      -5.928112411971595E-004
   8.23460410557185      -5.632128710496097E-004
   8.25219941348974      -5.228102607494404E-004
   8.26979472140763      -4.927842944224023E-004
   8.28739002932551      -4.515267773957861E-004
   8.30498533724340      -4.208976113927407E-004
   8.32258064516129      -3.787042332535989E-004
   8.34017595307918      -3.474781089697750E-004
   8.35777126099707      -3.044385779044182E-004
   8.37536656891496      -2.727835162917987E-004
   8.39296187683285      -2.291406417179790E-004
   8.41055718475073      -1.973523612846406E-004
   8.42815249266862      -1.532885113942865E-004
   8.44574780058651      -1.212130412704857E-004
   8.46334310850440      -7.632985495180645E-005
   8.48093841642229      -4.359048822816723E-005
   8.49853372434018       2.363295657727867E-006
   8.51612903225807       3.589487198711705E-005
   8.53372434017595       8.291881569315546E-005
   8.55131964809384       1.171073110541074E-004
   8.56891495601173       1.649156118786030E-004
   8.58651026392962       1.993044205600714E-004
   8.60410557184751       2.472158237427715E-004
   8.62170087976540       2.808789935374778E-004
   8.63929618768329       3.280024816745447E-004
   8.65689149560117       3.605017973945257E-004
   8.67448680351906       4.068115210317257E-004
   8.69208211143695       4.382571847458450E-004
   8.70967741935484       4.838827845740208E-004
   8.72727272727273       5.143900829111659E-004
   8.74486803519062       5.594001458000437E-004
   8.76246334310851       5.889704384354014E-004
   8.78005865102639       6.332651000084661E-004
   8.79765395894428       6.616591050964077E-004
   8.81524926686217       7.047586471772736E-004
   8.83284457478006       7.312226064167050E-004
   8.85043988269795       7.723657970697527E-004
   8.86803519061584       7.964060086304152E-004
   8.88563049853373       8.353086993721828E-004
   8.90322580645161       8.567270694889808E-004
   8.92082111436950       8.932164159489725E-004
   8.93841642228739       9.118344868631584E-004
   8.95601173020528       9.456920017012992E-004
   8.97360703812317       9.612204553983831E-004
   8.99120234604106       9.920368248608178E-004
   9.00879765395895       1.003844190954952E-003
   9.02639296187683       1.030611731730196E-003
   9.04398826979472       1.037491195026300E-003
   9.06158357771261       1.059262417199315E-003
   9.07917888563050       1.060677576443484E-003
   9.09677419354839       1.077158926641668E-003
   9.11436950146628       1.072956578990144E-003
   9.13196480938416       1.084084584264482E-003
   9.14956011730205       1.074260098798666E-003
   9.16715542521994       1.080051436448147E-003
   9.18475073313783       1.064609720084934E-003
   9.20234604105572       1.064985965453157E-003
   9.21994134897361       1.043621849215829E-003
   9.23753665689150       1.037996925953768E-003
   9.25513196480938       1.010196585870688E-003
   9.27272727272727       9.984485366215936E-004
   9.29032258064516       9.644360415936883E-004
   9.30791788856305       9.470140949905830E-004
   9.32551319648094       9.074280203567490E-004
   9.34310850439883       8.851284524545625E-004
   9.36070381231672       8.409166878956262E-004
   9.37829912023460       8.148246771060132E-004
   9.39589442815249       7.672166057476571E-004
   9.41348973607038       7.387052623282483E-004
   9.43108504398827       6.891396593750075E-004
   9.44868035190616       6.595142120138638E-004
   9.46627565982405       6.091322084022379E-004
   9.48387096774194       5.794875511295591E-004
   9.50146627565982       5.294196330207024E-004
   9.51906158357771       5.009264480868829E-004
   9.53665689149560       4.523954280670301E-004
   9.55425219941349       4.263221810247089E-004
   9.57184750733138       3.806507927119528E-004
   9.58944281524927       3.583656982872351E-004
   9.60703812316716       3.169693772926867E-004
   9.62463343108504       2.997367356981621E-004
   9.64222873900293       2.633267424284264E-004
   9.65982404692082       2.512404225884287E-004
   9.67741935483871       2.197076665023661E-004
   9.69501466275660       2.126943857447715E-004
   9.71260997067449       1.860226775496604E-004
   9.73020527859238       1.841121030086599E-004
   9.74780058651026       1.623836709249672E-004
   9.76539589442815       1.656983291398931E-004
   9.78299120234604       1.490804793642221E-004
   9.80058651026393       1.578136606234142E-004
   9.81818181818182       1.464116446232195E-004
   9.83577712609971       1.601026775192099E-004
   9.85337243401760       1.526222082669194E-004
   9.87096774193548       1.695750025930057E-004
   9.88856304985337       1.643607841022065E-004
   9.90615835777126       1.830093169420551E-004
   9.92375366568915       1.785859787176335E-004
   9.94134897360704       1.975296774757159E-004
   9.95894428152493       1.925777321208671E-004
   9.97653958944282       2.105618861078505E-004
   9.99413489736071       2.038936937975250E-004
   10.0117302052786       2.197469541636577E-004
   10.0293255131965       2.100219563525288E-004
   10.0469208211144       2.220528854376990E-004
   10.0645161290323       2.074279635048773E-004
   10.0821114369501       2.139080566661969E-004
   10.0997067448680       1.928487228800503E-004
   10.1173020527859       1.924163225893233E-004
   10.1348973607038       1.637488819450365E-004
   10.1524926686217       1.554176462857839E-004
   10.1700879765396       1.183744615914255E-004
   10.1876832844575       1.016164235345381E-004
   10.2052785923754       5.599973483947218E-005
   10.2228739002933       3.104791596307933E-005
   10.2404692082111      -2.263479986809919E-005
   10.2580645161290      -5.547823874871425E-005
   10.2756598240469      -1.172632590230005E-004
   10.2932551319648      -1.581794493889836E-004
   10.3108504398827      -2.282476188079048E-004
   10.3284457478006      -2.773761132360084E-004
   10.3460410557185      -3.557674794694879E-004
   10.3636363636364      -4.130204389464389E-004
   10.3812316715543      -4.994511444026016E-004
   10.3988269794721      -5.642784799183255E-004
   10.4164222873900      -6.577163491513309E-004
   10.4340175953079      -7.285061934063606E-004
   10.4516129032258      -8.272449460502396E-004
   10.4692082111437      -9.027593977129312E-004
   10.4868035190616      -1.005954083057431E-003
   10.5043988269795      -1.085533424324695E-003
   10.5219941348974      -1.192596315716137E-003
   10.5395894428153      -1.275673726908454E-003
   10.5571847507331      -1.385993087488425E-003
   10.5747800586510      -1.471863881245841E-003
   10.5923753665689      -1.584553321407228E-003
   10.6099706744868      -1.671973979709074E-003
   10.6275659824047      -1.785019186070801E-003
   10.6451612903226      -1.871234566669712E-003
   10.6627565982405      -1.981861545008966E-003
   10.6803519061584      -2.064560683200376E-003
   10.6979472140762      -2.170787571393708E-003
   10.7155425219941      -2.248170517049061E-003
   10.7331378299120      -2.348284904847468E-003
   10.7507331378299      -2.418669157554303E-003
   10.7683284457478      -2.510930227852867E-003
   10.7859237536657      -2.572432246769693E-003
   10.8035190615836      -2.654604219830064E-003
   10.8211143695015      -2.704085145970580E-003
   10.8387096774194      -2.771634524614822E-003
   10.8563049853372      -2.804043822520439E-003
   10.8739002932551      -2.852642720653964E-003
   10.8914956011730      -2.864516877539253E-003
   10.9090909090909      -2.891265293931676E-003
   10.9266862170088      -2.880160580528594E-003
   10.9442815249267      -2.882971907322589E-003
   10.9618768328446      -2.847117665795081E-003
   10.9794721407625      -2.824460489355370E-003
   10.9970674486804      -2.762509225988437E-003
   11.0146627565982      -2.712999071140026E-003
   11.0322580645161      -2.623119212163566E-003
   11.0498533724340      -2.544508615637369E-003
   11.0674486803519      -2.424753047271949E-003
   11.0850439882698      -2.315758456704058E-003
   11.1026392961877      -2.165458266983411E-003
   11.1202346041056      -2.025940295358031E-003
   11.1378299120235      -1.845481020907660E-003
   11.1554252199413      -1.676333066305581E-003
   11.1730205278592      -1.467151104103736E-003
   11.1906158357771      -1.270375633890902E-003
   11.2082111436950      -1.035173932305754E-003
   11.2258064516129      -8.143018317315798E-004
   11.2434017595308      -5.571896413668574E-004
   11.2609970674487      -3.163254922018974E-004
   11.2785923753666      -4.130964344652030E-005
   11.2961876832845       2.153953010551992E-004
   11.3137829912023       5.038360978283143E-004
   11.3313782991202       7.715005632806899E-004
   11.3489736070381       1.067965410539295E-003
   11.3665689149560       1.340570656606177E-003
   11.3841642228739       1.638228139824790E-003
   11.4017595307918       1.907806372212943E-003
   11.4193548387097       2.196874186997370E-003
   11.4369501466276       2.452276528984013E-003
   11.4545454545455       2.722741495334147E-003
   11.4721407624633       2.956467334307982E-003
   11.4897360703812       3.202379552359125E-003
   11.5073313782991       3.409235762275026E-003
   11.5249266862170       3.625858552055793E-003
   11.5425219941349       3.801396798056359E-003
   11.5601173020528       3.984422646873836E-003
   11.5777126099707       4.124353438426806E-003
   11.5953079178886       4.269333684582732E-003
   11.6129032258065       4.368787384745366E-003
   11.6304985337243       4.470937236180926E-003
   11.6480938416422       4.527084055937373E-003
   11.6656891495601       4.586243850096265E-003
   11.6832844574780       4.600513167065784E-003
   11.7008797653959       4.618816687894099E-003
   11.7184750733138       4.593834883683599E-003
   11.7360703812317       4.574273609612191E-003
   11.7536656891496       4.513335421373281E-003
   11.7712609970675       4.459417451103764E-003
   11.7888563049853       4.366189241997240E-003
   11.8064516129032       4.281592976305201E-003
   11.8240469208211       4.159731514739742E-003
   11.8416422287390       4.048534509002888E-003
   11.8592375366569       3.903169181922187E-003
   11.8768328445748       3.771444183226220E-003
   11.8944281524927       3.609202116659396E-003
   11.9120234604106       3.463945007896401E-003
   11.9296187683284       3.292148263311869E-003
   11.9472140762463       3.140937585371410E-003
   11.9648093841642       2.967399674510286E-003
   11.9824046920821       2.818213807220119E-003
   12.0000000000000       2.651024450009525E-003
   12.0175953079179       2.511576564045322E-003
   12.0351906158358       2.356527359805237E-003
   12.0527859237537       2.229891985682162E-003
   12.0703812316716       2.088980906425278E-003
   12.0879765395894       1.977491309533942E-003
   12.1055718475073       1.853545044543286E-003
   12.1231671554252       1.760438031520245E-003
   12.1407624633431       1.657088866209185E-003
   12.1583577712610       1.586350748795941E-003
   12.1759530791789       1.507940956398884E-003
   12.1935483870968       1.464232432079897E-003
   12.2111436950147       1.415591090395255E-003
   12.2287390029326       1.401968802169512E-003
   12.2463343108504       1.381638605527768E-003
   12.2639296187683       1.392891670617571E-003
   12.2815249266862       1.394922440136055E-003
   12.2991202346041       1.425560655410295E-003
   12.3167155425220       1.444959762825382E-003
   12.3343108504399       1.490480784014255E-003
   12.3519061583578       1.523282836001637E-003
   12.3695014662757       1.580278189887243E-003
   12.3870967741935       1.623716395962579E-003
   12.4046920821114       1.690171413285651E-003
   12.4222873900293       1.742535629215042E-003
   12.4398826979472       1.814891748650193E-003
   12.4574780058651       1.869344758047630E-003
   12.4750733137830       1.938994302196254E-003
   12.4926686217009       1.986920038713879E-003
   12.5102639296188       2.045623035603605E-003
   12.5278592375367       2.079324894434217E-003
   12.5454545454545       2.120066324708330E-003
   12.5630498533724       2.133410006813844E-003
   12.5806451612903       2.151201490544812E-003
   12.5982404692082       2.140837198912912E-003
   12.6158357771261       2.135426294172151E-003
   12.6334310850440       2.106333349954755E-003
   12.6510263929619       2.085944522548727E-003
   12.6686217008798       2.044824315004952E-003
   12.6862170087977       2.013320114744501E-003
   12.7038123167155       1.962244625824276E-003
   12.7214076246334       1.920476718112296E-003
   12.7390029325513       1.859405334496280E-003
   12.7565982404692       1.806612009834013E-003
   12.7741935483871       1.734248024665011E-003
   12.7917888563050       1.668716580043007E-003
   12.8093841642229       1.583227344733685E-003
   12.8269794721408       1.504240061164712E-003
   12.8445747800587       1.407578812130579E-003
   12.8621700879765       1.318993773186567E-003
   12.8797653958944       1.215003707991683E-003
   12.8973607038123       1.119995862709431E-003
   12.9149560117302       1.011361121572531E-003
   12.9325513196481       9.121980496029240E-004
   12.9501466275660       8.008894599862442E-004
   12.9677419354839       6.993232519465733E-004
   12.9853372434018       5.870459073497205E-004
   13.0029325513196       4.850084264765598E-004
   13.0205278592375       3.750728011812588E-004
   13.0381231671554       2.787943048762882E-004
   13.0557184750733       1.793291124873181E-004
   13.0733137829912       9.594013873060145E-005
   13.0909090909091       1.219199446163586E-005
   13.1085043988270      -5.462178560195175E-005
   13.1260997067449      -1.203632977041097E-004
   13.1436950146628      -1.697008461221025E-004
   13.1612903225806      -2.179438636620662E-004
   13.1788856304985      -2.518944489328936E-004
   13.1964809384164      -2.865664131142355E-004
   13.2140762463343      -3.115450561089685E-004
   13.2316715542522      -3.401984004952518E-004
   13.2492668621701      -3.603862302427013E-004
   13.2668621700880      -3.820285016204383E-004
   13.2844574780059      -3.937996180963602E-004
   13.3020527859238      -4.040731525959380E-004
   13.3196480938416      -4.029167694768156E-004
   13.3372434017595      -3.974386485554274E-004
   13.3548387096774      -3.793857592434455E-004
   13.3724340175953      -3.548783253325233E-004
   13.3900293255132      -3.177632171878473E-004
   13.4076246334311      -2.741496969598803E-004
   13.4252199413490      -2.227036466410927E-004
   13.4428152492669      -1.705269665151146E-004
   13.4604105571848      -1.166439842431016E-004
   13.4780058651026      -6.477518957691786E-005
   13.4956011730205      -1.438642666422947E-005
   13.5131964809384       3.324794029137731E-005
   13.5307917888563       7.786630682635508E-005
   13.5483870967742       1.204960772174165E-004
   13.5659824046921       1.600130118991983E-004
   13.5835777126100       1.998582348540451E-004
   13.6011730205279       2.383418305774881E-004
   13.6187683284457       2.821999713356289E-004
   13.6363636363636       3.288094493860538E-004
   13.6539589442815       3.849024697168809E-004
   13.6715542521994       4.446248735570303E-004
   13.6891495601173       5.156450472845712E-004
   13.7067448680352       5.898252579327078E-004
   13.7243401759531       6.760590760856790E-004
   13.7419354838710       7.639584925804630E-004
   13.7595307917889       8.636083452439530E-004
   13.7771260997067       9.621136342215429E-004
   13.7947214076246       1.070349084294305E-003
   13.8123167155425       1.171261372283060E-003
   13.8299120234604       1.272860886448455E-003
   13.8475073313783       1.354436198739895E-003
   13.8651026392962       1.428051778766707E-003
   13.8826979472141       1.473374668287744E-003
   13.9002932551320       1.505871192406010E-003
   13.9178885630499       1.504713201560904E-003
   13.9354838709677       1.488593735456773E-003
   13.9530791788856       1.436176996295440E-003
   13.9706744868035       1.369670978587421E-003
   13.9882697947214       1.267744230318891E-003
   14.0058651026393       1.157762719640041E-003
   14.0234604105572       1.022071984245087E-003
   14.0410557184751       8.929352617814462E-004
   14.0586510263930       7.472140020557537E-004
   14.0762463343109       6.155225552375802E-004
   14.0938416422287       4.708703078861511E-004
   14.1114369501466       3.445090031925646E-004
   14.1290322580645       2.063297720038272E-004
   14.1466275659824       8.874790118429473E-005
   14.1642228739003      -4.122859965660901E-005
   14.1818181818182      -1.497760409159169E-004
   14.1994134897361      -2.726541152074436E-004
   14.2170087976540      -3.735828093507656E-004
   14.2346041055718      -4.865901246809244E-004
   14.2521994134897      -5.694083581910020E-004
   14.2697947214076      -6.581903765681219E-004
   14.2873900293255      -7.093007794227415E-004
   14.3049853372434      -7.620417054880327E-004
   14.3225806451613      -7.714740214040702E-004
   14.3401759530792      -7.803036026526659E-004
   14.3577712609971      -7.425665341493792E-004
   14.3753665689150      -7.050019909512962E-004
   14.3929618768328      -6.215128645654745E-004
   14.4105571847507      -5.458714409056156E-004
   14.4281524926686      -4.375255147829795E-004
   14.4457478005865      -3.547803603648236E-004
   14.4633431085044      -2.495321421780201E-004
   14.4809384164223      -1.780588382556934E-004
   14.4985337243402      -8.709132834173200E-005
   14.5161290322581      -3.307603577723740E-005
   14.5337243401760       4.180176829236745E-005
   14.5513196480938       8.063419532850209E-005
   14.5689149560117       1.459425273520112E-004
   14.5865102639296       1.808389889093686E-004
   14.6041055718475       2.542649806986435E-004
   14.6217008797654       3.125856263872044E-004
   14.6392961876833       4.284264755137576E-004
   14.6568914956012       5.388802270475486E-004
   14.6744868035191       7.139355854027504E-004
   14.6920821114370       8.854103248097151E-004
   14.7096774193548       1.123869052071094E-003
   14.7272727272727       1.356681125158557E-003
   14.7448680351906       1.655396005174297E-003
   14.7624633431085       1.942859317043275E-003
   14.7800586510264       2.291215326093599E-003
   14.7976539589443       2.617699799729623E-003
   14.8152492668622       2.991367171818845E-003
   14.8328445747801       3.319018675708877E-003
   14.8504398826979       3.673422942481194E-003
   14.8680351906158       3.964190266898651E-003
   14.8856304985337       4.270755735750203E-003
   14.9032258064516       4.502409328319883E-003
   14.9208211143695       4.743802393728432E-003
   14.9384164222874       4.903338177490525E-003
   14.9560117302053       5.070844409257222E-003
   14.9736070381232       5.154070756300567E-003
   14.9912023460411       5.248786444789793E-003
   15.0087976539589       5.264522176871672E-003
   15.0263929618768       5.307664476630551E-003
   15.0439882697947       5.286414217843822E-003
   15.0615835777126       5.305231017927175E-003
   15.0791788856305       5.264941836556515E-003
   15.0967741935484       5.271242799347388E-003
   15.1143695014663       5.220067255583955E-003
   15.1319648093842       5.219286096698247E-003
   15.1495601173021       5.160435190337590E-003
   15.1671554252199       5.153932141514153E-003
   15.1847507331378       5.087049069164428E-003
   15.2023460410557       5.072872393340488E-003
   15.2199413489736       4.994863596612633E-003
   15.2375366568915       4.971370630057763E-003
   15.2551319648094       4.884255539905472E-003
   15.2727272727273       4.855741880668962E-003
   15.2903225806452       4.763825762547281E-003
   15.3079178885631       4.734170451635128E-003
   15.3255131964809       4.640773432923144E-003
   15.3431085043988       4.612774156207838E-003
   15.3607038123167       4.520074278520624E-003
   15.3782991202346       4.495333903331851E-003
   15.3958944281525       4.404241916395791E-003
   15.4134897360704       4.383108223376092E-003
   15.4310850439883       4.294621630248505E-003
   15.4486803519062       4.280688015017905E-003
   15.4662756598240       4.200400099061190E-003
   15.4838709677419       4.199477697162292E-003
   15.5014662756598       4.132553078767654E-003
   15.5190615835777       4.149106807274061E-003
   15.5366568914956       4.099077901250900E-003
   15.5542521994135       4.135608673406966E-003
   15.5718475073314       4.103553548433023E-003
   15.5894428152493       4.159341166003875E-003
   15.6070381231672       4.141299835656378E-003
   15.6246334310850       4.204901398571027E-003
   15.6422287390029       4.179054267908286E-003
   15.6598240469208       4.224742771827455E-003
   15.6774193548387       4.169203877837254E-003
   15.6950146627566       4.179881130802013E-003
   15.7126099706745       4.080961684341219E-003
   15.7302052785924       4.046132364004563E-003
   15.7478005865103       3.896418224629502E-003
   15.7653958944282       3.812154273140547E-003
   15.7829912023460       3.611843630013580E-003
   15.8005865102639       3.484298620302694E-003
   15.8181818181818       3.251817504482469E-003
   15.8357771260997       3.121076994007673E-003
   15.8533724340176       2.910304332515465E-003
   15.8709677419355       2.824568754203189E-003
   15.8885630498534       2.672083834779050E-003
   15.9061583577713       2.659374863602448E-003
   15.9237536656892       2.585779174401726E-003
   15.9413489736070       2.659664616995841E-003
   15.9589442815249       2.670947218629814E-003
   15.9765395894428       2.828704886824478E-003
   15.9941348973607       2.910919460216021E-003
   16.0117302052786       3.119292953901090E-003
   16.0293255131965       3.204486548935040E-003
   16.0469208211144       3.369756051225943E-003
   16.0645161290323       3.373542098791918E-003
   16.0821114369501       3.436646125355270E-003
   16.0997067448680       3.318508422142884E-003
   16.1173020527859       3.252505625186883E-003
   16.1348973607038       2.997359224798323E-003
   16.1524926686217       2.798786523110850E-003
   16.1700879765396       2.415198238973042E-003
   16.1876832844575       2.106613859713542E-003
   16.2052785923754       1.636451938129225E-003
   16.2228739002933       1.290767459243142E-003
   16.2404692082111       8.325395329848873E-004
   16.2580645161290       5.390187974221723E-004
   16.2756598240469       1.517230641375840E-004
   16.2932551319648      -5.151998594588170E-005
   16.3108504398827      -3.421716388957656E-004
   16.3284457478006      -4.388105890285433E-004
   16.3460410557185      -6.245297556312861E-004
   16.3636363636364      -6.133578685846660E-004
   16.3812316715543      -7.001061560431764E-004
   16.3988269794721      -5.944936061928404E-004
   16.4164222873900      -6.049235363755575E-004
   16.4340175953079      -4.330207408194167E-004
   16.4516129032258      -3.893264931132340E-004
   16.4692082111437      -1.623558132054476E-004
   16.4868035190616      -7.083962122479740E-005
   16.5043988269795       2.059857417888034E-004
   16.5219941348974       3.395530371935333E-004
   16.5395894428153       6.594459611707229E-004
   16.5571847507331       8.261797643106781E-004
   16.5747800586510       1.177613820538940E-003
   16.5923753665689       1.361663923211871E-003
   16.6099706744868       1.721236913575815E-003
   16.6275659824047       1.884468686630202E-003
   16.6451612903226       2.203174090933581E-003
   16.6627565982405       2.301353192092508E-003
   16.6803519061584       2.548188122725272E-003
   16.6979472140762       2.559729922101817E-003
   16.7155425219941       2.720270135636374E-003
   16.7331378299120       2.636553913592498E-003
   16.7507331378299       2.708303418116669E-003
   16.7683284457478       2.532618602047643E-003
   16.7859237536657       2.526138026919833E-003
   16.8035190615836       2.278184702235482E-003
   16.8211143695015       2.229741637740583E-003
   16.8387096774194       1.963299841444290E-003
   16.8563049853372       1.928408545647830E-003
   16.8739002932551       1.684811018918575E-003
   16.8914956011730       1.693376463236842E-003
   16.9090909090909       1.494876053315671E-003
   16.9266862170088       1.563893996182912E-003
   16.9442815249267       1.422064847792185E-003
   16.9618768328446       1.558870984662570E-003
   16.9794721407625       1.475605325096790E-003
   16.9970674486804       1.676986435741353E-003
   17.0146627565982       1.640209432665357E-003
   17.0322580645161       1.884418028360508E-003
   17.0498533724340       1.868731243186041E-003
   17.0674486803519       2.137490964536883E-003
   17.0850439882698       2.130469267675589E-003
   17.1026392961877       2.415300572937745E-003
   17.1202346041056       2.409344635011249E-003
   17.1378299120235       2.704370285819984E-003
   17.1554252199413       2.693008979061473E-003
   17.1730205278592       2.992359749969299E-003
   17.1906158357771       2.967616533387770E-003
   17.2082111436950       3.261325573509353E-003
   17.2258064516129       3.204213634945523E-003
   17.2434017595308       3.465590171699536E-003
   17.2609970674487       3.347969972649853E-003
   17.2785923753666       3.557497641429436E-003
   17.2961876832845       3.365148275992034E-003
   17.3137829912023       3.515327806669530E-003
   17.3313782991202       3.243783431388728E-003
   17.3489736070381       3.336681433261448E-003
   17.3665689149560       2.991071304519134E-003
   17.3841642228739       3.039822559233874E-003
   17.4017595307918       2.638890430217801E-003
   17.4193548387097       2.677427043252606E-003
   17.4369501466276       2.263896794629078E-003
   17.4545454545455       2.333153010359180E-003
   17.4721407624633       1.928614820395449E-003
   17.4897360703812       2.042009122987319E-003
   17.5073313782991       1.649213907651637E-003
   17.5249266862170       1.808562725232770E-003
   17.5425219941349       1.420087719352916E-003
   17.5601173020528       1.618957651478011E-003
   17.5777126099707       1.218062229980882E-003
   17.5953079178886       1.441187184068770E-003
   17.6129032258065       9.979232822454743E-004
   17.6304985337243       1.216010326280879E-003
   17.6480938416422       6.930376299218614E-004
   17.6656891495601       8.897223654288689E-004
   17.6832844574780       2.667811514063281E-004
   17.7008797653959       4.400528747447038E-004
   17.7184750733138      -2.991067358118627E-004
   17.7360703812317      -1.444566359894343E-004
   17.7536656891496      -1.016915602444682E-003
   17.7712609970675      -8.696394346077640E-004
   17.7888563049853      -1.896754187595522E-003
   17.8064516129032      -1.736026196668005E-003
   17.8240469208211      -2.944320969523599E-003
   17.8416422287390      -2.732975011953216E-003
   17.8592375366569      -4.181796939575004E-003
   17.8768328445748      -3.892746797259936E-003
   17.8944281524927      -5.734138183219249E-003
   17.9120234604106      -5.346571091630416E-003
   17.9296187683284      -7.943524605697956E-003
   17.9472140762463      -7.434487712859253E-003
   17.9648093841642      -1.190865525316002E-002
   17.9824046920821      -1.123633673239456E-002
   18.0000000000000      -2.554194476303602E-002
