  0.000000000000000E+000 -1.331824324956816E-002
  1.759530791788856E-002 -8.932532854283552E-003
  3.519061583577713E-002 -8.440292983773265E-003
  5.278592375366570E-002 -6.791908614260350E-003
  7.038123167155426E-002 -6.416226831578663E-003
  8.797653958944282E-002 -5.361169775124685E-003
  0.105571847507331      -5.057456145048158E-003
  0.123167155425220      -4.280667132205949E-003
  0.140762463343109      -4.033533372262738E-003
  0.158357771260997      -3.429316316146495E-003
  0.175953079178886      -3.232799936406996E-003
  0.193548387096774      -2.753987220186095E-003
  0.211143695014663      -2.605857038737347E-003
  0.228739002932551      -2.225722944532240E-003
  0.246334310850440      -2.118895866213766E-003
  0.263929618768328      -1.813506579284458E-003
  0.281524926686217      -1.738072408901112E-003
  0.299120234604106      -1.489315753198197E-003
  0.316715542521994      -1.436973372733366E-003
  0.334310850439883      -1.230991604445090E-003
  0.351906158357771      -1.194717343084402E-003
  0.369501466275660      -1.020688990162797E-003
  0.387096774193548      -9.948086179281130E-004
  0.404692082111437      -8.447574845048723E-004
  0.422287390029326      -8.271289548063826E-004
  0.439882697947214      -7.015929616316604E-004
  0.457478005865103      -6.996805632004849E-004
  0.475073313782991      -6.048404969744925E-004
  0.492668621700880      -6.258005500670840E-004
  0.510263929618768      -5.665512255025008E-004
  0.527859237536657      -6.162222589204612E-004
  0.545454545454546      -5.966259129553049E-004
  0.563049853372434      -6.797835525194783E-004
  0.580645161290323      -7.030320655937370E-004
  0.598240469208211      -8.232100431456990E-004
  0.615835777126100      -8.906317703365101E-004
  0.633431085043988      -1.046233203830802E-003
  0.651026392961877      -1.150573205801706E-003
  0.668621700879765      -1.332786638094519E-003
  0.686217008797654      -1.464793397564383E-003
  0.703812316715543      -1.665347465458475E-003
  0.721407624633431      -1.816448105773149E-003
  0.739002932551320      -2.027400784750126E-003
  0.756598240469208      -2.189266535367537E-003
  0.774193548387097      -2.402719522798466E-003
  0.791788856304985      -2.566985165884039E-003
  0.809384164222874      -2.774739938097852E-003
  0.826979472140763      -2.933170494268236E-003
  0.844574780058651      -3.129219535862567E-003
  0.862170087976540      -3.278042482427915E-003
  0.879765395894428      -3.460328442853320E-003
  0.897360703812317      -3.597747077847100E-003
  0.914956011730205      -3.765092452036099E-003
  0.932551319648094      -3.890014452395078E-003
  0.950146627565982      -4.041858239239532E-003
  0.967741935483871      -4.153821336796360E-003
  0.985337243401760      -4.290245700953804E-003
   1.00293255131965      -4.389581428613914E-003
   1.02052785923754      -4.511708055200072E-003
   1.03812316715543      -4.599698503560411E-003
   1.05571847507331      -4.708432519632333E-003
   1.07331378299120      -4.784954863475572E-003
   1.09090909090909      -4.879812152192228E-003
   1.10850439882698      -4.943965775291257E-003
   1.12609970674487      -5.023966699379981E-003
   1.14369501466276      -5.074457886165324E-003
   1.16129032258065      -5.138248059415375E-003
   1.17888563049853      -5.173402288020620E-003
   1.19648093841642      -5.219165838014534E-003
   1.21407624633431      -5.236682966165830E-003
   1.23167155425220      -5.262122331350891E-003
   1.24926686217009      -5.260460625077522E-003
   1.26686217008798      -5.265380503074187E-003
   1.28445747800587      -5.245008262981327E-003
   1.30205278592375      -5.230337994833271E-003
   1.31964809384164      -5.192384863494146E-003
   1.33724340175953      -5.159591869753623E-003
   1.35483870967742      -5.105700758253039E-003
   1.37243401759531      -5.056775043443262E-003
   1.39002932551320      -4.989180518594740E-003
   1.40762463343109      -4.926888657652157E-003
   1.42521994134897      -4.848919447039535E-003
   1.44281524926686      -4.776861488138719E-003
   1.46041055718475      -4.691421020100952E-003
   1.47800586510264      -4.611751726993002E-003
   1.49560117302053      -4.520472541694353E-003
   1.51319648093842      -4.434594377980236E-003
   1.53079178885631      -4.338586455993310E-003
   1.54838709677419      -4.247446426007189E-003
   1.56598240469208      -4.147386462153676E-003
   1.58357771260997      -4.051463548381936E-003
   1.60117302052786      -3.947451751384389E-003
   1.61876832844575      -3.846259443912055E-003
   1.63636363636364      -3.736785262230940E-003
   1.65395894428153      -3.628365956233444E-003
   1.67155425219941      -3.511821818987955E-003
   1.68914956011730      -3.395176291213465E-003
   1.70674486803519      -3.270925648484905E-003
   1.72434017595308      -3.145799708850381E-003
   1.74193548387097      -3.013879254896177E-003
   1.75953079178886      -2.880693327189137E-003
   1.77712609970675      -2.741889854880923E-003
   1.79472140762463      -2.601975029918138E-003
   1.81231671554252      -2.458494106948073E-003
   1.82991202346041      -2.315992598247346E-003
   1.84750733137830      -2.173876506381189E-003
   1.86510263929619      -2.035111335205798E-003
   1.88269794721408      -1.899781826865097E-003
   1.90029325513196      -1.769451303909582E-003
   1.91788856304985      -1.645040137678426E-003
   1.93548387096774      -1.526841037844850E-003
   1.95307917888563      -1.416580102779040E-003
   1.97067448680352      -1.313324628300209E-003
   1.98826979472141      -1.219499622872672E-003
   2.00586510263930      -1.132809098519504E-003
   2.02346041055718      -1.055500965173412E-003
   2.04105571847507      -9.830689510364457E-004
   2.05865102639296      -9.184134669401351E-004
   2.07624633431085      -8.565839842556840E-004
   2.09384164222874      -8.015173415436450E-004
   2.11143695014663      -7.476514075447217E-004
   2.12903225806452      -6.998327655817790E-004
   2.14662756598241      -6.518935465130124E-004
   2.16422287390029      -6.095398711663726E-004
   2.18181818181818      -5.660662485090554E-004
   2.19941348973607      -5.280708454799769E-004
   2.21700879765396      -4.886882596329383E-004
   2.23460410557185      -4.560019969469768E-004
   2.25219941348974      -4.227851036459572E-004
   2.26979472140762      -3.974201265339100E-004
   2.28739002932551      -3.718697313696963E-004
   2.30498533724340      -3.549054184451730E-004
   2.32258064516129      -3.378019762273222E-004
   2.34017595307918      -3.297126915447631E-004
   2.35777126099707      -3.212610124237355E-004
   2.37536656891496      -3.219187378985783E-004
   2.39296187683284      -3.216320600643568E-004
   2.41055718475073      -3.299305575920385E-004
   2.42815249266862      -3.355625425932068E-004
   2.44574780058651      -3.480865858876957E-004
   2.46334310850440      -3.561182793092057E-004
   2.48093841642229      -3.699172131702849E-004
   2.49853372434018      -3.778998215183006E-004
   2.51612903225806      -3.908293528037966E-004
   2.53372434017595      -3.968970526081255E-004
   2.55131964809384      -4.073108945544181E-004
   2.56891495601173      -4.100600403962265E-004
   2.58651026392962      -4.167814704363923E-004
   2.60410557184751      -4.153540609548567E-004
   2.62170087976540      -4.180703515030591E-004
   2.63929618768328      -4.129903284837840E-004
   2.65689149560117      -4.126875404531490E-004
   2.67448680351906      -4.048235612491918E-004
   2.69208211143695      -4.021051168305691E-004
   2.70967741935484      -3.919204740762145E-004
   2.72727272727273      -3.871217331909980E-004
   2.74486803519062      -3.748691693171097E-004
   2.76246334310850      -3.681415024304499E-004
   2.78005865102639      -3.538929492034049E-004
   2.79765395894428      -3.451889725695829E-004
   2.81524926686217      -3.287468073935014E-004
   2.83284457478006      -3.176729238091494E-004
   2.85043988269795      -2.986528048063824E-004
   2.86803519061584      -2.850023565763699E-004
   2.88563049853372      -2.633763908454336E-004
   2.90322580645161      -2.472024681642150E-004
   2.92082111436950      -2.230977205079528E-004
   2.93841642228739      -2.045661565599988E-004
   2.95601173020528      -1.782010062758033E-004
   2.97360703812317      -1.575556244691179E-004
   2.99120234604106      -1.292157673136091E-004
   3.00879765395894      -1.067534915159762E-004
   3.02639296187683      -7.669616214496809E-005
   3.04398826979472      -5.250799002348991E-005
   3.06158357771261      -2.070664967643283E-005
   3.07917888563050       5.243122084948828E-006
   3.09677419354839       3.875799730426123E-005
   3.11436950146628       6.639121450227043E-005
   3.13196480938416       1.014715860183707E-004
   3.14956011730205       1.305822492771136E-004
   3.16715542521994       1.669346879482419E-004
   3.18475073313783       1.971405365841122E-004
   3.20234604105572       2.342326633939912E-004
   3.21994134897361       2.647317584292182E-004
   3.23753665689150       3.013432412485005E-004
   3.25513196480938       3.307333415028463E-004
   3.27272727272727       3.656099610114566E-004
   3.29032258064516       3.928493809403393E-004
   3.30791788856305       4.250717339143243E-004
   3.32551319648094       4.493504816703981E-004
   3.34310850439883       4.781866338749758E-004
   3.36070381231672       4.988617587001922E-004
   3.37829912023460       5.237434799914184E-004
   3.39589442815249       5.403479700108038E-004
   3.41348973607038       5.609485332526040E-004
   3.43108504398827       5.734508007586310E-004
   3.44868035190616       5.900170557321152E-004
   3.46627565982405       5.987216467611858E-004
   3.48387096774194       6.114520755637331E-004
   3.50146627565982       6.164801380085618E-004
   3.51906158357771       6.254284045247103E-004
   3.53665689149560       6.267877584078139E-004
   3.55425219941349       6.319026790272927E-004
   3.57184750733138       6.294925579263049E-004
   3.58944281524927       6.305988271079153E-004
   3.60703812316716       6.241481313622758E-004
   3.62463343108504       6.208191758399688E-004
   3.64222873900293       6.098490083122905E-004
   3.65982404692082       6.017464183229968E-004
   3.67741935483871       5.861276617759291E-004
   3.69501466275660       5.732368056340830E-004
   3.71260997067449       5.530355703720639E-004
   3.73020527859238       5.354760666913151E-004
   3.74780058651026       5.108690864016765E-004
   3.76539589442815       4.888581656537421E-004
   3.78299120234604       4.601134488807528E-004
   3.80058651026393       4.339592442402731E-004
   3.81818181818182       4.014408705893120E-004
   3.83577712609971       3.715337698183303E-004
   3.85337243401760       3.356274689503622E-004
   3.87096774193548       3.023275129843051E-004
   3.88856304985337       2.634029589683826E-004
   3.90615835777126       2.270925214768321E-004
   3.92375366568915       1.855612261095722E-004
   3.94134897360704       1.466749665600095E-004
   3.95894428152493       1.030108737038404E-004
   3.97653958944282       6.205994041396779E-005
   3.99413489736070       1.683487851779103E-005
   4.01173020527859      -2.551685200315862E-005
   4.02932551319648      -7.144487957173163E-005
   4.04692082111437      -1.141685097801776E-004
   4.06451612903226      -1.597619792156196E-004
   4.08211143695015      -2.019229489474815E-004
   4.09970674486804      -2.463194593596311E-004
   4.11730205278592      -2.871116946439913E-004
   4.13489736070381      -3.295428798741740E-004
   4.15249266862170      -3.682408238705683E-004
   4.17008797653959      -4.080139937682779E-004
   4.18768328445748      -4.439701188235842E-004
   4.20527859237537      -4.804882016017109E-004
   4.22287390029326      -5.132666761849945E-004
   4.24046920821114      -5.464215316136920E-004
   4.25806451612903      -5.762155015320687E-004
   4.27565982404692      -6.062562902476165E-004
   4.29325513196481      -6.332710995913202E-004
   4.31085043988270      -6.603616266795852E-004
   4.32844574780059      -6.847341022359701E-004
   4.34604105571848      -7.089787211431393E-004
   4.36363636363636      -7.307887271239555E-004
   4.38123167155425      -7.522320639518700E-004
   4.39882697947214      -7.714899305335962E-004
   4.41642228739003      -7.900797842015588E-004
   4.43401759530792      -8.066711248365089E-004
   4.45161290322581      -8.222853076062617E-004
   4.46920821114370      -8.361494412508115E-004
   4.48680351906158      -8.487719957605724E-004
   4.50439882697947      -8.599203345780531E-004
   4.52199413489736      -8.695731785084205E-004
   4.53958944281525      -8.780398527511808E-004
   4.55718475073314      -8.847588243582338E-004
   4.57478005865103      -8.905846801299871E-004
   4.59237536656892      -8.944052016518299E-004
   4.60997067448680      -8.976202893369865E-004
   4.62756598240469      -8.985798219572150E-004
   4.64516129032258      -8.992990131760710E-004
   4.66275659824047      -8.976103850974923E-004
   4.68035190615836      -8.961088310792934E-004
   4.69794721407625      -8.920687000378062E-004
   4.71554252199414      -8.886639914939733E-004
   4.73313782991202      -8.826035158496781E-004
   4.75073313782991      -8.776462117154684E-004
   4.76832844574780      -8.699312148691667E-004
   4.78592375366569      -8.638118886961752E-004
   4.80351906158358      -8.548630552327522E-004
   4.82111436950147      -8.480946757683469E-004
   4.83870967741935      -8.386081680650077E-004
   4.85630498533724      -8.320457167024668E-004
   4.87390029325513      -8.228824099561929E-004
   4.89149560117302      -8.173345060980739E-004
   4.90909090909091      -8.092556740409946E-004
   4.92668621700880      -8.054455045367625E-004
   4.94428152492669      -7.991315861037048E-004
   4.96187683284458      -7.976982545838113E-004
   4.97947214076246      -7.937342023535241E-004
   4.99706744868035      -7.951975231362549E-004
   5.01466275659824      -7.939607198658012E-004
   5.03225806451613      -7.983246328239330E-004
   5.04985337243402      -7.993438593017105E-004
   5.06744868035191      -8.059541759852586E-004
   5.08504398826980      -8.086352131731655E-004
   5.10263929618768      -8.169769999658177E-004
   5.12023460410557      -8.208564466040535E-004
   5.13782991202346      -8.305109821666582E-004
   5.15542521994135      -8.352053263441195E-004
   5.17302052785924      -8.458246558300155E-004
   5.19061583577713      -8.510172089422775E-004
   5.20821114369502      -8.623257517750366E-004
   5.22580645161290      -8.678449758813299E-004
   5.24340175953079      -8.798778276526654E-004
   5.26099706744868      -8.859309545313908E-004
   5.27859237536657      -8.989432184604417E-004
   5.29618768328446      -9.057770379135724E-004
   5.31378299120235      -9.200131554464670E-004
   5.33137829912024      -9.278680553395641E-004
   5.34897360703812      -9.435666915801190E-004
   5.36656891495601      -9.526755050459307E-004
   5.38416422287390      -9.700628843300807E-004
   5.40175953079179      -9.806355998161918E-004
   5.41935483870968      -9.998378423365665E-004
   5.43695014662757      -1.011704802891858E-003
   5.45454545454546      -1.032176420757646E-003
   5.47214076246334      -1.044634639016313E-003
   5.48973607038123      -1.065690782905813E-003
   5.50733137829912      -1.078083868626013E-003
   5.52492668621701      -1.099092121346382E-003
   5.54252199413490      -1.110805748258418E-003
   5.56011730205279      -1.131168497545793E-003
   5.57771260997067      -1.141616628576675E-003
   5.59530791788856      -1.160756337859040E-003
   5.61290322580645      -1.169354816024443E-003
   5.63049853372434      -1.186653623839680E-003
   5.64809384164223      -1.192756056495056E-003
   5.66568914956012      -1.207593538381715E-003
   5.68328445747801      -1.210633428342916E-003
   5.70087976539589      -1.222492132951529E-003
   5.71847507331378      -1.221994403896712E-003
   5.73607038123167      -1.230441494260993E-003
   5.75366568914956      -1.226015921752095E-003
   5.77126099706745      -1.230707769472361E-003
   5.78885630498534      -1.222062995584229E-003
   5.80645161290323      -1.222778566664628E-003
   5.82404692082111      -1.209807402932893E-003
   5.84164222873900      -1.206562033119809E-003
   5.85923753665689      -1.189313392788906E-003
   5.87683284457478      -1.182114994144433E-003
   5.89442815249267      -1.160566168534790E-003
   5.91202346041056      -1.149384213532456E-003
   5.92961876832845      -1.123506220670730E-003
   5.94721407624634      -1.108320218195034E-003
   5.96480938416422      -1.078106917467774E-003
   5.98240469208211      -1.058931192509709E-003
   6.00000000000000      -1.024426642694268E-003
   6.01759530791789      -1.001347873879061E-003
   6.03519061583578      -9.626629165028855E-004
   6.05278592375367      -9.357506847662469E-004
   6.07038123167156      -8.928939822063100E-004
   6.08797653958944      -8.621317685106813E-004
   6.10557184750733      -8.150877444634780E-004
   6.12316715542522      -7.804698372845625E-004
   6.14076246334311      -7.292518735340944E-004
   6.15835777126100      -6.908174388983302E-004
   6.17595307917889      -6.355026404963825E-004
   6.19354838709677      -5.933803117570106E-004
   6.21114369501466      -5.341972624221330E-004
   6.22873900293255      -4.888678304995002E-004
   6.24633431085044      -4.266364298814242E-004
   6.26392961876833      -3.790691764772443E-004
   6.28152492668622      -3.147118081599225E-004
   6.29912023460411      -2.657637830773253E-004
   6.31671554252199      -2.001046923931324E-004
   6.33431085043988      -1.505807846302827E-004
   6.35190615835777      -8.442043423139423E-005
   6.36950146627566      -3.512760035365442E-005
   6.38709677419355       3.070203177482067E-005
   6.40469208211144       7.887598806946883E-005
   6.42228739002933       1.433744907814034E-004
   6.43988269794721       1.893625853839656E-004
   6.45747800586510       2.515795922413659E-004
   6.47507331378299       2.946359130800646E-004
   6.49266862170088       3.539601025858771E-004
   6.51026392961877       3.935592754115764E-004
   6.52785923753666       4.495306524216106E-004
   6.54545454545455       4.852685073752008E-004
   6.56304985337243       5.375277868072586E-004
   6.58064516129032       5.690847799485091E-004
   6.59824046920821       6.173404850608599E-004
   6.61583577712610       6.444370233502923E-004
   6.63343108504399       6.883968826660499E-004
   6.65102639296188       7.107583902408079E-004
   6.66862170087977       7.502144076665974E-004
   6.68621700879765       7.677115026160974E-004
   6.70381231671554       8.025955993188767E-004
   6.72140762463343       8.152180258491611E-004
   6.73900293255132       8.455711538352505E-004
   6.75659824046921       8.534133487228859E-004
   6.77419354838710       8.793797201665324E-004
   6.79178885630499       8.826407363361057E-004
   6.80938416422287       9.044737306323745E-004
   6.82697947214076       9.034233652779006E-004
   6.84457478005865       9.213044451527100E-004
   6.86217008797654       9.160165737402726E-004
   6.87976539589443       9.299903369172796E-004
   6.89736070381232       9.205406032351848E-004
   6.91495601173021       9.307186965166818E-004
   6.93255131964809       9.172634421359797E-004
   6.95014662756598       9.238472139171206E-004
   6.96774193548387       9.066427213107540E-004
   6.98533724340176       9.099469442131052E-004
   7.00293255131965       8.893868453760755E-004
   7.02052785923754       8.898756840602021E-004
   7.03812316715543       8.663690204074971E-004
   7.05571847507331       8.642317432271390E-004
   7.07331378299120       8.378017732697685E-004
   7.09090909090909       8.330214455949940E-004
   7.10850439882698       8.036611417117490E-004
   7.12609970674487       7.962491386886485E-004
   7.14369501466276       7.640045087707214E-004
   7.16129032258065       7.540461729846239E-004
   7.17888563049853       7.190604342459894E-004
   7.19648093841642       7.067699846830038E-004
   7.21407624633431       6.693740063985143E-004
   7.23167155425220       6.551770091450664E-004
   7.24926686217009       6.157271227256560E-004
   7.26686217008798       5.997911445297902E-004
   7.28445747800587       5.583400697884966E-004
   7.30205278592375       5.406770347131697E-004
   7.31964809384164       4.972310733404150E-004
   7.33724340175953       4.778532842608176E-004
   7.35483870967742       4.324515966617439E-004
   7.37243401759531       4.114366417084172E-004
   7.39002932551320       3.642232916862907E-004
   7.40762463343109       3.418279334384866E-004
   7.42521994134897       2.932784877415430E-004
   7.44281524926686       2.701637236225328E-004
   7.46041055718475       2.208967776186454E-004
   7.47800586510264       1.974964182227060E-004
   7.49560117302053       1.478228406247333E-004
   7.51319648093842       1.243761300364232E-004
   7.53079178885631       7.449380362640265E-005
   7.54838709677419       5.117009185442694E-005
   7.56598240469208       1.242478914322720E-006
   7.58357771260997      -2.178743284833168E-005
   7.60117302052786      -7.154487634087620E-005
   7.61876832844575      -9.393615672980492E-005
   7.63636363636364      -1.429235811763302E-004
   7.65395894428153      -1.639294046744524E-004
   7.67155425219941      -2.114845789677646E-004
   7.68914956011730      -2.305925205258383E-004
   7.70674486803519      -2.762990034560693E-004
   7.72434017595308      -2.931702031926900E-004
   7.74193548387097      -3.367426374780445E-004
   7.75953079178886      -3.511398082792122E-004
   7.77712609970675      -3.923675226230082E-004
   7.79472140762463      -4.040969165752214E-004
   7.81231671554252      -4.427513362880325E-004
   7.82991202346041      -4.514769666680260E-004
   7.84750733137830      -4.871397162024481E-004
   7.86510263929619      -4.925302295485379E-004
   7.88269794721408      -5.250239858366635E-004
   7.90029325513197      -5.270338325949369E-004
   7.91788856304985      -5.564120949239349E-004
   7.93548387096774      -5.551917200474100E-004
   7.95307917888563      -5.816888535869202E-004
   7.97067448680352      -5.775621808007703E-004
   7.98826979472141      -6.015844955654996E-004
   8.00586510263930      -5.950536840190924E-004
   8.02346041055718      -6.171214286431232E-004
   8.04105571847507      -6.085099640782677E-004
   8.05865102639296      -6.286358273226970E-004
   8.07624633431085      -6.178306578161101E-004
   8.09384164222874      -6.359249468310211E-004
   8.11143695014663      -6.228937052107150E-004
   8.12903225806452      -6.389803716577830E-004
   8.14662756598241      -6.238188367393648E-004
   8.16422287390029      -6.380650268612015E-004
   8.18181818181818      -6.210320161122218E-004
   8.19941348973607      -6.338000145382181E-004
   8.21700879765396      -6.153930276050074E-004
   8.23460410557185      -6.271811417216331E-004
   8.25219941348974      -6.076484038811099E-004
   8.26979472140763      -6.184254191240150E-004
   8.28739002932551      -5.976395544391734E-004
   8.30498533724340      -6.072615738653471E-004
   8.32258064516129      -5.850945616063057E-004
   8.34017595307918      -5.934562334181392E-004
   8.35777126099707      -5.698463300029061E-004
   8.37536656891496      -5.769350008871532E-004
   8.39296187683285      -5.519444924450184E-004
   8.41055718475073      -5.579235360334933E-004
   8.42815249266862      -5.317925652127086E-004
   8.44574780058651      -5.367712303991767E-004
   8.46334310850440      -5.093607391462729E-004
   8.48093841642229      -5.130459756000149E-004
   8.49853372434018      -4.840351764490199E-004
   8.51612903225807      -4.861068406894997E-004
   8.53372434017595      -4.552045055497147E-004
   8.55131964809384      -4.554093017139643E-004
   8.56891495601173      -4.224291600296372E-004
   8.58651026392962      -4.206658409534917E-004
   8.60410557184751      -3.856566842064582E-004
   8.62170087976540      -3.822330317023874E-004
   8.63929618768329      -3.457672961504398E-004
   8.65689149560117      -3.412094508722223E-004
   8.67448680351906      -3.035557605699905E-004
   8.69208211143695      -2.979356426247500E-004
   8.70967741935484      -2.590690425335523E-004
   8.72727272727273      -2.522901796087700E-004
   8.74486803519062      -2.120775683171226E-004
   8.76246334310851      -2.039791997354635E-004
   8.78005865102639      -1.622626940216672E-004
   8.79765395894428      -1.527057748822524E-004
   8.81524926686217      -1.094470063592988E-004
   8.83284457478006      -9.862537459891612E-005
   8.85043988269795      -5.423827923172478E-005
   8.86803519061584      -4.254930256749714E-005
   8.88563049853373       2.685693852057358E-006
   8.90322580645161       1.505687196597405E-005
   8.92082111436950       6.100947691366428E-005
   8.93841642228739       7.397853839394202E-005
   8.95601173020528       1.205850529172632E-004
   8.97360703812317       1.341012445174069E-004
   8.99120234604106       1.812924328988111E-004
   9.00879765395895       1.952230877018725E-004
   9.02639296187683       2.426152151878322E-004
   9.04398826979472       2.562137653054165E-004
   9.06158357771261       3.029038688569149E-004
   9.07917888563050       3.153917118597787E-004
   9.09677419354839       3.607476032357437E-004
   9.11436950146628       3.716038914865229E-004
   9.13196480938416       4.151858351881523E-004
   9.14956011730205       4.240464329841146E-004
   9.16715542521994       4.655427646114998E-004
   9.18475073313783       4.721434693898313E-004
   9.20234604105572       5.113021939038618E-004
   9.21994134897361       5.153105282531075E-004
   9.23753665689150       5.515196186200261E-004
   9.25513196480938       5.520877830781574E-004
   9.27272727272727       5.845289863142797E-004
   9.29032258064516       5.810060613418718E-004
   9.30791788856305       6.091649127078365E-004
   9.32551319648094       6.011696957526670E-004
   9.34310850439883       6.247819949745593E-004
   9.36070381231672       6.121773251399465E-004
   9.37829912023460       6.312270425088766E-004
   9.39589442815249       6.141394806102713E-004
   9.41348973607038       6.289197615148642E-004
   9.43108504398827       6.078375036253223E-004
   9.44868035190616       6.189133019929542E-004
   9.46627565982405       5.943658149174465E-004
   9.48387096774194       6.022335019482389E-004
   9.50146627565982       5.747514749177713E-004
   9.51906158357771       5.799920208604183E-004
   9.53665689149560       5.502333444244664E-004
   9.55425219941349       5.535856650978493E-004
   9.57184750733138       5.223990324621523E-004
   9.58944281524927       5.248349903328633E-004
   9.60703812316716       4.933811853385226E-004
   9.62463343108504       4.962481848625294E-004
   9.64222873900293       4.658125121695249E-004
   9.65982404692082       4.700161728630246E-004
   9.67741935483871       4.411983377825391E-004
   9.69501466275660       4.472283375224065E-004
   9.71260997067449       4.204976864121523E-004
   9.73020527859238       4.288218715908078E-004
   9.74780058651026       4.046805204281815E-004
   9.76539589442815       4.158463196858235E-004
   9.78299120234604       3.949264062512796E-004
   9.80058651026393       4.096850134075818E-004
   9.81818181818182       3.929201563001901E-004
   9.83577712609971       4.121700103882788E-004
   9.85337243401760       3.999877056277446E-004
   9.87096774193548       4.236204788822692E-004
   9.88856304985337       4.156679872475407E-004
   9.90615835777126       4.432189541769591E-004
   9.92375366568915       4.389711008123971E-004
   9.94134897360704       4.698691921465431E-004
   9.95894428152493       4.687376561723542E-004
   9.97653958944282       5.023841723144127E-004
   9.99413489736071       5.037893258832248E-004
   10.0117302052786       5.396412391194286E-004
   10.0293255131965       5.430177958655534E-004
   10.0469208211144       5.802612373855072E-004
   10.0645161290323       5.844891075160953E-004
   10.0821114369501       6.218371117147360E-004
   10.0997067448680       6.255861034189335E-004
   10.1173020527859       6.616839455630113E-004
   10.1348973607038       6.636027427756675E-004
   10.1524926686217       6.971076907197099E-004
   10.1700879765396       6.958914854520437E-004
   10.1876832844575       7.255500430351691E-004
   10.2052785923754       7.200601253591294E-004
   10.2228739002933       7.449879708182055E-004
   10.2404692082111       7.347139290108137E-004
   10.2580645161290       7.545434150251868E-004
   10.2756598240469       7.389836355717155E-004
   10.2932551319648       7.530480556275196E-004
   10.3108504398827       7.314491600896102E-004
   10.3284457478006       7.389282349769677E-004
   10.3460410557185       7.104389621847889E-004
   10.3636363636364       7.104601499606563E-004
   10.3812316715543       6.742242884992674E-004
   10.3988269794721       6.659749066760664E-004
   10.4164222873900       6.213671442623496E-004
   10.4340175953079       6.046862216889090E-004
   10.4516129032258       5.520110313505375E-004
   10.4692082111437       5.272278615744173E-004
   10.4868035190616       4.666182646160069E-004
   10.5043988269795       4.336956057912298E-004
   10.5219941348974       3.649965744538666E-004
   10.5395894428153       3.236743640925529E-004
   10.5571847507331       2.465483317608966E-004
   10.5747800586510       1.964167962449853E-004
   10.5923753665689       1.104096420984614E-004
   10.6099706744868       5.100847230197358E-005
   10.6275659824047      -4.403413193941114E-005
   10.6451612903226      -1.121822248726755E-004
   10.6627565982405      -2.152221033426637E-004
   10.6803519061584      -2.910484227853998E-004
   10.6979472140762      -4.011406576201013E-004
   10.7155425219941      -4.838122524135632E-004
   10.7331378299120      -6.002117549608241E-004
   10.7507331378299      -6.890711512938004E-004
   10.7683284457478      -8.111867218832185E-004
   10.7859237536657      -9.057064620519089E-004
   10.8035190615836      -1.033036876925798E-003
   10.8211143695015      -1.132469488898986E-003
   10.8387096774194      -1.263277870396965E-003
   10.8563049853372      -1.364706779204433E-003
   10.8739002932551      -1.495663005612335E-003
   10.8914956011730      -1.595900164237664E-003
   10.9090909090909      -1.723974795545713E-003
   10.9266862170088      -1.820147028198334E-003
   10.9442815249267      -1.942605487446818E-003
   10.9618768328446      -2.032125254081280E-003
   10.9794721407625      -2.146516081491555E-003
   10.9970674486804      -2.227081073555487E-003
   11.0146627565982      -2.331205018045595E-003
   11.0322580645161      -2.400413493257070E-003
   11.0498533724340      -2.491292495098029E-003
   11.0674486803519      -2.545795691119656E-003
   11.0850439882698      -2.620100288319576E-003
   11.1026392961877      -2.656727462552380E-003
   11.1202346041056      -2.711447308407742E-003
   11.1378299120235      -2.727372395205527E-003
   11.1554252199413      -2.759870946209906E-003
   11.1730205278592      -2.752680198100949E-003
   11.1906158357771      -2.760787404762334E-003
   11.2082111436950      -2.728643652542785E-003
   11.2258064516129      -2.711062557927442E-003
   11.2434017595308      -2.653334590741253E-003
   11.2609970674487      -2.609790829214395E-003
   11.2785923753666      -2.526259267860192E-003
   11.2961876832845      -2.456584434439192E-003
   11.3137829912023      -2.347234026878081E-003
   11.3313782991202      -2.251613230943756E-003
   11.3489736070381      -2.116902837429548E-003
   11.3665689149560      -1.996131443334864E-003
   11.3841642228739      -1.837314623479960E-003
   11.4017595307918      -1.693306095884012E-003
   11.4193548387097      -1.513645534990443E-003
   11.4369501466276      -1.351819085648343E-003
   11.4545454545455      -1.158047226244666E-003
   11.4721407624633      -9.846844906964180E-004
   11.4897360703812      -7.822716684898107E-004
   11.5073313782991      -6.023778800154257E-004
   11.5249266862170      -3.960577097664068E-004
   11.5425219941349      -2.142142366609983E-004
   11.5601173020528      -8.525322445924078E-006
   11.5777126099707       1.706599472604060E-004
   11.5953079178886       3.708765825993959E-004
   11.6129032258065       5.419491521274975E-004
   11.6304985337243       7.302475265447286E-004
   11.6480938416422       8.866302097113047E-004
   11.6656891495601       1.057636309100494E-003
   11.6832844574780       1.195292025457989E-003
   11.7008797653959       1.345808786031687E-003
   11.7184750733138       1.462147314973557E-003
   11.7360703812317       1.590072036069302E-003
   11.7536656891496       1.683411623356093E-003
   11.7712609970675       1.787410579493433E-003
   11.7888563049853       1.856712548798294E-003
   11.8064516129032       1.935920841352120E-003
   11.8240469208211       1.980293983029579E-003
   11.8416422287390       2.033808538987978E-003
   11.8592375366569       2.052825198290705E-003
   11.8768328445748       2.081006991761164E-003
   11.8944281524927       2.075734647683114E-003
   11.9120234604106       2.080242700776262E-003
   11.9296187683284       2.052917044938787E-003
   11.9472140762463       2.036553691876056E-003
   11.9648093841642       1.990574560986016E-003
   11.9824046920821       1.957379406030937E-003
   12.0000000000000       1.897544151229675E-003
   12.0175953079179       1.853175519048160E-003
   12.0351906158358       1.785246663869559E-003
   12.0527859237537       1.734088557887175E-003
   12.0703812316716       1.661025265494934E-003
   12.0879765395894       1.605614588677836E-003
   12.1055718475073       1.530032065280864E-003
   12.1231671554252       1.473197256612071E-003
   12.1407624633431       1.398256141483874E-003
   12.1583577712610       1.343580071781746E-003
   12.1759530791789       1.273431567937581E-003
   12.1935483870968       1.225809365353936E-003
   12.2111436950147       1.166533657289680E-003
   12.2287390029326       1.132915298502230E-003
   12.2463343108504       1.090019764965304E-003
   12.2639296187683       1.072822056558873E-003
   12.2815249266862       1.046657689305964E-003
   12.2991202346041       1.045437788345044E-003
   12.3167155425220       1.035185452258684E-003
   12.3343108504399       1.048920376452866E-003
   12.3519061583578       1.053509104299683E-003
   12.3695014662757       1.081210652819478E-003
   12.3870967741935       1.099913428836357E-003
   12.4046920821114       1.141433925450194E-003
   12.4222873900293       1.175088902140118E-003
   12.4398826979472       1.231436472694729E-003
   12.4574780058651       1.279291223095802E-003
   12.4750733137830       1.347483818534562E-003
   12.4926686217009       1.405274886191541E-003
   12.5102639296188       1.480290382794538E-003
   12.5278592375367       1.542425716683947E-003
   12.5454545454545       1.618222698528807E-003
   12.5630498533724       1.678310369914885E-003
   12.5806451612903       1.748236735834015E-003
   12.5982404692082       1.799492300211248E-003
   12.6158357771261       1.857229093957310E-003
   12.6334310850440       1.896130904547363E-003
   12.6510263929619       1.942417948316870E-003
   12.6686217008798       1.971687852132897E-003
   12.6862170087977       2.008827940178525E-003
   12.7038123167155       2.030012167088771E-003
   12.7214076246334       2.058891240167812E-003
   12.7390029325513       2.072263355355839E-003
   12.7565982404692       2.092543764364549E-003
   12.7741935483871       2.097143213670381E-003
   12.7917888563050       2.107181381027611E-003
   12.8093841642229       2.100532748183599E-003
   12.8269794721408       2.097353315000369E-003
   12.8445747800587       2.077448640681745E-003
   12.8621700879765       2.060865161574371E-003
   12.8797653958944       2.028534483813561E-003
   12.8973607038123       1.999530257481564E-003
   12.9149560117302       1.955706252916691E-003
   12.9325513196481       1.915079960862462E-003
   12.9501466275660       1.860378850487973E-003
   12.9677419354839       1.808511875076731E-003
   12.9853372434018       1.743041852678142E-003
   13.0029325513196       1.679699341740369E-003
   13.0205278592375       1.603241206798506E-003
   13.0381231671554       1.529769658669474E-003
   13.0557184750733       1.446283718978763E-003
   13.0733137829912       1.367978549872372E-003
   13.0909090909091       1.282715908813814E-003
   13.1085043988270       1.204484624663406E-003
   13.1260997067449       1.121931277744179E-003
   13.1436950146628       1.047726954713734E-003
   13.1612903225806       9.711892540303004E-004
   13.1788856304985       9.034594609399740E-004
   13.1964809384164       8.342123342313461E-004
   13.2140762463343       7.721200801820055E-004
   13.2316715542522       7.063234924210572E-004
   13.2492668621701       6.450856813784535E-004
   13.2668621700880       5.802301920635961E-004
   13.2844574780059       5.199128732059104E-004
   13.3020527859238       4.575952199466206E-004
   13.3196480938416       4.008096097223001E-004
   13.3372434017595       3.444307133354704E-004
   13.3548387096774       2.952117854629611E-004
   13.3724340175953       2.493339161508262E-004
   13.3900293255132       2.126675477667528E-004
   13.4076246334311       1.825212858814876E-004
   13.4252199413490       1.621898147932178E-004
   13.4428152492669       1.470973124385038E-004
   13.4604105571848       1.380958410278383E-004
   13.4780058651026       1.320124483465367E-004
   13.4956011730205       1.289322041380467E-004
   13.5131964809384       1.270954540047238E-004
   13.5307917888563       1.257968756481334E-004
   13.5483870967742       1.247114703776412E-004
   13.5659824046921       1.223818338005776E-004
   13.5835777126100       1.200242370183434E-004
   13.6011730205279       1.156439090337562E-004
   13.6187683284457       1.128387336208544E-004
   13.6363636363636       1.102934062972189E-004
   13.6539589442815       1.131223585252189E-004
   13.6715542521994       1.182868190355721E-004
   13.6891495601173       1.316921125917280E-004
   13.7067448680352       1.489389218257991E-004
   13.7243401759531       1.769232336389589E-004
   13.7419354838710       2.099821504738134E-004
   13.7595307917889       2.560603206536059E-004
   13.7771260997067       3.082501389284006E-004
   13.7947214076246       3.755464526995629E-004
   13.8123167155425       4.494521607796763E-004
   13.8299120234604       5.371532145426390E-004
   13.8475073313783       6.251262528621087E-004
   13.8651026392962       7.205444639260028E-004
   13.8826979472141       8.089395339355932E-004
   13.9002932551320       8.988501529395863E-004
   13.9178885630499       9.748386196316218E-004
   13.9354838709677       1.046845263743510E-003
   13.9530791788856       1.098523519411501E-003
   13.9706744868035       1.141344870123579E-003
   13.9882697947214       1.158254218176577E-003
   14.0058651026393       1.162847427093856E-003
   14.0234604105572       1.140352602756211E-003
   14.0410557184751       1.110721620406738E-003
   14.0586510263930       1.059491877021032E-003
   14.0762463343109       1.006597825675685E-003
   14.0938416422287       9.355426192503865E-004
   14.1114369501466       8.667452522997531E-004
   14.1290322580645       7.818755527323844E-004
   14.1466275659824       7.019258616596484E-004
   14.1642228739003       6.067024321671965E-004
   14.1818181818182       5.176393550011219E-004
   14.1994134897361       4.123384285800614E-004
   14.2170087976540       3.121030921571553E-004
   14.2346041055718       1.940573011019971E-004
   14.2521994134897       8.397764949079570E-005
   14.2697947214076      -4.031439267718812E-005
   14.2873900293255      -1.511537205792204E-004
   14.3049853372434      -2.715861797530628E-004
   14.3225806451613      -3.724905935042487E-004
   14.3401759530792      -4.780533605214543E-004
   14.3577712609971      -5.578881299718768E-004
   14.3753665689150      -6.375639000187438E-004
   14.3929618768328      -6.857128819262332E-004
   14.4105571847507      -7.303310074336194E-004
   14.4281524926686      -7.442689383320249E-004
   14.4457478005865      -7.632099013526561E-004
   14.4633431085044      -7.598509397988793E-004
   14.4809384164223      -7.697684706263840E-004
   14.4985337243402      -7.633676825992771E-004
   14.5161290322581      -7.765785657399838E-004
   14.5337243401760      -7.776214503376112E-004
   14.5513196480938      -8.027648575056169E-004
   14.5689149560117      -8.178705166123439E-004
   14.5865102639296      -8.591924163570650E-004
   14.6041055718475      -8.892486711150658E-004
   14.6217008797654      -9.406977026534409E-004
   14.6392961876833      -9.688645593300955E-004
   14.6568914956012      -1.007307318239908E-003
   14.6744868035191      -1.012434463811533E-003
   14.6920821114370      -1.020470915481753E-003
   14.7096774193548      -9.875621659525568E-004
   14.7272727272727      -9.520732213303086E-004
   14.7448680351906      -8.695936054093434E-004
   14.7624633431085      -7.805407877577527E-004
   14.7800586510264      -6.399819082108080E-004
   14.7976539589443      -4.906321765043328E-004
   14.8152492668622      -2.887235322379994E-004
   14.8328445747801      -8.541483026941643E-005
   14.8504398826979       1.588609985253011E-004
   14.8680351906158       3.915573148643406E-004
   14.8856304985337       6.545605930786307E-004
   14.9032258064516       8.946209398369479E-004
   14.9208211143695       1.155557911282942E-003
   14.9384164222874       1.383293785213094E-003
   14.9560117302053       1.623599137744809E-003
   14.9736070381232       1.821692821534752E-003
   14.9912023460411       2.025583327484708E-003
   15.0087976539589       2.180819876291477E-003
   15.0263929618768       2.342289828993657E-003
   15.0439882697947       2.460258496111494E-003
   15.0615835777126       2.591896096341884E-003
   15.0791788856305       2.684468417838349E-003
   15.0967741935484       2.795618637922786E-003
   15.1143695014663       2.870384393703052E-003
   15.1319648093842       2.967180500654113E-003
   15.1495601173021       3.028960052417242E-003
   15.1671554252199       3.114961752595868E-003
   15.1847507331378       3.165993786767024E-003
   15.2023460410557       3.241893457284570E-003
   15.2199413489736       3.280868187258206E-003
   15.2375366568915       3.344133858904973E-003
   15.2551319648094       3.369722022658355E-003
   15.2727272727273       3.421150950014269E-003
   15.2903225806452       3.435192874237375E-003
   15.3079178885631       3.476969401528374E-003
   15.3255131964809       3.481753968008217E-003
   15.3431085043988       3.516131018185469E-003
   15.3607038123167       3.513753201265182E-003
   15.3782991202346       3.542551257888567E-003
   15.3958944281525       3.534382302250928E-003
   15.4134897360704       3.558186362075697E-003
   15.4310850439883       3.544174102245276E-003
   15.4486803519062       3.563859197185895E-003
   15.4662756598240       3.546859679471365E-003
   15.4838709677419       3.566674705437511E-003
   15.5014662756598       3.551595567373630E-003
   15.5190615835777       3.576888820773469E-003
   15.5366568914956       3.569400895716632E-003
   15.5542521994135       3.606118222028327E-003
   15.5718475073314       3.612382167550208E-003
   15.5894428152493       3.666886652267526E-003
   15.6070381231672       3.693374505255694E-003
   15.6246334310850       3.769929195513610E-003
   15.6422287390029       3.813485016732275E-003
   15.6598240469208       3.900660457413221E-003
   15.6774193548387       3.946558602465761E-003
   15.6950146627566       4.029507112781478E-003
   15.7126099706745       4.062961184429234E-003
   15.7302052785924       4.126981316455399E-003
   15.7478005865103       4.133362455307616E-003
   15.7653958944282       4.163935300853421E-003
   15.7829912023460       4.128850501559642E-003
   15.8005865102639       4.111821601789230E-003
   15.8181818181818       4.023728413261234E-003
   15.8357771260997       3.960101117774898E-003
   15.8533724340176       3.839020289199851E-003
   15.8709677419355       3.758939693636925E-003
   15.8885630498534       3.635711560877394E-003
   15.9061583577713       3.569188380552733E-003
   15.9237536656892       3.472963016100694E-003
   15.9413489736070       3.448207150563397E-003
   15.9589442815249       3.406038614025235E-003
   15.9765395894428       3.448601706268231E-003
   15.9941348973607       3.483892767500876E-003
   16.0117302052786       3.612148121387291E-003
   16.0293255131965       3.723675289491632E-003
   16.0469208211144       3.903577775171239E-003
   16.0645161290323       4.037472848026474E-003
   16.0821114369501       4.215521266185319E-003
   16.0997067448680       4.323531400386106E-003
   16.1173020527859       4.455672248863037E-003
   16.1348973607038       4.497643183690979E-003
   16.1524926686217       4.547730754618063E-003
   16.1700879765396       4.491908843022878E-003
   16.1876832844575       4.433507773941875E-003
   16.2052785923754       4.261314548500462E-003
   16.2228739002933       4.094672519093601E-003
   16.2404692082111       3.838212857861907E-003
   16.2580645161290       3.616748383418625E-003
   16.2756598240469       3.327058956777585E-003
   16.2932551319648       3.092855249731561E-003
   16.3108504398827       2.805888139254590E-003
   16.3284457478006       2.589992533100214E-003
   16.3460410557185       2.332458267059486E-003
   16.3636363636364       2.157488315016617E-003
   16.3812316715543       1.947709742048180E-003
   16.3988269794721       1.827115966143360E-003
   16.4164222873900       1.671192977903625E-003
   16.4340175953079       1.601360947856805E-003
   16.4516129032258       1.491104848919095E-003
   16.4692082111437       1.467368164062887E-003
   16.4868035190616       1.402428920784525E-003
   16.5043988269795       1.426629146944483E-003
   16.5219941348974       1.409927215986819E-003
   16.5395894428153       1.485579542791729E-003
   16.5571847507331       1.520748576176312E-003
   16.5747800586510       1.651283922891039E-003
   16.5923753665689       1.740994379256671E-003
   16.6099706744868       1.927026655067535E-003
   16.6275659824047       2.063405012350886E-003
   16.6451612903226       2.282464547495919E-003
   16.6627565982405       2.433895630110801E-003
   16.6803519061584       2.655014111422478E-003
   16.6979472140762       2.793555419972175E-003
   16.7155425219941       2.991203741679054E-003
   16.7331378299120       3.093369639704748E-003
   16.7507331378299       3.246170375568632E-003
   16.7683284457478       3.292647910329418E-003
   16.7859237536657       3.383795689161131E-003
   16.8035190615836       3.361005998956044E-003
   16.8211143695015       3.385159541611628E-003
   16.8387096774194       3.304583970502247E-003
   16.8563049853372       3.288461780245538E-003
   16.8739002932551       3.179263374687356E-003
   16.8914956011730       3.148888740493135E-003
   16.9090909090909       3.034548032989900E-003
   16.9266862170088       3.011568808918395E-003
   16.9442815249267       2.911915802284538E-003
   16.9618768328446       2.914615466044311E-003
   16.9794721407625       2.846018740329611E-003
   16.9970674486804       2.888752501436273E-003
   17.0146627565982       2.861619480748053E-003
   17.0322580645161       2.946751573273414E-003
   17.0498533724340       2.954624504681744E-003
   17.0674486803519       3.073745027628329E-003
   17.0850439882698       3.110239312878518E-003
   17.1026392961877       3.259070863187553E-003
   17.1202346041056       3.320993200083802E-003
   17.1378299120235       3.497519573333788E-003
   17.1554252199413       3.583424649941411E-003
   17.1730205278592       3.787058708583750E-003
   17.1906158357771       3.896600650094408E-003
   17.2082111436950       4.127347213716995E-003
   17.2258064516129       4.257094266712556E-003
   17.2434017595308       4.503463605527942E-003
   17.2609970674487       4.634282490116159E-003
   17.2785923753666       4.876264590413943E-003
   17.2961876832845       4.989374834535131E-003
   17.3137829912023       5.210141316757688E-003
   17.3313782991202       5.289909192373846E-003
   17.3489736070381       5.476036724306396E-003
   17.3665689149560       5.510593782199875E-003
   17.3841642228739       5.653287186272755E-003
   17.4017595307918       5.636944819602126E-003
   17.4193548387097       5.739078918320482E-003
   17.4369501466276       5.688339350306630E-003
   17.4545454545455       5.777363348440437E-003
   17.4721407624633       5.717219344076591E-003
   17.4897360703812       5.813494948429645E-003
   17.5073313782991       5.759480208503522E-003
   17.5249266862170       5.876528802509103E-003
   17.5425219941349       5.838304732731650E-003
   17.5601173020528       5.984477715256936E-003
   17.5777126099707       5.966211116392912E-003
   17.5953079178886       6.144112680016290E-003
   17.6129032258065       6.141608654160234E-003
   17.6304985337243       6.340300814267316E-003
   17.6480938416422       6.332818971955790E-003
   17.6656891495601       6.534366699850129E-003
   17.6832844574780       6.504931361820628E-003
   17.7008797653959       6.698771862065701E-003
   17.7184750733138       6.634646496797503E-003
   17.7360703812317       6.814342898153700E-003
   17.7536656891496       6.704761889350540E-003
   17.7712609970675       6.867581113584112E-003
   17.7888563049853       6.702973521724945E-003
   17.8064516129032       6.851275444086852E-003
   17.8240469208211       6.626452691567346E-003
   17.8416422287390       6.778887757123133E-003
   17.8592375366569       6.496291639985882E-003
   17.8768328445748       6.679112857374350E-003
   17.8944281524927       6.321762611714671E-003
   17.9120234604106       6.561879019538736E-003
   17.9296187683284       6.065392769293376E-003
   17.9472140762463       6.397287471528436E-003
   17.9648093841642       5.524989475844308E-003
   17.9824046920821       6.010812521657155E-003
   18.0000000000000       2.933000703928042E-003
