  0.000000000000000E+000  5.771161731367398E-003
  1.759530791788856E-002  3.095911774659417E-003
  3.519061583577713E-002  3.262819140502711E-003
  5.278592375366570E-002  2.426756084186763E-003
  7.038123167155426E-002  2.544213168741313E-003
  8.797653958944282E-002  2.060868138596635E-003
  0.105571847507331       2.152699654236681E-003
  0.123167155425220       1.815865170572186E-003
  0.140762463343109       1.891704734280106E-003
  0.158357771260997       1.634379142158137E-003
  0.175953079178886       1.699203865833951E-003
  0.193548387096774       1.491540318336673E-003
  0.211143695014663       1.548210587800852E-003
  0.228739002932551       1.374281301834158E-003
  0.246334310850440       1.424493212132832E-003
  0.263929618768328       1.274825125959632E-003
  0.281524926686217       1.319774474832409E-003
  0.299120234604106       1.188350803153745E-003
  0.316715542521994       1.228912206377584E-003
  0.334310850439883       1.111668770644345E-003
  0.351906158357771       1.148494540109527E-003
  0.369501466275660       1.042555938142494E-003
  0.387096774193548       1.076137857342907E-003
  0.404692082111437       9.793792719871911E-004
  0.422287390029326       1.010047797708468E-003
  0.439882697947214       9.207639677787980E-004
  0.457478005865103       9.486972537444242E-004
  0.475073313782991       8.655754929245324E-004
  0.492668621700880       8.909910973412513E-004
  0.510263929618768       8.130754726123713E-004
  0.527859237536657       8.362329727785385E-004
  0.545454545454546       7.628478733970029E-004
  0.563049853372434       7.840697903422474E-004
  0.580645161290323       7.148002223208753E-004
  0.598240469208211       7.345343714759714E-004
  0.615835777126100       6.693245500303091E-004
  0.633431085043988       6.883860485463123E-004
  0.651026392961877       6.275661408715630E-004
  0.668621700879765       6.466591748429631E-004
  0.686217008797654       5.902764934598519E-004
  0.703812316715543       6.097841653893043E-004
  0.721407624633431       5.577288335185892E-004
  0.739002932551320       5.778495394423532E-004
  0.756598240469208       5.298964106115109E-004
  0.774193548387097       5.506573990319305E-004
  0.791788856304985       5.064398209409057E-004
  0.809384164222874       5.276254721021207E-004
  0.826979472140763       4.864574295329351E-004
  0.844574780058651       5.075079753560650E-004
  0.862170087976540       4.686986473307206E-004
  0.879765395894428       4.893236948178560E-004
  0.897360703812317       4.524930543649759E-004
  0.914956011730205       4.725783814730648E-004
  0.932551319648094       4.374887775501270E-004
  0.950146627565982       4.570188489320039E-004
  0.967741935483871       4.235405645490509E-004
  0.985337243401760       4.425872964499190E-004
   1.00293255131965       4.107047582225077E-004
   1.02052785923754       4.294513432207563E-004
   1.03812316715543       3.992082919326984E-004
   1.05571847507331       4.176987631904622E-004
   1.07331378299120       3.889018516757019E-004
   1.09090909090909       4.070060975950497E-004
   1.10850439882698       3.794008502549362E-004
   1.12609970674487       3.969540050153188E-004
   1.14369501466276       3.702728852910110E-004
   1.16129032258065       3.870947257647298E-004
   1.17888563049853       3.610679475122904E-004
   1.19648093841642       3.769713768351224E-004
   1.21407624633431       3.513478878700665E-004
   1.23167155425220       3.662995540170646E-004
   1.24926686217009       3.412580075959395E-004
   1.26686217008798       3.557157158067619E-004
   1.28445747800587       3.316990529547944E-004
   1.30205278592375       3.461747280165249E-004
   1.31964809384164       3.236398824578379E-004
   1.33724340175953       3.386586837424161E-004
   1.35483870967742       3.180864898331767E-004
   1.37243401759531       3.342017290252927E-004
   1.39002932551320       3.161194095758321E-004
   1.40762463343109       3.339557853297078E-004
   1.42521994134897       3.189152886517899E-004
   1.44281524926686       3.387778584702572E-004
   1.46041055718475       3.265936830211032E-004
   1.47800586510264       3.480680088794348E-004
   1.49560117302053       3.381833193547997E-004
   1.51319648093842       3.606852716821762E-004
   1.53079178885631       3.524151331216707E-004
   1.54838709677419       3.752365616268304E-004
   1.56598240469208       3.677716087181863E-004
   1.58357771260997       3.900633227336417E-004
   1.60117302052786       3.824213395195365E-004
   1.61876832844575       4.031418947748125E-004
   1.63636363636364       3.944420772840427E-004
   1.65395894428153       4.133177389664185E-004
   1.67155425219941       4.037414609760847E-004
   1.68914956011730       4.211608534698004E-004
   1.70674486803519       4.111402295283410E-004
   1.72434017595308       4.276122137540497E-004
   1.74193548387097       4.176663618618812E-004
   1.75953079178886       4.337645585691600E-004
   1.77712609970675       4.244639711069241E-004
   1.79472140762463       4.407979536723163E-004
   1.81231671554252       4.327073461093505E-004
   1.82991202346041       4.495778698941340E-004
   1.84750733137830       4.423745254364954E-004
   1.86510263929619       4.590416354662155E-004
   1.88269794721408       4.518966097213170E-004
   1.90029325513196       4.676062590884530E-004
   1.91788856304985       4.597966600860399E-004
   1.93548387096774       4.738972773209710E-004
   1.95307917888563       4.648093166973738E-004
   1.97067448680352       4.767713776368379E-004
   1.98826979472141       4.659403144298372E-004
   2.00586510263930       4.754474254168768E-004
   2.02346041055718       4.629167591941193E-004
   2.04105571847507       4.707478429632513E-004
   2.05865102639296       4.578321043084334E-004
   2.07624633431085       4.653460885202922E-004
   2.09384164222874       4.532293538682425E-004
   2.11143695014663       4.615076893892411E-004
   2.12903225806452       4.511567406515469E-004
   2.14662756598241       4.610874367887346E-004
   2.16422287390029       4.532816705681297E-004
   2.18181818181818       4.655517079101483E-004
   2.19941348973607       4.608309742988537E-004
   2.21700879765396       4.757070734500403E-004
   2.23460410557185       4.736273035214317E-004
   2.25219941348974       4.898943102897722E-004
   2.26979472140762       4.889837566863108E-004
   2.28739002932551       5.053030205308762E-004
   2.30498533724340       5.043296973409355E-004
   2.32258064516129       5.195663607599076E-004
   2.34017595307918       5.174548737066857E-004
   2.35777126099707       5.306083678086455E-004
   2.37536656891496       5.264095330989618E-004
   2.39296187683284       5.366066911279707E-004
   2.41055718475073       5.295368417874810E-004
   2.42815249266862       5.363591235963726E-004
   2.44574780058651       5.266588016708866E-004
   2.46334310850440       5.308631440475620E-004
   2.48093841642229       5.193868674116256E-004
   2.49853372434018       5.218084422901023E-004
   2.51612903225806       5.093681749922206E-004
   2.53372434017595       5.108208471530496E-004
   2.55131964809384       4.982193769077867E-004
   2.56891495601173       4.995157877584551E-004
   2.58651026392962       4.875618915474946E-004
   2.60410557184751       4.895281770528699E-004
   2.62170087976540       4.789636180491456E-004
   2.63929618768328       4.819893863536241E-004
   2.65689149560117       4.726944596814921E-004
   2.67448680351906       4.764123771330910E-004
   2.69208211143695       4.679763889373960E-004
   2.70967741935484       4.719776378022420E-004
   2.72727272727273       4.639815837181787E-004
   2.74486803519062       4.678537540353090E-004
   2.76246334310850       4.598790650857800E-004
   2.78005865102639       4.632134789716112E-004
   2.79765395894428       4.548497230176513E-004
   2.81524926686217       4.572697385832882E-004
   2.83284457478006       4.482820744980882E-004
   2.85043988269795       4.498197879045729E-004
   2.86803519061584       4.404014311055816E-004
   2.88563049853372       4.412869301965842E-004
   2.90322580645161       4.316606274579649E-004
   2.92082111436950       4.321253933214797E-004
   2.93841642228739       4.225222107148384E-004
   2.95601173020528       4.228126127326562E-004
   2.97360703812317       4.134877106125133E-004
   2.99120234604106       4.138876262363104E-004
   3.00879765395894       4.051638059076498E-004
   3.02639296187683       4.060476780966084E-004
   3.04398826979472       3.982349926634845E-004
   3.06158357771261       3.997448584059963E-004
   3.07917888563050       3.928276763484241E-004
   3.09677419354839       3.948684021044693E-004
   3.11436950146628       3.886831396117859E-004
   3.13196480938416       3.910372670410914E-004
   3.14956011730205       3.853008551596380E-004
   3.16715542521994       3.876235699847727E-004
   3.18475073313783       3.819046362094214E-004
   3.20234604105572       3.836525732595747E-004
   3.21994134897361       3.772150264930208E-004
   3.23753665689150       3.775308796076312E-004
   3.25513196480938       3.696817830353334E-004
   3.27272727272727       3.681999524593731E-004
   3.29032258064516       3.587876354326228E-004
   3.30791788856305       3.554980709047992E-004
   3.32551319648094       3.446235976748290E-004
   3.34310850439883       3.397412422814706E-004
   3.36070381231672       3.277282888704655E-004
   3.37829912023460       3.217112116927606E-004
   3.39589442815249       3.091768355308797E-004
   3.41348973607038       3.029158633457318E-004
   3.43108504398827       2.910826326332754E-004
   3.44868035190616       2.858208945828133E-004
   3.46627565982405       2.755467387703276E-004
   3.48387096774194       2.717723480862524E-004
   3.50146627565982       2.633195433170535E-004
   3.51906158357771       2.611384841875976E-004
   3.53665689149560       2.544693568979358E-004
   3.55425219941349       2.537154556274683E-004
   3.57184750733138       2.485226619441150E-004
   3.58944281524927       2.487382288122585E-004
   3.60703812316716       2.443453875058232E-004
   3.62463343108504       2.445726352188252E-004
   3.64222873900293       2.399197505179861E-004
   3.65982404692082       2.393804700907255E-004
   3.67741935483871       2.340421792907386E-004
   3.69501466275660       2.325107749339097E-004
   3.71260997067449       2.263704431233231E-004
   3.73020527859238       2.238218416221691E-004
   3.74780058651026       2.169245958256346E-004
   3.76539589442815       2.134762633674024E-004
   3.78299120234604       2.060056808728348E-004
   3.80058651026393       2.019257938036169E-004
   3.81818181818182       1.942539951175359E-004
   3.83577712609971       1.899813304431597E-004
   3.85337243401760       1.824481830235771E-004
   3.87096774193548       1.781631551320188E-004
   3.88856304985337       1.708515131723236E-004
   3.90615835777126       1.665951048044697E-004
   3.92375366568915       1.595111164293589E-004
   3.94134897360704       1.552683910912471E-004
   3.95894428152493       1.483727771628702E-004
   3.97653958944282       1.440887915108256E-004
   3.99413489736070       1.373049827215652E-004
   4.01173020527859       1.328915217981972E-004
   4.02932551319648       1.261730647480855E-004
   4.04692082111437       1.217267992581396E-004
   4.06451612903226       1.152922542420018E-004
   4.08211143695015       1.110676980569645E-004
   4.09970674486804       1.051595457972069E-004
   4.11730205278592       1.013898737356739E-004
   4.13489736070381       9.622341234773868E-005
   4.15249266862170       9.310936919445630E-005
   4.17008797653959       8.886061460895515E-005
   4.18768328445748       8.655341246321153E-005
   4.20527859237537       8.332733678264834E-005
   4.22287390029326       8.182464810650147E-005
   4.24046920821114       7.941657756786833E-005
   4.25806451612903       7.836927446948172E-005
   4.27565982404692       7.642370278203584E-005
   4.29325513196481       7.552224862134980E-005
   4.31085043988270       7.375350791748839E-005
   4.32844574780059       7.273376704250804E-005
   4.34604105571848       7.088759187451616E-005
   4.36363636363636       6.950675346486143E-005
   4.38123167155425       6.734143156437867E-005
   4.39882697947214       6.535868264501516E-005
   4.41642228739003       6.262738270902220E-005
   4.43401759530792       5.985925977200114E-005
   4.45161290322581       5.653287961650467E-005
   4.46920821114370       5.309258855423813E-005
   4.48680351906158       4.934082124035673E-005
   4.50439882697947       4.542877740132202E-005
   4.52199413489736       4.147193712864221E-005
   4.53958944281525       3.733121454305486E-005
   4.55718475073314       3.342840254797963E-005
   4.57478005865103       2.933898008001916E-005
   4.59237536656892       2.578595811339454E-005
   4.60997067448680       2.206379797112312E-005
   4.62756598240469       1.913049025191864E-005
   4.64516129032258       1.588853007533306E-005
   4.66275659824047       1.352215971780209E-005
   4.68035190615836       1.065413752298772E-005
   4.69794721407625       8.747769390510644E-006
   4.71554252199414       6.155851089638710E-006
   4.73313782991202       4.616829646862338E-006
   4.75073313782991       2.219703011575039E-006
   4.76832844574780       9.739437708641274E-007
   4.78592375366569      -1.288842675086815E-006
   4.80351906158358      -2.290645496395141E-006
   4.82111436950147      -4.444734248994499E-006
   4.83870967741935      -5.203246922822473E-006
   4.85630498533724      -7.230621083869317E-006
   4.87390029325513      -7.730598274221229E-006
   4.89149560117302      -9.615437201669821E-006
   4.90909090909091      -9.841577987587187E-006
   4.92668621700880      -1.156247465204911E-005
   4.94428152492669      -1.149097584060768E-005
   4.96187683284458      -1.301603307193347E-005
   4.97947214076246      -1.261098729934704E-005
   4.99706744868035      -1.389472970488599E-005
   5.01466275659824      -1.310896103027671E-005
   5.03225806451613      -1.412725557267887E-005
   5.04985337243402      -1.299775733692363E-005
   5.06744868035191      -1.382463539620809E-005
   5.08504398826980      -1.242921476044270E-005
   5.10263929618768      -1.312935956096521E-005
   5.12023460410557      -1.152287648082579E-005
   5.13782991202346      -1.213497835266568E-005
   5.15542521994135      -1.034254242525059E-005
   5.17302052785924      -1.087030866838462E-005
   5.19061583577713      -8.874231271954719E-006
   5.20821114369502      -9.262344780340219E-006
   5.22580645161290      -6.970228051553604E-006
   5.24340175953079      -7.131794528236485E-006
   5.26099706744868      -4.525138131166941E-006
   5.27859237536657      -4.497886068258699E-006
   5.29618768328446      -1.639972402676089E-006
   5.31378299120235      -1.493792568536458E-006
   5.33137829912024       1.540136778419335E-006
   5.34897360703812       1.733953433753609E-006
   5.36656891495601       4.876417446886839E-006
   5.38416422287390       5.064169830236737E-006
   5.40175953079179       8.280061937111966E-006
   5.41935483870968       8.477050342543282E-006
   5.43695014662757       1.185941255471862E-005
   5.45454545454546       1.220620501392889E-005
   5.47214076246334       1.587025336316086E-005
   5.48973607038123       1.644779758504605E-005
   5.50733137829912       2.045054518610709E-005
   5.52492668621701       2.130375578624372E-005
   5.54252199413490       2.567903545335312E-005
   5.56011730205279       2.683902516344370E-005
   5.57771260997067       3.161585519229408E-005
   5.59530791788856       3.311985915967132E-005
   5.61290322580645       3.835359437058249E-005
   5.63049853372434       4.028474374312074E-005
   5.64809384164223       4.603885503450790E-005
   5.66568914956012       4.839886690228975E-005
   5.68328445747801       5.461666771494562E-005
   5.70087976539589       5.731751527297949E-005
   5.71847507331378       6.388493791290159E-005
   5.73607038123167       6.679502353453401E-005
   5.75366568914956       7.356198913784995E-005
   5.77126099706745       7.651961870071603E-005
   5.78885630498534       8.331162795295299E-005
   5.80645161290323       8.613964853588664E-005
   5.82404692082111       9.281335533083482E-005
   5.84164222873900       9.547549224133639E-005
   5.85923753665689       1.020883806596560E-004
   5.87683284457478       1.046556653946298E-004
   5.89442815249267       1.112481294568755E-004
   5.91202346041056       1.137365207419310E-004
   5.92961876832845       1.202974253455083E-004
   5.94721407624634       1.226727154191659E-004
   5.96480938416422       1.291397677710334E-004
   5.98240469208211       1.313126851570042E-004
   6.00000000000000       1.375595501399672E-004
   6.01759530791789       1.393589621419298E-004
   6.03519061583578       1.451873930594741E-004
   6.05278592375367       1.464626419302635E-004
   6.07038123167156       1.517918806233203E-004
   6.08797653958944       1.525016971310151E-004
   6.10557184750733       1.573032883989195E-004
   6.12316715542522       1.574296365718162E-004
   6.14076246334311       1.616893169849763E-004
   6.15835777126100       1.612244579284235E-004
   6.17595307917889       1.649375592865750E-004
   6.19354838709677       1.638855704068866E-004
   6.21114369501466       1.670717422524511E-004
   6.22873900293255       1.655132707257811E-004
   6.24633431085044       1.683364167496790E-004
   6.26392961876833       1.664710017373932E-004
   6.28152492668622       1.691038965125337E-004
   6.29912023460411       1.670723437348323E-004
   6.31671554252199       1.696254821956619E-004
   6.33431085043988       1.675124880480400E-004
   6.35190615835777       1.700403567685496E-004
   6.36950146627566       1.678713163129119E-004
   6.38709677419355       1.703618499943685E-004
   6.40469208211144       1.680787562001645E-004
   6.42228739002933       1.704123845700442E-004
   6.43988269794721       1.678826202251754E-004
   6.45747800586510       1.699963939597255E-004
   6.47507331378299       1.672408842636138E-004
   6.49266862170088       1.691894807771464E-004
   6.51026392961877       1.662771594974589E-004
   6.52785923753666       1.681326783218685E-004
   6.54545454545455       1.651367698516776E-004
   6.56304985337243       1.669661047941485E-004
   6.58064516129032       1.639462807795219E-004
   6.59824046920821       1.657932890169893E-004
   6.61583577712610       1.627722594674320E-004
   6.63343108504399       1.646404155330105E-004
   6.65102639296188       1.616391204640678E-004
   6.66862170087977       1.635797372522210E-004
   6.68621700879765       1.606657684069846E-004
   6.70381231671554       1.627436449223321E-004
   6.72140762463343       1.599754375516913E-004
   6.73900293255132       1.622335418685380E-004
   6.75659824046921       1.596359042640342E-004
   6.77419354838710       1.620689891105917E-004
   6.79178885630499       1.595978430350528E-004
   6.80938416422287       1.620870892791615E-004
   6.82697947214076       1.595034132384494E-004
   6.84457478005865       1.617374351388571E-004
   6.86217008797654       1.588056543223634E-004
   6.87976539589443       1.606720292898235E-004
   6.89736070381232       1.573612928741379E-004
   6.91495601173021       1.588774818084361E-004
   6.93255131964809       1.552454713690250E-004
   6.95014662756598       1.564985987417438E-004
   6.96774193548387       1.526600552747496E-004
   6.98533724340176       1.537854369121039E-004
   7.00293255131965       1.498961284085654E-004
   7.02052785923754       1.510548855942793E-004
   7.03812316715543       1.472511764219412E-004
   7.05571847507331       1.485348332734920E-004
   7.07331378299120       1.448930814553562E-004
   7.09090909090909       1.463827936030701E-004
   7.10850439882698       1.429925768836904E-004
   7.12609970674487       1.447807382106043E-004
   7.14369501466276       1.417368722783199E-004
   7.16129032258065       1.439137472031249E-004
   7.17888563049853       1.412982413762351E-004
   7.19648093841642       1.439243110240528E-004
   7.21407624633431       1.417422319322722E-004
   7.23167155425220       1.446761779380991E-004
   7.24926686217009       1.426395853503956E-004
   7.26686217008798       1.455818183512979E-004
   7.28445747800587       1.434679169088158E-004
   7.30205278592375       1.462598604880493E-004
   7.31964809384164       1.439611984877360E-004
   7.33724340175953       1.465365844566669E-004
   7.35483870967742       1.440264560481713E-004
   7.37243401759531       1.463922371314779E-004
   7.39002932551320       1.437116344245483E-004
   7.40762463343109       1.459361626172148E-004
   7.42521994134897       1.431425051859973E-004
   7.44281524926686       1.451925248426529E-004
   7.46041055718475       1.421640639638611E-004
   7.47800586510264       1.439077134642332E-004
   7.49560117302053       1.405491894759514E-004
   7.51319648093842       1.419267713406844E-004
   7.53079178885631       1.382172645999076E-004
   7.54838709677419       1.392454956019331E-004
   7.56598240469208       1.352443256362990E-004
   7.58357771260997       1.360267442749133E-004
   7.60117302052786       1.318924371634500E-004
   7.61876832844575       1.326383955932186E-004
   7.63636363636364       1.285469111608755E-004
   7.65395894428153       1.292812370037339E-004
   7.67155425219941       1.251400564558644E-004
   7.68914956011730       1.257464661364572E-004
   7.70674486803519       1.214525191652021E-004
   7.72434017595308       1.218478812323068E-004
   7.74193548387097       1.173477636530483E-004
   7.75953079178886       1.175126922076628E-004
   7.77712609970675       1.128326133449522E-004
   7.79472140762463       1.128490002073354E-004
   7.81231671554252       1.081565937646199E-004
   7.82991202346041       1.082538814925140E-004
   7.84750733137830       1.036997053181459E-004
   7.86510263929619       1.038568366810759E-004
   7.88269794721408       9.931653924734362E-005
   7.90029325513197       9.937723680436572E-005
   7.91788856304985       9.468925540299574E-005
   7.93548387096774       9.449710837204135E-005
   7.95307917888563       8.952330451907507E-005
   7.97067448680352       8.896796058073163E-005
   7.98826979472141       8.364269715505997E-005
   8.00586510263930       8.273249634549290E-005
   8.02346041055718       7.719783405169139E-005
   8.04105571847507       7.618534373269220E-005
   8.05865102639296       7.065303485897004E-005
   8.07624633431085       6.962057427547806E-005
   8.09384164222874       6.409028942105090E-005
   8.11143695014663       6.299561796721131E-005
   8.12903225806452       5.740269785561877E-005
   8.14662756598241       5.617104571325747E-005
   8.16422287390029       5.044459944428685E-005
   8.18181818181818       4.902237791626117E-005
   8.19941348973607       4.315060347515625E-005
   8.21700879765396       4.162487218684819E-005
   8.23460410557185       3.585138901566517E-005
   8.25219941348974       3.451468880340314E-005
   8.26979472140763       2.902092251614546E-005
   8.28739002932551       2.792915474830003E-005
   8.30498533724340       2.269544460263156E-005
   8.32258064516129       2.177526113860706E-005
   8.34017595307918       1.669129076189714E-005
   8.35777126099707       1.580502077120358E-005
   8.37536656891496       1.072047229997962E-005
   8.39296187683285       9.718796920703887E-006
   8.41055718475073       4.529415523091801E-006
   8.42815249266862       3.476438885283699E-006
   8.44574780058651      -1.525009579066192E-006
   8.46334310850440      -2.276533017067091E-006
   8.48093841642229      -6.840203517881523E-006
   8.49853372434018      -7.153516301094359E-006
   8.51612903225807      -1.122667737982514E-005
   8.53372434017595      -1.112362300753991E-005
   8.55131964809384      -1.479395387458914E-005
   8.56891495601173      -1.442521653907511E-005
   8.58651026392962      -1.790189396700644E-005
   8.60410557184751      -1.753475055112495E-005
   8.62170087976540      -2.109018554420610E-005
   8.63929618768329      -2.084781750237763E-005
   8.65689149560117      -2.438452370887128E-005
   8.67448680351906      -2.408931563012179E-005
   8.69208211143695      -2.746584341333494E-005
   8.70967741935484      -2.702845533751392E-005
   8.72727272727273      -3.020778979025571E-005
   8.74486803519062      -2.964713142741748E-005
   8.76246334310851      -3.270568211105000E-005
   8.78005865102639      -3.216193771228284E-005
   8.79765395894428      -3.531048353674467E-005
   8.81524926686217      -3.506946321440086E-005
   8.83284457478006      -3.855370159539012E-005
   8.85043988269795      -3.863739640405475E-005
   8.86803519061584      -4.227845900120257E-005
   8.88563049853373      -4.246365057561658E-005
   8.90322580645161      -4.606043421682178E-005
   8.92082111436950      -4.618299758585273E-005
   8.93841642228739      -4.961690237081358E-005
   8.95601173020528      -4.961402042478718E-005
   8.97360703812317      -5.288894982588613E-005
   8.99120234604106      -5.284833593132324E-005
   9.00879765395895      -5.617261568353042E-005
   9.02639296187683      -5.642353064392881E-005
   9.04398826979472      -6.007346108840635E-005
   9.06158357771261      -6.066393929826196E-005
   9.07917888563050      -6.451058539958713E-005
   9.09677419354839      -6.525591192622725E-005
   9.11436950146628      -6.910269192133433E-005
   9.13196480938416      -6.981419069122230E-005
   9.14956011730205      -7.349583657186644E-005
   9.16715542521994      -7.404795124565088E-005
   9.18475073313783      -7.749790431642512E-005
   9.20234604105572      -7.791914629776226E-005
   9.21994134897361      -8.132780594348291E-005
   9.23753665689150      -8.194754629237727E-005
   9.25513196480938      -8.556633964371913E-005
   9.27272727272727      -8.642822050682007E-005
   9.29032258064516      -9.016610830279519E-005
   9.30791788856305      -9.111666761270588E-005
   9.32551319648094      -9.478452221375548E-005
   9.34310850439883      -9.561955036924107E-005
   9.36070381231672      -9.901292325733486E-005
   9.37829912023460      -9.954687460648612E-005
   9.39589442815249      -1.025216085211532E-004
   9.41348973607038      -1.027109646846973E-004
   9.43108504398827      -1.054014385732187E-004
   9.44868035190616      -1.054761054501992E-004
   9.46627565982405      -1.080153106319075E-004
   9.48387096774194      -1.079656397942847E-004
   9.50146627565982      -1.102562973920432E-004
   9.51906158357771      -1.099327470864307E-004
   9.53665689149560      -1.117917980663763E-004
   9.55425219941349      -1.109939809910671E-004
   9.57184750733138      -1.122201755640181E-004
   9.58944281524927      -1.107666613140669E-004
   9.60703812316716      -1.112434132880842E-004
   9.62463343108504      -1.092027323886382E-004
   9.64222873900293      -1.092424760963657E-004
   9.65982404692082      -1.069857696462730E-004
   9.67741935483871      -1.068230822912365E-004
   9.69501466275660      -1.044494048582675E-004
   9.71260997067449      -1.040964450488228E-004
   9.73020527859238      -1.015530946834813E-004
   9.74780058651026      -1.009104882488397E-004
   9.76539589442815      -9.806746907780147E-005
   9.78299120234604      -9.699542206873961E-005
   9.80058651026393      -9.373668480222615E-005
   9.81818181818182      -9.225919012585859E-005
   9.83577712609971      -8.894709319905442E-005
   9.85337243401760      -8.768801448944838E-005
   9.87096774193548      -8.487011305406419E-005
   9.88856304985337      -8.416899298828697E-005
   9.90615835777126      -8.202002009448813E-005
   9.92375366568915      -8.191457032231261E-005
   9.94134897360704      -8.035032393934203E-005
   9.95894428152493      -8.064298854046264E-005
   9.97653958944282      -7.935866651615204E-005
   9.99413489736071      -7.964165408418972E-005
   10.0117302052786      -7.814827540808758E-005
   10.0293255131965      -7.807269380228913E-005
   10.0469208211144      -7.646668651642621E-005
   10.0645161290323      -7.647572808061570E-005
   10.0821114369501      -7.521529261811744E-005
   10.0997067448680      -7.565139921684082E-005
   10.1173020527859      -7.495766080196345E-005
   10.1348973607038      -7.591468194110090E-005
   10.1524926686217      -7.574442089847732E-005
   10.1700879765396      -7.702782525057845E-005
   10.1876832844575      -7.701193639721808E-005
   10.2052785923754      -7.802544425675047E-005
   10.2228739002933      -7.736094979591441E-005
   10.2404692082111      -7.747046114897968E-005
   10.2580645161290      -7.609485817430013E-005
   10.2756598240469      -7.566529366979996E-005
   10.2932551319648      -7.404998977969329E-005
   10.3108504398827      -7.355362381496879E-005
   10.3284457478006      -7.213564935003087E-005
   10.3460410557185      -7.194504635224258E-005
   10.3636363636364      -7.100584954106007E-005
   10.3812316715543      -7.127740148489268E-005
   10.3988269794721      -7.079673540543321E-005
   10.4164222873900      -7.123176731897935E-005
   10.4340175953079      -7.068864521881449E-005
   10.4516129032258      -7.095990614324325E-005
   10.4692082111437      -7.046076787339033E-005
   10.4868035190616      -7.093745785711996E-005
   10.5043988269795      -7.094912481984157E-005
   10.5219941348974      -7.213769052679664E-005
   10.5395894428153      -7.316962904619239E-005
   10.5571847507331      -7.555692865439955E-005
   10.5747800586510      -7.804624356060665E-005
   10.5923753665689      -8.199405288626987E-005
   10.6099706744868      -8.618764276951538E-005
   10.6275659824047      -9.186062302282420E-005
   10.6451612903226      -9.800476636549857E-005
   10.6627565982405      -1.058007837417060E-004
   10.6803519061584      -1.143017756950816E-004
   10.6979472140762      -1.244985729303664E-004
   10.7155425219941      -1.354352823052987E-004
   10.7331378299120      -1.478479743154022E-004
   10.7507331378299      -1.606814840537098E-004
   10.7683284457478      -1.742932934915720E-004
   10.7859237536657      -1.873239704365021E-004
   10.8035190615836      -1.992920293874735E-004
   10.8211143695015      -2.074895024109369E-004
   10.8387096774194      -2.106556515687761E-004
   10.8563049853372      -2.076244397375445E-004
   10.8739002932551      -1.985286749452794E-004
   10.8914956011730      -1.831243269055688E-004
   10.9090909090909      -1.621274531813668E-004
   10.9266862170088      -1.359551885429406E-004
   10.9442815249267      -1.057741644517672E-004
   10.9618768328446      -7.261965161527520E-005
   10.9794721407625      -3.813282062560583E-005
   10.9970674486804      -4.075038320632884E-006
   11.0146627565982       2.730289366400454E-005
   11.0322580645161       5.523156910521144E-005
   11.0498533724340       8.014139524940565E-005
   11.0674486803519       1.023592334028182E-004
   11.0850439882698       1.225185088437422E-004
   11.1026392961877       1.407915682236507E-004
   11.1202346041056       1.577469286055701E-004
   11.1378299120235       1.732351385479029E-004
   11.1554252199413       1.876025396951020E-004
   11.1730205278592       2.001749116757906E-004
   11.1906158357771       2.107957835341023E-004
   11.2082111436950       2.175552710240822E-004
   11.2258064516129       2.190886540398782E-004
   11.2434017595308       2.141954957838709E-004
   11.2609970674487       2.038198837071362E-004
   11.2785923753666       1.879820434605087E-004
   11.2961876832845       1.683701807973149E-004
   11.3137829912023       1.454384617421061E-004
   11.3313782991202       1.213452030203260E-004
   11.3489736070381       9.679496324880768E-005
   11.3665689149560       7.429722876061821E-005
   11.3841642228739       5.470798539101187E-005
   11.4017595307918       4.078520901620231E-005
   11.4193548387097       3.268566652567769E-005
   11.4369501466276       3.060522411606427E-005
   11.4545454545455       3.254818279247555E-005
   11.4721407624633       3.878789308982165E-005
   11.4897360703812       4.755826857224236E-005
   11.5073313782991       5.948599167642469E-005
   11.5249266862170       7.300458472736197E-005
   11.5425219941349       8.908577460962391E-005
   11.5601173020528       1.063770141246737E-004
   11.5777126099707       1.262320264887455E-004
   11.5953079178886       1.475869146967280E-004
   11.6129032258065       1.722977919226086E-004
   11.6304985337243       1.987759998532704E-004
   11.6480938416422       2.275235493188850E-004
   11.6656891495601       2.561416869954288E-004
   11.6832844574780       2.851450776458290E-004
   11.7008797653959       3.121555072730211E-004
   11.7184750733138       3.378852502964588E-004
   11.7360703812317       3.600968931102504E-004
   11.7536656891496       3.798182306360257E-004
   11.7712609970675       3.951145399944016E-004
   11.7888563049853       4.075562346591590E-004
   11.8064516129032       4.160971429849526E-004
   11.8240469208211       4.241547034359090E-004
   11.8416422287390       4.315502883290260E-004
   11.8592375366569       4.405777700459775E-004
   11.8768328445748       4.497442595860629E-004
   11.8944281524927       4.606998009005448E-004
   11.9120234604106       4.713406856735562E-004
   11.9296187683284       4.829008831717215E-004
   11.9472140762463       4.927996564709793E-004
   11.9648093841642       5.018993075942789E-004
   11.9824046920821       5.071339299976970E-004
   12.0000000000000       5.088836668165545E-004
   12.0175953079179       5.036904451328103E-004
   12.0351906158358       4.936129667570898E-004
   12.0527859237537       4.777587870794427E-004
   12.0703812316716       4.591388563932871E-004
   12.0879765395894       4.369872638400627E-004
   12.1055718475073       4.143977800043066E-004
   12.1231671554252       3.905725964439576E-004
   12.1407624633431       3.685837949208192E-004
   12.1583577712610       3.475303538650927E-004
   12.1759530791789       3.303688328996345E-004
   12.1935483870968       3.159875341441172E-004
   12.2111436950147       3.069068223693564E-004
   12.2287390029326       3.010168309938731E-004
   12.2463343108504       3.002473121325524E-004
   12.2639296187683       3.027299161732780E-004
   12.2815249266862       3.107275168947523E-004
   12.2991202346041       3.225273336401947E-004
   12.3167155425220       3.404856960310384E-004
   12.3343108504399       3.629194244247959E-004
   12.3519061583578       3.921422277488430E-004
   12.3695014662757       4.263414143159025E-004
   12.3870967741935       4.675305708545028E-004
   12.4046920821114       5.131253148781039E-004
   12.4222873900293       5.615604354260082E-004
   12.4398826979472       6.044921894543585E-004
   12.4574780058651       6.388364578382444E-004
   12.4750733137830       6.582862783630090E-004
   12.4926686217009       6.613421828717972E-004
   12.5102639296188       6.433023028553097E-004
   12.5278592375367       6.041856116010039E-004
   12.5454545454545       5.411423079060032E-004
   12.5630498533724       4.562025289002176E-004
   12.5806451612903       3.494296537449175E-004
   12.5982404692082       2.268208019085916E-004
   12.6158357771261       9.781737703426250E-005
   12.6334310850440      -1.952129146872601E-005
   12.6510263929619      -1.173558917234134E-004
   12.6686217008798      -1.871969813818039E-004
   12.6862170087977      -2.274221324769393E-004
   12.7038123167155      -2.342571220163508E-004
   12.7214076246334      -2.099838877147019E-004
   12.7390029325513      -1.547664814945290E-004
   12.7565982404692      -7.471283414347415E-005
   12.7741935483871       2.545982847166857E-005
   12.7917888563050       1.344369443970587E-004
   12.8093841642229       2.384608140664555E-004
   12.8269794721408       3.196116346315299E-004
   12.8445747800587       3.743011207825718E-004
   12.8621700879765       4.008968541971335E-004
   12.8797653958944       4.034862329820412E-004
   12.8973607038123       3.843209234974424E-004
   12.9149560117302       3.503698742978799E-004
   12.9325513196481       3.061902827608481E-004
   12.9501466275660       2.606416761743649E-004
   12.9677419354839       2.200624512358289E-004
   12.9853372434018       1.949060767021010E-004
   13.0029325513196       1.933344874100487E-004
   13.0205278592375       2.236683092992513E-004
   13.0381231671554       2.808200025897019E-004
   13.0557184750733       3.605976675428939E-004
   13.0733137829912       4.560264564961872E-004
   13.0909090909091       5.630121797864940E-004
   13.1085043988270       6.749480789617094E-004
   13.1260997067449       7.880440899573904E-004
   13.1436950146628       8.962034227667048E-004
   13.1612903225806       9.960273707273488E-004
   13.1788856304985       1.082053428363365E-003
   13.1964809384164       1.151429575390025E-003
   13.2140762463343       1.200156879301657E-003
   13.2316715542522       1.229596596523971E-003
   13.2492668621701       1.240049691455375E-003
   13.2668621700880       1.233677407103994E-003
   13.2844574780059       1.210820399148682E-003
   13.3020527859238       1.173646899530581E-003
   13.3196480938416       1.122795383364875E-003
   13.3372434017595       1.060578861254585E-003
   13.3548387096774       9.880520495099403E-004
   13.3724340175953       9.077863327654167E-004
   13.3900293255132       8.213914648480398E-004
   13.4076246334311       7.319006431841267E-004
   13.4252199413490       6.401815941141382E-004
   13.4428152492669       5.459909497677952E-004
   13.4604105571848       4.481886005894348E-004
   13.4780058651026       3.464097615795489E-004
   13.4956011730205       2.399971402087862E-004
   13.5131964809384       1.289652733416580E-004
   13.5307917888563       1.343116179892506E-005
   13.5483870967742      -1.058500901984503E-004
   13.5659824046921      -2.275196723612658E-004
   13.5835777126100      -3.493078854605298E-004
   13.6011730205279      -4.670759521706914E-004
   13.6187683284457      -5.728123871625619E-004
   13.6363636363636      -6.570713474171817E-004
   13.6539589442815      -7.156411629671274E-004
   13.6715542521994      -7.448560617098052E-004
   13.6891495601173      -7.440595548028437E-004
   13.7067448680352      -7.121584141073574E-004
   13.7243401759531      -6.509154471224030E-004
   13.7419354838710      -5.613292300525317E-004
   13.7595307917889      -4.475254414684958E-004
   13.7771260997067      -3.129160009687263E-004
   13.7947214076246      -1.647988468016471E-004
   13.8123167155425      -1.169482759073356E-005
   13.8299120234604       1.347521034136882E-004
   13.8475073313783       2.706164271697453E-004
   13.8651026392962       3.910257376347243E-004
   13.8826979472141       4.957335310544303E-004
   13.9002932551320       5.816662864633406E-004
   13.9178885630499       6.503302274675089E-004
   13.9354838709677       6.997774558576890E-004
   13.9530791788856       7.329602407372993E-004
   13.9706744868035       7.490114038901040E-004
   13.9882697947214       7.525575012356441E-004
   14.0058651026393       7.447850274355889E-004
   14.0234604105572       7.337927122904799E-004
   14.0410557184751       7.208501031060159E-004
   14.0586510263930       7.107114050273517E-004
   14.0762463343109       7.016914682645235E-004
   14.0938416422287       6.973877260827542E-004
   14.1114369501466       6.946970913197746E-004
   14.1290322580645       6.964854862000721E-004
   14.1466275659824       6.984015897135357E-004
   14.1642228739003       7.025638228827595E-004
   14.1818181818182       7.031368877842168E-004
   14.1994134897361       7.009210486364812E-004
   14.2170087976540       6.871730505422900E-004
   14.2346041055718       6.623430679770662E-004
   14.2521994134897       6.211985611765798E-004
   14.2697947214076       5.677234225493310E-004
   14.2873900293255       4.978843606872935E-004
   14.3049853372434       4.170055745834670E-004
   14.3225806451613       3.215895572906693E-004
   14.3401759530792       2.180343201713179E-004
   14.3577712609971       1.032890870888467E-004
   14.3753665689150      -1.509241764336228E-005
   14.3929618768328      -1.394703921270910E-004
   14.4105571847507      -2.601626860617989E-004
   14.4281524926686      -3.778876927325100E-004
   14.4457478005865      -4.836629365256485E-004
   14.4633431085044      -5.812607847445831E-004
   14.4809384164223      -6.630619171488011E-004
   14.4985337243402      -7.341827750041686E-004
   14.5161290322581      -7.875691472509250E-004
   14.5337243401760      -8.294899170801119E-004
   14.5513196480938      -8.534132175901440E-004
   14.5689149560117      -8.668931759134163E-004
   14.5865102639296      -8.642262341653713E-004
   14.6041055718475      -8.551400592817449E-004
   14.6217008797654      -8.362285575093699E-004
   14.6392961876833      -8.174445013954290E-004
   14.6568914956012      -7.912062017102348E-004
   14.6744868035191      -7.651138424280735E-004
   14.6920821114370      -7.299240435011498E-004
   14.7096774193548      -6.925847828385253E-004
   14.7272727272727      -6.426825329552504E-004
   14.7448680351906      -5.867996977257161E-004
   14.7624633431085      -5.134503034136702E-004
   14.7800586510264      -4.288632322556585E-004
   14.7976539589443      -3.203256825081053E-004
   14.8152492668622      -1.941204177146004E-004
   14.8328445747801      -4.285471471420013E-005
   14.8504398826979       1.181602818792464E-004
   14.8680351906158       2.935635258913809E-004
   14.8856304985337       4.671968213681808E-004
   14.9032258064516       6.439262793045221E-004
   14.9208211143695       8.070573170881334E-004
   14.9384164222874       9.618494816125081E-004
   14.9560117302053       1.091162422184902E-003
   14.9736070381232       1.200759049659049E-003
   14.9912023460411       1.273148730514928E-003
   15.0087976539589       1.315109777646973E-003
   15.0263929618768       1.315064136354474E-003
   15.0439882697947       1.291476398692952E-003
   15.0615835777126       1.237491858635373E-003
   15.0791788856305       1.171758257041714E-003
   15.0967741935484       1.086553918164409E-003
   15.1143695014663       1.000665945624119E-003
   15.1319648093842       9.055072826463246E-004
   15.1495601173021       8.199632927963637E-004
   15.1671554252199       7.344418087078539E-004
   15.1847507331378       6.676852513683088E-004
   15.2023460410557       6.084865129249329E-004
   15.2199413489736       5.717783754101805E-004
   15.2375366568915       5.364411361781793E-004
   15.2551319648094       5.130303932440077E-004
   15.2727272727273       4.811414030349360E-004
   15.2903225806452       4.531622795396830E-004
   15.3079178885631       4.091697975807316E-004
   15.3255131964809       3.630339672599330E-004
   15.3431085043988       2.951628994164662E-004
   15.3607038123167       2.209486278628550E-004
   15.3782991202346       1.213118894045493E-004
   15.3958944281525       1.360516961325248E-005
   15.4134897360704      -1.189667326363963E-004
   15.4310850439883      -2.522373209713058E-004
   15.4486803519062      -3.999639742372515E-004
   15.4662756598240      -5.384483299769467E-004
   15.4838709677419      -6.835974526901686E-004
   15.5014662756598      -8.119388666404109E-004
   15.5190615835777      -9.407355786098486E-004
   15.5366568914956      -1.046401814599232E-003
   15.5542521994135      -1.147410028029098E-003
   15.5718475073314      -1.219981780529016E-003
   15.5894428152493      -1.283852751717582E-003
   15.6070381231672      -1.315391113706581E-003
   15.6246334310850      -1.338792254739528E-003
   15.6422287390029      -1.335729954875763E-003
   15.6598240469208      -1.333747778615555E-003
   15.6774193548387      -1.313254546859473E-003
   15.6950146627566      -1.302221494948063E-003
   15.7126099706745      -1.279969786819109E-003
   15.7302052785924      -1.275032390558221E-003
   15.7478005865103      -1.265665598753167E-003
   15.7653958944282      -1.280977719791813E-003
   15.7829912023460      -1.298072697494511E-003
   15.8005865102639      -1.346494375856207E-003
   15.8181818181818      -1.400532581103637E-003
   15.8357771260997      -1.484592418096065E-003
   15.8533724340176      -1.567334961333173E-003
   15.8709677419355      -1.673757525193715E-003
   15.8885630498534      -1.771904571563484E-003
   15.9061583577713      -1.887901588670711E-003
   15.9237536656892      -1.988966499933811E-003
   15.9413489736070      -2.102266592248686E-003
   15.9589442815249      -2.194080197423799E-003
   15.9765395894428      -2.292548998220859E-003
   15.9941348973607      -2.362861662172857E-003
   16.0117302052786      -2.434018332774744E-003
   16.0293255131965      -2.471800857891586E-003
   16.0469208211144      -2.509712045896690E-003
   16.0645161290323      -2.514489568558699E-003
   16.0821114369501      -2.521309975611930E-003
   16.0997067448680      -2.496209217998331E-003
   16.1173020527859      -2.475879144656388E-003
   16.1348973607038      -2.425589739111026E-003
   16.1524926686217      -2.383621079830189E-003
   16.1700879765396      -2.314544473394044E-003
   16.1876832844575      -2.258480421162150E-003
   16.2052785923754      -2.179857381249777E-003
   16.2228739002933      -2.121745818949191E-003
   16.2404692082111      -2.047365936823359E-003
   16.2580645161290      -1.998848513352325E-003
   16.2756598240469      -1.936295545396557E-003
   16.2932551319648      -1.902176956595132E-003
   16.3108504398827      -1.854303468410107E-003
   16.3284457478006      -1.835720286554441E-003
   16.3460410557185      -1.801886265961154E-003
   16.3636363636364      -1.796305665870864E-003
   16.3812316715543      -1.771592678368803E-003
   16.3988269794721      -1.770879707519593E-003
   16.4164222873900      -1.741149200156404E-003
   16.4340175953079      -1.723182406900447E-003
   16.4516129032258      -1.664917306502749E-003
   16.4692082111437      -1.613477078863857E-003
   16.4868035190616      -1.517932449534216E-003
   16.5043988269795      -1.429270493617918E-003
   16.5219941348974      -1.296672283939969E-003
   16.5395894428153      -1.174777496451057E-003
   16.5571847507331      -1.012856640440615E-003
   16.5747800586510      -8.697093447520358E-004
   16.5923753665689      -6.954785945279019E-004
   16.6099706744868      -5.560720378503112E-004
   16.6275659824047      -4.057425438446760E-004
   16.6451612903226      -3.104476060555602E-004
   16.6627565982405      -2.147898552835720E-004
   16.6803519061584      -1.820604782995409E-004
   16.6979472140762      -1.519722818876364E-004
   16.7155425219941      -1.877691122116369E-004
   16.7331378299120      -2.249190995546729E-004
   16.7507331378299      -3.270559528145323E-004
   16.7683284457478      -4.252306657050002E-004
   16.7859237536657      -5.831472160846268E-004
   16.8035190615836      -7.258620507397725E-004
   16.8211143695015      -9.134579507641266E-004
   16.8387096774194      -1.064393855649663E-003
   16.8563049853372      -1.245348172259689E-003
   16.8739002932551      -1.376597673704028E-003
   16.8914956011730      -1.530036711962467E-003
   16.9090909090909      -1.624804116991816E-003
   16.9266862170088      -1.737283415088695E-003
   16.9442815249267      -1.784833320548533E-003
   16.9618768328446      -1.848375670477742E-003
   16.9794721407625      -1.843368912557553E-003
   16.9970674486804      -1.855859707584570E-003
   17.0146627565982      -1.800623003621064E-003
   17.0322580645161      -1.770460616156183E-003
   17.0498533724340      -1.675730810794071E-003
   17.0674486803519      -1.610991122019613E-003
   17.0850439882698      -1.481431909178554E-003
   17.1026392961877      -1.385317405008761E-003
   17.1202346041056      -1.223179032868835E-003
   17.1378299120235      -1.097723965014520E-003
   17.1554252199413      -9.047985947095808E-004
   17.1730205278592      -7.522377244571067E-004
   17.1906158357771      -5.312123334491259E-004
   17.2082111436950      -3.560617284142575E-004
   17.2258064516129      -1.158986723755954E-004
   17.2434017595308       6.601564154954320E-005
   17.2609970674487       3.071378181667128E-004
   17.2785923753666       4.796484988447754E-004
   17.2961876832845       7.086459031699551E-004
   17.3137829912023       8.603363084926065E-004
   17.3313782991202       1.067791903963158E-003
   17.3489736070381       1.190371067106636E-003
   17.3665689149560       1.369766426334934E-003
   17.3841642228739       1.457648603770121E-003
   17.4017595307918       1.605214759012916E-003
   17.4193548387097       1.655540961998115E-003
   17.4369501466276       1.769961354323604E-003
   17.4545454545455       1.781217492550808E-003
   17.4721407624633       1.862041668211323E-003
   17.4897360703812       1.834036913605648E-003
   17.5073313782991       1.883073061907223E-003
   17.5249266862170       1.818214058996680E-003
   17.5425219941349       1.840467292118283E-003
   17.5601173020528       1.744722286654724E-003
   17.5777126099707       1.749819487932356E-003
   17.5953079178886       1.634906407518712E-003
   17.6129032258065       1.641731139670830E-003
   17.6304985337243       1.532057103987038E-003
   17.6480938416422       1.566862105762916E-003
   17.6656891495601       1.477908966547177E-003
   17.6832844574780       1.550275660786582E-003
   17.7008797653959       1.484250732589405E-003
   17.7184750733138       1.596536082904632E-003
   17.7360703812317       1.549592254738922E-003
   17.7536656891496       1.700344956843767E-003
   17.7712609970675       1.663821218397216E-003
   17.7888563049853       1.849001999984388E-003
   17.8064516129032       1.808703730784074E-003
   17.8240469208211       2.023322990725654E-003
   17.8416422287390       1.969021194240783E-003
   17.8592375366569       2.232960062753408E-003
   17.8768328445748       2.174557674770330E-003
   17.8944281524927       2.534898275180175E-003
   17.9120234604106       2.487731145237375E-003
   17.9296187683284       3.037120754328442E-003
   17.9472140762463       3.022278771148463E-003
   17.9648093841642       4.012194610932561E-003
   17.9824046920821       4.065514976934611E-003
   18.0000000000000       7.142964479370712E-003
