  0.000000000000000E+000 -4.122309665950673E-003
  1.759530791788856E-002 -2.140772128464417E-003
  3.519061583577713E-002 -2.289813959431564E-003
  5.278592375366570E-002 -1.671850622287651E-003
  7.038123167155426E-002 -1.773800964642029E-003
  8.797653958944282E-002 -1.415312623561933E-003
  0.105571847507331      -1.493697708408304E-003
  0.123167155425220      -1.242653839918941E-003
  0.140762463343109      -1.306716197294249E-003
  0.158357771260997      -1.113924983939194E-003
  0.175953079178886      -1.168298680170050E-003
  0.193548387096774      -1.011862720077492E-003
  0.211143695014663      -1.059126089729821E-003
  0.228739002932551      -9.273331478541621E-004
  0.246334310850440      -9.690178926999291E-004
  0.263929618768328      -8.549528714234128E-004
  0.281524926686217      -8.921647890863935E-004
  0.299120234604106      -7.914582681313679E-004
  0.316715542521994      -8.250013286096854E-004
  0.334310850439883      -7.347086074644507E-004
  0.351906158357771      -7.651794943193879E-004
  0.369501466275660      -6.832194853889533E-004
  0.387096774193548      -7.110638906325848E-004
  0.404692082111437      -6.358916688641820E-004
  0.422287390029326      -6.614008072821044E-004
  0.439882697947214      -5.917728169770012E-004
  0.457478005865103      -6.151549005742094E-004
  0.475073313782991      -5.501867249604511E-004
  0.492668621700880      -5.717293127325572E-004
  0.510263929618768      -5.108345244354257E-004
  0.527859237536657      -5.308789943858644E-004
  0.545454545454546      -4.737044827852341E-004
  0.563049853372434      -4.926630714481169E-004
  0.580645161290323      -4.390799374583345E-004
  0.598240469208211      -4.574950725093440E-004
  0.615835777126100      -4.076919273961379E-004
  0.633431085043988      -4.263801103177877E-004
  0.651026392961877      -3.806749634676362E-004
  0.668621700879765      -4.001003805623073E-004
  0.686217008797654      -3.584007887653885E-004
  0.703812316715543      -3.786978059704528E-004
  0.721407624633431      -3.407468973659136E-004
  0.739002932551320      -3.618738212839125E-004
  0.756598240469208      -3.272945721315485E-004
  0.774193548387097      -3.490477577842978E-004
  0.791788856304985      -3.173211466575001E-004
  0.809384164222874      -3.392709017292802E-004
  0.826979472140763      -3.096190657699046E-004
  0.844574780058651      -3.311784258806462E-004
  0.862170087976540      -3.030467731561273E-004
  0.879765395894428      -3.240308780257843E-004
  0.897360703812317      -2.971853284243573E-004
  0.914956011730205      -3.175688794537080E-004
  0.932551319648094      -2.918972581225676E-004
  0.950146627565982      -3.117386810704929E-004
  0.967741935483871      -2.872154856753750E-004
  0.985337243401760      -3.066404301478293E-004
   1.00293255131965      -2.833214343940585E-004
   1.02052785923754      -3.025112368324947E-004
   1.03812316715543      -2.804114623599155E-004
   1.05571847507331      -2.993228897071410E-004
   1.07331378299120      -2.782150230483476E-004
   1.09090909090909      -2.966889004835998E-004
   1.10850439882698      -2.763394034874751E-004
   1.12609970674487      -2.942269429371690E-004
   1.14369501466276      -2.744282549039605E-004
   1.16129032258065      -2.916071261545864E-004
   1.17888563049853      -2.721939665255923E-004
   1.19648093841642      -2.885923188718340E-004
   1.21407624633431      -2.695024976066962E-004
   1.23167155425220      -2.853190434678300E-004
   1.24926686217009      -2.669727093025463E-004
   1.26686217008798      -2.828021699664613E-004
   1.28445747800587      -2.657169432395513E-004
   1.30205278592375      -2.820817597649446E-004
   1.31964809384164      -2.667041612560276E-004
   1.33724340175953      -2.840705271742990E-004
   1.35483870967742      -2.708032969282181E-004
   1.37243401759531      -2.895952401238256E-004
   1.39002932551320      -2.788048176127455E-004
   1.40762463343109      -2.994029808099347E-004
   1.42521994134897      -2.912848526308894E-004
   1.44281524926686      -3.135170376670074E-004
   1.46041055718475      -3.074476377506417E-004
   1.47800586510264      -3.305623038944263E-004
   1.49560117302053      -3.257454268825685E-004
   1.51319648093842      -3.489683506885703E-004
   1.53079178885631      -3.445917448180302E-004
   1.54838709677419      -3.671284139218562E-004
   1.56598240469208      -3.623594475946592E-004
   1.58357771260997      -3.833907239862349E-004
   1.60117302052786      -3.773705204275162E-004
   1.61876832844575      -3.961220289588529E-004
   1.63636363636364      -3.884490566207512E-004
   1.65395894428153      -4.051794126410390E-004
   1.67155425219941      -3.964495351904372E-004
   1.68914956011730      -4.118196326553456E-004
   1.70674486803519      -4.026580156137039E-004
   1.72434017595308      -4.172934475041169E-004
   1.74193548387097      -4.082810023147215E-004
   1.75953079178886      -4.227491052165298E-004
   1.77712609970675      -4.143900511423575E-004
   1.79472140762463      -4.291481998620923E-004
   1.81231671554252      -4.217390646446255E-004
   1.82991202346041      -4.366735405750561E-004
   1.84750733137830      -4.294977575428278E-004
   1.86510263929619      -4.436601914269596E-004
   1.88269794721408      -4.358623988028525E-004
   1.90029325513196      -4.485647541528904E-004
   1.91788856304985      -4.395617432923330E-004
   1.93548387096774      -4.503460207740824E-004
   1.95307917888563      -4.397789663088886E-004
   1.97067448680352      -4.484246217806271E-004
   1.98826979472141      -4.362106198044924E-004
   2.00586510263930      -4.428754015310111E-004
   2.02346041055718      -4.296432213708179E-004
   2.04105571847507      -4.356312328493862E-004
   2.05865102639296      -4.229477740482593E-004
   2.07624633431085      -4.296051107242044E-004
   2.09384164222874      -4.185186343681231E-004
   2.11143695014663      -4.267092346247681E-004
   2.12903225806452      -4.179073916181460E-004
   2.14662756598241      -4.281750643773912E-004
   2.16422287390029      -4.220344640229880E-004
   2.18181818181818      -4.345888728110003E-004
   2.19941348973607      -4.310851740016337E-004
   2.21700879765396      -4.454965567420567E-004
   2.23460410557185      -4.434543039707681E-004
   2.25219941348974      -4.580032470574976E-004
   2.26979472140762      -4.557693287561288E-004
   2.28739002932551      -4.691138855721953E-004
   2.30498533724340      -4.655500538598867E-004
   2.32258064516129      -4.767177064056278E-004
   2.34017595307918      -4.709774419786220E-004
   2.35777126099707      -4.792550141845780E-004
   2.37536656891496      -4.707456159738109E-004
   2.39296187683284      -4.756907038021525E-004
   2.41055718475073      -4.641783274287973E-004
   2.42815249266862      -4.660504633220772E-004
   2.44574780058651      -4.524330851364765E-004
   2.46334310850440      -4.524364045878828E-004
   2.48093841642229      -4.378256900721746E-004
   2.49853372434018      -4.369468052087092E-004
   2.51612903225806      -4.222400912793882E-004
   2.53372434017595      -4.213169617459264E-004
   2.55131964809384      -4.072891306607920E-004
   2.56891495601173      -4.070481349382793E-004
   2.58651026392962      -3.943616826292340E-004
   2.60410557184751      -3.953958796176511E-004
   2.62170087976540      -3.844326813748985E-004
   2.63929618768328      -3.866696650775658E-004
   2.65689149560117      -3.769098961555045E-004
   2.67448680351906      -3.797275396420278E-004
   2.69208211143695      -3.706071547305256E-004
   2.70967741935484      -3.734985322711995E-004
   2.72727272727273      -3.645475385822958E-004
   2.74486803519062      -3.670853302457652E-004
   2.76246334310850      -3.579084612828401E-004
   2.78005865102639      -3.597421738976882E-004
   2.79765395894428      -3.500315777074249E-004
   2.81524926686217      -3.509455213048851E-004
   2.83284457478006      -3.406901541261260E-004
   2.85043988269795      -3.409275633374281E-004
   2.86803519061584      -3.304603885399128E-004
   2.88563049853372      -3.303314133132439E-004
   2.90322580645161      -3.199276574418505E-004
   2.92082111436950      -3.196944896701827E-004
   2.93841642228739      -3.096016887696976E-004
   2.95601173020528      -3.095106942258702E-004
   2.97360703812317      -2.999709888197711E-004
   2.99120234604106      -3.002744645656527E-004
   3.00879765395894      -2.915550633192718E-004
   3.02639296187683      -2.925131539699424E-004
   3.04398826979472      -2.847376648815951E-004
   3.06158357771261      -2.862760177975873E-004
   3.07917888563050      -2.792361944134083E-004
   3.09677419354839      -2.810921481019246E-004
   3.11436950146628      -2.744776395666795E-004
   3.13196480938416      -2.763023890761290E-004
   3.14956011730205      -2.697169358819159E-004
   3.16715542521994      -2.710684964829491E-004
   3.18475073313783      -2.640056221763365E-004
   3.20234604105572      -2.642920898345710E-004
   3.21994134897361      -2.560390908270040E-004
   3.23753665689150      -2.545823769376478E-004
   3.25513196480938      -2.447791797888838E-004
   3.27272727272727      -2.415765901262064E-004
   3.29032258064516      -2.304047034985104E-004
   3.30791788856305      -2.257524891034618E-004
   3.32551319648094      -2.136002621133960E-004
   3.34310850439883      -2.079809128192081E-004
   3.36070381231672      -1.954226760116935E-004
   3.37829912023460      -1.895233243300693E-004
   3.39589442815249      -1.773817048917494E-004
   3.41348973607038      -1.722449208605015E-004
   3.43108504398827      -1.617211835961148E-004
   3.44868035190616      -1.583042377175481E-004
   3.46627565982405      -1.498309796498439E-004
   3.48387096774194      -1.482028727695046E-004
   3.50146627565982      -1.416591662058923E-004
   3.51906158357771      -1.415677558965037E-004
   3.53665689149560      -1.365828925684205E-004
   3.55425219941349      -1.375514238859091E-004
   3.57184750733138      -1.335343944965808E-004
   3.58944281524927      -1.348506442635123E-004
   3.60703812316716      -1.309180074908068E-004
   3.62463343108504      -1.315409557713440E-004
   3.64222873900293      -1.267706299437698E-004
   3.65982404692082      -1.262143697986850E-004
   3.67741935483871      -1.204780697418416E-004
   3.69501466275660      -1.187697006711926E-004
   3.71260997067449      -1.121752559608810E-004
   3.73020527859238      -1.094894088030698E-004
   3.74780058651026      -1.022621381823563E-004
   3.76539589442815      -9.887570816365757E-005
   3.78299120234604      -9.133913270420385E-005
   3.80058651026393      -8.763466446259926E-005
   3.81818181818182      -8.023095459216697E-005
   3.83577712609971      -7.662972991395176E-005
   3.85337243401760      -6.960616296303313E-005
   3.87096774193548      -6.618680600107759E-005
   3.88856304985337      -5.954847573463048E-005
   3.90615835777126      -5.629059900795108E-005
   3.92375366568915      -4.999670016271219E-005
   3.94134897360704      -4.684953317083691E-005
   3.95894428152493      -4.083813797498372E-005
   3.97653958944282      -3.773706428582048E-005
   3.99413489736070      -3.194032166374696E-005
   4.01173020527859      -2.883422432022076E-005
   4.02932551319648      -2.328430137619045E-005
   4.04692082111437      -2.035630751975719E-005
   4.06451612903226      -1.531741417596290E-005
   4.08211143695015      -1.281922543010384E-005
   4.09970674486804      -8.502405972207014E-006
   4.11730205278592      -6.613751502381235E-006
   4.13489736070381      -3.163172404960821E-006
   4.15249266862170      -1.995209856542973E-006
   4.17008797653959       5.200080020143633E-007
   4.18768328445748       9.440722806112952E-007
   4.20527859237537       2.573400237126634E-006
   4.22287390029326       2.439164427735688E-006
   4.24046920821114       3.552463190986538E-006
   4.25806451612903       3.298851351112797E-006
   4.27565982404692       4.272511187351426E-006
   4.29325513196481       4.200922201536963E-006
   4.31085043988270       5.295445596198253E-006
   4.32844574780059       5.632541942568459E-006
   4.34604105571848       7.052246693382606E-006
   4.36363636363636       7.979778575189396E-006
   4.38123167155425       9.890971078663109E-006
   4.39882697947214       1.155710920460603E-005
   4.41642228739003       1.408053165543453E-005
   4.43401759530792       1.649713662677278E-005
   4.45161290322581       1.947655544178841E-005
   4.46920821114370       2.238117597605861E-005
   4.48680351906158       2.553682235395523E-005
   4.50439882697947       2.864666200933833E-005
   4.52199413489736       3.169711529256693E-005
   4.53958944281525       3.472904399779301E-005
   4.55718475073314       3.739504561439945E-005
   4.57478005865103       4.007209564325457E-005
   4.59237536656892       4.208676889939682E-005
   4.60997067448680       4.416216137815680E-005
   4.62756598240469       4.538001419395370E-005
   4.64516129032258       4.689146119643411E-005
   4.66275659824047       4.747940653605241E-005
   4.68035190615836       4.859807186379348E-005
   4.69794721407625       4.869917942707130E-005
   4.71554252199414       4.954352948537382E-005
   4.73313782991202       4.925876239338514E-005
   4.75073313782991       4.991009202502983E-005
   4.76832844574780       4.930576225457642E-005
   4.78592375366569       4.981135241063059E-005
   4.80351906158358       4.891775090956646E-005
   4.82111436950147       4.928135328155640E-005
   4.83870967741935       4.807991678034231E-005
   4.85630498533724       4.827373072236122E-005
   4.87390029325513       4.674477826515528E-005
   4.89149560117302       4.675041828846369E-005
   4.90909090909091       4.487631350984555E-005
   4.92668621700880       4.467171304127692E-005
   4.94428152492669       4.242930790525015E-005
   4.96187683284458       4.198640540324518E-005
   4.97947214076246       3.934722739664909E-005
   4.99706744868035       3.863478717049962E-005
   5.01466275659824       3.557751819863843E-005
   5.03225806451613       3.461244619529409E-005
   5.04985337243402       3.121263192219356E-005
   5.06744868035191       3.008805372864541E-005
   5.08504398826980       2.642472229499418E-005
   5.10263929618768       2.519749959394883E-005
   5.12023460410557       2.131117612218824E-005
   5.13782991202346       2.000192641581394E-005
   5.15542521994135       1.589653863680107E-005
   5.17302052785924       1.448716285895610E-005
   5.19061583577713       1.012371867877784E-005
   5.20821114369502       8.543865424643597E-006
   5.22580645161290       3.836147864844506E-006
   5.24340175953079       2.037875480792781E-006
   5.26099706744868      -2.981816055926133E-006
   5.27859237536657      -4.922705573537773E-006
   5.29618768328446      -1.016957868898930E-005
   5.31378299120235      -1.217340143007060E-005
   5.33137829912024      -1.757338232456185E-005
   5.34897360703812      -1.957939788183022E-005
   5.36656891495601      -2.508536965382801E-005
   5.38416422287390      -2.706951386618413E-005
   5.40175953079179      -3.268703231377350E-005
   5.41935483870968      -3.471335471387769E-005
   5.43695014662757      -4.057155685782603E-005
   5.45454545454546      -4.277965039695242E-005
   5.47214076246334      -4.896648559157658E-005
   5.48973607038123      -5.140405795631900E-005
   5.50733137829912      -5.794395090717744E-005
   5.52492668621701      -6.062432237438281E-005
   5.54252199413490      -6.752151837063851E-005
   5.56011730205279      -7.044769507758232E-005
   5.57771260997067      -7.770488229164729E-005
   5.59530791788856      -8.088825371838605E-005
   5.61290322580645      -8.853200304297988E-005
   5.63049853372434      -9.200828048569845E-005
   5.64809384164223      -1.000280239772131E-004
   5.66568914956012      -1.037159753535676E-004
   5.68328445747801      -1.119826615974334E-004
   5.70087976539589      -1.157347137782946E-004
   5.71847507331378      -1.240868657376118E-004
   5.73607038123167      -1.277357952838699E-004
   5.75366568914956      -1.360006860465922E-004
   5.77126099706745      -1.393762099688577E-004
   5.78885630498534      -1.473878407266587E-004
   5.80645161290323      -1.503447874474827E-004
   5.82404692082111      -1.580219969506566E-004
   5.84164222873900      -1.605933571662258E-004
   5.85923753665689      -1.680298107241174E-004
   5.87683284457478      -1.702849039222767E-004
   5.89442815249267      -1.775024375567487E-004
   5.91202346041056      -1.794315984387808E-004
   5.92961876832845      -1.863903190619034E-004
   5.94721407624634      -1.879298397012996E-004
   5.96480938416422      -1.945396404937475E-004
   5.98240469208211      -1.955762471515932E-004
   6.00000000000000      -2.016942995847858E-004
   6.01759530791789      -2.020581711594922E-004
   6.03519061583578      -2.075243056247111E-004
   6.05278592375367      -2.071338550764942E-004
   6.07038123167156      -2.119373704621060E-004
   6.08797653958944      -2.108097908137532E-004
   6.10557184750733      -2.149736555226725E-004
   6.12316715542522      -2.131383115729233E-004
   6.14076246334311      -2.166940714712242E-004
   6.15835777126100      -2.141889883292193E-004
   6.17595307917889      -2.171799717615902E-004
   6.19354838709677      -2.140617757649489E-004
   6.21114369501466      -2.165701707906146E-004
   6.22873900293255      -2.129876869338081E-004
   6.24633431085044      -2.152234365017853E-004
   6.26392961876833      -2.113815718912089E-004
   6.28152492668622      -2.134956938104009E-004
   6.29912023460411      -2.095018689420045E-004
   6.31671554252199      -2.115649270348812E-004
   6.33431085043988      -2.074595929818750E-004
   6.35190615835777      -2.094796023814661E-004
   6.36950146627566      -2.052413476245676E-004
   6.38709677419355      -2.071616595752715E-004
   6.40469208211144      -2.026950273152939E-004
   6.42228739002933      -2.043832004189573E-004
   6.43988269794721      -1.995873447419107E-004
   6.45747800586510      -2.010396564146890E-004
   6.47507331378299      -1.959852072128967E-004
   6.49266862170088      -1.972873558541748E-004
   6.51026392961877      -1.920612802576754E-004
   6.52785923753666      -1.932931319825551E-004
   6.54545454545455      -1.879681121458682E-004
   6.56304985337243      -1.891890503341242E-004
   6.58064516129032      -1.838117618805984E-004
   6.59824046920821      -1.850488211927042E-004
   6.61583577712610      -1.796262306393382E-004
   6.63343108504399      -1.808781930305171E-004
   6.65102639296188      -1.754372337930902E-004
   6.66862170087977      -1.767570199041095E-004
   6.68621700879765      -1.713546288282082E-004
   6.70381231671554      -1.727855766575650E-004
   6.72140762463343      -1.674497329010497E-004
   6.73900293255132      -1.689962385441426E-004
   6.75659824046921      -1.637059464603720E-004
   6.77419354838710      -1.653104089729963E-004
   6.79178885630499      -1.599637996821453E-004
   6.80938416422287      -1.614477371061442E-004
   6.82697947214076      -1.557757360437519E-004
   6.84457478005865      -1.568728494179129E-004
   6.86217008797654      -1.507470896720454E-004
   6.87976539589443      -1.514603579611717E-004
   6.89736070381232      -1.449515445239829E-004
   6.91495601173021      -1.453868303521714E-004
   6.93255131964809      -1.386284608971548E-004
   6.95014662756598      -1.389357971029103E-004
   6.96774193548387      -1.320923273731335E-004
   6.98533724340176      -1.324422140577534E-004
   7.00293255131965      -1.256877800929974E-004
   7.02052785923754      -1.262377339981123E-004
   7.03812316715543      -1.196864829751049E-004
   7.05571847507331      -1.205042670993415E-004
   7.07331378299120      -1.142165292569954E-004
   7.09090909090909      -1.153680682597106E-004
   7.10850439882698      -1.094135293471217E-004
   7.12609970674487      -1.109639059414653E-004
   7.14369501466276      -1.054008785790822E-004
   7.16129032258065      -1.073923753608564E-004
   7.17888563049853      -1.022410068668923E-004
   7.19648093841642      -1.046540994804888E-004
   7.21407624633431      -9.981537424460889E-005
   7.23167155425220      -1.024043370986271E-004
   7.24926686217009      -9.754683039986697E-005
   7.26686217008798      -1.000419446422798E-004
   7.28445747800587      -9.500562605327081E-005
   7.30205278592375      -9.731810847408660E-005
   7.31964809384164      -9.206641218430914E-005
   7.33724340175953      -9.419793438638926E-005
   7.35483870967742      -8.876656298167648E-005
   7.37243401759531      -9.077714076997173E-005
   7.39002932551320      -8.524712905113514E-005
   7.40762463343109      -8.722254087559979E-005
   7.42521994134897      -8.163639783057598E-005
   7.44281524926686      -8.351574975493876E-005
   7.46041055718475      -7.775387488559232E-005
   7.47800586510264      -7.944468192377536E-005
   7.49560117302053      -7.346973729811027E-005
   7.51319648093842      -7.497722104329455E-005
   7.53079178885631      -6.883597726739871E-005
   7.54838709677419      -7.024260487802788E-005
   7.56598240469208      -6.405484020799104E-005
   7.58357771260997      -6.551357001990219E-005
   7.60117302052786      -5.946808842650697E-005
   7.61876832844575      -6.117634545426126E-005
   7.63636363636364      -5.537874919291778E-005
   7.65395894428153      -5.727473738867668E-005
   7.67155425219941      -5.158557778607164E-005
   7.68914956011730      -5.354564435046597E-005
   7.70674486803519      -4.787781949307482E-005
   7.72434017595308      -4.984986164778030E-005
   7.74193548387097      -4.419137738463978E-005
   7.75953079178886      -4.620309772789771E-005
   7.77712609970675      -4.062868308405912E-005
   7.79472140762463      -4.280526530082236E-005
   7.81231671554252      -3.750407194722215E-005
   7.82991202346041      -4.003406861017629E-005
   7.84750733137830      -3.505152897250240E-005
   7.86510263929619      -3.780817596568963E-005
   7.88269794721408      -3.295675367278284E-005
   7.90029325513197      -3.575683839278980E-005
   7.91788856304985      -3.087529044900920E-005
   7.93548387096774      -3.358498654967501E-005
   7.95307917888563      -2.857779092325409E-005
   7.97067448680352      -3.114641206306102E-005
   7.98826979472141      -2.602330848830764E-005
   8.00586510263930      -2.854618331183665E-005
   8.02346041055718      -2.352183113678456E-005
   8.04105571847507      -2.625527691458667E-005
   8.05865102639296      -2.147366075057583E-005
   8.07624633431085      -2.441859293890871E-005
   8.09384164222874      -1.981838243333614E-005
   8.11143695014663      -2.289112054240056E-005
   8.12903225806452      -1.838559098840679E-005
   8.14662756598241      -2.150733636913854E-005
   8.16422287390029      -1.704024255692330E-005
   8.18181818181818      -2.018998805406773E-005
   8.19941348973607      -1.580127851235402E-005
   8.21700879765396      -1.912772737330472E-005
   8.23460410557185      -1.508198605717490E-005
   8.25219941348974      -1.881006398378849E-005
   8.26979472140763      -1.517137610506855E-005
   8.28739002932551      -1.924434624625936E-005
   8.30498533724340      -1.589971399571664E-005
   8.32258064516129      -2.017088090072240E-005
   8.34017595307918      -1.695932706285540E-005
   8.35777126099707      -2.126434551251196E-005
   8.37536656891496      -1.803719913965266E-005
   8.39296187683285      -2.226082372033590E-005
   8.41055718475073      -1.899255206002371E-005
   8.42815249266862      -2.330132235835835E-005
   8.44574780058651      -2.032678886778108E-005
   8.46334310850440      -2.500895307167245E-005
   8.48093841642229      -2.245646225985522E-005
   8.49853372434018      -2.751678346479988E-005
   8.51612903225807      -2.531063415487297E-005
   8.53372434017595      -3.060759039425082E-005
   8.55131964809384      -2.855562996272169E-005
   8.56891495601173      -3.385404677002055E-005
   8.58651026392962      -3.169110267731853E-005
   8.60410557184751      -3.671017501827034E-005
   8.62170087976540      -3.421976551483995E-005
   8.63929618768329      -3.894431597561446E-005
   8.65689149560117      -3.629991113127367E-005
   8.67448680351906      -4.090797930610099E-005
   8.69208211143695      -3.820779123287436E-005
   8.70967741935484      -4.272650201923875E-005
   8.72727272727273      -3.993738314472102E-005
   8.74486803519062      -4.427664937224962E-005
   8.76246334310851      -4.125754520041729E-005
   8.78005865102639      -4.522642870753503E-005
   8.79765395894428      -4.174222664672296E-005
   8.81524926686217      -4.508588935262969E-005
   8.83284457478006      -4.100829373113138E-005
   8.85043988269795      -4.385167245809760E-005
   8.86803519061584      -3.944677838723661E-005
   8.88563049853373      -4.203063261159392E-005
   8.90322580645161      -3.747714932983147E-005
   8.92082111436950      -3.991701169333713E-005
   8.93841642228739      -3.526828610608226E-005
   8.95601173020528      -3.755049258421196E-005
   8.97360703812317      -3.272295074021677E-005
   8.99120234604106      -3.468389095597454E-005
   9.00879765395895      -2.941754738725408E-005
   9.02639296187683      -3.075326920211012E-005
   9.04398826979472      -2.490140341425109E-005
   9.06158357771261      -2.572042373913876E-005
   9.07917888563050      -1.951823263386145E-005
   9.09677419354839      -2.005784002469090E-005
   9.11436950146628      -1.371819731669744E-005
   9.13196480938416      -1.415290133821983E-005
   9.14956011730205      -7.802868099591912E-006
   9.16715542521994      -8.198936344121376E-006
   9.18475073313783      -1.830326679416763E-006
   9.20234604105572      -2.074530187421496E-006
   9.21994134897361       4.564424769183884E-006
   9.23753665689150       4.769146861779500E-006
   9.25513196480938       1.179500324715328E-005
   9.27272727272727       1.234393629123063E-005
   9.29032258064516       1.955455974383484E-005
   9.30791788856305       2.021925253557908E-005
   9.32551319648094       2.738149158326919E-005
   9.34310850439883       2.794353272937756E-005
   9.36070381231672       3.486609677709686E-005
   9.37829912023460       3.518082027301839E-005
   9.39589442815249       4.178658871847234E-005
   9.41348973607038       4.189967493388455E-005
   9.43108504398827       4.838322674473361E-005
   9.44868035190616       4.849393761712040E-005
   9.46627565982405       5.489160007686375E-005
   9.48387096774194       5.489583752694825E-005
   9.50146627565982       6.104043533357247E-005
   9.51906158357771       6.074582398053142E-005
   9.53665689149560       6.643851759110895E-005
   9.55425219941349       6.565872800254039E-005
   9.57184750733138       7.074320018719664E-005
   9.58944281524927       6.937717375907426E-005
   9.60703812316716       7.385855278360845E-005
   9.62463343108504       7.211663086284681E-005
   9.64222873900293       7.637930499919954E-005
   9.65982404692082       7.458543643192259E-005
   9.67741935483871       7.875732003973548E-005
   9.69501466275660       7.690748312587412E-005
   9.71260997067449       8.091393022672633E-005
   9.73020527859238       7.889148011359554E-005
   9.74780058651026       8.259581839858084E-005
   9.76539589442815       8.026649933576399E-005
   9.78299120234604       8.356356041404777E-005
   9.80058651026393       8.089791929953188E-005
   9.81818181818182       8.395679212185575E-005
   9.83577712609971       8.144172126962480E-005
   9.85337243401760       8.485430296680812E-005
   9.87096774193548       8.286060248339355E-005
   9.88856304985337       8.674405706743848E-005
   9.90615835777126       8.522369700097424E-005
   9.92375366568915       8.940434682411744E-005
   9.94134897360704       8.808482260514175E-005
   9.95894428152493       9.220805686043477E-005
   9.97653958944282       9.067307697359548E-005
   9.99413489736071       9.428132686230670E-005
   10.0117302052786       9.209969857559628E-005
   10.0293255131965       9.504013358264381E-005
   10.0469208211144       9.252420109903110E-005
   10.0645161290323       9.531133247361428E-005
   10.0821114369501       9.284880205602368E-005
   10.0997067448680       9.568527837242060E-005
   10.1173020527859       9.332505093288717E-005
   10.1348973607038       9.611619531372182E-005
   10.1524926686217       9.362634742825393E-005
   10.1700879765396       9.600252299713904E-005
   10.1876832844575       9.287280840675507E-005
   10.2052785923754       9.416885204064404E-005
   10.2228739002933       8.970322754084804E-005
   10.2404692082111       8.961754385936308E-005
   10.2580645161290       8.413597531340706E-005
   10.2756598240469       8.327446861290369E-005
   10.2932551319648       7.735375039668879E-005
   10.3108504398827       7.620814691359651E-005
   10.3284457478006       7.024124445392341E-005
   10.3460410557185       6.909077578260347E-005
   10.3636363636364       6.322941547112116E-005
   10.3812316715543       6.207606134099662E-005
   10.3988269794721       5.613909558115059E-005
   10.4164222873900       5.457125328222370E-005
   10.4340175953079       4.810044249011215E-005
   10.4516129032258       4.603531041047270E-005
   10.4692082111437       3.938689162056169E-005
   10.4868035190616       3.734379130055025E-005
   10.5043988269795       3.104863639638906E-005
   10.5219941348974       2.952747502830859E-005
   10.5395894428153       2.402931341750034E-005
   10.5571847507331       2.339790419157843E-005
   10.5747800586510       1.897074330148167E-005
   10.5923753665689       1.939122822353551E-005
   10.6099706744868       1.606935170761119E-005
   10.6275659824047       1.752208020188359E-005
   10.6451612903226       1.538615033095436E-005
   10.6627565982405       1.803119429308213E-005
   10.6803519061584       1.712904715325392E-005
   10.6979472140762       2.078005475379727E-005
   10.7155425219941       2.063987748729056E-005
   10.7331378299120       2.448062019296604E-005
   10.7507331378299       2.385949273404811E-005
   10.7683284457478       2.610194895986044E-005
   10.7859237536657       2.247444688170511E-005
   10.8035190615836       1.942339040761140E-005
   10.8211143695015       7.273629338930859E-006
   10.8387096774194      -7.321268197428954E-006
   10.8563049853372      -3.180821976788070E-005
   10.8739002932551      -5.826619882217997E-005
   10.8914956011730      -9.331984820765568E-005
   10.9090909090909      -1.286526576098031E-004
   10.9266862170088      -1.703328207471232E-004
   10.9442815249267      -2.098102793645511E-004
   10.9618768328446      -2.526835512511875E-004
   10.9794721407625      -2.902335904514669E-004
   10.9970674486804      -3.276276573323438E-004
   11.0146627565982      -3.563061438991099E-004
   11.0322580645161      -3.833068371800121E-004
   11.0498533724340      -4.027295855330789E-004
   11.0674486803519      -4.219974206471031E-004
   11.0850439882698      -4.350611065624148E-004
   11.1026392961877      -4.488944527717507E-004
   11.1202346041056      -4.572629699651663E-004
   11.1378299120235      -4.666371314405577E-004
   11.1554252199413      -4.705208441559991E-004
   11.1730205278592      -4.747517344088623E-004
   11.1906158357771      -4.723729768331422E-004
   11.2082111436950      -4.680704510770713E-004
   11.2258064516129      -4.545480379412960E-004
   11.2434017595308      -4.381680928613994E-004
   11.2609970674487      -4.140999568570740E-004
   11.2785923753666      -3.894685498343101E-004
   11.2961876832845      -3.599459286138924E-004
   11.3137829912023      -3.327507684372790E-004
   11.3313782991202      -3.038179701749712E-004
   11.3489736070381      -2.802732120071138E-004
   11.3665689149560      -2.581612536861422E-004
   11.3841642228739      -2.443308411930997E-004
   11.4017595307918      -2.346391040415638E-004
   11.4193548387097      -2.343993263334238E-004
   11.4369501466276      -2.367527001727674E-004
   11.4545454545455      -2.456404423205719E-004
   11.4721407624633      -2.550157021810174E-004
   11.4897360703812      -2.692415374834385E-004
   11.5073313782991      -2.828502931461180E-004
   11.5249266862170      -3.004218756431260E-004
   11.5425219941349      -3.169477861746256E-004
   11.5601173020528      -3.371599405126803E-004
   11.5777126099707      -3.564602487304138E-004
   11.5953079178886      -3.797049799780623E-004
   11.6129032258065      -4.025697710635583E-004
   11.6304985337243      -4.288532935868976E-004
   11.6480938416422      -4.529934050968922E-004
   11.6656891495601      -4.783436542698470E-004
   11.6832844574780      -4.997423988096565E-004
   11.7008797653959      -5.206993587767250E-004
   11.7184750733138      -5.364959561111152E-004
   11.7360703812317      -5.508575121662020E-004
   11.7536656891496      -5.595917489645037E-004
   11.7712609970675      -5.667790786231184E-004
   11.7888563049853      -5.689706934045034E-004
   11.8064516129032      -5.711793257850328E-004
   11.8240469208211      -5.715419484281553E-004
   11.8416422287390      -5.748356719606038E-004
   11.8592375366569      -5.775074420412155E-004
   11.8768328445748      -5.829740275037236E-004
   11.8944281524927      -5.872215292710294E-004
   11.9120234604106      -5.930921435337526E-004
   11.9296187683284      -5.963675410494499E-004
   11.9472140762463      -5.994871679411008E-004
   11.9648093841642      -5.981257339760195E-004
   11.9824046920821      -5.944028414398518E-004
   12.0000000000000      -5.839510292201552E-004
   12.0175953079179      -5.691669595439330E-004
   12.0351906158358      -5.481974450705621E-004
   12.0527859237537      -5.255857014610947E-004
   12.0703812316716      -4.998260138749282E-004
   12.0879765395894      -4.751176337851593E-004
   12.1055718475073      -4.498470765264622E-004
   12.1231671554252      -4.278784061913061E-004
   12.1407624633431      -4.074707962992528E-004
   12.1583577712610      -3.921204405063919E-004
   12.1759530791789      -3.798854299636743E-004
   12.1935483870968      -3.737814900487000E-004
   12.2111436950147      -3.713106040562610E-004
   12.2287390029326      -3.744215567633158E-004
   12.2463343108504      -3.804721403516826E-004
   12.2639296187683      -3.917657395662373E-004
   12.2815249266862      -4.060494172180046E-004
   12.2991202346041      -4.255928121675052E-004
   12.3167155425220      -4.482077647827575E-004
   12.3343108504399      -4.759393881717877E-004
   12.3519061583578      -5.064511980205453E-004
   12.3695014662757      -5.412922499106490E-004
   12.3870967741935      -5.775454715412136E-004
   12.4046920821114      -6.151991046356459E-004
   12.4222873900293      -6.472639641358366E-004
   12.4398826979472      -6.693467503872796E-004
   12.4574780058651      -6.757251190334429E-004
   12.4750733137830      -6.653049906995596E-004
   12.4926686217009      -6.347256907764676E-004
   12.5102639296188      -5.849614399671552E-004
   12.5278592375367      -5.147453702866252E-004
   12.5454545454545      -4.272598483573751E-004
   12.5630498533724      -3.237974096370410E-004
   12.5806451612903      -2.108325064394954E-004
   12.5982404692082      -9.427486071533631E-005
   12.6158357771261       1.027728188168099E-005
   12.6334310850440       9.014796135931852E-005
   12.6510263929619       1.384503727180915E-004
   12.6686217008798       1.539698160848386E-004
   12.6862170087977       1.361003413047835E-004
   12.7038123167155       8.803623801092471E-005
   12.7214076246334       1.289042424397310E-005
   12.7390029325513      -8.273270553737414E-005
   12.7565982404692      -1.923206687909862E-004
   12.7741935483871      -3.056258541220751E-004
   12.7917888563050      -4.119150078302916E-004
   12.8093841642229      -4.946249804507994E-004
   12.8269794721408      -5.437227032297320E-004
   12.8445747800587      -5.596660696647449E-004
   12.8621700879765      -5.480246722441753E-004
   12.8797653958944      -5.141315463930917E-004
   12.8973607038123      -4.654636699419813E-004
   12.9149560117302      -4.087194436849705E-004
   12.9325513196481      -3.520957885845739E-004
   12.9501466275660      -3.027965115188080E-004
   12.9677419354839      -2.690986070404570E-004
   12.9853372434018      -2.580210356869619E-004
   13.0029325513196      -2.768488175549657E-004
   13.0205278592375      -3.260950183717076E-004
   13.0381231671554      -3.975563477882686E-004
   13.0557184750733      -4.830851510741291E-004
   13.0733137829912      -5.760776402066717E-004
   13.0909090909091      -6.702619016679962E-004
   13.1085043988270      -7.605121430459217E-004
   13.1260997067449      -8.418659830603189E-004
   13.1436950146628      -9.103824064407510E-004
   13.1612903225806      -9.622989029625516E-004
   13.1788856304985      -9.949005354599539E-004
   13.1964809384164      -1.005849504753027E-003
   13.2140762463343      -9.948911751579120E-004
   13.2316715542522      -9.645417440211390E-004
   13.2492668621701      -9.175308380449791E-004
   13.2668621700880      -8.560692632818392E-004
   13.2844574780059      -7.822836334176224E-004
   13.3020527859238      -6.982170531626553E-004
   13.3196480938416      -6.059226646798316E-004
   13.3372434017595      -5.074957583866994E-004
   13.3548387096774      -4.050439047969094E-004
   13.3724340175953      -3.007806509797138E-004
   13.3900293255132      -1.968897832919385E-004
   13.4076246334311      -9.553548692734714E-005
   13.4252199413490       2.980966203584456E-006
   13.4428152492669       9.975508772763398E-005
   13.4604105571848       1.956320720115196E-004
   13.4780058651026       2.908979355929813E-004
   13.4956011730205       3.856276199750028E-004
   13.5131964809384       4.792370484753213E-004
   13.5307917888563       5.708896609964357E-004
   13.5483870967742       6.588651418278870E-004
   13.5659824046921       7.410036189040193E-004
   13.5835777126100       8.137141527189526E-004
   13.6011730205279       8.720068235171223E-004
   13.6187683284457       9.071663039388261E-004
   13.6363636363636       9.128743491703147E-004
   13.6539589442815       8.875396102858005E-004
   13.6715542521994       8.311520696119310E-004
   13.6891495601173       7.452848755536259E-004
   13.7067448680352       6.323939199656371E-004
   13.7243401759531       4.960515465829350E-004
   13.7419354838710       3.406468734458573E-004
   13.7595307917889       1.716192117114859E-004
   13.7771260997067      -4.524910143504868E-006
   13.7947214076246      -1.798909947570720E-004
   13.8123167155425      -3.440615403458638E-004
   13.8299120234604      -4.889511381440697E-004
   13.8475073313783      -6.121483756928134E-004
   13.8651026392962      -7.126661143248418E-004
   13.8826979472141      -7.908512507835311E-004
   13.9002932551320      -8.472217294477148E-004
   13.9178885630499      -8.833718261171799E-004
   13.9354838709677      -9.008173920440439E-004
   13.9530791788856      -9.021832047176899E-004
   13.9706744868035      -8.899777856106085E-004
   13.9882697947214      -8.680771366912715E-004
   14.0058651026393      -8.408234562458730E-004
   14.0234604105572      -8.139729938740945E-004
   14.0410557184751      -7.897067514059171E-004
   14.0586510263930      -7.692145906921618E-004
   14.0762463343109      -7.521378871093833E-004
   14.0938416422287      -7.385338188175037E-004
   14.1114369501466      -7.269626615608155E-004
   14.1290322580645      -7.167320961087248E-004
   14.1466275659824      -7.054922736213569E-004
   14.1642228739003      -6.918180908413755E-004
   14.1818181818182      -6.722987682130484E-004
   14.1994134897361      -6.443753761206599E-004
   14.2170087976540      -6.029422502168228E-004
   14.2346041055718      -5.471650673498353E-004
   14.2521994134897      -4.767790625801232E-004
   14.2697947214076      -3.938678259779418E-004
   14.2873900293255      -2.990990259979461E-004
   14.3049853372434      -1.953980012663617E-004
   14.3225806451613      -8.388925841864622E-005
   14.3401759530792       3.184130101713636E-005
   14.3577712609971       1.502619475658895E-004
   14.3753665689150       2.670389747646222E-004
   14.3929618768328       3.800156236363141E-004
   14.4105571847507       4.833455676953456E-004
   14.4281524926686       5.744580812643494E-004
   14.4457478005865       6.499972352982592E-004
   14.4633431085044       7.106639253810627E-004
   14.4809384164223       7.544765972514642E-004
   14.4985337243402       7.832110857236884E-004
   14.5161290322581       7.955669339441935E-004
   14.5337243401760       7.942310485056764E-004
   14.5513196480938       7.785441373660537E-004
   14.5689149560117       7.522091629769164E-004
   14.5865102639296       7.154513549079707E-004
   14.6041055718475       6.736886780621178E-004
   14.6217008797654       6.284425272175924E-004
   14.6392961876833       5.830889405974164E-004
   14.6568914956012       5.344572845221356E-004
   14.6744868035191       4.839692269051661E-004
   14.6920821114370       4.274600446306773E-004
   14.7096774193548       3.659632439648152E-004
   14.7272727272727       2.947683639172957E-004
   14.7448680351906       2.148463113712536E-004
   14.7624633431085       1.211496682319625E-004
   14.7800586510264       1.484204204918160E-005
   14.7976539589443      -1.091621395990434E-004
   14.8152492668622      -2.477328194675557E-004
   14.8328445747801      -3.984081297168788E-004
   14.8504398826979      -5.505932008785799E-004
   14.8680351906158      -7.014167429635699E-004
   14.8856304985337      -8.411262785692848E-004
   14.9032258064516      -9.679499774967649E-004
   14.9208211143695      -1.072705293692077E-003
   14.9384164222874      -1.154691120305275E-003
   14.9560117302053      -1.205365771889952E-003
   14.9736070381232      -1.225353096569857E-003
   14.9912023460411      -1.207187124107737E-003
   15.0087976539589      -1.154458171178560E-003
   15.0263929618768      -1.068160647770370E-003
   15.0439882697947      -9.620632117844854E-004
   15.0615835777126      -8.384295870657723E-004
   15.0791788856305      -7.088186002976216E-004
   15.0967741935484      -5.736705172589806E-004
   15.1143695014663      -4.434835513506697E-004
   15.1319648093842      -3.172251839405027E-004
   15.1495601173021      -2.044507665006255E-004
   15.1671554252199      -1.025178893188634E-004
   15.1847507331378      -1.963989881515549E-005
   15.2023460410557       4.954679411494234E-005
   15.2199413489736       1.025693866820447E-004
   15.2375366568915       1.536328816072838E-004
   15.2551319648094       2.013404798166723E-004
   15.2727272727273       2.568443811188136E-004
   15.2903225806452       3.162743218012727E-004
   15.3079178885631       3.894061193992993E-004
   15.3255131964809       4.706345311360272E-004
   15.3431085043988       5.687027942544688E-004
   15.3607038123167       6.763047064577336E-004
   15.3782991202346       8.009556134552255E-004
   15.3958944281525       9.330968686458854E-004
   15.4134897360704       1.076932210110491E-003
   15.4310850439883       1.217026631705347E-003
   15.4486803519062       1.356944976378391E-003
   15.4662756598240       1.483755320936593E-003
   15.4838709677419       1.603538868796685E-003
   15.5014662756598       1.704241836561618E-003
   15.5190615835777       1.793387521687204E-003
   15.5366568914956       1.859392139508615E-003
   15.5542521994135       1.911072620309989E-003
   15.5718475073314       1.937315847563854E-003
   15.5894428152493       1.948446957275539E-003
   15.6070381231672       1.934671150719527E-003
   15.6246334310850       1.911420251589930E-003
   15.6422287390029       1.873470404154136E-003
   15.6598240469208       1.837119587124364E-003
   15.6774193548387       1.794885690552316E-003
   15.6950146627566       1.762543371984831E-003
   15.7126099706745       1.731206750144546E-003
   15.7302052785924       1.716430027612899E-003
   15.7478005865103       1.708018379949076E-003
   15.7653958944282       1.721289709835814E-003
   15.7829912023460       1.744528710041478E-003
   15.8005865102639       1.792340850590778E-003
   15.8181818181818       1.849098239530854E-003
   15.8357771260997       1.923766212926392E-003
   15.8533724340176       1.997375414257970E-003
   15.8709677419355       2.080786820936247E-003
   15.8885630498534       2.155429391049170E-003
   15.9061583577713       2.233518705233811E-003
   15.9237536656892       2.296363516281695E-003
   15.9413489736070       2.357296367080884E-003
   15.9589442815249       2.397349671129703E-003
   15.9765395894428       2.430917037570547E-003
   15.9941348973607       2.438708048492400E-003
   16.0117302052786       2.436461487098058E-003
   16.0293255131965       2.406839384180914E-003
   16.0469208211144       2.369745452263843E-003
   16.0645161290323       2.308329588339093E-003
   16.0821114369501       2.243308180540061E-003
   16.0997067448680       2.157173821613761E-003
   16.1173020527859       2.071584235641632E-003
   16.1348973607038       1.968422534680012E-003
   16.1524926686217       1.870407637729687E-003
   16.1700879765396       1.758909610411342E-003
   16.1876832844575       1.657944399587773E-003
   16.2052785923754       1.548855144137626E-003
   16.2228739002933       1.457402179430803E-003
   16.2404692082111       1.362662617765617E-003
   16.2580645161290       1.288398948994127E-003
   16.2756598240469       1.211057586138494E-003
   16.2932551319648       1.154413405403982E-003
   16.3108504398827       1.093063450251549E-003
   16.3284457478006       1.050978903026845E-003
   16.3460410557185       1.000837107264955E-003
   16.3636363636364       9.666711896017026E-004
   16.3812316715543       9.187659346689091E-004
   16.3988269794721       8.804018655300336E-004
   16.4164222873900       8.172676630652430E-004
   16.4340175953079       7.526863437880934E-004
   16.4516129032258       6.565224212772922E-004
   16.4692082111437       5.584050034165975E-004
   16.4868035190616       4.296074800673170E-004
   16.5043988269795       3.029791094894553E-004
   16.5219941348974       1.502155254373069E-004
   16.5395894428153       7.139466505605818E-006
   16.5571847507331      -1.541773261194238E-004
   16.5747800586510      -2.945355492587823E-004
   16.5923753665689      -4.408247227283299E-004
   16.6099706744868      -5.481071498690678E-004
   16.6275659824047      -6.422366908980802E-004
   16.6451612903226      -6.833349139651203E-004
   16.6627565982405      -7.075786570111084E-004
   16.6803519061584      -6.777378282892192E-004
   16.6979472140762      -6.339354828301175E-004
   16.7155425219941      -5.392943048471243E-004
   16.7331378299120      -4.373417136396654E-004
   16.7507331378299      -2.912213261901217E-004
   16.7683284457478      -1.480504947628635E-004
   16.7859237536657       2.864048397942648E-005
   16.8035190615836       1.866254500548265E-004
   16.8211143695015       3.595436364135111E-004
   16.8387096774194       4.932692273620323E-004
   16.8563049853372       6.302575060501048E-004
   16.8739002932551       7.192274835765604E-004
   16.8914956011730       8.071090172187576E-004
   16.9090909090909       8.422779429383858E-004
   16.9266862170088       8.753950785266856E-004
   16.9442815249267       8.539046517974183E-004
   16.9618768328446       8.322037804971699E-004
   16.9794721407625       7.567250381543527E-004
   16.9970674486804       6.861192717473025E-004
   17.0146627565982       5.668112434692451E-004
   17.0322580645161       4.617373353982831E-004
   17.0498533724340       3.122147601621373E-004
   17.0674486803519       1.816396350123103E-004
   17.0850439882698       7.378658518392922E-006
   17.1026392961877      -1.443719269315610E-004
   17.1202346041056      -3.396305820956966E-004
   17.1378299120235      -5.087271358628802E-004
   17.1554252199413      -7.209788303522619E-004
   17.1730205278592      -9.025808737878567E-004
   17.1906158357771      -1.125949432918274E-003
   17.2082111436950      -1.311612186456661E-003
   17.2258064516129      -1.532777890985001E-003
   17.2434017595308      -1.704154549676084E-003
   17.2609970674487      -1.905628944708658E-003
   17.2785923753666      -2.049427212250254E-003
   17.2961876832845      -2.221658466867747E-003
   17.3137829912023      -2.330437936268261E-003
   17.3313782991202      -2.468161841289493E-003
   17.3489736070381      -2.538046413796588E-003
   17.3665689149560      -2.639187304428200E-003
   17.3841642228739      -2.669201490552243E-003
   17.4017595307918      -2.734496068492251E-003
   17.4193548387097      -2.726268429493220E-003
   17.4369501466276      -2.758479146145648E-003
   17.4545454545455      -2.714588364809356E-003
   17.4721407624633      -2.717364421335845E-003
   17.4897360703812      -2.642075928577219E-003
   17.5073313782991      -2.621598763822527E-003
   17.5249266862170      -2.521938815344910E-003
   17.5425219941349      -2.487596973588635E-003
   17.5601173020528      -2.374093814159452E-003
   17.5777126099707      -2.339629476988806E-003
   17.5953079178886      -2.228112124114170E-003
   17.6129032258065      -2.215206883036757E-003
   17.6304985337243      -2.129618010784618E-003
   17.6480938416422      -2.158057302745467E-003
   17.6656891495601      -2.105154329746392E-003
   17.6832844574780      -2.175795454576958E-003
   17.7008797653959      -2.150905866174448E-003
   17.7184750733138      -2.259396395175524E-003
   17.7360703812317      -2.253781689029497E-003
   17.7536656891496      -2.393608430383675E-003
   17.7712609970675      -2.395856108436419E-003
   17.7888563049853      -2.559863088177218E-003
   17.8064516129032      -2.556424946520649E-003
   17.8240469208211      -2.741341908276922E-003
   17.8416422287390      -2.730364095265141E-003
   17.8592375366569      -2.960408749203653E-003
   17.8768328445748      -2.958004256219226E-003
   17.8944281524927      -3.276042821929769E-003
   17.9120234604106      -3.300254656252829E-003
   17.9296187683284      -3.782456860048754E-003
   17.9472140762463      -3.855199333206496E-003
   17.9648093841642      -4.698701584999413E-003
   17.9824046920821      -4.855286496844354E-003
   18.0000000000000      -7.325530791724965E-003
