  0.000000000000000E+000 -5.382598327532739E-003
  1.759530791788856E-002 -2.959940016765026E-003
  3.519061583577713E-002 -3.084160355881340E-003
  5.278592375366570E-002 -2.325326547624661E-003
  7.038123167155426E-002 -2.416248522675390E-003
  8.797653958944282E-002 -1.978708401363848E-003
  0.105571847507331      -2.051430755683268E-003
  0.123167155425220      -1.747686720160608E-003
  0.140762463343109      -1.808602867316724E-003
  0.158357771260997      -1.577495869606939E-003
  0.175953079178886      -1.630056607137006E-003
  0.193548387096774      -1.444317007073934E-003
  0.211143695014663      -1.490592830487219E-003
  0.228739002932551      -1.335696222469186E-003
  0.246334310850440      -1.376923663881368E-003
  0.263929618768328      -1.244195825769587E-003
  0.281524926686217      -1.281233544201688E-003
  0.299120234604106      -1.165148863662231E-003
  0.316715542521994      -1.198634998866724E-003
  0.334310850439883      -1.095459507783342E-003
  0.351906158357771      -1.125877741251941E-003
  0.369501466275660      -1.032972401204850E-003
  0.387096774193548      -1.060696314378506E-003
  0.404692082111437      -9.761234444594136E-004
  0.422287390029326      -1.001420326205868E-003
  0.439882697947214      -9.236388562808227E-004
  0.457478005865103      -9.466168777846274E-004
  0.475073313782991      -8.743755129662968E-004
  0.492668621700880      -8.951266558525999E-004
  0.510263929618768      -8.274603164891321E-004
  0.527859237536657      -8.460896783481518E-004
  0.545454545454546      -7.822588861768080E-004
  0.563049853372434      -7.989019340364564E-004
  0.580645161290323      -7.383689391225804E-004
  0.598240469208211      -7.532335196768806E-004
  0.615835777126100      -6.957265594037616E-004
  0.633431085043988      -7.093278115292684E-004
  0.651026392961877      -6.550387319902335E-004
  0.668621700879765      -6.680258699458337E-004
  0.686217008797654      -6.170813119787456E-004
  0.703812316715543      -6.299088776810547E-004
  0.721407624633431      -5.823458777428776E-004
  0.739002932551320      -5.953442854923573E-004
  0.756598240469208      -5.511337056944825E-004
  0.774193548387097      -5.645170540742599E-004
  0.791788856304985      -5.235424774352019E-004
  0.809384164222874      -5.373562177119594E-004
  0.826979472140763      -4.992491630125752E-004
  0.844574780058651      -5.131644480106928E-004
  0.862170087976540      -4.773668160278271E-004
  0.879765395894428      -4.911183591573408E-004
  0.897360703812317      -4.572654078347669E-004
  0.914956011730205      -4.707158706100302E-004
  0.932551319648094      -4.385537022946878E-004
  0.950146627565982      -4.516434270687443E-004
  0.967741935483871      -4.210084824407513E-004
  0.985337243401760      -4.337543035687028E-004
   1.00293255131965      -4.045899544035412E-004
   1.02052785923754      -4.171356287972084E-004
   1.03812316715543      -3.895146662363120E-004
   1.05571847507331      -4.019774087804200E-004
   1.07331378299120      -3.758012638504267E-004
   1.09090909090909      -3.881150066092662E-004
   1.10850439882698      -3.631856965059182E-004
   1.12609970674487      -3.752132190022652E-004
   1.14369501466276      -3.512817737167701E-004
   1.16129032258065      -3.628303939224554E-004
   1.17888563049853      -3.395975339669514E-004
   1.19648093841642      -3.504073057117415E-004
   1.21407624633431      -3.274934577634117E-004
   1.23167155425220      -3.372792251725770E-004
   1.24926686217009      -3.145347654001171E-004
   1.26686217008798      -3.234452241675346E-004
   1.28445747800587      -3.010806456330454E-004
   1.30205278592375      -3.094394074620684E-004
   1.31964809384164      -2.877673664034990E-004
   1.33724340175953      -2.959825784084208E-004
   1.35483870967742      -2.754049068575110E-004
   1.37243401759531      -2.839794277021474E-004
   1.39002932551320      -2.650175744187174E-004
   1.40762463343109      -2.746242936525862E-004
   1.42521994134897      -2.580179487643458E-004
   1.44281524926686      -2.693403548627090E-004
   1.46041055718475      -2.553876901234935E-004
   1.47800586510264      -2.684561561783779E-004
   1.49560117302053      -2.569912317885130E-004
   1.51319648093842      -2.715685755002416E-004
   1.53079178885631      -2.622228688880583E-004
   1.54838709677419      -2.778809983058621E-004
   1.56598240469208      -2.700944717697661E-004
   1.58357771260997      -2.861898914852394E-004
   1.60117302052786      -2.791342004537007E-004
   1.61876832844575      -2.946514606864064E-004
   1.63636363636364      -2.872185699452199E-004
   1.65395894428153      -3.014312491634935E-004
   1.67155425219941      -2.933423768618257E-004
   1.68914956011730      -3.062615255431080E-004
   1.70674486803519      -2.976418989524895E-004
   1.72434017595308      -3.095240350978699E-004
   1.74193548387097      -3.006970531832154E-004
   1.75953079178886      -3.119740107940197E-004
   1.77712609970675      -3.034356275879275E-004
   1.79472140762463      -3.147218309411671E-004
   1.81231671554252      -3.071853533507200E-004
   1.82991202346041      -3.191803270573945E-004
   1.84750733137830      -3.129122557323678E-004
   1.86510263929619      -3.254004891524836E-004
   1.88269794721408      -3.199250212616788E-004
   1.90029325513196      -3.323754376724794E-004
   1.91788856304985      -3.271000686703133E-004
   1.93548387096774      -3.389050706922382E-004
   1.95307917888563      -3.331783784021808E-004
   1.97067448680352      -3.436793445636801E-004
   1.98826979472141      -3.368030427801876E-004
   2.00586510263930      -3.452921656101888E-004
   2.02346041055718      -3.366575921097279E-004
   2.04105571847507      -3.430405342735377E-004
   2.05865102639296      -3.331761633005517E-004
   2.07624633431085      -3.382960641409624E-004
   2.09384164222874      -3.280714686300518E-004
   2.11143695014663      -3.328237963040854E-004
   2.12903225806452      -3.231311172514596E-004
   2.14662756598241      -3.284304483223408E-004
   2.16422287390029      -3.201813620495142E-004
   2.18181818181818      -3.269637344581195E-004
   2.19941348973607      -3.210985443806580E-004
   2.21700879765396      -3.302807797204726E-004
   2.23460410557185      -3.273191922212130E-004
   2.25219941348974      -3.387023306369494E-004
   2.26979472140762      -3.379375068931509E-004
   2.28739002932551      -3.507026175755156E-004
   2.30498533724340      -3.512753826241046E-004
   2.32258064516129      -3.645480707782206E-004
   2.34017595307918      -3.655479912690745E-004
   2.35777126099707      -3.783998402697928E-004
   2.37536656891496      -3.788546401053161E-004
   2.39296187683284      -3.902788181946325E-004
   2.41055718475073      -3.891069279185426E-004
   2.42815249266862      -3.981135261846998E-004
   2.44574780058651      -3.947720723541845E-004
   2.46334310850440      -4.013832002019214E-004
   2.48093841642229      -3.961680828065844E-004
   2.49853372434018      -4.007837175354029E-004
   2.51612903225806      -3.941532157921397E-004
   2.53372434017595      -3.972999926712587E-004
   2.55131964809384      -3.898311187048015E-004
   2.56891495601173      -3.921561353792355E-004
   2.58651026392962      -3.845596450550205E-004
   2.60410557184751      -3.868796021020525E-004
   2.62170087976540      -3.800536720807108E-004
   2.63929618768328      -3.831379975992815E-004
   2.65689149560117      -3.774388510190508E-004
   2.67448680351906      -3.813164136799160E-004
   2.69208211143695      -3.766333478737936E-004
   2.70967741935484      -3.811338041193945E-004
   2.72727272727273      -3.772385189456419E-004
   2.74486803519062      -3.820979093485237E-004
   2.76246334310850      -3.786807702837341E-004
   2.78005865102639      -3.835571628978033E-004
   2.79765395894428      -3.802265029096321E-004
   2.81524926686217      -3.846856661688211E-004
   2.83284457478006      -3.810319408993347E-004
   2.85043988269795      -3.848544353464197E-004
   2.86803519061584      -3.808440434381734E-004
   2.88563049853372      -3.840861594555690E-004
   2.90322580645161      -3.798012483857195E-004
   2.92082111436950      -3.825743536908008E-004
   2.93841642228739      -3.781417872712400E-004
   2.95601173020528      -3.806002280778233E-004
   2.97360703812317      -3.761942146878974E-004
   2.99120234604106      -3.785503008912633E-004
   3.00879765395894      -3.744334808303376E-004
   3.02639296187683      -3.770385630252616E-004
   3.04398826979472      -3.735800715629309E-004
   3.06158357771261      -3.767101938192807E-004
   3.07917888563050      -3.740544960094646E-004
   3.09677419354839      -3.777768173492826E-004
   3.11436950146628      -3.759258878610647E-004
   3.13196480938416      -3.801919103118754E-004
   3.14956011730205      -3.790366882483970E-004
   3.16715542521994      -3.836813370657851E-004
   3.18475073313783      -3.829788870749453E-004
   3.20234604105572      -3.876604611392683E-004
   3.21994134897361      -3.868782712686001E-004
   3.23753665689150      -3.908538676834545E-004
   3.25513196480938      -3.892349460224978E-004
   3.27272727272727      -3.919452652721496E-004
   3.29032258064516      -3.890992777174418E-004
   3.30791788856305      -3.902713108398274E-004
   3.32551319648094      -3.860151824743969E-004
   3.34310850439883      -3.855581226880992E-004
   3.36070381231672      -3.798871672395811E-004
   3.37829912023460      -3.779033652062605E-004
   3.39589442815249      -3.710444915834888E-004
   3.41348973607038      -3.679863386022618E-004
   3.43108504398827      -3.607525346493859E-004
   3.44868035190616      -3.576617686665925E-004
   3.46627565982405      -3.509523297522849E-004
   3.48387096774194      -3.484776063041023E-004
   3.50146627565982      -3.427615682378634E-004
   3.51906158357771      -3.412473067489093E-004
   3.53665689149560      -3.367524467563700E-004
   3.55425219941349      -3.363219400951256E-004
   3.57184750733138      -3.330544469102928E-004
   3.58944281524927      -3.335885083075408E-004
   3.60703812316716      -3.312418363959824E-004
   3.62463343108504      -3.321411300592799E-004
   3.64222873900293      -3.298663804028883E-004
   3.65982404692082      -3.303500930368187E-004
   3.67741935483871      -3.276053711210018E-004
   3.69501466275660      -3.273057524595873E-004
   3.71260997067449      -3.238220018727117E-004
   3.73020527859238      -3.225539552779532E-004
   3.74780058651026      -3.182111392357913E-004
   3.76539589442815      -3.159222691888497E-004
   3.78299120234604      -3.107304821997934E-004
   3.80058651026393      -3.075114218143662E-004
   3.81818181818182      -3.016714251869488E-004
   3.83577712609971      -2.978428989502180E-004
   3.85337243401760      -2.916683463064852E-004
   3.87096774193548      -2.874387215945315E-004
   3.88856304985337      -2.810485383535002E-004
   3.90615835777126      -2.764927017622856E-004
   3.92375366568915      -2.699243685755722E-004
   3.94134897360704      -2.650544543588687E-004
   3.95894428152493      -2.582905611887726E-004
   3.97653958944282      -2.530651403576179E-004
   3.99413489736070      -2.460306791265289E-004
   4.01173020527859      -2.403366024398246E-004
   4.02932551319648      -2.329028872801069E-004
   4.04692082111437      -2.267012325305876E-004
   4.06451612903226      -2.189579266387340E-004
   4.08211143695015      -2.124162046837944E-004
   4.09970674486804      -2.045548671042338E-004
   4.11730205278592      -1.978830020767399E-004
   4.13489736070381      -1.901219235475163E-004
   4.15249266862170      -1.835494135966717E-004
   4.17008797653959      -1.761217886876916E-004
   4.18768328445748      -1.698895932774834E-004
   4.20527859237537      -1.630367681358844E-004
   4.22287390029326      -1.573524019056007E-004
   4.24046920821114      -1.511405340879033E-004
   4.25806451612903      -1.459026511213936E-004
   4.27565982404692      -1.401529789304750E-004
   4.29325513196481      -1.351796245326156E-004
   4.31085043988270      -1.297063245416700E-004
   4.32844574780059      -1.248114982706719E-004
   4.34604105571848      -1.194210126289907E-004
   4.36363636363636      -1.144060403061379E-004
   4.38123167155425      -1.088846363326140E-004
   4.39882697947214      -1.035173945352476E-004
   4.41642228739003      -9.759367106320319E-005
   4.43401759530792      -9.160021801377995E-005
   4.45161290322581      -8.509545565564266E-005
   4.46920821114370      -7.843432276450540E-005
   4.48680351906158      -7.138690724897435E-005
   4.50439882697947      -6.414595931251474E-005
   4.52199413489736      -5.667948074976086E-005
   4.53958944281525      -4.901954919206631E-005
   4.55718475073314      -4.132664774000272E-005
   4.57478005865103      -3.347877492893312E-005
   4.59237536656892      -2.582871098279887E-005
   4.60997067448680      -1.811872887944817E-005
   4.62756598240469      -1.086507270530312E-005
   4.64516129032258      -3.566563083321067E-006
   4.66275659824047       3.170665705014716E-006
   4.68035190615836       1.002845097599538E-005
   4.69794721407625       1.625212453290671E-005
   4.71554252199414       2.268343137930122E-005
   4.73313782991202       2.841812718958330E-005
   4.75073313782991       3.444962910216486E-005
   4.76832844574780       3.972606352503640E-005
   4.78592375366569       4.538593434973636E-005
   4.80351906158358       5.023179773678927E-005
   4.82111436950147       5.553652730430827E-005
   4.83870967741935       5.995132569270728E-005
   4.85630498533724       6.488037258617836E-005
   4.87390029325513       6.884038098581961E-005
   4.89149560117302       7.336769129593763E-005
   4.90909090909091       7.684694609345091E-005
   4.92668621700880       8.094090490680211E-005
   4.94428152492669       8.390488218865134E-005
   4.96187683284458       8.752242550110257E-005
   4.97947214076246       8.992164363333731E-005
   4.99706744868035       9.299985134169234E-005
   5.01466275659824       9.475781361799126E-005
   5.03225806451613       9.721963187381555E-005
   5.04985337243402       9.830361131273869E-005
   5.06744868035191       1.001632205398715E-004
   5.08504398826980       1.006099876325531E-004
   5.10263929618768       1.019059147480324E-004
   5.12023460410557       1.017550887995736E-004
   5.13782991202346       1.025209885720029E-004
   5.15542521994135       1.018012479124685E-004
   5.17302052785924       1.020531643381226E-004
   5.19061583577713       1.007667613312892E-004
   5.20821114369502       1.004767923230361E-004
   5.22580645161290       9.855316845182087E-005
   5.24340175953079       9.762866780515947E-005
   5.26099706744868       9.501555781545450E-005
   5.27859237536657       9.345713672519460E-005
   5.29618768328446       9.018943687641246E-005
   5.31378299120235       8.804891542204059E-005
   5.33137829912024       8.419385512243946E-005
   5.34897360703812       8.154626733457151E-005
   5.36656891495601       7.718734682395274E-005
   5.38416422287390       7.411777433879486E-005
   5.40175953079179       6.934070034782666E-005
   5.41935483870968       6.591336977928749E-005
   5.43695014662757       6.072511550724239E-005
   5.45454545454546       5.688401824017171E-005
   5.47214076246334       5.121944705442576E-005
   5.48973607038123       4.691462729267049E-005
   5.50733137829912       4.073941360203487E-005
   5.52492668621701       3.594508433708334E-005
   5.54252199413490       2.924258577623839E-005
   5.56011730205279       2.394535539488203E-005
   5.57771260997067       1.670549670883989E-005
   5.59530791788856       1.089065632056715E-005
   5.61290322580645       3.084724602778935E-006
   5.63049853372434      -3.309721593593620E-006
   5.64809384164223      -1.175091535995328E-005
   5.66568914956012      -1.875799926744145E-005
   5.68328445747801      -2.781751482357855E-005
   5.70087976539589      -3.538681998127134E-005
   5.71847507331378      -4.498467370989685E-005
   5.73607038123167      -5.301246947874761E-005
   5.75366568914956      -6.301912931705606E-005
   5.77126099706745      -7.135330990017645E-005
   5.78885630498534      -8.158987261347811E-005
   5.80645161290323      -9.002418807474908E-005
   5.82404692082111      -1.002727340369359E-004
   5.84164222873900      -1.086500237326549E-004
   5.85923753665689      -1.188501365629889E-004
   5.87683284457478      -1.271610521926204E-004
   5.89442815249267      -1.373028512657073E-004
   5.91202346041056      -1.455301958868030E-004
   5.92961876832845      -1.555830242973806E-004
   5.94721407624634      -1.636827262272629E-004
   5.96480938416422      -1.735831404273341E-004
   5.98240469208211      -1.814709172351100E-004
   6.00000000000000      -1.911032927198858E-004
   6.01759530791789      -1.986175133527959E-004
   6.03519061583578      -2.077704688166374E-004
   6.05278592375367      -2.147079297409615E-004
   6.07038123167156      -2.232280172799275E-004
   6.08797653958944      -2.294738706248022E-004
   6.10557184750733      -2.372618275686593E-004
   6.12316715542522      -2.427277954877548E-004
   6.14076246334311      -2.496993325177229E-004
   6.15835777126100      -2.543053265096587E-004
   6.17595307917889      -2.603797055427301E-004
   6.19354838709677      -2.640455186097664E-004
   6.21114369501466      -2.691410594552044E-004
   6.22873900293255      -2.718158790065641E-004
   6.24633431085044      -2.759554776848357E-004
   6.26392961876833      -2.777272050620052E-004
   6.28152492668622      -2.810112647257798E-004
   6.29912023460411      -2.819733348925268E-004
   6.31671554252199      -2.844835584691209E-004
   6.33431085043988      -2.847065148289993E-004
   6.35190615835777      -2.864970293335314E-004
   6.36950146627566      -2.860174270257761E-004
   6.38709677419355      -2.870989822829856E-004
   6.40469208211144      -2.858913703706183E-004
   6.42228739002933      -2.861763943843204E-004
   6.43988269794721      -2.841083213824389E-004
   6.45747800586510      -2.834927461172800E-004
   6.47507331378299      -2.805298681942438E-004
   6.49266862170088      -2.790213310394737E-004
   6.51026392961877      -2.751945213975167E-004
   6.52785923753666      -2.728370144207498E-004
   6.54545454545455      -2.682002140669566E-004
   6.56304985337243      -2.650512784604536E-004
   6.58064516129032      -2.596636981206758E-004
   6.59824046920821      -2.557768062099815E-004
   6.61583577712610      -2.496782099179644E-004
   6.63343108504399      -2.450724247923279E-004
   6.65102639296188      -2.382875573675953E-004
   6.66862170087977      -2.330154408590067E-004
   6.68621700879765      -2.256214305392834E-004
   6.70381231671554      -2.197701155109652E-004
   6.72140762463343      -2.118601598380196E-004
   6.73900293255132      -2.055220251423146E-004
   6.75659824046921      -1.971853121238474E-004
   6.77419354838710      -1.904379513461779E-004
   6.79178885630499      -1.817340852256874E-004
   6.80938416422287      -1.745929983447528E-004
   6.82697947214076      -1.654383701546106E-004
   6.84457478005865      -1.577135814756667E-004
   6.86217008797654      -1.479176724710847E-004
   6.87976539589443      -1.394929902042591E-004
   6.89736070381232      -1.290058258045967E-004
   6.91495601173021      -1.198755634225840E-004
   6.93255131964809      -1.087303868299339E-004
   6.95014662756598      -9.896009320512966E-005
   6.96774193548387      -8.725423036682874E-005
   6.98533724340176      -7.696981435106042E-005
   7.00293255131965      -6.486048458529381E-005
   7.02052785923754      -5.424605208640912E-005
   7.03812316715543      -4.192071883074107E-005
   7.05571847507331      -3.113481530956865E-005
   7.07331378299120      -1.873292785911004E-005
   7.09090909090909      -7.916798218051112E-006
   7.10850439882698       4.409899520651149E-006
   7.12609970674487       1.509476737302688E-005
   7.14369501466276       2.717303386074239E-005
   7.16129032258065       3.754376901549707E-005
   7.17888563049853       4.918045452443142E-005
   7.19648093841642       5.903749461860140E-005
   7.21407624633431       7.004029637873907E-005
   7.23167155425220       7.927703679960803E-005
   7.24926686217009       8.968704102566200E-005
   7.26686217008798       9.842513651235929E-005
   7.28445747800587       1.083505490723528E-004
   7.30205278592375       1.166662235938927E-004
   7.31964809384164       1.261525789899274E-004
   7.33724340175953       1.340627345256273E-004
   7.35483870967742       1.430961434218569E-004
   7.37243401759531       1.505559003902634E-004
   7.39002932551320       1.590558918396188E-004
   7.40762463343109       1.659431693634606E-004
   7.42521994134897       1.737603716951269E-004
   7.44281524926686       1.799731412867059E-004
   7.46041055718475       1.870982270781956E-004
   7.47800586510264       1.926765133076194E-004
   7.49560117302053       1.991470992436485E-004
   7.51319648093842       2.041143039800703E-004
   7.53079178885631       2.099326004451013E-004
   7.54838709677419       2.142656163534992E-004
   7.56598240469208       2.193760929956779E-004
   7.58357771260997       2.229799934413736E-004
   7.60117302052786       2.272324002275473E-004
   7.61876832844575       2.298815402858098E-004
   7.63636363636364       2.330189157733153E-004
   7.65395894428153       2.345516288110567E-004
   7.67155425219941       2.365393359310143E-004
   7.68914956011730       2.369809281593822E-004
   7.70674486803519       2.378615318052104E-004
   7.72434017595308       2.372589132073859E-004
   7.74193548387097       2.370721006481234E-004
   7.75953079178886       2.354502616764024E-004
   7.77712609970675       2.341941206509320E-004
   7.79472140762463       2.315110286038846E-004
   7.81231671554252       2.290671694731567E-004
   7.82991202346041       2.251094283991423E-004
   7.84750733137830       2.212690598208617E-004
   7.86510263929619       2.159554092265909E-004
   7.88269794721408       2.107538453877817E-004
   7.90029325513197       2.041794875115897E-004
   7.91788856304985       1.977449659108953E-004
   7.93548387096774       1.900595802241306E-004
   7.95307917888563       1.825522608503547E-004
   7.97067448680352       1.739176748476628E-004
   7.98826979472141       1.654887076934888E-004
   8.00586510263930       1.560231981045451E-004
   8.02346041055718       1.466979333682386E-004
   8.04105571847507       1.363037216192915E-004
   8.05865102639296       1.259557642386672E-004
   8.07624633431085       1.145826315602036E-004
   8.09384164222874       1.032360598631422E-004
   8.11143695014663       9.095576895949448E-005
   8.12903225806452       7.871735230741627E-005
   8.14662756598241       6.566294760962156E-005
   8.16422287390029       5.268364704668348E-005
   8.18181818181818       3.901524235520083E-005
   8.19941348973607       2.545010494014738E-005
   8.21700879765396       1.127469727303700E-005
   8.23460410557185      -2.896887496356486E-006
   8.25219941348974      -1.770251852809319E-005
   8.26979472140763      -3.257420095753285E-005
   8.28739002932551      -4.801770378151911E-005
   8.30498533724340      -6.352922887560881E-005
   8.32258064516129      -7.949488026978828E-005
   8.34017595307918      -9.548285513168538E-005
   8.35777126099707      -1.117637455275762E-004
   8.37536656891496      -1.279824959080191E-004
   8.39296187683285      -1.442977591530957E-004
   8.41055718475073      -1.604452493235166E-004
   8.42815249266862      -1.765662280192363E-004
   8.44574780058651      -1.926100092672268E-004
   8.46334310850440      -2.086474047054994E-004
   8.48093841642229      -2.246936826721199E-004
   8.49853372434018      -2.406947205270030E-004
   8.51612903225807      -2.567348572050406E-004
   8.53372434017595      -2.726348063153260E-004
   8.55131964809384      -2.885467069108468E-004
   8.56891495601173      -3.041622249335267E-004
   8.58651026392962      -3.196951435457957E-004
   8.60410557184751      -3.346926019665599E-004
   8.62170087976540      -3.494364110876667E-004
   8.63929618768329      -3.634519936338105E-004
   8.65689149560117      -3.772297876468691E-004
   8.67448680351906      -3.902260574537804E-004
   8.69208211143695      -4.030267901596872E-004
   8.70967741935484      -4.149810091855330E-004
   8.72727272727273      -4.267583972169576E-004
   8.74486803519062      -4.375904916674735E-004
   8.76246334310851      -4.482217994802985E-004
   8.78005865102639      -4.577539980302458E-004
   8.79765395894428      -4.669888208407635E-004
   8.81524926686217      -4.748649475584176E-004
   8.83284457478006      -4.822911872380299E-004
   8.85043988269795      -4.882318335310018E-004
   8.86803519061584      -4.937786972546855E-004
   8.88563049853373      -4.978208227086689E-004
   8.90322580645161      -5.015556170644208E-004
   8.92082111436950      -5.037721570965903E-004
   8.93841642228739      -5.057580647198558E-004
   8.95601173020528      -5.061897165971123E-004
   8.97360703812317      -5.064297307536906E-004
   8.99120234604106      -5.050231302390863E-004
   9.00879765395895      -5.033631123416875E-004
   9.02639296187683      -4.998168561845765E-004
   9.04398826979472      -4.959090271433257E-004
   9.06158357771261      -4.900222642969857E-004
   9.07917888563050      -4.838435733812191E-004
   9.09677419354839      -4.756871445498866E-004
   9.11436950146628      -4.673558501394474E-004
   9.13196480938416      -4.570763639144303E-004
   9.14956011730205      -4.467511543408875E-004
   9.16715542521994      -4.345056107379657E-004
   9.18475073313783      -4.223240490965270E-004
   9.20234604105572      -4.082017744804920E-004
   9.21994134897361      -3.941331063886194E-004
   9.23753665689150      -3.779413209951837E-004
   9.25513196480938      -3.617684800495478E-004
   9.27272727272727      -3.434249738531987E-004
   9.29032258064516      -3.251930804451441E-004
   9.30791788856305      -3.048211739874761E-004
   9.32551319648094      -2.847098957920607E-004
   9.34310850439883      -2.625311746751230E-004
   9.36070381231672      -2.407924978215745E-004
   9.37829912023460      -2.170774681204393E-004
   9.39589442815249      -1.939851438331900E-004
   9.41348973607038      -1.689705342800169E-004
   9.43108504398827      -1.446324371068899E-004
   9.44868035190616      -1.182946154620596E-004
   9.46627565982405      -9.269604847395171E-005
   9.48387096774194      -6.511637181354136E-005
   9.50146627565982      -3.842028074507366E-005
   9.51906158357771      -9.823657797082587E-006
   9.53665689149560       1.769433354684104E-005
   9.55425219941349       4.698894740507631E-005
   9.57184750733138       7.497523688608840E-005
   9.58944281524927       1.045878093742698E-004
   9.60703812316716       1.326568376393201E-004
   9.62463343108504       1.622882687421608E-004
   9.64222873900293       1.903481361949200E-004
   9.65982404692082       2.200510847500810E-004
   9.67741935483871       2.481256557541073E-004
   9.69501466275660       2.778355962097420E-004
   9.71260997067449       3.057883479102435E-004
   9.73020527859238       3.353035883627788E-004
   9.74780058651026       3.628744009351725E-004
   9.76539589442815       3.918797224653633E-004
   9.78299120234604       4.187043882908005E-004
   9.80058651026393       4.467934275810122E-004
   9.81818181818182       4.724854390102864E-004
   9.83577712609971       4.994898347602638E-004
   9.85337243401760       5.241912599297700E-004
   9.87096774193548       5.503512753430264E-004
   9.88856304985337       5.742210746988752E-004
   9.90615835777126       5.995940036664312E-004
   9.92375366568915       6.225917493473988E-004
   9.94134897360704       6.470363367435821E-004
   9.95894428152493       6.689159105018145E-004
   9.97653958944282       6.920696213663531E-004
   9.99413489736071       7.123365951428500E-004
   10.0117302052786       7.335374731812920E-004
   10.0293255131965       7.514759474550781E-004
   10.0469208211144       7.702889208327591E-004
   10.0645161290323       7.858596401821604E-004
   10.0821114369501       8.024170947015969E-004
   10.0997067448680       8.157566390890467E-004
   10.1173020527859       8.301556767722791E-004
   10.1348973607038       8.412998792163727E-004
   10.1524926686217       8.534916497148110E-004
   10.1700879765396       8.622826314671856E-004
   10.1876832844575       8.719637937068544E-004
   10.2052785923754       8.778778939094521E-004
   10.2228739002933       8.842211942826688E-004
   10.2404692082111       8.863517080543804E-004
   10.2580645161290       8.888287207429271E-004
   10.2756598240469       8.871024726377202E-004
   10.2932551319648       8.858580571560290E-004
   10.3108504398827       8.805146550793122E-004
   10.3284457478006       8.758364985117222E-004
   10.3460410557185       8.671775569121370E-004
   10.3636363636364       8.593508793746215E-004
   10.3812316715543       8.476109473884405E-004
   10.3988269794721       8.367679831261241E-004
   10.4164222873900       8.218600986901838E-004
   10.4340175953079       8.076277147901128E-004
   10.4516129032258       7.891786140664281E-004
   10.4692082111437       7.714979472947365E-004
   10.4868035190616       7.497308031297711E-004
   10.5043988269795       7.289803337063571E-004
   10.5219941348974       7.043755793117195E-004
   10.5395894428153       6.811028153031427E-004
   10.5571847507331       6.542523075965492E-004
   10.5747800586510       6.290667926554510E-004
   10.5923753665689       6.005732839875275E-004
   10.6099706744868       5.740214744148795E-004
   10.6275659824047       5.443599179810447E-004
   10.6451612903226       5.169750782304352E-004
   10.6627565982405       4.868780903561742E-004
   10.6803519061584       4.595394088590563E-004
   10.6979472140762       4.299225128234925E-004
   10.7155425219941       4.035173713348524E-004
   10.7331378299120       3.751926941364829E-004
   10.7507331378299       3.503934866387981E-004
   10.7683284457478       3.238105519481084E-004
   10.7859237536657       3.007031029679152E-004
   10.8035190615836       2.752676642432114E-004
   10.8211143695015       2.515850780411867E-004
   10.8387096774194       2.225471296270764E-004
   10.8563049853372       1.926763809151443E-004
   10.8739002932551       1.558754772382614E-004
   10.8914956011730       1.173676050306569E-004
   10.9090909090909       7.160458775850798E-005
   10.9266862170088       2.435415617327707E-005
   10.9442815249267      -2.943321022626671E-005
   10.9618768328446      -8.342356847600057E-005
   10.9794721407625      -1.420559913076265E-004
   10.9970674486804      -1.982022167180515E-004
   11.0146627565982      -2.551266997397324E-004
   11.0322580645161      -3.055495149044163E-004
   11.0498533724340      -3.547099996115333E-004
   11.0674486803519      -3.968466229149039E-004
   11.0850439882698      -4.377323295584921E-004
   11.1026392961877      -4.718126336043826E-004
   11.1202346041056      -5.049733215913337E-004
   11.1378299120235      -5.316385199153197E-004
   11.1554252199413      -5.576206797357357E-004
   11.1730205278592      -5.771155806809609E-004
   11.1906158357771      -5.955989442353736E-004
   11.2082111436950      -6.063925162154507E-004
   11.2258064516129      -6.134771828770263E-004
   11.2434017595308      -6.099091547113010E-004
   11.2609970674487      -6.011596381915104E-004
   11.2785923753666      -5.815332896944409E-004
   11.2961876832845      -5.572507097445019E-004
   11.3137829912023      -5.232369589864588E-004
   11.3313782991202      -4.862547750667181E-004
   11.3489736070381      -4.417389453844292E-004
   11.3665689149560      -3.969582094309736E-004
   11.3841642228739      -3.478887130415117E-004
   11.4017595307918      -3.024557198091568E-004
   11.4193548387097      -2.570690109578059E-004
   11.4369501466276      -2.181469514274266E-004
   11.4545454545455      -1.797856158683250E-004
   11.4721407624633      -1.476533929453997E-004
   11.4897360703812      -1.157537336582950E-004
   11.5073313782991      -8.975031693725904E-005
   11.5249266862170      -6.372729334035154E-005
   11.5425219941349      -4.346150834538437E-005
   11.5601173020528      -2.321338765455483E-005
   11.5777126099707      -8.990274699440304E-006
   11.5953079178886       4.612567600326023E-006
   11.6129032258065       1.101088389700938E-005
   11.6304985337243       1.548650405219981E-005
   11.6480938416422       1.255317999159305E-005
   11.6656891495601       8.476486611926460E-006
   11.6832844574780      -1.836535998144262E-006
   11.7008797653959      -1.195854381345507E-005
   11.7184750733138      -2.686117567969848E-005
   11.7360703812317      -4.009652496597244E-005
   11.7536656891496      -5.662641858947237E-005
   11.7712609970675      -7.010721989696905E-005
   11.7888563049853      -8.564302808342267E-005
   11.8064516129032      -9.736501104341100E-005
   11.8240469208211      -1.117249674101701E-004
   11.8416422287390      -1.243126114053324E-004
   11.8592375366569      -1.413639689553694E-004
   11.8768328445748      -1.576651836647567E-004
   11.8944281524927      -1.788785663394402E-004
   11.9120234604106      -1.993444132211029E-004
   11.9296187683284      -2.242614080327307E-004
   11.9472140762463      -2.475650321108297E-004
   11.9648093841642      -2.739598378279575E-004
   11.9824046920821      -2.968712109131264E-004
   12.0000000000000      -3.202486824631908E-004
   12.0175953079179      -3.365572649951891E-004
   12.0351906158358      -3.501265527345388E-004
   12.0527859237537      -3.556749010375946E-004
   12.0703812316716      -3.588608272631215E-004
   12.0879765395894      -3.549699945539473E-004
   12.1055718475073      -3.499498013386108E-004
   12.1231671554252      -3.393710260836707E-004
   12.1407624633431      -3.293119919455434E-004
   12.1583577712610      -3.155417007063753E-004
   12.1759530791789      -3.041892922965183E-004
   12.1935483870968      -2.911607460139766E-004
   12.2111436950147      -2.824780390724731E-004
   12.2287390029326      -2.735183599565371E-004
   12.2463343108504      -2.695453293266490E-004
   12.2639296187683      -2.659622049637484E-004
   12.2815249266862      -2.682073608813013E-004
   12.2991202346041      -2.719593714838880E-004
   12.3167155425220      -2.827753796272341E-004
   12.3343108504399      -2.966021153280128E-004
   12.3519061583578      -3.191158224199320E-004
   12.3695014662757      -3.465559528331362E-004
   12.3870967741935      -3.847501788510677E-004
   12.4046920821114      -4.302964947877406E-004
   12.4222873900293      -4.874100208834188E-004
   12.4398826979472      -5.476752779841344E-004
   12.4574780058651      -6.114097250357890E-004
   12.4750733137830      -6.700525435915459E-004
   12.4926686217009      -7.240812248720638E-004
   12.5102639296188      -7.653921053658441E-004
   12.5278592375367      -7.948032734796410E-004
   12.5454545454545      -8.049390166724571E-004
   12.5630498533724      -7.972937488885309E-004
   12.5806451612903      -7.658530210495063E-004
   12.5982404692082      -7.138895028260448E-004
   12.6158357771261      -6.412452256858932E-004
   12.6334310850440      -5.631666608982710E-004
   12.6510263929619      -4.847459029155878E-004
   12.6686217008798      -4.170120920810092E-004
   12.6862170087977      -3.612382034980290E-004
   12.7038123167155      -3.252216569801252E-004
   12.7214076246334      -3.075776066134655E-004
   12.7390029325513      -3.131102640683405E-004
   12.7565982404692      -3.375608322447151E-004
   12.7741935483871      -3.819394577862816E-004
   12.7917888563050      -4.376419475853066E-004
   12.8093841642229      -4.971787883618978E-004
   12.8269794721408      -5.413014341756211E-004
   12.8445747800587      -5.640931020252684E-004
   12.8621700879765      -5.585008733621459E-004
   12.8797653958944      -5.265279871890979E-004
   12.8973607038123      -4.656717149746238E-004
   12.9149560117302      -3.814206366939529E-004
   12.9325513196481      -2.744128490158115E-004
   12.9501466275660      -1.528634592133474E-004
   12.9677419354839      -2.035280401650136E-005
   12.9853372434018       1.119291252320138E-004
   13.0029325513196       2.362103351317470E-004
   13.0205278592375       3.380781508269963E-004
   13.0381231671554       4.165506616121144E-004
   13.0557184750733       4.699922597708252E-004
   13.0733137829912       5.025606089950171E-004
   13.0909090909091       5.144804691924246E-004
   13.1085043988270       5.109323030611020E-004
   13.1260997067449       4.930243874892049E-004
   13.1436950146628       4.663940768752496E-004
   13.1612903225806       4.327626878989271E-004
   13.1788856304985       3.980561935393132E-004
   13.1964809384164       3.645888435969059E-004
   13.2140762463343       3.384983745652762E-004
   13.2316715542522       3.200966018223867E-004
   13.2492668621701       3.113644714685777E-004
   13.2668621700880       3.108473275030870E-004
   13.2844574780059       3.198277821767208E-004
   13.3020527859238       3.366225566243215E-004
   13.3196480938416       3.619540185623173E-004
   13.3372434017595       3.939148892083324E-004
   13.3548387096774       4.326042499912537E-004
   13.3724340175953       4.757680843066226E-004
   13.3900293255132       5.226675586337921E-004
   13.4076246334311       5.701719814759880E-004
   13.4252199413490       6.169133157979433E-004
   13.4428152492669       6.620575455204803E-004
   13.4604105571848       7.066208666639866E-004
   13.4780058651026       7.508433898542647E-004
   13.4956011730205       7.957899758515358E-004
   13.5131964809384       8.419718239847800E-004
   13.5307917888563       8.901565690746972E-004
   13.5483870967742       9.407978348306689E-004
   13.5659824046921       9.940147094834231E-004
   13.5835777126100       1.049679323040038E-003
   13.6011730205279       1.106273177240196E-003
   13.6187683284457       1.159622643707528E-003
   13.6363636363636       1.201554667731776E-003
   13.6539589442815       1.227471408092998E-003
   13.6715542521994       1.232392523313711E-003
   13.6891495601173       1.214323072618640E-003
   13.7067448680352       1.170028970864099E-003
   13.7243401759531       1.099445567205803E-003
   13.7419354838710       1.000843726852420E-003
   13.7595307917889       8.761373515010929E-004
   13.7771260997067       7.254526615783729E-004
   13.7947214076246       5.534273825868166E-004
   13.8123167155425       3.646278290485729E-004
   13.8299120234604       1.700265656881467E-004
   13.8475073313783      -2.617870416457147E-005
   13.8651026392962      -2.173784690119331E-004
   13.8826979472141      -4.026433089882685E-004
   13.9002932551320      -5.768352879142534E-004
   13.9178885630499      -7.406353887416076E-004
   13.9354838709677      -8.897769460326720E-004
   13.9530791788856      -1.026262416438755E-003
   13.9706744868035      -1.146624922268534E-003
   13.9882697947214      -1.254338347975637E-003
   14.0058651026393      -1.347479965912084E-003
   14.0234604105572      -1.433130099988439E-003
   14.0410557184751      -1.511250978673284E-003
   14.0586510263930      -1.587718865193236E-003
   14.0762463343109      -1.660203849924617E-003
   14.0938416422287      -1.733805665646900E-003
   14.1114369501466      -1.804976572038602E-003
   14.1290322580645      -1.878349973552166E-003
   14.1466275659824      -1.949264151303642E-003
   14.1642228739003      -2.021840407503447E-003
   14.1818181818182      -2.090063369343432E-003
   14.1994134897361      -2.157001853858093E-003
   14.2170087976540      -2.213643505232643E-003
   14.2346041055718      -2.261116006181876E-003
   14.2521994134897      -2.291767364987490E-003
   14.2697947214076      -2.309695172705638E-003
   14.2873900293255      -2.308316522112130E-003
   14.3049853372434      -2.293076739838786E-003
   14.3225806451613      -2.257843795216278E-003
   14.3401759530792      -2.209151753581851E-003
   14.3577712609971      -2.141220774744687E-003
   14.3753665689150      -2.061718724393537E-003
   14.3929618768328      -1.965397785790124E-003
   14.4105571847507      -1.861873534656265E-003
   14.4281524926686      -1.748006132991106E-003
   14.4457478005865      -1.634429943318598E-003
   14.4633431085044      -1.516164758400695E-003
   14.4809384164223      -1.402974715981572E-003
   14.4985337243402      -1.288780953174320E-003
   14.5161290322581      -1.183093255935799E-003
   14.5337243401760      -1.078883408631474E-003
   14.5513196480938      -9.854366214040811E-004
   14.5689149560117      -8.946622253285841E-004
   14.5865102639296      -8.153623301809986E-004
   14.6041055718475      -7.376258812254128E-004
   14.6217008797654      -6.679108352524158E-004
   14.6392961876833      -5.943460353458767E-004
   14.6568914956012      -5.258635395587304E-004
   14.6744868035191      -4.525721078658660E-004
   14.6920821114370      -3.851379872439491E-004
   14.7096774193548      -3.143950400599994E-004
   14.7272727272727      -2.523913527559820E-004
   14.7448680351906      -1.905506174090534E-004
   14.7624633431085      -1.423642919346466E-004
   14.7800586510264      -1.001054552002040E-004
   14.7976539589443      -7.930269632339804E-005
   14.8152492668622      -7.424935308646175E-005
   14.8328445747801      -9.905101885464001E-005
   14.8504398826979      -1.400779673455100E-004
   14.8680351906158      -2.069507984386810E-004
   14.8856304985337      -2.836875915352835E-004
   14.9032258064516      -3.790623299906932E-004
   14.9208211143695      -4.755743309151930E-004
   14.9384164222874      -5.814685402037359E-004
   14.9560117302053      -6.778032014914219E-004
   14.9736070381232      -7.722041162002900E-004
   14.9912023460411      -8.439747571602421E-004
   15.0087976539589      -8.992092303843715E-004
   15.0263929618768      -9.183540957611640E-004
   15.0439882697947      -9.168504131045472E-004
   15.0615835777126      -8.821422157738181E-004
   15.0791788856305      -8.323943941302165E-004
   15.0967741935484      -7.555919855969994E-004
   15.1143695014663      -6.712761518999692E-004
   15.1319648093842      -5.675902753729456E-004
   15.1495601173021      -4.652519904577619E-004
   15.1671554252199      -3.524732238206741E-004
   15.1847507331378      -2.511720834780299E-004
   15.2023460410557      -1.498011844574120E-004
   15.2199413489736      -7.000471660543240E-005
   15.2375366568915       7.076287890933508E-006
   15.2551319648094       6.617690383719022E-005
   15.2727272727273       1.282542924709763E-004
   15.2903225806452       1.776375674427755E-004
   15.3079178885631       2.359408501313453E-004
   15.3255131964809       2.868786229725374E-004
   15.3431085043988       3.526027165799172E-004
   15.3607038123167       4.161064075535419E-004
   15.3782991202346       4.999823555234772E-004
   15.3958944281525       5.863544967220015E-004
   15.4134897360704       6.975226104043305E-004
   15.4310850439883       8.105851335052296E-004
   15.4486803519062       9.435704863999677E-004
   15.4662756598240       1.071749856603706E-003
   15.4838709677419       1.214057633649579E-003
   15.5014662756598       1.345214611494964E-003
   15.5190615835777       1.484876296373599E-003
   15.5366568914956       1.607078087362362E-003
   15.5542521994135       1.732108098005792E-003
   15.5718475073314       1.833178914614647E-003
   15.5894428152493       1.931068264281831E-003
   15.6070381231672       1.997818976222368E-003
   15.6246334310850       2.056287452162902E-003
   15.6422287390029       2.082745562042615E-003
   15.6598240469208       2.104892188198305E-003
   15.6774193548387       2.099333788170066E-003
   15.6950146627566       2.095054780143943E-003
   15.7126099706745       2.068358195096192E-003
   15.7302052785924       2.049412032319230E-003
   15.7478005865103       2.014150635118937E-003
   15.7653958944282       1.993966650219673E-003
   15.7829912023460       1.964507446864974E-003
   15.8005865102639       1.958673262165454E-003
   15.8181818181818       1.951562515753724E-003
   15.8357771260997       1.973262975078159E-003
   15.8533724340176       1.992745863386847E-003
   15.8709677419355       2.038984920346470E-003
   15.8885630498534       2.079476838257831E-003
   15.9061583577713       2.143623959579658E-003
   15.9237536656892       2.197656849127223E-003
   15.9413489736070       2.271519290199221E-003
   15.9589442815249       2.330152591202661E-003
   15.9765395894428       2.403987797195116E-003
   15.9941348973607       2.456469755630659E-003
   16.0117302052786       2.518020104462646E-003
   16.0293255131965       2.551162455617918E-003
   16.0469208211144       2.589737679570448E-003
   16.0645161290323       2.597507961345580E-003
   16.0821114369501       2.610279168159114E-003
   16.0997067448680       2.591350412203559E-003
   16.1173020527859       2.578077367679532E-003
   16.1348973607038       2.533132795108815E-003
   16.1524926686217       2.495416195672815E-003
   16.1700879765396       2.426983417753585E-003
   16.1876832844575       2.368452582819534E-003
   16.2052785923754       2.281681997973452E-003
   16.2228739002933       2.210280683952480E-003
   16.2404692082111       2.116155868707723E-003
   16.2580645161290       2.043211626498294E-003
   16.2756598240469       1.950880829646135E-003
   16.2932551319648       1.883617462282328E-003
   16.3108504398827       1.798966344846604E-003
   16.3284457478006       1.742135598184120E-003
   16.3460410557185       1.668754761918563E-003
   16.3636363636364       1.624734205103356E-003
   16.3812316715543       1.563460128728950E-003
   16.3988269794721       1.531011841484138E-003
   16.4164222873900       1.476280856169452E-003
   16.4340175953079       1.441944307877241E-003
   16.4516129032258       1.374730619838783E-003
   16.4692082111437       1.321452716168293E-003
   16.4868035190616       1.229256421263645E-003
   16.5043988269795       1.148042207231252E-003
   16.5219941348974       1.024699125413207E-003
   16.5395894428153       9.121232624724028E-004
   16.5571847507331       7.569612879007641E-004
   16.5747800586510       6.155346403160712E-004
   16.5923753665689       4.348654820120856E-004
   16.6099706744868       2.771308343116459E-004
   16.6275659824047       9.450536029684953E-005
   16.6451612903226      -4.658286006770807E-005
   16.6627565982405      -1.998408630563574E-004
   16.6803519061584      -3.005503307430260E-004
   16.6979472140762      -4.064738164766062E-004
   16.7155425219941      -4.526023225413062E-004
   16.7331378299120      -5.002404283142801E-004
   16.7507331378299      -4.837010414308607E-004
   16.7683284457478      -4.679237524949413E-004
   16.7859237536657      -3.866906636574147E-004
   16.8035190615836      -3.096185699376672E-004
   16.8211143695015      -1.733198299715579E-004
   16.8387096774194      -5.568695289195619E-005
   16.8563049853372       1.090643272254925E-004
   16.8739002932551       2.431455473611910E-004
   16.8914956011730       4.163787059749249E-004
   16.9090909090909       5.494095969157751E-004
   16.9266862170088       7.156657794229050E-004
   16.9442815249267       8.337693746846057E-004
   16.9618768328446       9.808324715886636E-004
   16.9794721407625       1.073334532629302E-003
   16.9970674486804       1.192512420701401E-003
   17.0146627565982       1.253640818551038E-003
   17.0322580645161       1.344461145113243E-003
   17.0498533724340       1.377802777622367E-003
   17.0674486803519       1.443770402981562E-003
   17.0850439882698       1.450660167014982E-003
   17.1026392961877       1.491861523433730E-003
   17.1202346041056       1.471391352462632E-003
   17.1378299120235       1.486449748135923E-003
   17.1554252199413       1.436634211457356E-003
   17.1730205278592       1.423407136933874E-003
   17.1906158357771       1.341743269275105E-003
   17.2082111436950       1.298046637013000E-003
   17.2258064516129       1.184518315392569E-003
   17.2434017595308       1.116262564213636E-003
   17.2609970674487       9.814040993856670E-004
   17.2785923753666       9.001409438101540E-004
   17.2961876832845       7.543057590184025E-004
   17.3137829912023       6.698420062442409E-004
   17.3313782991202       5.217897280808450E-004
   17.3489736070381       4.424741880643843E-004
   17.3665689149560       2.994840287878224E-004
   17.3841642228739       2.322012578127746E-004
   17.4017595307918       9.991521417151450E-005
   17.4193548387097       4.973811246943649E-005
   17.4369501466276      -6.810089749176674E-005
   17.4545454545455      -9.717668596989836E-005
   17.4721407624633      -1.971633719862844E-004
   17.4897360703812      -2.014933613153356E-004
   17.5073313782991      -2.813152112932109E-004
   17.5249266862170      -2.586874857427199E-004
   17.5425219941349      -3.180048261862722E-004
   17.5601173020528      -2.684832938229902E-004
   17.5777126099707      -3.101192684434342E-004
   17.5953079178886      -2.378292095683290E-004
   17.6129032258065      -2.717299033056537E-004
   17.6304985337243      -1.928586955547402E-004
   17.6480938416422      -2.412759301638277E-004
   17.6656891495601      -1.725522588014323E-004
   17.6832844574780      -2.482052010605138E-004
   17.7008797653959      -1.957424953663101E-004
   17.7184750733138      -3.046504317160443E-004
   17.7360703812317      -2.686205533767623E-004
   17.7536656891496      -4.126296697584344E-004
   17.7712609970675      -3.878664134023771E-004
   17.7888563049853      -5.650801354066984E-004
   17.8064516129032      -5.392573958492317E-004
   17.8240469208211      -7.422151276330124E-004
   17.8416422287390      -6.984028725996456E-004
   17.8592375366569      -9.345513106437584E-004
   17.8768328445748      -8.724651138757896E-004
   17.8944281524927      -1.176080089652463E-003
   17.9120234604106      -1.102689195884642E-003
   17.9296187683284      -1.549793060960661E-003
   17.9472140762463      -1.477705753664334E-003
   17.9648093841642      -2.284481634380487E-003
   17.9824046920821      -2.236941132485314E-003
   18.0000000000000      -4.845078279368101E-003
