  0.000000000000000E+000  4.053086203131962E-003
  1.759530791788856E-002  2.343743557334023E-003
  3.519061583577713E-002  2.389832880666601E-003
  5.278592375366570E-002  1.852408876697612E-003
  7.038123167155426E-002  1.891962510547652E-003
  8.797653958944282E-002  1.584144437935065E-003
  0.105571847507331       1.618297731849594E-003
  0.123167155425220       1.406646813383209E-003
  0.140762463343109       1.436504021814525E-003
  0.158357771260997       1.277165600187518E-003
  0.175953079178886       1.303632930566001E-003
  0.193548387096774       1.177031231530322E-003
  0.211143695014663       1.200831176125385E-003
  0.228739002932551       1.096583111522013E-003
  0.246334310850440       1.118140515467377E-003
  0.263929618768328       1.029954619272785E-003
  0.281524926686217       1.049511172317398E-003
  0.299120234604106       9.733394944082996E-004
  0.316715542521994       9.910848251595086E-004
  0.334310850439883       9.241785614402802E-004
  0.351906158357771       9.402623683845536E-004
  0.369501466275660       8.806727029395877E-004
  0.387096774193548       8.952189819972126E-004
  0.404692082111437       8.415240446338606E-004
  0.422287390029326       8.546378950267856E-004
  0.439882697947214       8.057081832025691E-004
  0.457478005865103       8.173292795532756E-004
  0.475073313782991       7.721250423580579E-004
  0.492668621700880       7.820990116481216E-004
  0.510263929618768       7.397276770920265E-004
  0.527859237536657       7.478726329995454E-004
  0.545454545454546       7.075592081701445E-004
  0.563049853372434       7.136754292619989E-004
  0.580645161290323       6.747367602374611E-004
  0.598240469208211       6.786150297032709E-004
  0.615835777126100       6.404734779127304E-004
  0.633431085043988       6.421280297698377E-004
  0.651026392961877       6.048113258263213E-004
  0.668621700879765       6.048153282520637E-004
  0.686217008797654       5.686435151939942E-004
  0.703812316715543       5.675839544261389E-004
  0.721407624633431       5.328916120374668E-004
  0.739002932551320       5.313314718918546E-004
  0.756598240469208       4.984628191016602E-004
  0.774193548387097       4.969400081174561E-004
  0.791788856304985       4.662379201167743E-004
  0.809384164222874       4.652458834454892E-004
  0.826979472140763       4.369060634294261E-004
  0.844574780058651       4.364967988394413E-004
  0.862170087976540       4.101861987376236E-004
  0.879765395894428       4.101102249561947E-004
  0.897360703812317       3.854811325869972E-004
  0.914956011730205       3.855319912755381E-004
  0.932551319648094       3.622882612042687E-004
  0.950146627565982       3.622970892635820E-004
  0.967741935483871       3.401954232265268E-004
  0.985337243401760       3.400433638301711E-004
   1.00293255131965       3.189212166477832E-004
   1.02052785923754       3.186236837484821E-004
   1.03812316715543       2.985546070759160E-004
   1.05571847507331       2.983200065744176E-004
   1.07331378299120       2.793778724890945E-004
   1.09090909090909       2.792690875536224E-004
   1.10850439882698       2.613948653165231E-004
   1.12609970674487       2.613660421333211E-004
   1.14369501466276       2.444069667351759E-004
   1.16129032258065       2.443118258544085E-004
   1.17888563049853       2.280084383581194E-004
   1.19648093841642       2.275632104275880E-004
   1.21407624633431       2.114545277084982E-004
   1.23167155425220       2.101003185559759E-004
   1.24926686217009       1.936122382348017E-004
   1.26686217008798       1.910329449360344E-004
   1.28445747800587       1.739988422846006E-004
   1.30205278592375       1.701826916736741E-004
   1.31964809384164       1.526399996918335E-004
   1.33724340175953       1.477418721005657E-004
   1.35483870967742       1.298905541244237E-004
   1.37243401759531       1.242342511815796E-004
   1.39002932551320       1.064731466737854E-004
   1.40762463343109       1.006585444911709E-004
   1.42521994134897       8.385243608710181E-005
   1.44281524926686       7.901983681948546E-005
   1.46041055718475       6.419647331307640E-005
   1.47800586510264       6.112382059539535E-005
   1.49560117302053       4.882438279945437E-005
   1.51319648093842       4.793429218691588E-005
   1.53079178885631       3.842929771282725E-005
   1.54838709677419       3.989372536005646E-005
   1.56598240469208       3.320226145721672E-005
   1.58357771260997       3.691182376858159E-005
   1.60117302052786       3.269876100570569E-005
   1.61876832844575       3.797500203275598E-005
   1.63636363636364       3.506728433766623E-005
   1.65395894428153       4.063751074258068E-005
   1.67155425219941       3.806229142133861E-005
   1.68914956011730       4.329929190903897E-005
   1.70674486803519       4.061992729072361E-005
   1.72434017595308       4.527116338896090E-005
   1.74193548387097       4.236693674009319E-005
   1.75953079178886       4.647566200211342E-005
   1.77712609970675       4.353350585184830E-005
   1.79472140762463       4.749309623295227E-005
   1.81231671554252       4.518324130329624E-005
   1.82991202346041       5.000699052487612E-005
   1.84750733137830       4.927653405902577E-005
   1.86510263929619       5.545523589748744E-005
   1.88269794721408       5.635624247794839E-005
   1.90029325513196       6.372185180086528E-005
   1.91788856304985       6.591042945296838E-005
   1.93548387096774       7.399120276504511E-005
   1.95307917888563       7.684929576827205E-005
   1.97067448680352       8.489924979845770E-005
   1.98826979472141       8.750758063340431E-005
   2.00586510263930       9.438893565881027E-005
   2.02346041055718       9.534919802409350E-005
   2.04105571847507       9.981776370964627E-005
   2.05865102639296       9.854538609852759E-005
   2.07624633431085       1.006510620274040E-004
   2.09384164222874       9.748733057774162E-005
   2.11143695014663       9.776519725784135E-005
   2.12903225806452       9.339078276116826E-005
   2.14662756598241       9.267590550857778E-005
   2.16422287390029       8.806431000557659E-005
   2.18181818181818       8.750700138384260E-005
   2.19941348973607       8.401403839892709E-005
   2.21700879765396       8.528236907256053E-005
   2.23460410557185       8.464914996035972E-005
   2.25219941348974       8.892999452177070E-005
   2.26979472140762       9.156770087855498E-005
   2.28739002932551       9.884846285846255E-005
   2.30498533724340       1.045140395672487E-004
   2.32258064516129       1.143890385349276E-004
   2.34017595307918       1.225185525487546E-004
   2.35777126099707       1.342849845830996E-004
   2.37536656891496       1.440111167714038E-004
   2.39296187683284       1.566250614685891E-004
   2.41055718475073       1.666204523251747E-004
   2.42815249266862       1.784552131863409E-004
   2.44574780058651       1.871578315357519E-004
   2.46334310850440       1.971671782907092E-004
   2.48093841642229       2.039887547875047E-004
   2.49853372434018       2.118372331281838E-004
   2.51612903225806       2.166001838074107E-004
   2.53372434017595       2.222569664509675E-004
   2.55131964809384       2.250548579690472E-004
   2.56891495601173       2.287534154935693E-004
   2.58651026392962       2.299634439219946E-004
   2.60410557184751       2.322891143832826E-004
   2.62170087976540       2.327974637056052E-004
   2.63929618768328       2.348690559228028E-004
   2.65689149560117       2.356298140307326E-004
   2.67448680351906       2.380453462032369E-004
   2.69208211143695       2.394124906201742E-004
   2.70967741935484       2.423936170929941E-004
   2.72727272727273       2.444758059185286E-004
   2.74486803519062       2.480448486095597E-004
   2.76246334310850       2.507728122994744E-004
   2.78005865102639       2.547770898771523E-004
   2.79765395894428       2.578918245319167E-004
   2.81524926686217       2.619332599303092E-004
   2.83284457478006       2.648901097983283E-004
   2.85043988269795       2.684617016762825E-004
   2.86803519061584       2.709293620526000E-004
   2.88563049853372       2.738437614792070E-004
   2.90322580645161       2.757008552007937E-004
   2.92082111436950       2.778889409423251E-004
   2.93841642228739       2.791004863493067E-004
   2.95601173020528       2.805669672865876E-004
   2.97360703812317       2.811690432195665E-004
   2.99120234604106       2.819949269189536E-004
   3.00879765395894       2.821267008270297E-004
   3.02639296187683       2.825905647561948E-004
   3.04398826979472       2.826964790333413E-004
   3.06158357771261       2.833056314377267E-004
   3.07917888563050       2.838311976230426E-004
   3.09677419354839       2.849695280424395E-004
   3.11436950146628       2.862477266590375E-004
   3.13196480938416       2.882102866133485E-004
   3.14956011730205       2.904915490619723E-004
   3.16715542521994       2.934892650331592E-004
   3.18475073313783       2.969301577862023E-004
   3.20234604105572       3.010539435147622E-004
   3.21994134897361       3.055718077713374E-004
   3.23753665689150       3.103734157917019E-004
   3.25513196480938       3.151692936101191E-004
   3.27272727272727       3.197911421942020E-004
   3.29032258064516       3.240834364747706E-004
   3.30791788856305       3.278107961122472E-004
   3.32551319648094       3.309323357526150E-004
   3.34310850439883       3.331473083578069E-004
   3.36070381231672       3.345226228580186E-004
   3.37829912023460       3.347038152618421E-004
   3.39589442815249       3.338706451925338E-004
   3.41348973607038       3.316886192164117E-004
   3.43108504398827       3.287282308525014E-004
   3.44868035190616       3.248778266848424E-004
   3.46627565982405       3.207967666835167E-004
   3.48387096774194       3.162591210046543E-004
   3.50146627565982       3.119484981343966E-004
   3.51906158357771       3.075518435816358E-004
   3.53665689149560       3.037772601935138E-004
   3.55425219941349       3.002311031453230E-004
   3.57184750733138       2.976351105036753E-004
   3.58944281524927       2.955095218362502E-004
   3.60703812316716       2.945447353345910E-004
   3.62463343108504       2.939955906880843E-004
   3.64222873900293       2.943018558882524E-004
   3.65982404692082       2.946213297029424E-004
   3.67741935483871       2.954925339594612E-004
   3.69501466275660       2.960847524850255E-004
   3.71260997067449       2.969946041243000E-004
   3.73020527859238       2.973941874325508E-004
   3.74780058651026       2.979253154460106E-004
   3.76539589442815       2.977658873370472E-004
   3.78299120234604       2.975997860141758E-004
   3.80058651026393       2.966255819712224E-004
   3.81818181818182       2.956136657810626E-004
   3.83577712609971       2.938822088075960E-004
   3.85337243401760       2.922524835161911E-004
   3.87096774193548       2.900065195478406E-004
   3.88856304985337       2.879417689160402E-004
   3.90615835777126       2.853240586628748E-004
   3.92375366568915       2.829319127846371E-004
   3.94134897360704       2.800230586648542E-004
   3.95894428152493       2.773521250901088E-004
   3.97653958944282       2.741693585685923E-004
   3.99413489736070       2.711924527533030E-004
   4.01173020527859       2.676404677308277E-004
   4.02932551319648       2.641646444943633E-004
   4.04692082111437       2.600367072463803E-004
   4.06451612903226       2.559572203373838E-004
   4.08211143695015       2.512658772999137E-004
   4.09970674486804       2.466636430199103E-004
   4.11730205278592       2.415423430837594E-004
   4.13489736070381       2.365928674613476E-004
   4.15249266862170       2.312610449058568E-004
   4.17008797653959       2.262247909830856E-004
   4.18768328445748       2.209930146677804E-004
   4.20527859237537       2.162430673204982E-004
   4.22287390029326       2.115518965970861E-004
   4.24046920821114       2.074831976226097E-004
   4.25806451612903       2.035459985332387E-004
   4.27565982404692       2.002074631447003E-004
   4.29325513196481       1.970045043319094E-004
   4.31085043988270       1.943360555263969E-004
   4.32844574780059       1.917781534364294E-004
   4.34604105571848       1.896609171179403E-004
   4.36363636363636       1.876027739972069E-004
   4.38123167155425       1.858571240814687E-004
   4.39882697947214       1.840778365275303E-004
   4.41642228739003       1.824029735871559E-004
   4.43401759530792       1.804959889378322E-004
   4.45161290322581       1.784590356369293E-004
   4.46920821114370       1.760828871109700E-004
   4.48680351906158       1.734376704441703E-004
   4.50439882697947       1.704130564737846E-004
   4.52199413489736       1.670315922549067E-004
   4.53958944281525       1.632813451491979E-004
   4.55718475073314       1.591344178143112E-004
   4.57478005865103       1.546851786993720E-004
   4.59237536656892       1.498616877081319E-004
   4.60997067448680       1.448991706743835E-004
   4.62756598240469       1.397152217257732E-004
   4.64516129032258       1.346126157421477E-004
   4.66275659824047       1.293482794854825E-004
   4.68035190615836       1.242658808531002E-004
   4.69794721407625       1.190125184182555E-004
   4.71554252199414       1.140047173549070E-004
   4.73313782991202       1.087872952064435E-004
   4.75073313782991       1.038593183636285E-004
   4.76832844574780       9.866461988703766E-005
   4.78592375366569       9.379056279051122E-005
   4.80351906158358       8.857888548123100E-005
   4.82111436950147       8.371248178421123E-005
   4.83870967741935       7.844397610977675E-005
   4.85630498533724       7.356778395381133E-005
   4.87390029325513       6.823749830091494E-005
   4.89149560117302       6.335102862179226E-005
   4.90909090909091       5.795901341657499E-005
   4.92668621700880       5.306644049806643E-005
   4.94428152492669       4.762006013433858E-005
   4.96187683284458       4.273651202725440E-005
   4.97947214076246       3.725958436023348E-005
   4.99706744868035       3.242535040095521E-005
   5.01466275659824       2.698596501052439E-005
   5.03225806451613       2.230462213514393E-005
   5.04985337243402       1.699839083559345E-005
   5.06744868035191       1.251763974238570E-005
   5.08504398826980       7.349236109100530E-006
   5.10263929618768       3.052330806641166E-006
   5.12023460410557      -2.010421388545789E-006
   5.13782991202346      -6.164316292713185E-006
   5.15542521994135      -1.116946289966629E-005
   5.17302052785924      -1.522950124405224E-005
   5.19061583577713      -2.022461705176649E-005
   5.20821114369502      -2.422271419396107E-005
   5.22580645161290      -2.918922499483871E-005
   5.24340175953079      -3.303124898061994E-005
   5.26099706744868      -3.785081805524348E-005
   5.27859237536657      -4.145099866615410E-005
   5.29618768328446      -4.607804182712381E-005
   5.31378299120235      -4.941896648536540E-005
   5.33137829912024      -5.386242890493503E-005
   5.34897360703812      -5.697543503882808E-005
   5.36656891495601      -6.129010133709017E-005
   5.38416422287390      -6.425192660071371E-005
   5.40175953079179      -6.854062166367233E-005
   5.41935483870968      -7.147282682139950E-005
   5.43695014662757      -7.582680382575130E-005
   5.45454545454546      -7.873306635106663E-005
   5.47214076246334      -8.309462079167366E-005
   5.48973607038123      -8.590367878725791E-005
   5.50733137829912      -9.020354942896027E-005
   5.52492668621701      -9.284872436425575E-005
   5.54252199413490      -9.702525088811841E-005
   5.56011730205279      -9.944846336729602E-005
   5.57771260997067      -1.034478734659967E-004
   5.59530791788856      -1.055963497968467E-004
   5.61290322580645      -1.093586342777784E-004
   5.63049853372434      -1.111284429861768E-004
   5.64809384164223      -1.144889435496265E-004
   5.66568914956012      -1.156972632330450E-004
   5.68328445747801      -1.185001193774179E-004
   5.70087976539589      -1.190223376577483E-004
   5.71847507331378      -1.211724883485386E-004
   5.73607038123167      -1.209420612843853E-004
   5.75366568914956      -1.224043936983427E-004
   5.77126099706745      -1.214200698752459E-004
   5.78885630498534      -1.222345110532306E-004
   5.80645161290323      -1.205924818682988E-004
   5.82404692082111      -1.209268539181796E-004
   5.84164222873900      -1.188095503110599E-004
   5.85923753665689      -1.187649103887438E-004
   5.87683284457478      -1.161821682111097E-004
   5.89442815249267      -1.157285583011761E-004
   5.91202346041056      -1.126339092919506E-004
   5.92961876832845      -1.117178598980923E-004
   5.94721407624634      -1.080564456529400E-004
   5.96480938416422      -1.066276601884336E-004
   5.98240469208211      -1.023587713280852E-004
   6.00000000000000      -1.003952089933478E-004
   6.01759530791789      -9.553988454736397E-005
   6.03519061583578      -9.314911155637163E-005
   6.05278592375367      -8.788488206916481E-005
   6.07038123167156      -8.524353286693703E-005
   6.08797653958944      -7.971819332930146E-005
   6.10557184750733      -7.695700179431215E-005
   6.12316715542522      -7.129143931215246E-005
   6.14076246334311      -6.852743985428085E-005
   6.15835777126100      -6.283843744881422E-005
   6.17595307917889      -6.019373253382130E-005
   6.19354838709677      -5.461411298058625E-005
   6.21114369501466      -5.224522073532904E-005
   6.22873900293255      -4.694418202808889E-005
   6.24633431085044      -4.496651622310686E-005
   6.26392961876833      -3.996200240637114E-005
   6.28152492668622      -3.832922998681685E-005
   6.29912023460411      -3.354760059364404E-005
   6.31671554252199      -3.217097277660603E-005
   6.33431085043988      -2.751357575591465E-005
   6.35190615835777      -2.628967737175726E-005
   6.36950146627566      -2.165278263373479E-005
   6.38709677419355      -2.048390678107844E-005
   6.40469208211144      -1.578767260340153E-005
   6.42228739002933      -1.465311039011273E-005
   6.43988269794721      -9.980674005497986E-006
   6.45747800586510      -9.023945917334540E-006
   6.47507331378299      -4.492578545796238E-006
   6.49266862170088      -3.785466684032249E-006
   6.51026392961877       5.644437000224268E-007
   6.52785923753666       1.006164316402214E-006
   6.54545454545455       5.178797184246367E-006
   6.56304985337243       5.375848620631181E-006
   6.58064516129032       9.404970460102420E-006
   6.59824046920821       9.399967446198108E-006
   6.61583577712610       1.332539460085559E-005
   6.63343108504399       1.313225336487909E-005
   6.65102639296188       1.694439686464293E-005
   6.66862170087977       1.656569381840971E-005
   6.68621700879765       2.029705981169713E-005
   6.70381231671554       1.979109669699946E-005
   6.72140762463343       2.352145473972156E-005
   6.73900293255132       2.298712666929706E-005
   6.75659824046921       2.683240718629902E-005
   6.77419354838710       2.640075845552717E-005
   6.79178885630499       3.050437407291003E-005
   6.80938416422287       3.032203069370196E-005
   6.82697947214076       3.475975520199588E-005
   6.84457478005865       3.472704072391725E-005
   6.86217008797654       3.925745069837731E-005
   6.87976539589443       3.911741185669768E-005
   6.89736070381232       4.351827653019467E-005
   6.91495601173021       4.308100883510410E-005
   6.93255131964809       4.719332497833535E-005
   6.95014662756598       4.633122459029477E-005
   6.96774193548387       5.005952178958719E-005
   6.98533724340176       4.871224573263300E-005
   7.00293255131965       5.203686356806465E-005
   7.02052785923754       5.023732648144836E-005
   7.03812316715543       5.323489379703385E-005
   7.05571847507331       5.106192449284324E-005
   7.07331378299120       5.379218660369310E-005
   7.09090909090909       5.130362584368880E-005
   7.10850439882698       5.383578055236211E-005
   7.12609970674487       5.111860254782786E-005
   7.14369501466276       5.356172666670208E-005
   7.16129032258065       5.075237596873306E-005
   7.17888563049853       5.327605586758176E-005
   7.19648093841642       5.058714628983503E-005
   7.21407624633431       5.346087388836816E-005
   7.23167155425220       5.116147008018063E-005
   7.24926686217009       5.450877014628189E-005
   7.26686217008798       5.254861392531288E-005
   7.28445747800587       5.624237247553203E-005
   7.30205278592375       5.447861705047542E-005
   7.31964809384164       5.837432765181267E-005
   7.33724340175953       5.667021012551497E-005
   7.35483870967742       6.064511001164708E-005
   7.37243401759531       5.890080350210428E-005
   7.39002932551320       6.288690507013862E-005
   7.40762463343109       6.108901881587701E-005
   7.42521994134897       6.514983957996006E-005
   7.44281524926686       6.338951154956815E-005
   7.46041055718475       6.754203369459648E-005
   7.47800586510264       6.574635596457562E-005
   7.49560117302053       6.987392914669924E-005
   7.51319648093842       6.791007667543322E-005
   7.53079178885631       7.187397886582448E-005
   7.54838709677419       6.960849705675777E-005
   7.56598240469208       7.328875668498754E-005
   7.58357771260997       7.062885146138462E-005
   7.60117302052786       7.397955148406929E-005
   7.61876832844575       7.098063098594103E-005
   7.63636363636364       7.419333256384213E-005
   7.65395894428153       7.107810771541527E-005
   7.67155425219941       7.427556631310716E-005
   7.68914956011730       7.107115270678600E-005
   7.70674486803519       7.422487457391914E-005
   7.72434017595308       7.086701108118242E-005
   7.74193548387097       7.388845215514707E-005
   7.75953079178886       7.027554834095059E-005
   7.77712609970675       7.306055507739713E-005
   7.79472140762463       6.910191851785921E-005
   7.81231671554252       7.161327443097776E-005
   7.82991202346041       6.741906103007059E-005
   7.84750733137830       6.991232966731643E-005
   7.86510263929619       6.573061104674750E-005
   7.88269794721408       6.834863438515597E-005
   7.90029325513197       6.423478776639375E-005
   7.91788856304985       6.696762411392948E-005
   7.93548387096774       6.285841911505503E-005
   7.95307917888563       6.559523891991608E-005
   7.97067448680352       6.133945128571904E-005
   7.98826979472141       6.389225232924611E-005
   8.00586510263930       5.927530512646072E-005
   8.02346041055718       6.146474625935580E-005
   8.04105571847507       5.646835697838885E-005
   8.05865102639296       5.843994417055005E-005
   8.07624633431085       5.323698497751027E-005
   8.09384164222874       5.511309077589391E-005
   8.11143695014663       4.977828066321042E-005
   8.12903225806452       5.158687638724321E-005
   8.14662756598241       4.610475078630020E-005
   8.16422287390029       4.778576957006392E-005
   8.18181818181818       4.205355523435431E-005
   8.19941348973607       4.345911305033518E-005
   8.21700879765396       3.730631123909097E-005
   8.23460410557185       3.836217517786873E-005
   8.25219941348974       3.192061346927275E-005
   8.26979472140763       3.287149701828713E-005
   8.28739002932551       2.637156931668752E-005
   8.30498533724340       2.740034868267051E-005
   8.32258064516129       2.097603922911015E-005
   8.34017595307918       2.216176081446895E-005
   8.35777126099707       1.583412050730811E-005
   8.37536656891496       1.712983498545151E-005
   8.39296187683285       1.077420907149871E-005
   8.41055718475073       1.194909948636370E-005
   8.42815249266862       5.279376767762992E-006
   8.44574780058651       6.192377994791378E-006
   8.46334310850440      -6.794188803040056E-007
   8.48093841642229       2.175158441578644E-007
   8.49853372434018      -6.587593577593800E-006
   8.51612903225807      -5.447933031018098E-006
   8.53372434017595      -1.194991784659094E-005
   8.55131964809384      -1.036862631887371E-005
   8.56891495601173      -1.641762522722033E-005
   8.58651026392962      -1.431407208370078E-005
   8.60410557184751      -1.993225914846122E-005
   8.62170087976540      -1.749430591411566E-005
   8.63929618768329      -2.298886690093104E-005
   8.65689149560117      -2.043933118282300E-005
   8.67448680351906      -2.584898990841023E-005
   8.69208211143695      -2.312243427018352E-005
   8.70967741935484      -2.833728853645295E-005
   8.72727272727273      -2.530564824680833E-005
   8.74486803519062      -3.019625907482215E-005
   8.76246334310851      -2.674670577550961E-005
   8.78005865102639      -3.123471218467585E-005
   8.79765395894428      -2.735336201791470E-005
   8.81524926686217      -3.155828454986558E-005
   8.83284457478006      -2.756724259694398E-005
   8.85043988269795      -3.187103601442685E-005
   8.86803519061584      -2.800085967295141E-005
   8.88563049853373      -3.246542896309573E-005
   8.90322580645161      -2.868270593067019E-005
   8.92082111436950      -3.321261049313477E-005
   8.93841642228739      -2.938274637613129E-005
   8.95601173020528      -3.381755420649069E-005
   8.97360703812317      -2.977360615391734E-005
   8.99120234604106      -3.395696691050342E-005
   9.00879765395895      -2.960258902096590E-005
   9.02639296187683      -3.362134945381188E-005
   9.04398826979472      -2.928268400235321E-005
   9.06158357771261      -3.351413871593748E-005
   9.07917888563050      -2.944144468442279E-005
   9.09677419354839      -3.400619566853198E-005
   9.11436950146628      -3.023290348866341E-005
   9.13196480938416      -3.509163200571493E-005
   9.14956011730205      -3.152119910722881E-005
   9.16715542521994      -3.652763842256889E-005
   9.18475073313783      -3.297776946450280E-005
   9.20234604105572      -3.792749099155865E-005
   9.21994134897361      -3.425090704446862E-005
   9.23753665689150      -3.921607336206675E-005
   9.25513196480938      -3.571825012080781E-005
   9.27272727272727      -4.102727666035345E-005
   9.29032258064516      -3.794420623847418E-005
   9.30791788856305      -4.374555643883006E-005
   9.32551319648094      -4.115083965281231E-005
   9.34310850439883      -4.744648002877471E-005
   9.36070381231672      -4.527648788422552E-005
   9.37829912023460      -5.193679127557355E-005
   9.39589442815249      -4.999992354544983E-005
   9.41348973607038      -5.678170572492558E-005
   9.43108504398827      -5.490367362681463E-005
   9.44868035190616      -6.184427812148175E-005
   9.46627565982405      -6.021289710305440E-005
   9.48387096774194      -6.749088352481361E-005
   9.50146627565982      -6.622427211258283E-005
   9.51906158357771      -7.389207072785080E-005
   9.53665689149560      -7.297720505584809E-005
   9.55425219941349      -8.095007842845407E-005
   9.57184750733138      -8.022819581035126E-005
   9.58944281524927      -8.826291493159690E-005
   9.60703812316716      -8.739281459973702E-005
   9.62463343108504      -9.510154445398988E-005
   9.64222873900293      -9.386110543050302E-005
   9.65982404692082      -1.013016773479046E-004
   9.67741935483871      -9.988606751227810E-005
   9.69501466275660      -1.072425515666517E-004
   9.71260997067449      -1.057952586948397E-004
   9.73020527859238      -1.131552916604284E-004
   9.74780058651026      -1.116992424278729E-004
   9.76539589442815      -1.190061359895477E-004
   9.78299120234604      -1.173912714175626E-004
   9.80058651026393      -1.243709751596781E-004
   9.81818181818182      -1.221848039044311E-004
   9.83577712609971      -1.284758846096551E-004
   9.85337243401760      -1.257295080134574E-004
   9.87096774193548      -1.316845475994307E-004
   9.88856304985337      -1.288354299214999E-004
   9.90615835777126      -1.349099367537163E-004
   9.92375366568915      -1.323838426850582E-004
   9.94134897360704      -1.389461739258172E-004
   9.95894428152493      -1.370345385200280E-004
   9.97653958944282      -1.442651437422140E-004
   9.99413489736071      -1.429987138332459E-004
   10.0117302052786      -1.506695261584745E-004
   10.0293255131965      -1.494942834232976E-004
   10.0469208211144      -1.570182337876653E-004
   10.0645161290323      -1.557050380979382E-004
   10.0821114369501      -1.631945603728485E-004
   10.0997067448680      -1.620197278354230E-004
   10.1173020527859      -1.698267117607047E-004
   10.1348973607038      -1.691788497482464E-004
   10.1524926686217      -1.776899442522918E-004
   10.1700879765396      -1.779203766553929E-004
   10.1876832844575      -1.874025050497229E-004
   10.2052785923754      -1.886010414997635E-004
   10.2228739002933      -1.987239776918010E-004
   10.2404692082111      -2.000400394474616E-004
   10.2580645161290      -2.098646141413319E-004
   10.2756598240469      -2.107147195891382E-004
   10.2932551319648      -2.199849283650277E-004
   10.3108504398827      -2.203188540087211E-004
   10.3284457478006      -2.291360334140733E-004
   10.3460410557185      -2.291719110292548E-004
   10.3636363636364      -2.378397829205774E-004
   10.3812316715543      -2.379381841597720E-004
   10.3988269794721      -2.468297706709267E-004
   10.4164222873900      -2.472455518489941E-004
   10.4340175953079      -2.562031273283676E-004
   10.4516129032258      -2.563682810085397E-004
   10.4692082111437      -2.648326230692255E-004
   10.4868035190616      -2.644339042267610E-004
   10.5043988269795      -2.722997149547242E-004
   10.5219941348974      -2.714015459298342E-004
   10.5395894428153      -2.788751427374135E-004
   10.5571847507331      -2.778110603845666E-004
   10.5747800586510      -2.853306603806300E-004
   10.5923753665689      -2.846249919975494E-004
   10.6099706744868      -2.927441722261601E-004
   10.6275659824047      -2.928840465967986E-004
   10.6451612903226      -3.020540976406489E-004
   10.6627565982405      -3.036732630933773E-004
   10.6803519061584      -3.148194320531463E-004
   10.6979472140762      -3.190938654168010E-004
   10.7155425219941      -3.335960260352313E-004
   10.7331378299120      -3.420940399363800E-004
   10.7507331378299      -3.616882783300844E-004
   10.7683284457478      -3.762984388412321E-004
   10.7859237536657      -4.029918527786448E-004
   10.8035190615836      -4.257645741476145E-004
   10.8211143695015      -4.607141846242493E-004
   10.8387096774194      -4.895327265765745E-004
   10.8563049853372      -5.267671123843936E-004
   10.8739002932551      -5.544384185618412E-004
   10.8914956011730      -5.873539339469685E-004
   10.9090909090909      -6.079897203030577E-004
   10.9266862170088      -6.314208373133153E-004
   10.9442815249267      -6.406459434605949E-004
   10.9618768328446      -6.511119797016654E-004
   10.9794721407625      -6.465525520231984E-004
   10.9970674486804      -6.431391045664847E-004
   11.0146627565982      -6.264451573591747E-004
   11.0322580645161      -6.146767706550196E-004
   11.0498533724340      -5.932317063804392E-004
   11.0674486803519      -5.785786681889413E-004
   11.0850439882698      -5.552627659927251E-004
   11.1026392961877      -5.390552989395234E-004
   11.1202346041056      -5.142085429403227E-004
   11.1378299120235      -4.960705284533434E-004
   11.1554252199413      -4.687972043118543E-004
   11.1730205278592      -4.474929946756488E-004
   11.1906158357771      -4.164176450034049E-004
   11.2082111436950      -3.909027692613460E-004
   11.2258064516129      -3.572537353474829E-004
   11.2434017595308      -3.330087092758824E-004
   11.2609970674487      -3.047444845202550E-004
   11.2785923753666      -2.888837535348785E-004
   11.2961876832845      -2.714056179635689E-004
   11.3137829912023      -2.679165483608195E-004
   11.3313782991202      -2.638845000447522E-004
   11.3489736070381      -2.740954128297541E-004
   11.3665689149560      -2.834265814360850E-004
   11.3841642228739      -3.056417610263715E-004
   11.4017595307918      -3.245627367208709E-004
   11.4193548387097      -3.519761354021107E-004
   11.4369501466276      -3.714010528016229E-004
   11.4545454545455      -3.965619659557162E-004
   11.4721407624633      -4.127327149308625E-004
   11.4897360703812      -4.341008549255337E-004
   11.5073313782991      -4.464680915872681E-004
   11.5249266862170      -4.640665665437588E-004
   11.5425219941349      -4.729582504045289E-004
   11.5601173020528      -4.872301056895182E-004
   11.5777126099707      -4.929983608423619E-004
   11.5953079178886      -5.039583550604546E-004
   11.6129032258065      -5.056655011626915E-004
   11.6304985337243      -5.105848530012968E-004
   11.6480938416422      -5.046082788682920E-004
   11.6656891495601      -5.011110770049474E-004
   11.6832844574780      -4.869067176412987E-004
   11.7008797653959      -4.757022765891096E-004
   11.7184750733138      -4.548882622844498E-004
   11.7360703812317      -4.383557717356614E-004
   11.7536656891496      -4.139871160560660E-004
   11.7712609970675      -3.958009589973177E-004
   11.7888563049853      -3.721435062609712E-004
   11.8064516129032      -3.571305959647468E-004
   11.8240469208211      -3.384733547143011E-004
   11.8416422287390      -3.277113090215994E-004
   11.8592375366569      -3.112577462884066E-004
   11.8768328445748      -3.005762339873127E-004
   11.8944281524927      -2.825220606485048E-004
   11.9120234604106      -2.686642720918691E-004
   11.9296187683284      -2.463646671376740E-004
   11.9472140762463      -2.273865537562791E-004
   11.9648093841642      -1.997244617076635E-004
   11.9824046920821      -1.755542508848362E-004
   12.0000000000000      -1.439248950290154E-004
   12.0175953079179      -1.186181046391649E-004
   12.0351906158358      -9.058643957204649E-005
   12.0527859237537      -7.251014891443774E-005
   12.0703812316716      -5.385618077907753E-005
   12.0879765395894      -4.618378688452785E-005
   12.1055718475073      -3.849376528630513E-005
   12.1231671554252      -4.162774752705002E-005
   12.1407624633431      -4.432560728289657E-005
   12.1583577712610      -5.680522615959821E-005
   12.1759530791789      -6.759528054072732E-005
   12.1935483870968      -8.627958799033273E-005
   12.2111436950147      -1.010981017684876E-004
   12.2287390029326      -1.214834987547513E-004
   12.2463343108504      -1.367269885912078E-004
   12.2639296187683      -1.565278315968417E-004
   12.2815249266862      -1.702970801048829E-004
   12.2991202346041      -1.872863545852679E-004
   12.3167155425220      -1.968277591301477E-004
   12.3343108504399      -2.075723511143696E-004
   12.3519061583578      -2.085911629381776E-004
   12.3695014662757      -2.076683313619322E-004
   12.3870967741935      -1.931997698153826E-004
   12.4046920821114      -1.711019583283939E-004
   12.4222873900293      -1.286317290120011E-004
   12.4398826979472      -7.508159901131498E-005
   12.4574780058651      -4.373280153874393E-006
   12.4750733137830       7.120695499272212E-005
   12.4926686217009       1.559134840863034E-004
   12.5102639296188       2.363702806865305E-004
   12.5278592375367       3.154896717811794E-004
   12.5454545454545       3.790668055461591E-004
   12.5630498533724       4.287457630251919E-004
   12.5806451612903       4.494570497638698E-004
   12.5982404692082       4.413671922361063E-004
   12.6158357771261       3.901143865261723E-004
   12.6334310850440       3.083939286382591E-004
   12.6510263929619       1.984056542188000E-004
   12.6686217008798       7.710559166668429E-005
   12.6862170087977      -5.327326859426803E-005
   12.7038123167155      -1.765831654729405E-004
   12.7214076246334      -2.911142157885370E-004
   12.7390029325513      -3.820446036721405E-004
   12.7565982404692      -4.487632613917559E-004
   12.7741935483871      -4.786996522119602E-004
   12.7917888563050      -4.737060757328870E-004
   12.8093841642229      -4.278705880215518E-004
   12.8269794721408      -3.602611234401622E-004
   12.8445747800587      -2.804397704536957E-004
   12.8621700879765      -2.051837788301338E-004
   12.8797653958944      -1.371882034594649E-004
   12.8973607038123      -8.843612324157494E-005
   12.9149560117302      -5.793032112857480E-005
   12.9325513196481      -5.382463297087736E-005
   12.9501466275660      -7.176097938480063E-005
   12.9677419354839      -1.157966100969843E-004
   12.9853372434018      -1.772750783946354E-004
   13.0029325513196      -2.534874667759920E-004
   13.0205278592375      -3.254060308863596E-004
   13.0381231671554      -3.854608262311023E-004
   13.0557184750733      -4.242717347367550E-004
   13.0733137829912      -4.426907014013875E-004
   13.0909090909091      -4.355847821635584E-004
   13.1085043988270      -4.064674009135207E-004
   13.1260997067449      -3.525985533511547E-004
   13.1436950146628      -2.791085375209442E-004
   13.1612903225806      -1.851771221810899E-004
   13.1788856304985      -7.735046395227830E-005
   13.1964809384164       4.310820639481949E-005
   13.2140762463343       1.672832162524969E-004
   13.2316715542522       2.924738482468472E-004
   13.2492668621701       4.129979503495543E-004
   13.2668621700880       5.288312382816629E-004
   13.2844574780059       6.358218077454290E-004
   13.3020527859238       7.343737463732796E-004
   13.3196480938416       8.212198846441976E-004
   13.3372434017595       8.969985290497760E-004
   13.3548387096774       9.593066309907780E-004
   13.3724340175953       1.009132588870668E-003
   13.3900293255132       1.045220176284629E-003
   13.4076246334311       1.069799234253103E-003
   13.4252199413490       1.084288142219194E-003
   13.4428152492669       1.090755985028230E-003
   13.4604105571848       1.088470994034485E-003
   13.4780058651026       1.077278118285220E-003
   13.4956011730205       1.055755795063718E-003
   13.5131964809384       1.022590245127534E-003
   13.5307917888563       9.760351025020354E-004
   13.5483870967742       9.138520866763027E-004
   13.5659824046921       8.341117673985136E-004
   13.5835777126100       7.337601191871726E-004
   13.6011730205279       6.107872894707276E-004
   13.6187683284457       4.636669840926788E-004
   13.6363636363636       2.997325773610053E-004
   13.6539589442815       1.251118075068855E-004
   13.6715542521994      -5.175244305255050E-005
   13.6891495601173      -2.257215000144870E-004
   13.7067448680352      -3.886637550648665E-004
   13.7243401759531      -5.364798057508394E-004
   13.7419354838710      -6.614651683643524E-004
   13.7595307917889      -7.607402568606708E-004
   13.7771260997067      -8.273624275457703E-004
   13.7947214076246      -8.602160571787136E-004
   13.8123167155425      -8.553073244643877E-004
   13.8299120234604      -8.212964386269159E-004
   13.8475073313783      -7.619339012907635E-004
   13.8651026392962      -6.863990730278091E-004
   13.8826979472141      -5.961800500073774E-004
   13.9002932551320      -4.997104009687849E-004
   13.9178885630499      -3.972466652684869E-004
   13.9354838709677      -2.968864147482943E-004
   13.9530791788856      -1.978751866712409E-004
   13.9706744868035      -1.080703642823476E-004
   13.9882697947214      -2.568440355720778E-005
   14.0058651026393       4.199767226481560E-005
   14.0234604105572       1.005555740457522E-004
   14.0410557184751       1.479091211623169E-004
   14.0586510263930       1.923748216401370E-004
   14.0762463343109       2.308262090427777E-004
   14.0938416422287       2.714914660933661E-004
   14.1114369501466       3.104221050735584E-004
   14.1290322580645       3.558663452312472E-004
   14.1466275659824       4.030536455438916E-004
   14.1642228739003       4.601736597619668E-004
   14.1818181818182       5.214261465348094E-004
   14.1994134897361       5.945257946994813E-004
   14.2170087976540       6.707544653801615E-004
   14.2346041055718       7.530008565928664E-004
   14.2521994134897       8.295992645021681E-004
   14.2697947214076       9.050022330891100E-004
   14.2873900293255       9.682144260691889E-004
   14.3049853372434       1.024896441812166E-003
   14.3225806451613       1.064261501852471E-003
   14.3401759530792       1.092969205241513E-003
   14.3577712609971       1.100345265284363E-003
   14.3753665689150       1.094036968439942E-003
   14.3929618768328       1.063549214099220E-003
   14.4105571847507       1.018027284772112E-003
   14.4281524926686       9.498764020517029E-004
   14.4457478005865       8.723764509284362E-004
   14.4633431085044       7.783504339934431E-004
   14.4809384164223       6.810695143942756E-004
   14.4985337243402       5.726979445728280E-004
   14.5161290322581       4.667648249535433E-004
   14.5337243401760       3.548455449296963E-004
   14.5513196480938       2.507347162802974E-004
   14.5689149560117       1.453498428849785E-004
   14.5865102639296       5.259567142509744E-005
   14.6041055718475      -3.773715346245135E-005
   14.6217008797654      -1.141349608142281E-004
   14.6392961876833      -1.920571049838250E-004
   14.6568914956012      -2.610312040801690E-004
   14.6744868035191      -3.354970787024757E-004
   14.6920821114370      -4.033633958436231E-004
   14.7096774193548      -4.784163121333621E-004
   14.7272727272727      -5.470577171219880E-004
   14.7448680351906      -6.223320051787932E-004
   14.7624633431085      -6.888699445965385E-004
   14.7800586510264      -7.583918140723271E-004
   14.7976539589443      -8.126690429974500E-004
   14.8152492668622      -8.588524971503411E-004
   14.8328445747801      -8.736226594747419E-004
   14.8504398826979      -8.681906581182870E-004
   14.8680351906158      -8.249548894096630E-004
   14.8856304985337      -7.591786270743964E-004
   14.9032258064516      -6.553548918156418E-004
   14.9208211143695      -5.313968858327942E-004
   14.9384164222874      -3.734221636882829E-004
   14.9560117302053      -2.019451276152600E-004
   14.9736070381232      -5.051485097676334E-006
   14.9912023460411       1.933319892068433E-004
   15.0087976539589       4.004578754848329E-004
   15.0263929618768       5.864715175723580E-004
   15.0439882697947       7.625507806730195E-004
   15.0615835777126       9.072669624597282E-004
   15.0791788856305       1.037525965186021E-003
   15.0967741935484       1.134183684524807E-003
   15.1143695014663       1.217013460139910E-003
   15.1319648093842       1.268319664456362E-003
   15.1495601173021       1.310361920595321E-003
   15.1671554252199       1.326884252580583E-003
   15.1847507331378       1.343006607810518E-003
   15.2023460410557       1.345102792824248E-003
   15.2199413489736       1.362842574746632E-003
   15.2375366568915       1.379873602032894E-003
   15.2551319648094       1.417878121010744E-003
   15.2727272727273       1.454926870683102E-003
   15.2903225806452       1.511190759835885E-003
   15.3079178885631       1.562614628651479E-003
   15.3255131964809       1.628780841346512E-003
   15.3431085043988       1.683969344122732E-003
   15.3607038123167       1.747352322851234E-003
   15.3782991202346       1.791514416917373E-003
   15.3958944281525       1.834954724925678E-003
   15.4134897360704       1.847839510490806E-003
   15.4310850439883       1.850965251097073E-003
   15.4486803519062       1.820225174411744E-003
   15.4662756598240       1.781245769890662E-003
   15.4838709677419       1.710768506003755E-003
   15.5014662756598       1.635969590568973E-003
   15.5190615835777       1.533781114209979E-003
   15.5366568914956       1.432769956824620E-003
   15.5542521994135       1.310056666664612E-003
   15.5718475073314       1.195791972253773E-003
   15.5894428152493       1.067668970616807E-003
   15.6070381231672       9.586336349074993E-004
   15.6246334310850       8.478477459008391E-004
   15.6422287390029       7.663732551350990E-004
   15.6598240469208       6.873626607820216E-004
   15.6774193548387       6.395124551689601E-004
   15.6950146627566       5.936978747328150E-004
   15.7126099706745       5.778696084674434E-004
   15.7302052785924       5.610274737481471E-004
   15.7478005865103       5.705485744886078E-004
   15.7653958944282       5.734864496130333E-004
   15.7829912023460       5.963491092766160E-004
   15.8005865102639       6.034406858069348E-004
   15.8181818181818       6.186880846401852E-004
   15.8357771260997       6.053286891553714E-004
   15.8533724340176       5.928936890912581E-004
   15.8709677419355       5.477456582932066E-004
   15.8885630498534       5.018499671796928E-004
   15.9061583577713       4.220990421483629E-004
   15.9237536656892       3.421571377909419E-004
   15.9413489736070       2.290856929209674E-004
   15.9589442815249       1.181467587542775E-004
   15.9765395894428      -2.340053405658948E-005
   15.9941348973607      -1.584454937105081E-004
   16.0117302052786      -3.185749306527501E-004
   16.0293255131965      -4.634879906815782E-004
   16.0469208211144      -6.257253253216088E-004
   16.0645161290323      -7.661598885173649E-004
   16.0821114369501      -9.194177609153784E-004
   16.0997067448680      -1.046260184201868E-003
   16.1173020527859      -1.182707817367440E-003
   16.1348973607038      -1.289140537423392E-003
   16.1524926686217      -1.402862569305222E-003
   16.1700879765396      -1.483803733979971E-003
   16.1876832844575      -1.570595590069608E-003
   16.2052785923754      -1.622894176216110E-003
   16.2228739002933      -1.682224818321644E-003
   16.2404692082111      -1.710657427149152E-003
   16.2580645161290      -1.752155848369884E-003
   16.2756598240469      -1.767567131111955E-003
   16.2932551319648      -1.801637103994143E-003
   16.3108504398827      -1.814120208440539E-003
   16.3284457478006      -1.850673622604900E-003
   16.3460410557185      -1.869981333980791E-003
   16.3636363636364      -1.918653323800320E-003
   16.3812316715543      -1.954246497430916E-003
   16.3988269794721      -2.024269740177686E-003
   16.4164222873900      -2.083738523058131E-003
   16.4340175953079      -2.174575065060957E-003
   16.4516129032258      -2.244315974836153E-003
   16.4692082111437      -2.335125409154747E-003
   16.4868035190616      -2.393904978038475E-003
   16.5043988269795      -2.464423422047221E-003
   16.5219941348974      -2.492843356453284E-003
   16.5395894428153      -2.524619167206783E-003
   16.5571847507331      -2.505234421759461E-003
   16.5747800586510      -2.482088025192433E-003
   16.5923753665689      -2.400286742248123E-003
   16.6099706744868      -2.310618781590495E-003
   16.6275659824047      -2.165416216234513E-003
   16.6451612903226      -2.027322346270062E-003
   16.6627565982405      -1.849936757670135E-003
   16.6803519061584      -1.695801240260675E-003
   16.6979472140762      -1.516173758299654E-003
   16.7155425219941      -1.374321297558145E-003
   16.7331378299120      -1.219418997028969E-003
   16.7507331378299      -1.115719282679998E-003
   16.7683284457478      -1.010342687637965E-003
   16.7859237536657      -9.686320289366169E-004
   16.8035190615836      -9.354852086747460E-004
   16.8211143695015      -9.743644129037490E-004
   16.8387096774194      -1.019070093960799E-003
   16.8563049853372      -1.128067919542151E-003
   16.8739002932551      -1.232760946101390E-003
   16.8914956011730      -1.393478473572954E-003
   16.9090909090909      -1.539704653753153E-003
   16.9266862170088      -1.733659915035347E-003
   16.9442815249267      -1.902769240621520E-003
   16.9618768328446      -2.111250070028690E-003
   16.9794721407625      -2.284369912629954E-003
   16.9970674486804      -2.488519243061889E-003
   17.0146627565982      -2.647325634733631E-003
   17.0322580645161      -2.833103231402381E-003
   17.0498533724340      -2.970928931530079E-003
   17.0674486803519      -3.136209634195605E-003
   17.0850439882698      -3.251018625445186E-003
   17.1026392961877      -3.392995873463011E-003
   17.1202346041056      -3.481085075843495E-003
   17.1378299120235      -3.595322047111307E-003
   17.1554252199413      -3.651250936175563E-003
   17.1730205278592      -3.731373197608166E-003
   17.1906158357771      -3.747377842472432E-003
   17.2082111436950      -3.783881681535015E-003
   17.2258064516129      -3.749475666712295E-003
   17.2434017595308      -3.736293310408763E-003
   17.2609970674487      -3.653034988333374E-003
   17.2785923753666      -3.596882834631541E-003
   17.2961876832845      -3.473005414811165E-003
   17.3137829912023      -3.383150863896246E-003
   17.3313782991202      -3.228309012998845E-003
   17.3489736070381      -3.115014338852193E-003
   17.3665689149560      -2.939505495640887E-003
   17.3841642228739      -2.813452734743511E-003
   17.4017595307918      -2.627676012488052E-003
   17.4193548387097      -2.499208819395625E-003
   17.4369501466276      -2.312522172319307E-003
   17.4545454545455      -2.191065697844218E-003
   17.4721407624633      -2.012908399345209E-003
   17.4897360703812      -1.908753703685102E-003
   17.5073313782991      -1.749182314174630E-003
   17.5249266862170      -1.672965415673443E-003
   17.5425219941349      -1.542003912236892E-003
   17.5601173020528      -1.504154581027933E-003
   17.5777126099707      -1.411102366237328E-003
   17.5953079178886      -1.420872720705909E-003
   17.6129032258065      -1.371728004253176E-003
   17.6304985337243      -1.427414291123688E-003
   17.6480938416422      -1.406520485721788E-003
   17.6656891495601      -1.487612102754018E-003
   17.6832844574780      -1.474659400341297E-003
   17.7008797653959      -1.565396206904267E-003
   17.7184750733138      -1.545029955690934E-003
   17.7360703812317      -1.634522239460624E-003
   17.7536656891496      -1.595401614247746E-003
   17.7712609970675      -1.677970761704613E-003
   17.7888563049853      -1.613459997125069E-003
   17.8064516129032      -1.691662610362960E-003
   17.8240469208211      -1.606636224324593E-003
   17.8416422287390      -1.701091902576201E-003
   17.8592375366569      -1.605627705762158E-003
   17.8768328445748      -1.730941656940705E-003
   17.8944281524927      -1.614001796766778E-003
   17.9120234604106      -1.776283487769471E-003
   17.9296187683284      -1.596650073932131E-003
   17.9472140762463      -1.797397067060320E-003
   17.9648093841642      -1.420334940952467E-003
   17.9824046920821      -1.657549005630883E-003
   18.0000000000000      -1.397135798231830E-004
