  0.000000000000000E+000 -4.306606127098968E-003
  1.759530791788856E-002 -3.308399537913736E-003
  3.519061583577713E-002 -2.962755192722573E-003
  5.278592375366570E-002 -2.490706610387559E-003
  7.038123167155426E-002 -2.217135467531231E-003
  8.797653958944282E-002 -1.877041019837895E-003
  0.105571847507331      -1.645772495360235E-003
  0.123167155425220      -1.374552735072154E-003
  0.140762463343109      -1.174669199039870E-003
  0.158357771260997      -9.503895036445476E-004
  0.175953079178886      -7.774576283936570E-004
  0.193548387096774      -5.908062516318369E-004
  0.211143695014663      -4.436713348041110E-004
  0.228739002932551      -2.906694038479196E-004
  0.246334310850440      -1.685172813717454E-004
  0.263929618768328      -4.532752528845941E-005
  0.281524926686217       5.381755621010231E-005
  0.299120234604106       1.504227250213591E-004
  0.316715542521994       2.282200531891891E-004
  0.334310850439883       3.006623505190463E-004
  0.351906158357771       3.583907666857072E-004
  0.369501466275660       4.084078746026083E-004
  0.387096774193548       4.468611186923754E-004
  0.404692082111437       4.753316519388267E-004
  0.422287390029326       4.938854221001876E-004
  0.439882697947214       4.989304028721763E-004
  0.457478005865103       4.944045713715712E-004
  0.475073313782991       4.735633100062862E-004
  0.492668621700880       4.439425200813680E-004
  0.510263929618768       3.960033150529846E-004
  0.527859237536657       3.403589666022958E-004
  0.545454545454546       2.651049677355266E-004
  0.563049853372434       1.835945224932317E-004
  0.580645161290323       8.201516270195952E-005
  0.598240469208211      -2.363721626997672E-005
  0.615835777126100      -1.479477142878421E-004
  0.633431085043988      -2.708111150872415E-004
  0.651026392961877      -4.077698901818481E-004
  0.668621700879765      -5.378255669863075E-004
  0.686217008797654      -6.787092915226048E-004
  0.703812316715543      -8.083962543611393E-004
  0.721407624633431      -9.463614597382177E-004
  0.739002932551320      -1.069606940465341E-003
  0.756598240469208      -1.199167297367391E-003
  0.774193548387097      -1.311234686750147E-003
  0.791788856304985      -1.428362157153988E-003
  0.809384164222874      -1.526442897030243E-003
  0.826979472140763      -1.630853959538294E-003
  0.844574780058651      -1.718181704192831E-003
  0.862170087976540      -1.814654341537997E-003
  0.879765395894428      -1.895447819506005E-003
  0.897360703812317      -1.987280856183301E-003
  0.914956011730205      -2.064307666272840E-003
  0.932551319648094      -2.153758778601066E-003
  0.950146627565982      -2.228890881631185E-003
  0.967741935483871      -2.317378700682307E-003
  0.985337243401760      -2.391613027367301E-003
   1.00293255131965      -2.479517476129422E-003
   1.02052785923754      -2.552231434329335E-003
   1.03812316715543      -2.637497647648182E-003
   1.05571847507331      -2.706051229102614E-003
   1.07331378299120      -2.786515076960358E-003
   1.09090909090909      -2.849379752882400E-003
   1.10850439882698      -2.923851572238846E-003
   1.12609970674487      -2.980126672944233E-003
   1.14369501466276      -3.047893688838836E-003
   1.16129032258065      -3.097069625328517E-003
   1.17888563049853      -3.157766072013742E-003
   1.19648093841642      -3.199655786985467E-003
   1.21407624633431      -3.253200115235397E-003
   1.23167155425220      -3.287453713370568E-003
   1.24926686217009      -3.332623820256946E-003
   1.26686217008798      -3.357338747087472E-003
   1.28445747800587      -3.392054711932233E-003
   1.30205278592375      -3.405208321675986E-003
   1.31964809384164      -3.427490393250244E-003
   1.33724340175953      -3.427185603328151E-003
   1.35483870967742      -3.435199028277688E-003
   1.37243401759531      -3.419703898161822E-003
   1.39002932551320      -3.411808927836089E-003
   1.40762463343109      -3.379658045075078E-003
   1.42521994134897      -3.355002123384741E-003
   1.44281524926686      -3.306747153952682E-003
   1.46041055718475      -3.267138711416772E-003
   1.47800586510264      -3.204971733733200E-003
   1.49560117302053      -3.152551254863617E-003
   1.51319648093842      -3.078610661851806E-003
   1.53079178885631      -3.015515863723688E-003
   1.54838709677419      -2.931981602006875E-003
   1.56598240469208      -2.860434639680755E-003
   1.58357771260997      -2.769621746409728E-003
   1.60117302052786      -2.692064724086171E-003
   1.61876832844575      -2.596643843365191E-003
   1.63636363636364      -2.515780285273905E-003
   1.65395894428153      -2.418010391896553E-003
   1.67155425219941      -2.335491342056121E-003
   1.68914956011730      -2.236686261468475E-003
   1.70674486803519      -2.153620834037755E-003
   1.72434017595308      -2.054742498093894E-003
   1.74193548387097      -1.971947808323520E-003
   1.75953079178886      -1.873690958348809E-003
   1.77712609970675      -1.791718993369891E-003
   1.79472140762463      -1.694491731244772E-003
   1.81231671554252      -1.613537402570393E-003
   1.82991202346041      -1.517416365249102E-003
   1.84750733137830      -1.437804756997603E-003
   1.86510263929619      -1.343601118885176E-003
   1.88269794721408      -1.266441147980159E-003
   1.90029325513196      -1.175398959463931E-003
   1.91788856304985      -1.102010217493371E-003
   1.93548387096774      -1.015524240379067E-003
   1.95307917888563      -9.473585169468999E-004
   1.97067448680352      -8.669539011952599E-004
   1.98826979472141      -8.056084060097682E-004
   2.00586510263930      -7.330030891627767E-004
   2.02346041055718      -6.801615731483725E-004
   2.04105571847507      -6.164171312272686E-004
   2.05865102639296      -5.721117533533249E-004
   2.07624633431085      -5.166329284180740E-004
   2.09384164222874      -4.800628613015534E-004
   2.11143695014663      -4.319414722383963E-004
   2.12903225806452      -4.020959929551885E-004
   2.14662756598241      -3.602371703929824E-004
   2.16422287390029      -3.359256824022046E-004
   2.18181818181818      -2.990460359754309E-004
   2.19941348973607      -2.788607774157229E-004
   2.21700879765396      -2.454271865626730E-004
   2.23460410557185      -2.279462882992823E-004
   2.25219941348974      -1.970705197952003E-004
   2.26979472140762      -1.819018716921651E-004
   2.28739002932551      -1.533924758433212E-004
   2.30498533724340      -1.404068515532589E-004
   2.32258064516129      -1.141811269878494E-004
   2.34017595307918      -1.033198416680185E-004
   2.35777126099707      -7.934591373693318E-005
   2.37536656891496      -7.059053709892358E-005
   2.39296187683284      -4.887195927903087E-005
   2.41055718475073      -4.225071023751664E-005
   2.42815249266862      -2.293337894091311E-005
   2.44574780058651      -1.878924961017586E-005
   2.46334310850440      -2.348659263081337E-006
   2.48093841642229      -1.144610423224970E-006
   2.49853372434018       1.200224539586959E-005
   2.51612903225806       9.901832588768363E-006
   2.53372434017595       1.943900916418967E-005
   2.55131964809384       1.378370422296465E-005
   2.56891495601173       1.953255563859367E-005
   2.58651026392962       1.024846461728231E-005
   2.60410557184751       1.229271802198375E-005
   2.62170087976540      -5.493650841585998E-008
   2.63929618768328      -1.417322088200414E-007
   2.65689149560117      -1.309875343098222E-005
   2.67448680351906      -1.276078828302443E-005
   2.69208211143695      -2.399690499870942E-005
   2.70967741935484      -2.108330416674648E-005
   2.72727272727273      -2.858885809218730E-005
   2.74486803519062      -2.122341976893821E-005
   2.76246334310850      -2.324523657926437E-005
   2.78005865102639      -9.812245420438324E-006
   2.79765395894428      -4.887203363596368E-006
   2.81524926686217       1.574572178422716E-005
   2.83284457478006       2.771475713060314E-005
   2.85043988269795       5.413856548107024E-005
   2.86803519061584       7.096072101809832E-005
   2.88563049853372       1.009690358367027E-004
   2.90322580645161       1.205481918277807E-004
   2.92082111436950       1.521125106632133E-004
   2.93841642228739       1.724797646515413E-004
   2.95601173020528       2.036786337085704E-004
   2.97360703812317       2.229668605719019E-004
   2.99120234604106       2.519884687637550E-004
   3.00879765395894       2.684951360778170E-004
   3.02639296187683       2.941833574004197E-004
   3.04398826979472       3.079765909266643E-004
   3.06158357771261       3.314425234224144E-004
   3.07917888563050       3.438814906772393E-004
   3.09677419354839       3.663843982672464E-004
   3.11436950146628       3.786493743970258E-004
   3.13196480938416       4.012922344111653E-004
   3.14956011730205       4.144154861485487E-004
   3.16715542521994       4.381492640366817E-004
   3.18475073313783       4.529931651200400E-004
   3.20234604105572       4.785541682511155E-004
   3.21994134897361       4.955336998809645E-004
   3.23753665689150       5.225568643278988E-004
   3.25513196480938       5.404972007530878E-004
   3.27272727272727       5.675711395699755E-004
   3.29032258064516       5.851664807704013E-004
   3.30791788856305       6.110718001695224E-004
   3.32551319648094       6.271708648826559E-004
   3.34310850439883       6.508069866730402E-004
   3.36070381231672       6.643593940047386E-004
   3.37829912023460       6.847202844886386E-004
   3.39589442815249       6.947734516668049E-004
   3.41348973607038       7.110013193481506E-004
   3.43108504398827       7.170337808923614E-004
   3.44868035190616       7.291353252488763E-004
   3.46627565982405       7.314666093011121E-004
   3.48387096774194       7.397724436502216E-004
   3.50146627565982       7.386833964295545E-004
   3.51906158357771       7.434316976829901E-004
   3.53665689149560       7.391243121739392E-004
   3.55425219941349       7.404751315719848E-004
   3.57184750733138       7.330659291329909E-004
   3.58944281524927       7.310774930750569E-004
   3.60703812316716       7.205404119468103E-004
   3.62463343108504       7.150886614708670E-004
   3.64222873900293       7.013474322571752E-004
   3.65982404692082       6.925840403857972E-004
   3.67741935483871       6.760029797601115E-004
   3.69501466275660       6.643901030432423E-004
   3.71260997067449       6.454896854369256E-004
   3.73020527859238       6.315887741160606E-004
   3.74780058651026       6.109655114872438E-004
   3.76539589442815       5.953986028770882E-004
   3.78299120234604       5.736978555666907E-004
   3.80058651026393       5.571241831003124E-004
   3.81818181818182       5.349446735388518E-004
   3.83577712609971       5.175870412257881E-004
   3.85337243401760       4.945731702042999E-004
   3.87096774193548       4.757705162960443E-004
   3.88856304985337       4.512503080289606E-004
   3.90615835777126       4.303624568433002E-004
   3.92375366568915       4.037273902424877E-004
   3.94134897360704       3.801733837675042E-004
   3.95894428152493       3.508729639296303E-004
   3.97653958944282       3.241314747265306E-004
   3.99413489736070       2.916795608855466E-004
   4.01173020527859       2.613307124919132E-004
   4.02932551319648       2.256714498429528E-004
   4.04692082111437       1.923987135077976E-004
   4.06451612903226       1.547968888431712E-004
   4.08211143695015       1.200106881676134E-004
   4.09970674486804       8.187074688955337E-005
   4.11730205278592       4.697300061163962E-005
   4.13489736070381       9.700073339021537E-006
   4.15249266862170      -2.390083564446174E-005
   4.17008797653959      -5.889120398191341E-005
   4.18768328445748      -8.977313589779082E-005
   4.20527859237537      -1.210500742911925E-004
   4.22287390029326      -1.479533697521840E-004
   4.24046920821114      -1.749087919745369E-004
   4.25806451612903      -1.980403970117590E-004
   4.27565982404692      -2.212459551915636E-004
   4.29325513196481      -2.412076996534009E-004
   4.31085043988270      -2.612617304874648E-004
   4.32844574780059      -2.786495639903198E-004
   4.34604105571848      -2.961440351822609E-004
   4.36363636363636      -3.115482084847348E-004
   4.38123167155425      -3.270720158535527E-004
   4.39882697947214      -3.410856957054811E-004
   4.41642228739003      -3.552349766631357E-004
   4.43401759530792      -3.683897826903568E-004
   4.45161290322581      -3.815232206670799E-004
   4.46920821114370      -3.940194423519974E-004
   4.48680351906158      -4.062605559510370E-004
   4.50439882697947      -4.181777325745520E-004
   4.52199413489736      -4.295640499363056E-004
   4.53958944281525      -4.408977570490988E-004
   4.55718475073314      -4.513783870588022E-004
   4.57478005865103      -4.620248213141178E-004
   4.59237536656892      -4.714299439996139E-004
   4.60997067448680      -4.811186266899780E-004
   4.62756598240469      -4.890454904683710E-004
   4.64516129032258      -4.973446121705861E-004
   4.66275659824047      -5.034924782893387E-004
   4.68035190615836      -5.102467468269164E-004
   4.69794721407625      -5.145359573448289E-004
   4.71554252199414      -5.197090177935559E-004
   4.73313782991202      -5.221340546340541E-004
   4.75073313782991      -5.257439169496441E-004
   4.76832844574780      -5.263412147796831E-004
   4.78592375366569      -5.284400487585365E-004
   4.80351906158358      -5.272767982936889E-004
   4.82111436950147      -5.280088577679622E-004
   4.83870967741935      -5.254913858955918E-004
   4.85630498533724      -5.255950399752733E-004
   4.87390029325513      -5.226076109507908E-004
   4.89149560117302      -5.229663792445100E-004
   4.90909090909091      -5.203759464318212E-004
   4.92668621700880      -5.218384464510568E-004
   4.94428152492669      -5.204718754387768E-004
   4.96187683284458      -5.238380918559261E-004
   4.97947214076246      -5.244599819910501E-004
   4.99706744868035      -5.304447439122422E-004
   5.01466275659824      -5.336525441867546E-004
   5.03225806451613      -5.424869287677797E-004
   5.04985337243402      -5.480027816329724E-004
   5.06744868035191      -5.591671901242717E-004
   5.08504398826980      -5.664977317746009E-004
   5.10263929618768      -5.795551695383390E-004
   5.12023460410557      -5.882985504721734E-004
   5.13782991202346      -6.028697206728611E-004
   5.15542521994135      -6.126607506501463E-004
   5.17302052785924      -6.283841675866997E-004
   5.19061583577713      -6.388545620666923E-004
   5.20821114369502      -6.553292952880479E-004
   5.22580645161290      -6.660280139508137E-004
   5.24340175953079      -6.828273583607553E-004
   5.26099706744868      -6.934691100187847E-004
   5.27859237536657      -7.104521203967740E-004
   5.29618768328446      -7.209823388184010E-004
   5.31378299120235      -7.381528172662538E-004
   5.33137829912024      -7.486255021921291E-004
   5.34897360703812      -7.660800122515373E-004
   5.36656891495601      -7.766315658387877E-004
   5.38416422287390      -7.945417112554096E-004
   5.40175953079179      -8.053774067030471E-004
   5.41935483870968      -8.239264058044299E-004
   5.43695014662757      -8.350067879100787E-004
   5.45454545454546      -8.538087056713066E-004
   5.47214076246334      -8.645803505682725E-004
   5.48973607038123      -8.830889929271757E-004
   5.50733137829912      -8.930402448300959E-004
   5.52492668621701      -9.107760544633137E-004
   5.54252199413490      -9.194610301505330E-004
   5.56011730205279      -9.360101671308381E-004
   5.57771260997067      -9.430495682269392E-004
   5.59530791788856      -9.580665265150085E-004
   5.61290322580645      -9.631490202628780E-004
   5.63049853372434      -9.763098916343673E-004
   5.64809384164223      -9.790335614101894E-004
   5.66568914956012      -9.898716673421913E-004
   5.68328445747801      -9.897737976731773E-004
   5.70087976539589      -9.978568961443439E-004
   5.71847507331378      -9.945419856916976E-004
   5.73607038123167      -9.995125269437444E-004
   5.75366568914956      -9.926674411009631E-004
   5.77126099706745      -9.942601782733768E-004
   5.78885630498534      -9.836784566450312E-004
   5.80645161290323      -9.817638407215398E-004
   5.82404692082111      -9.674361121428864E-004
   5.84164222873900      -9.621124970281359E-004
   5.85923753665689      -9.441469911556097E-004
   5.87683284457478      -9.354688382551396E-004
   5.89442815249267      -9.138947564917877E-004
   5.91202346041056      -9.018910084868705E-004
   5.92961876832845      -8.767519839329676E-004
   5.94721407624634      -8.614888308714499E-004
   5.96480938416422      -8.328862859373810E-004
   5.98240469208211      -8.145108268932774E-004
   6.00000000000000      -7.826616191620587E-004
   6.01759530791789      -7.615004557890448E-004
   6.03519061583578      -7.268275765428988E-004
   6.05278592375367      -7.032405322332932E-004
   6.07038123167156      -6.659468699733317E-004
   6.08797653958944      -6.400349194671416E-004
   6.10557184750733      -6.001811720222875E-004
   6.12316715542522      -5.719833842221699E-004
   6.14076246334311      -5.296048873589048E-004
   6.15835777126100      -4.991609456246065E-004
   6.17595307917889      -4.543185174704898E-004
   6.19354838709677      -4.217230871216737E-004
   6.21114369501466      -3.745932291182864E-004
   6.22873900293255      -3.402261615955914E-004
   6.24633431085044      -2.914459772713412E-004
   6.26392961876833      -2.560295604893749E-004
   6.28152492668622      -2.062577775281010E-004
   6.29912023460411      -1.703824253865389E-004
   6.31671554252199      -1.201748012143278E-004
   6.33431085043988      -8.437306634146875E-005
   6.35190615835777      -3.425577566097246E-005
   6.36950146627566       9.433021496562110E-007
   6.38709677419355       5.041798012362217E-005
   6.40469208211144       8.441017172448217E-005
   6.42228739002933       1.325300804669340E-004
   6.43988269794721       1.645456260709845E-004
   6.45747800586510       2.106606814899783E-004
   6.47507331378299       2.402510936597916E-004
   6.49266862170088       2.840405495637240E-004
   6.51026392961877       3.109655235636166E-004
   6.52785923753666       3.522464075099193E-004
   6.54545454545455       3.763703792427263E-004
   6.56304985337243       4.150395925541626E-004
   6.58064516129032       4.362836400075872E-004
   6.59824046920821       4.722655829387364E-004
   6.61583577712610       4.905118655556243E-004
   6.63343108504399       5.235482022372314E-004
   6.65102639296188       5.384273688817673E-004
   6.66862170087977       5.681929021227852E-004
   6.68621700879765       5.795003519795990E-004
   6.70381231671554       6.058855056442108E-004
   6.72140762463343       6.135941980076312E-004
   6.73900293255132       6.366413949415951E-004
   6.75659824046921       6.408630642210515E-004
   6.77419354838710       6.607454421497158E-004
   6.79178885630499       6.617177295517497E-004
   6.80938416422287       6.787297310332143E-004
   6.82697947214076       6.767444742003457E-004
   6.84457478005865       6.910486105926720E-004
   6.86217008797654       6.861403802120998E-004
   6.87976539589443       6.977537347311944E-004
   6.89736070381232       6.899903488957928E-004
   6.91495601173021       6.990312515435185E-004
   6.93255131964809       6.885884821374745E-004
   6.95014662756598       6.952872202265672E-004
   6.96774193548387       6.824577598732738E-004
   6.98533724340176       6.871682341842658E-004
   7.00293255131965       6.723796527512349E-004
   7.02052785923754       6.755415707440077E-004
   7.03812316715543       6.590065552567034E-004
   7.05571847507331       6.604347175460728E-004
   7.07331378299120       6.417694659698638E-004
   7.09090909090909       6.410895423838520E-004
   7.10850439882698       6.199770415638427E-004
   7.12609970674487       6.169333843848573E-004
   7.14369501466276       5.931950169815087E-004
   7.16129032258065       5.876916688865983E-004
   7.17888563049853       5.613371121634347E-004
   7.19648093841642       5.535101222414462E-004
   7.21407624633431       5.248733103396604E-004
   7.23167155425220       5.152636379001517E-004
   7.24926686217009       4.848809784331873E-004
   7.26686217008798       4.738096008252289E-004
   7.28445747800587       4.418436321804134E-004
   7.30205278592375       4.294149928003756E-004
   7.31964809384164       3.959620536890357E-004
   7.33724340175953       3.822835859093015E-004
   7.35483870967742       3.474888751510295E-004
   7.37243401759531       3.327609122854848E-004
   7.39002932551320       2.969144313039944E-004
   7.40762463343109       2.815743235176927E-004
   7.42521994134897       2.453212829436567E-004
   7.44281524926686       2.300365598981945E-004
   7.46041055718475       1.937691488457927E-004
   7.47800586510264       1.786279461347563E-004
   7.49560117302053       1.422921172816811E-004
   7.51319648093842       1.271698265090282E-004
   7.53079178885631       9.060806349644557E-005
   7.54838709677419       7.533473666203863E-005
   7.56598240469208       3.839444896474187E-005
   7.58357771260997       2.285907002833497E-005
   7.60117302052786      -1.447370100947015E-005
   7.61876832844575      -3.005335485001265E-005
   7.63636363636364      -6.716625945705591E-005
   7.65395894428153      -8.198540600802494E-005
   7.67155425219941      -1.182371008343209E-004
   7.68914956011730      -1.318846311900537E-004
   7.70674486803519      -1.670041611318871E-004
   7.72434017595308      -1.793136773945753E-004
   7.74193548387097      -2.132045392065655E-004
   7.75953079178886      -2.241350095897827E-004
   7.77712609970675      -2.567813264748808E-004
   7.79472140762463      -2.663203722734051E-004
   7.81231671554252      -2.976298796544187E-004
   7.82991202346041      -3.054399660401763E-004
   7.84750733137830      -3.348193169899626E-004
   7.86510263929619      -3.403390258217709E-004
   7.88269794721408      -3.674306673740569E-004
   7.90029325513197      -3.704845695921397E-004
   7.91788856304985      -3.952450984960560E-004
   7.93548387096774      -3.959090467553993E-004
   7.95307917888563      -4.185132145158422E-004
   7.97067448680352      -4.170567478069051E-004
   7.98826979472141      -4.378516534591823E-004
   8.00586510263930      -4.346875152130451E-004
   8.02346041055718      -4.540086193704298E-004
   8.04105571847507      -4.491423716715686E-004
   8.05865102639296      -4.666599321319994E-004
   8.07624633431085      -4.597318317624550E-004
   8.09384164222874      -4.752091796176340E-004
   8.11143695014663      -4.661100822055674E-004
   8.12903225806452      -4.795550390381858E-004
   8.14662756598241      -4.684169053010274E-004
   8.16422287390029      -4.800823504453182E-004
   8.18181818181818      -4.672947913189023E-004
   8.19941348973607      -4.777179439952134E-004
   8.21700879765396      -4.639701212196137E-004
   8.23460410557185      -4.737303908285821E-004
   8.25219941348974      -4.591334175953521E-004
   8.26979472140763      -4.679479570808707E-004
   8.28739002932551      -4.521394807513459E-004
   8.30498533724340      -4.596759675519259E-004
   8.32258064516129      -4.423854316594614E-004
   8.34017595307918      -4.484453791883672E-004
   8.35777126099707      -4.295685657716820E-004
   8.37536656891496      -4.341541819228495E-004
   8.39296187683285      -4.138316613852572E-004
   8.41055718475073      -4.172683945849679E-004
   8.42815249266862      -3.959602254085973E-004
   8.44574780058651      -3.985114942935934E-004
   8.46334310850440      -3.760884429662112E-004
   8.48093841642229      -3.773932892010073E-004
   8.49853372434018      -3.534581381497720E-004
   8.51612903225807      -3.531342560543908E-004
   8.53372434017595      -3.273557788105789E-004
   8.55131964809384      -3.251424885227821E-004
   8.56891495601173      -2.973665440454381E-004
   8.58651026392962      -2.932475170425047E-004
   8.60410557184751      -2.636805404922416E-004
   8.62170087976540      -2.582146869475353E-004
   8.63929618768329      -2.276911585912266E-004
   8.65689149560117      -2.215336355215230E-004
   8.67448680351906      -1.903087818394411E-004
   8.69208211143695      -1.834665525714835E-004
   8.70967741935484      -1.514397072430024E-004
   8.72727272727273      -1.437478264689751E-004
   8.74486803519062      -1.107360636096601E-004
   8.76246334310851      -1.020168276071604E-004
   8.78005865102639      -6.789268203658629E-005
   8.79765395894428      -5.811111941410470E-005
   8.81524926686217      -2.307081141171492E-005
   8.83284457478006      -1.281253144550712E-005
   8.85043988269795       2.234992732449415E-005
   8.86803519061584       3.248891343212475E-005
   8.88563049853373       6.745028719299143E-005
   8.90322580645161       7.731975364734651E-005
   8.92082111436950       1.120327970244670E-004
   8.93841642228739       1.216594576882935E-004
   8.95601173020528       1.561886989066663E-004
   8.97360703812317       1.656513481878171E-004
   8.99120234604106       2.000460140182423E-004
   9.00879765395895       2.092857099482435E-004
   9.02639296187683       2.431594372253176E-004
   9.04398826979472       2.514090208567727E-004
   9.06158357771261       2.839476654915701E-004
   9.07917888563050       2.906467392505835E-004
   9.09677419354839       3.215139414884267E-004
   9.11436950146628       3.264809807324381E-004
   9.13196480938416       3.556083290613593E-004
   9.14956011730205       3.588675231617201E-004
   9.16715542521994       3.863397331543735E-004
   9.18475073313783       3.880134159730943E-004
   9.20234604105572       4.139311018806858E-004
   9.21994134897361       4.139102515195379E-004
   9.23753665689150       4.376265562414384E-004
   9.25513196480938       4.348472728148791E-004
   9.27272727272727       4.553835647315788E-004
   9.29032258064516       4.491602089094529E-004
   9.30791788856305       4.660605854697002E-004
   9.32551319648094       4.561416154930090E-004
   9.34310850439883       4.693326467863628E-004
   9.36070381231672       4.558209887306871E-004
   9.37829912023460       4.655694431520607E-004
   9.39589442815249       4.489033879486968E-004
   9.41348973607038       4.557953666426829E-004
   9.43108504398827       4.364764549981113E-004
   9.44868035190616       4.405794500922792E-004
   9.46627565982405       4.183387921392104E-004
   9.48387096774194       4.193719878012339E-004
   9.50146627565982       3.940571656999922E-004
   9.51906158357771       3.920038048448942E-004
   9.53665689149560       3.637531307734673E-004
   9.55425219941349       3.589128092301456E-004
   9.57184750733138       3.282146070478084E-004
   9.58944281524927       3.212859436913391E-004
   9.60703812316716       2.891273749617219E-004
   9.62463343108504       2.813913555337695E-004
   9.64222873900293       2.490175391629641E-004
   9.65982404692082       2.412705690660388E-004
   9.67741935483871       2.091125215019118E-004
   9.69501466275660       2.016813091393138E-004
   9.71260997067449       1.700726908878867E-004
   9.73020527859238       1.633294990530297E-004
   9.74780058651026       1.327216280456194E-004
   9.76539589442815       1.272184332416562E-004
   9.78299120234604       9.830921426871655E-005
   9.80058651026393       9.494201246329842E-005
   9.81818181818182       6.891803552994358E-005
   9.83577712609971       6.896280692907530E-005
   9.85337243401760       4.667317542268927E-005
   9.87096774193548       5.041633202294370E-005
   9.88856304985337       3.188808597365578E-005
   9.90615835777126       3.926572862075879E-005
   9.92375366568915       2.440737637838496E-005
   9.94134897360704       3.533048616481198E-005
   9.95894428152493       2.409119184564209E-005
   9.97653958944282       3.857122180187282E-005
   9.99413489736071       3.106802380356024E-005
   10.0117302052786       4.937067439166790E-005
   10.0293255131965       4.574781023995677E-005
   10.0469208211144       6.723286483169071E-005
   10.0645161290323       6.596342864566851E-005
   10.0821114369501       8.872446299981687E-005
   10.0997067448680       8.785488129941078E-005
   10.1173020527859       1.099534046277148E-004
   10.1348973607038       1.076085647829770E-004
   10.1524926686217       1.272667539143921E-004
   10.1700879765396       1.218228080317391E-004
   10.1876832844575       1.376321133212965E-004
   10.2052785923754       1.280558852078040E-004
   10.2228739002933       1.397092746804226E-004
   10.2404692082111       1.265047323220603E-004
   10.2580645161290       1.345630467977041E-004
   10.2756598240469       1.177138913284031E-004
   10.2932551319648       1.216824568769447E-004
   10.3108504398827       1.004371314500038E-004
   10.3284457478006       9.938856080623196E-005
   10.3460410557185       7.272019806569910E-005
   10.3636363636364       6.557641958451795E-005
   10.3812316715543       3.243224120477309E-005
   10.3988269794721       1.825653619354130E-005
   10.4164222873900      -2.186086742743686E-005
   10.4340175953079      -4.253108944513668E-005
   10.4516129032258      -8.818740392628967E-005
   10.4692082111437      -1.140259675718789E-004
   10.4868035190616      -1.644478455963583E-004
   10.5043988269795      -1.951164047390527E-004
   10.5219941348974      -2.502908155403750E-004
   10.5395894428153      -2.860521560563260E-004
   10.5571847507331      -3.464736914227806E-004
   10.5747800586510      -3.880275786899168E-004
   10.5923753665689      -4.545626256804718E-004
   10.6099706744868      -5.028616211302972E-004
   10.6275659824047      -5.759613333076755E-004
   10.6451612903226      -6.301868967935444E-004
   10.6627565982405      -7.080505716636349E-004
   10.6803519061584      -7.663525481594117E-004
   10.6979472140762      -8.474198056768109E-004
   10.7155425219941      -9.085039173592456E-004
   10.7331378299120      -9.917240494863163E-004
   10.7507331378299      -1.054779715205133E-003
   10.7683284457478      -1.139570345955036E-003
   10.7859237536657      -1.204246796271585E-003
   10.8035190615836      -1.290479542491954E-003
   10.8211143695015      -1.356565704464391E-003
   10.8387096774194      -1.442944885654242E-003
   10.8563049853372      -1.507603143488458E-003
   10.8739002932551      -1.590659613748710E-003
   10.8914956011730      -1.650587115894434E-003
   10.9090909090909      -1.727281986932137E-003
   10.9266862170088      -1.779724525240973E-003
   10.9442815249267      -1.847603381584540E-003
   10.9618768328446      -1.890440432736071E-003
   10.9794721407625      -1.947757820560216E-003
   10.9970674486804      -1.979701444762819E-003
   11.0146627565982      -2.025820974185021E-003
   11.0322580645161      -2.046983175654605E-003
   11.0498533724340      -2.082178495481131E-003
   11.0674486803519      -2.092380392984582E-003
   11.0850439882698      -2.116102982750872E-003
   11.1026392961877      -2.114710689145352E-003
   11.1202346041056      -2.126357077907788E-003
   11.1378299120235      -2.112873051229704E-003
   11.1554252199413      -2.112100976432255E-003
   11.1730205278592      -2.086403411615814E-003
   11.1906158357771      -2.073373992591931E-003
   11.2082111436950      -2.036039217717129E-003
   11.2258064516129      -2.011464163902744E-003
   11.2434017595308      -1.962225005975848E-003
   11.2609970674487      -1.924244600783083E-003
   11.2785923753666      -1.860409982845304E-003
   11.2961876832845      -1.806247782563089E-003
   11.3137829912023      -1.725158533938320E-003
   11.3313782991202      -1.652364016701522E-003
   11.3489736070381      -1.551887388489457E-003
   11.3665689149560      -1.458756885258443E-003
   11.3841642228739      -1.337800607021253E-003
   11.4017595307918      -1.224182406172890E-003
   11.4193548387097      -1.084642021541167E-003
   11.4369501466276      -9.558706376076469E-004
   11.4545454545455      -8.052321816038748E-004
   11.4721407624633      -6.680600358245795E-004
   11.4897360703812      -5.116583036637321E-004
   11.5073313782991      -3.705353802593594E-004
   11.5249266862170      -2.122163192015745E-004
   11.5425219941349      -7.056119824760165E-005
   11.5601173020528       8.655106149683301E-005
   11.5777126099707       2.257734615798490E-004
   11.5953079178886       3.787068534416539E-004
   11.6129032258065       5.120999466719156E-004
   11.6304985337243       6.562185289995472E-004
   11.6480938416422       7.781055728372985E-004
   11.6656891495601       9.081639787928694E-004
   11.6832844574780       1.014478464429920E-003
   11.7008797653959       1.127351990344639E-003
   11.7184750733138       1.215690421165393E-003
   11.7360703812317       1.309590046053806E-003
   11.7536656891496       1.378713864021436E-003
   11.7712609970675       1.452893320117887E-003
   11.7888563049853       1.502505442623370E-003
   11.8064516129032       1.557037612983331E-003
   11.8240469208211       1.587385935151523E-003
   11.8416422287390       1.622526831867894E-003
   11.8592375366569       1.634116283929234E-003
   11.8768328445748       1.650964833046076E-003
   11.8944281524927       1.645549726486024E-003
   11.9120234604106       1.646458870007967E-003
   11.9296187683284       1.626983380053392E-003
   11.9472140762463       1.615485611972390E-003
   11.9648093841642       1.586089996255823E-003
   11.9824046920821       1.566958587064424E-003
   12.0000000000000       1.533110371435456E-003
   12.0175953079179       1.512200427103110E-003
   12.0351906158358       1.478034263225813E-003
   12.0527859237537       1.455718819179602E-003
   12.0703812316716       1.419309901682764E-003
   12.0879765395894       1.393629527768902E-003
   12.1055718475073       1.353600006575020E-003
   12.1231671554252       1.323869970867445E-003
   12.1407624633431       1.280358669238428E-003
   12.1583577712610       1.247681726181082E-003
   12.1759530791789       1.202991212716749E-003
   12.1935483870968       1.171204692987113E-003
   12.2111436950147       1.131596774517041E-003
   12.2287390029326       1.109510334263059E-003
   12.2463343108504       1.082873231243800E-003
   12.2639296187683       1.073945892353955E-003
   12.2815249266862       1.060133818398811E-003
   12.2991202346041       1.062634118622018E-003
   12.3167155425220       1.059122216123517E-003
   12.3343108504399       1.070077608803501E-003
   12.3519061583578       1.073730803344616E-003
   12.3695014662757       1.090106549418923E-003
   12.3870967741935       1.098319563762828E-003
   12.4046920821114       1.118578620211247E-003
   12.4222873900293       1.132386276937415E-003
   12.4398826979472       1.160569885826523E-003
   12.4574780058651       1.183932130415050E-003
   12.4750733137830       1.221082767004475E-003
   12.4926686217009       1.252487114395648E-003
   12.5102639296188       1.295414623987863E-003
   12.5278592375367       1.330324299915080E-003
   12.5454545454545       1.373357191100575E-003
   12.5630498533724       1.405097219924877E-003
   12.5806451612903       1.440664118644795E-003
   12.5982404692082       1.460864733578076E-003
   12.6158357771261       1.480645846182893E-003
   12.6334310850440       1.485596179069115E-003
   12.6510263929619       1.494535857937776E-003
   12.6686217008798       1.494286259696873E-003
   12.6862170087977       1.502508215618076E-003
   12.7038123167155       1.506087862835216E-003
   12.7214076246334       1.521531839633449E-003
   12.7390029325513       1.535747234979174E-003
   12.7565982404692       1.563997757725970E-003
   12.7741935483871       1.593046486303619E-003
   12.7917888563050       1.636644275461976E-003
   12.8093841642229       1.680582113199198E-003
   12.8269794721408       1.735124698705433E-003
   12.8445747800587       1.785038883264088E-003
   12.8621700879765       1.840839882108610E-003
   12.8797653958944       1.888925745845451E-003
   12.8973607038123       1.939626521176227E-003
   12.9149560117302       1.980236662729156E-003
   12.9325513196481       2.020605155059103E-003
   12.9501466275660       2.048710974887489E-003
   12.9677419354839       2.073757579620657E-003
   12.9853372434018       2.084241285428351E-003
   13.0029325513196       2.088472208840654E-003
   13.0205278592375       2.075767682087317E-003
   13.0381231671554       2.056164491627388E-003
   13.0557184750733       2.022337006362476E-003
   13.0733137829912       1.984527402725858E-003
   13.0909090909091       1.936293643039474E-003
   13.1085043988270       1.887401864998016E-003
   13.1260997067449       1.832128118122357E-003
   13.1436950146628       1.779628959278967E-003
   13.1612903225806       1.724791152755913E-003
   13.1788856304985       1.676018008579351E-003
   13.1964809384164       1.628618755648710E-003
   13.2140762463343       1.589566928333138E-003
   13.2316715542522       1.552617870722508E-003
   13.2492668621701       1.522605575957695E-003
   13.2668621700880       1.494254798405403E-003
   13.2844574780059       1.472320088096013E-003
   13.3020527859238       1.452550745688472E-003
   13.3196480938416       1.439355749482682E-003
   13.3372434017595       1.429383962664466E-003
   13.3548387096774       1.426613067390099E-003
   13.3724340175953       1.428524774284044E-003
   13.3900293255132       1.438602342122883E-003
   13.4076246334311       1.455023125041602E-003
   13.4252199413490       1.479331965187708E-003
   13.4428152492669       1.507764879696974E-003
   13.4604105571848       1.540000554303275E-003
   13.4780058651026       1.573169667382584E-003
   13.4956011730205       1.606562417870480E-003
   13.5131964809384       1.638212935910879E-003
   13.5307917888563       1.667000973930991E-003
   13.5483870967742       1.691859964032835E-003
   13.5659824046921       1.711268455748736E-003
   13.5835777126100       1.725087221149398E-003
   13.6011730205279       1.731454539939066E-003
   13.6187683284457       1.731345757824917E-003
   13.6363636363636       1.722754957082046E-003
   13.6539589442815       1.707500391490230E-003
   13.6715542521994       1.682976232021337E-003
   13.6891495601173       1.651809500086041E-003
   13.7067448680352       1.610951549848546E-003
   13.7243401759531       1.563946503591309E-003
   13.7419354838710       1.507419724749239E-003
   13.7595307917889       1.445964873379197E-003
   13.7771260997067       1.376100283233661E-003
   13.7947214076246       1.303799842807114E-003
   13.8123167155425       1.226274337802477E-003
   13.8299120234604       1.150047091888960E-003
   13.8475073313783       1.068351726988148E-003
   13.8651026392962       9.854067239832582E-004
   13.8826979472141       8.925980274244494E-004
   13.9002932551320       7.941079883308122E-004
   13.9178885630499       6.801345452140478E-004
   13.9354838709677       5.550896933227253E-004
   13.9530791788856       4.081588080659959E-004
   13.9706744868035       2.441121269043671E-004
   13.9882697947214       5.123925997843493E-005
   14.0058651026393      -1.650631546411503E-004
   14.0234604105572      -4.119073175380317E-004
   14.0410557184751      -6.704772039089113E-004
   14.0586510263930      -9.407346862085182E-004
   14.0762463343109      -1.203286640141265E-003
   14.0938416422287      -1.459360723844859E-003
   14.1114369501466      -1.689543111148441E-003
   14.1290322580645      -1.896365880943281E-003
   14.1466275659824      -2.060528604032142E-003
   14.1642228739003      -2.186087158526185E-003
   14.1818181818182      -2.254290694632167E-003
   14.1994134897361      -2.271551793236784E-003
   14.2170087976540      -2.225034841982091E-003
   14.2346041055718      -2.141072097703631E-003
   14.2521994134897      -2.020497829093547E-003
   14.2697947214076      -1.889987640339763E-003
   14.2873900293255      -1.747491935269666E-003
   14.3049853372434      -1.618637380373306E-003
   14.3225806451613      -1.499310146681515E-003
   14.3401759530792      -1.414385498144171E-003
   14.3577712609971      -1.357710685634103E-003
   14.3753665689150      -1.353165452427455E-003
   14.3929618768328      -1.392004526868576E-003
   14.4105571847507      -1.494435589957983E-003
   14.4281524926686      -1.635030841700325E-003
   14.4457478005865      -1.816218366839075E-003
   14.4633431085044      -2.007969708111128E-003
   14.4809384164223      -2.216166893223603E-003
   14.4985337243402      -2.411855715677690E-003
   14.5161290322581      -2.603001629341106E-003
   14.5337243401760      -2.761237966098869E-003
   14.5513196480938      -2.896403314551902E-003
   14.5689149560117      -2.980751216739852E-003
   14.5865102639296      -3.026267022446242E-003
   14.6041055718475      -3.006794700449441E-003
   14.6217008797654      -2.943456425155452E-003
   14.6392961876833      -2.825581246793456E-003
   14.6568914956012      -2.682888526829842E-003
   14.6744868035191      -2.502377908501946E-003
   14.6920821114370      -2.313020109788356E-003
   14.7096774193548      -2.100047657065073E-003
   14.7272727272727      -1.892215998258533E-003
   14.7448680351906      -1.673265488639828E-003
   14.7624633431085      -1.471810813572772E-003
   14.7800586510264      -1.270028993681685E-003
   14.7976539589443      -1.096108307230575E-003
   14.8152492668622      -9.286051988143696E-004
   14.8328445747801      -7.873116724043967E-004
   14.8504398826979      -6.425579281711917E-004
   14.8680351906158      -5.142951861263976E-004
   14.8856304985337      -3.731652072710924E-004
   14.9032258064516      -2.403860132229712E-004
   14.9208211143695      -8.643867285076934E-005
   14.9384164222874       6.637260223340879E-005
   14.9560117302053       2.477809794579020E-004
   14.9736070381232       4.343504554910119E-004
   14.9912023460411       6.558647134273941E-004
   15.0087976539589       8.868503366435240E-004
   15.0263929618768       1.149389592453373E-003
   15.0439882697947       1.404564060329226E-003
   15.0615835777126       1.670187826831520E-003
   15.0791788856305       1.907850939991340E-003
   15.0967741935484       2.136894689051525E-003
   15.1143695014663       2.319127260982467E-003
   15.1319648093842       2.475328038808603E-003
   15.1495601173021       2.567599184690726E-003
   15.1671554252199       2.618392160709177E-003
   15.1847507331378       2.590603262541611E-003
   15.2023460410557       2.509542498302397E-003
   15.2199413489736       2.347298139233125E-003
   15.2375366568915       2.152428593318054E-003
   15.2551319648094       1.909593380641438E-003
   15.2727272727273       1.665943767396697E-003
   15.2903225806452       1.403061777752836E-003
   15.3079178885631       1.166659169577054E-003
   15.3255131964809       9.359700177926720E-004
   15.3431085043988       7.555266945033187E-004
   15.3607038123167       6.021566076897459E-004
   15.3782991202346       5.187917403497968E-004
   15.3958944281525       4.789659127243745E-004
   15.4134897360704       5.195423068848091E-004
   15.4310850439883       5.940800410930107E-004
   15.4486803519062       7.238191259167108E-004
   15.4662756598240       8.613708411642114E-004
   15.4838709677419       1.031886911137532E-003
   15.5014662756598       1.189451293257431E-003
   15.5190615835777       1.361463819059961E-003
   15.5366568914956       1.502845251502299E-003
   15.5542521994135       1.642944700478369E-003
   15.5718475073314       1.737471377769381E-003
   15.5894428152493       1.817909002754526E-003
   15.6070381231672       1.841756407521667E-003
   15.6246334310850       1.848050038968783E-003
   15.6422287390029       1.802753804161594E-003
   15.6598240469208       1.748041844033088E-003
   15.6774193548387       1.647706939458321E-003
   15.6950146627566       1.543700716762381E-003
   15.7126099706745       1.398592806971528E-003
   15.7302052785924       1.254513515088251E-003
   15.7478005865103       1.073059055757045E-003
   15.7653958944282       8.966627040477826E-004
   15.7829912023460       6.860208136208248E-004
   15.8005865102639       4.838712685493468E-004
   15.8181818181818       2.506860870993675E-004
   15.8357771260997       3.316035210906622E-005
   15.8533724340176      -2.052220864408418E-004
   15.8709677419355      -4.163559948688172E-004
   15.8885630498534      -6.373318284554089E-004
   15.9061583577713      -8.194460547586307E-004
   15.9237536656892      -1.000424657910226E-003
   15.9413489736070      -1.131010196263033E-003
   15.9589442815249      -1.249602428080200E-003
   15.9765395894428      -1.306451770642293E-003
   15.9941348973607      -1.340723545579706E-003
   16.0117302052786      -1.303028442523716E-003
   16.0293255131965      -1.240764120697830E-003
   16.0469208211144      -1.114484108522338E-003
   16.0645161290323      -9.757626126390964E-004
   16.0821114369501      -7.840949768025502E-004
   16.0997067448680      -5.912807083070136E-004
   16.1173020527859      -3.558452622667873E-004
   16.1348973607038      -1.298258914772616E-004
   16.1524926686217       1.292710959105506E-004
   16.1700879765396       3.692896446022277E-004
   16.1876832844575       6.339637928340268E-004
   16.2052785923754       8.716026689066873E-004
   16.2228739002933       1.128302834961280E-003
   16.2404692082111       1.352191185092929E-003
   16.2580645161290       1.588210391680473E-003
   16.2756598240469       1.782400673025198E-003
   16.2932551319648       1.979598403853183E-003
   16.3108504398827       2.124671683068230E-003
   16.3284457478006       2.262673281878399E-003
   16.3460410557185       2.337525676889390E-003
   16.3636363636364       2.394662069972148E-003
   16.3812316715543       2.377250365458455E-003
   16.3988269794721       2.331380442915203E-003
   16.4164222873900       2.203122871518050E-003
   16.4340175953079       2.056988241981262E-003
   16.4516129032258       1.855921337488106E-003
   16.4692082111437       1.667689566321542E-003
   16.4868035190616       1.453315156857199E-003
   16.5043988269795       1.280036068324807E-003
   16.5219941348974       1.107066496269729E-003
   16.5395894428153       1.001001276028327E-003
   16.5571847507331       9.189603544376417E-004
   16.5747800586510       9.263248822252179E-004
   16.5923753665689       9.771676526752746E-004
   16.6099706744868       1.131977858388345E-003
   16.6275659824047       1.323447326025954E-003
   16.6451612903226       1.588712664334483E-003
   16.6627565982405       1.854978235842552E-003
   16.6803519061584       2.164508515110390E-003
   16.6979472140762       2.446587126891339E-003
   16.7155425219941       2.746524091916156E-003
   16.7331378299120       2.994904853986417E-003
   16.7507331378299       3.239744810063613E-003
   16.7683284457478       3.412916948263705E-003
   16.7859237536657       3.565507090165306E-003
   16.8035190615836       3.631910561552127E-003
   16.8211143695015       3.674121599213831E-003
   16.8387096774194       3.643976780893298E-003
   16.8563049853372       3.612580336444327E-003
   16.8739002932551       3.528580005208520E-003
   16.8914956011730       3.462128325043628E-003
   16.9090909090909       3.359723238851682E-003
   16.9266862170088       3.291386945713585E-003
   16.9442815249267       3.201867580774248E-003
   16.9618768328446       3.161246053776805E-003
   16.9794721407625       3.112487836433893E-003
   16.9970674486804       3.125543955817749E-003
   17.0146627565982       3.139998370454099E-003
   17.0322580645161       3.220103431313653E-003
   17.0498533724340       3.299354779318653E-003
   17.0674486803519       3.443019390076466E-003
   17.0850439882698       3.584549927813162E-003
   17.1026392961877       3.790837104515663E-003
   17.1202346041056       3.994745862179449E-003
   17.1378299120235       4.264631356462748E-003
   17.1554252199413       4.532597626429981E-003
   17.1730205278592       4.868448765281991E-003
   17.1906158357771       5.203415755516372E-003
   17.2082111436950       5.608507027304688E-003
   17.2258064516129       6.006711704687783E-003
   17.2434017595308       6.456079544038111E-003
   17.2609970674487       6.870749298629401E-003
   17.2785923753666       7.310232500038963E-003
   17.2961876832845       7.687717039877304E-003
   17.3137829912023       8.064721234875073E-003
   17.3313782991202       8.353482295633081E-003
   17.3489736070381       8.617835910556334E-003
   17.3665689149560       8.769210463999966E-003
   17.3841642228739       8.874386331544177E-003
   17.4017595307918       8.844846055884360E-003
   17.4193548387097       8.759750990162744E-003
   17.4369501466276       8.557681405327699E-003
   17.4545454545455       8.340438199713052E-003
   17.4721407624633       8.044302325962422E-003
   17.4897360703812       7.771421833317428E-003
   17.5073313782991       7.453988696818099E-003
   17.5249266862170       7.195515591417861E-003
   17.5425219941349       6.924118443033688E-003
   17.5601173020528       6.745121446264337E-003
   17.5777126099707       6.582047893767620E-003
   17.5953079178886       6.542110715371029E-003
   17.6129032258065       6.540507225909003E-003
   17.6304985337243       6.666699211311793E-003
   17.6480938416422       6.806230141847495E-003
   17.6656891495601       7.046790687970528E-003
   17.6832844574780       7.270149756984912E-003
   17.7008797653959       7.570546247898423E-003
   17.7184750733138       7.824053747470300E-003
   17.7360703812317       8.132421168279419E-003
   17.7536656891496       8.364301362219845E-003
   17.7712609970675       8.630684232276880E-003
   17.7888563049853       8.790573774490102E-003
   17.8064516129032       8.967114053374043E-003
   17.8240469208211       9.014191447828135E-003
   17.8416422287390       9.088983912704495E-003
   17.8592375366569       9.038014020568823E-003
   17.8768328445748       9.041814335475053E-003
   17.8944281524927       8.919032022024008E-003
   17.9120234604106       8.885843851379686E-003
   17.9296187683284       8.714047538464885E-003
   17.9472140762463       8.683967315108112E-003
   17.9648093841642       8.469802906472127E-003
   17.9824046920821       8.501482768330099E-003
   18.0000000000000       8.069636874448373E-003
