  0.000000000000000E+000  1.638658833660802E-004
  1.759530791788856E-002  1.084915406172513E-003
  3.519061583577713E-002  6.919808934815084E-004
  5.278592375366570E-002  8.233500876477610E-004
  7.038123167155426E-002  4.970672524873842E-004
  8.797653958944282E-002  4.958609170729869E-004
  0.105571847507331       2.090884880605461E-004
  0.123167155425220       1.627229584554089E-004
  0.140762463343109      -9.458490211493364E-005
  0.158357771260997      -1.577782426101628E-004
  0.175953079178886      -3.895532359726268E-004
  0.193548387096774      -4.558367738975162E-004
  0.211143695014663      -6.626505333578445E-004
  0.228739002932551      -7.230534225183127E-004
  0.246334310850440      -9.047836584599993E-004
  0.263929618768328      -9.550597400534673E-004
  0.281524926686217      -1.113111132002231E-003
  0.299120234604106      -1.151350594656590E-003
  0.316715542521994      -1.287055369587623E-003
  0.334310850439883      -1.312206313432557E-003
  0.351906158357771      -1.426663304112473E-003
  0.369501466275660      -1.438046819816969E-003
  0.387096774193548      -1.532007666458109E-003
  0.404692082111437      -1.528851440837922E-003
  0.422287390029326      -1.601801000229374E-003
  0.439882697947214      -1.580824390673109E-003
  0.457478005865103      -1.628990098573927E-003
  0.475073313782991      -1.585773363608660E-003
  0.492668621700880      -1.606048622651438E-003
  0.510263929618768      -1.537410803615610E-003
  0.527859237536657      -1.527624584783520E-003
  0.545454545454546      -1.431392774036113E-003
  0.563049853372434      -1.390313427686211E-003
  0.580645161290323      -1.265468658201626E-003
  0.598240469208211      -1.193212295554775E-003
  0.615835777126100      -1.041151803917129E-003
  0.633431085043988      -9.431388947836719E-004
  0.651026392961877      -7.730407976409644E-004
  0.668621700879765      -6.597095747454207E-004
  0.686217008797654      -4.808336428114716E-004
  0.703812316715543      -3.607773998231813E-004
  0.721407624633431      -1.808818426363741E-004
  0.739002932551320      -6.148436008949121E-005
  0.756598240469208       1.127298061329809E-004
  0.774193548387097       2.251496379820659E-004
  0.791788856304985       3.881053599850650E-004
  0.809384164222874       4.887627795078733E-004
  0.826979472140763       6.382814817689117E-004
  0.844574780058651       7.288649478545217E-004
  0.862170087976540       8.692195791982693E-004
  0.879765395894428       9.538478721000494E-004
  0.897360703812317       1.088570787307857E-003
  0.914956011730205       1.170227721915736E-003
  0.932551319648094       1.302000290359311E-003
  0.950146627565982       1.382937546412591E-003
  0.967741935483871       1.513729157495702E-003
  0.985337243401760       1.595452156626553E-003
   1.00293255131965       1.726311675430489E-003
   1.02052785923754       1.808789072171073E-003
   1.03812316715543       1.938120008645813E-003
   1.05571847507331       2.018687721954947E-003
   1.07331378299120       2.144141169026193E-003
   1.09090909090909       2.220974159744343E-003
   1.10850439882698       2.341139819371812E-003
   1.12609970674487       2.413062349945308E-003
   1.14369501466276       2.527036004256740E-003
   1.16129032258065       2.593312096203406E-003
   1.17888563049853       2.700596700410464E-003
   1.19648093841642       2.760905787559695E-003
   1.21407624633431       2.861439595194059E-003
   1.23167155425220       2.915525372081354E-003
   1.24926686217009       3.008213279966780E-003
   1.26686217008798       3.054076280222492E-003
   1.28445747800587       3.136618592072708E-003
   1.30205278592375       3.171868874486922E-003
   1.31964809384164       3.241878451398917E-003
   1.33724340175953       3.264097912516362E-003
   1.35483870967742       3.319183090049603E-003
   1.37243401759531       3.325966587719358E-003
   1.39002932551320       3.363755808708744E-003
   1.40762463343109       3.352735726988542E-003
   1.42521994134897       3.371342524756594E-003
   1.44281524926686       3.342014751252773E-003
   1.46041055718475       3.342486205151407E-003
   1.47800586510264       3.296521298067264E-003
   1.49560117302053       3.280641123508022E-003
   1.51319648093842       3.219874792333876E-003
   1.53079178885631       3.189568530205380E-003
   1.54838709677419       3.115998468590397E-003
   1.56598240469208       3.073381862285377E-003
   1.58357771260997       2.989245522881695E-003
   1.60117302052786       2.936766365152585E-003
   1.61876832844575       2.844819049247363E-003
   1.63636363636364       2.785449188402176E-003
   1.65395894428153       2.688314599636402E-003
   1.67155425219941       2.624082094424257E-003
   1.68914956011730       2.523384492629456E-003
   1.70674486803519       2.455697561168607E-003
   1.72434017595308       2.352658187462071E-003
   1.74193548387097       2.282592557378588E-003
   1.75953079178886       2.178129819007931E-003
   1.77712609970675       2.106457447296034E-003
   1.79472140762463       2.001157375954941E-003
   1.81231671554252       1.928217608655757E-003
   1.82991202346041       1.822186503279813E-003
   1.84750733137830       1.748262487136273E-003
   1.86510263929619       1.642269800396018E-003
   1.88269794721408       1.568512700936237E-003
   1.90029325513196       1.463889638793255E-003
   1.91788856304985       1.391765975118665E-003
   1.93548387096774       1.290085767804328E-003
   1.95307917888563       1.221284106532289E-003
   1.97067448680352       1.124347953565110E-003
   1.98826979472141       1.060815806232141E-003
   2.00586510263930       9.707742548815472E-004
   2.02346041055718       9.147967533389378E-004
   2.04105571847507       8.334317090387093E-004
   2.05865102639296       7.857175659811163E-004
   2.07624633431085       7.129369012050073E-004
   2.09384164222874       6.730817257780780E-004
   2.11143695014663       6.082907633495525E-004
   2.12903225806452       5.755474226435264E-004
   2.14662756598241       5.178527624343879E-004
   2.16422287390029       4.911903854929724E-004
   2.18181818181818       4.394056614173120E-004
   2.19941348973607       4.174589292232527E-004
   2.21700879765396       3.699869089921058E-004
   2.23460410557185       3.511500798188124E-004
   2.25219941348974       3.068600789762381E-004
   2.26979472140762       2.905656373402286E-004
   2.28739002932551       2.491491962149208E-004
   2.30498533724340       2.351942065278033E-004
   2.32258064516129       1.965095866549091E-004
   2.34017595307918       1.847988536694281E-004
   2.35777126099707       1.487811856222231E-004
   2.37536656891496       1.392771116543423E-004
   2.39296187683284       1.059066116487195E-004
   2.41055718475073       9.861574306505102E-005
   2.42815249266862       6.800581317618840E-005
   2.44574780058651       6.327474458437376E-005
   2.46334310850440       3.595853505896612E-005
   2.48093841642229       3.436505144288400E-005
   2.49853372434018       1.090071544640422E-005
   2.51612903225806       1.298402442093417E-005
   2.53372434017595      -6.115993525600056E-006
   2.55131964809384       1.266322040581122E-007
   2.56891495601173      -1.416957844914646E-005
   2.58651026392962      -3.383881878224287E-006
   2.60410557184751      -1.258973445928583E-005
   2.62170087976540       2.626348492798806E-006
   2.63929618768328      -2.669119049162278E-006
   2.65689149560117       1.466958750364209E-005
   2.67448680351906       1.062483392556610E-005
   2.69208211143695       2.753540027326705E-005
   2.70967741935484       2.229092878493991E-005
   2.72727272727273       3.640524008584705E-005
   2.74486803519062       2.766090046512196E-005
   2.76246334310850       3.674342123066997E-005
   2.78005865102639       2.232368719319754E-005
   2.79765395894428       2.426296781741822E-005
   2.81524926686217       2.239175467027926E-006
   2.83284457478006      -3.946969762935730E-006
   2.85043988269795      -3.287903703425636E-005
   2.86803519061584      -4.538085131450089E-005
   2.88563049853372      -7.918294746786525E-005
   2.90322580645161      -9.595333814656333E-005
   2.92082111436950      -1.325637717224537E-004
   2.93841642228739      -1.515204637323461E-004
   2.95601173020528      -1.888347672904610E-004
   2.97360703812317      -2.078457429179911E-004
   2.99120234604106      -2.437013522445697E-004
   3.00879765395894      -2.605792748623135E-004
   3.02639296187683      -2.931890798838350E-004
   3.04398826979472      -3.073853682069471E-004
   3.06158357771261      -3.374872775497956E-004
   3.07917888563050      -3.502165076514560E-004
   3.09677419354839      -3.790471799809563E-004
   3.11436950146628      -3.915364700246455E-004
   3.13196480938416      -4.203088732994735E-004
   3.14956011730205      -4.337499626000832E-004
   3.16715542521994      -4.636297446999574E-004
   3.18475073313783      -4.791520336501761E-004
   3.20234604105572      -5.112163192149006E-004
   3.21994134897361      -5.296610621480727E-004
   3.23753665689150      -5.639828625490968E-004
   3.25513196480938      -5.844501339015211E-004
   3.27272727272727      -6.197082511646579E-004
   3.29032258064516      -6.408834183848436E-004
   3.30791788856305      -6.758021200647183E-004
   3.32551319648094      -6.964350446363988E-004
   3.34310850439883      -7.297836202145770E-004
   3.36070381231672      -7.486576620365934E-004
   3.37829912023460      -7.792317263434754E-004
   3.39589442815249      -7.951521251935587E-004
   3.41348973607038      -8.217960000567880E-004
   3.43108504398827      -8.338925760661265E-004
   3.44868035190616      -8.563101164910175E-004
   3.46627565982405      -8.647036643682124E-004
   3.48387096774194      -8.831031670772312E-004
   3.50146627565982      -8.879820332999871E-004
   3.51906158357771      -9.025310699809539E-004
   3.53665689149560      -9.040370487344731E-004
   3.55425219941349      -9.148469960708997E-004
   3.57184750733138      -9.130503001401264E-004
   3.58944281524927      -9.201365409031024E-004
   3.60703812316716      -9.149575373063110E-004
   3.62463343108504      -9.181113312473326E-004
   3.64222873900293      -9.093376508905466E-004
   3.65982404692082      -9.085658395239821E-004
   3.67741935483871      -8.964475613663298E-004
   3.69501466275660      -8.921373257351043E-004
   3.71260997067449      -8.771466379303076E-004
   3.73020527859238      -8.698408788802343E-004
   3.74780058651026      -8.525808348586239E-004
   3.76539589442815      -8.429401381981950E-004
   3.78299120234604      -8.241270566176370E-004
   3.80058651026393      -8.129302544007911E-004
   3.81818181818182      -7.933515641962946E-004
   3.83577712609971      -7.810646058909876E-004
   3.85337243401760      -7.605472870534787E-004
   3.87096774193548      -7.465738345529629E-004
   3.88856304985337      -7.244282320445585E-004
   3.90615835777126      -7.080671191298427E-004
   3.92375366568915      -6.835856059679515E-004
   3.94134897360704      -6.641266633822772E-004
   3.95894428152493      -6.365949279042409E-004
   3.97653958944282      -6.133189220901514E-004
   3.99413489736070      -5.820060140545712E-004
   4.01173020527859      -5.541781913551433E-004
   4.02932551319648      -5.186317661485538E-004
   4.04692082111437      -4.865709957904057E-004
   4.06451612903226      -4.478368525394843E-004
   4.08211143695015      -4.128687145673531E-004
   4.09970674486804      -3.723396427446946E-004
   4.11730205278592      -3.359114778885297E-004
   4.13489736070381      -2.950854345656034E-004
   4.15249266862170      -2.587488327890532E-004
   4.17008797653959      -2.192339404974602E-004
   4.18768328445748      -1.846649172216798E-004
   4.20527859237537      -1.482267944065545E-004
   4.22287390029326      -1.171404467153038E-004
   4.24046920821114      -8.490231256969848E-005
   4.25806451612903      -5.751124670980207E-005
   4.27565982404692      -2.916705405185421E-005
   4.29325513196481      -5.048487588819428E-006
   4.31085043988270       1.987198744589880E-005
   4.32844574780059       4.122081714016101E-005
   4.34604105571848       6.324777461232612E-005
   4.36363636363636       8.237939488027130E-005
   4.38123167155425       1.020901366086706E-004
   4.39882697947214       1.196093235010262E-004
   4.41642228739003       1.376459466291849E-004
   4.43401759530792       1.541665037290399E-004
   4.45161290322581       1.709866879067436E-004
   4.46920821114370       1.867914808008559E-004
   4.48680351906158       2.025871200723253E-004
   4.50439882697947       2.178142708056226E-004
   4.52199413489736       2.326782321346841E-004
   4.53958944281525       2.473726965752523E-004
   4.55718475073314       2.613011078823658E-004
   4.57478005865103       2.753994252123673E-004
   4.59237536656892       2.882581888147560E-004
   4.60997067448680       3.015117815875132E-004
   4.62756598240469       3.128860616775233E-004
   4.64516129032258       3.247931664567989E-004
   4.66275659824047       3.342815117785972E-004
   4.68035190615836       3.445868558196583E-004
   4.69794721407625       3.520206248919752E-004
   4.71554252199414       3.606019660188021E-004
   4.73313782991202       3.658937890428312E-004
   4.75073313782991       3.726854102513470E-004
   4.76832844574780       3.757867239147187E-004
   4.78592375366569       3.807469598779990E-004
   4.80351906158358       3.816167632428961E-004
   4.82111436950147       3.847500527477154E-004
   4.83870967741935       3.836471562816067E-004
   4.85630498533724       3.855977101323528E-004
   4.87390029325513       3.833928947217457E-004
   4.89149560117302       3.850813786132641E-004
   4.90909090909091       3.827158824063112E-004
   4.92668621700880       3.850947206385075E-004
   4.94428152492669       3.835304871318652E-004
   4.96187683284458       3.875633168879032E-004
   4.97947214076246       3.877634417551696E-004
   4.99706744868035       3.944016492412427E-004
   5.01466275659824       3.972572391981967E-004
   5.03225806451613       4.070582535785469E-004
   5.04985337243402       4.125588842506069E-004
   5.06744868035191       4.251603805877893E-004
   5.08504398826980       4.329066937953164E-004
   5.10263929618768       4.479372287104398E-004
   5.12023460410557       4.575784149206195E-004
   5.13782991202346       4.746967412520851E-004
   5.15542521994135       4.858983432664222E-004
   5.17302052785924       5.047645892185765E-004
   5.19061583577713       5.171741274760889E-004
   5.20821114369502       5.373912786298102E-004
   5.22580645161290       5.505378650155125E-004
   5.24340175953079       5.716206899657846E-004
   5.26099706744868       5.851448300070805E-004
   5.27859237536657       6.068874657266533E-004
   5.29618768328446       6.206877452812803E-004
   5.31378299120235       6.430597584601631E-004
   5.33137829912024       6.571716595185793E-004
   5.34897360703812       6.802649603791285E-004
   5.36656891495601       6.948393439671003E-004
   5.38416422287390       7.188602612407763E-004
   5.40175953079179       7.341691308559745E-004
   5.41935483870968       7.594137568871919E-004
   5.43695014662757       7.755662946078466E-004
   5.45454545454546       8.017609568358308E-004
   5.47214076246334       8.182468662216013E-004
   5.48973607038123       8.448429430203892E-004
   5.50733137829912       8.611273509517298E-004
   5.52492668621701       8.876056999244437E-004
   5.54252199413490       9.031943154850587E-004
   5.56011730205279       9.290840084175966E-004
   5.57771260997067       9.435376961952898E-004
   5.59530791788856       9.684309195127765E-004
   5.61290322580645       9.813828947393304E-004
   5.63049853372434       1.004908577030698E-003
   5.64809384164223       1.015905980963790E-003
   5.66568914956012       1.037520647767515E-003
   5.68328445747801       1.046001919457713E-003
   5.70087976539589       1.065158223212634E-003
   5.71847507331378       1.070603263239424E-003
   5.73607038123167       1.086808628221942E-003
   5.75366568914956       1.088762960938509E-003
   5.77126099706745       1.101602747003448E-003
   5.78885630498534       1.099706174553290E-003
   5.80645161290323       1.108891365147968E-003
   5.82404692082111       1.102982733162232E-003
   5.84164222873900       1.108485909080131E-003
   5.85923753665689       1.098578087315760E-003
   5.87683284457478       1.100364303949577E-003
   5.89442815249267       1.086393572985748E-003
   5.91202346041056       1.084392941976683E-003
   5.92961876832845       1.066301690632016E-003
   5.94721407624634       1.060474938121761E-003
   5.96480938416422       1.038258575206821E-003
   5.98240469208211       1.028645124353273E-003
   6.00000000000000       1.002416581049437E-003
   6.01759530791789       9.892520926464167E-004
   6.03519061583578       9.593858447174748E-004
   6.05278592375367       9.430215673895097E-004
   6.07038123167156       9.097159675272469E-004
   6.08797653958944       8.902281204212708E-004
   6.10557184750733       8.535034185594136E-004
   6.12316715542522       8.308746248680315E-004
   6.14076246334311       7.906971344952559E-004
   6.15835777126100       7.648828932810800E-004
   6.17595307917889       7.212157926628437E-004
   6.19354838709677       6.921952184568243E-004
   6.21114369501466       6.450792301423207E-004
   6.22873900293255       6.130894639787911E-004
   6.24633431085044       5.630656865148504E-004
   6.26392961876833       5.287984421512927E-004
   6.28152492668622       4.765318265496564E-004
   6.29912023460411       4.405926478702733E-004
   6.31671554252199       3.866601517716778E-004
   6.33431085043988       3.496047154142996E-004
   6.35190615835777       2.945592687875092E-004
   6.36950146627566       2.569444846827747E-004
   6.38709677419355       2.013705076938460E-004
   6.40469208211144       1.638374389231017E-004
   6.42228739002933       1.085087904887426E-004
   6.43988269794721       7.194079076748744E-005
   6.45747800586510       1.766704525144419E-005
   6.47507331378299      -1.732725559040521E-005
   6.49266862170088      -7.008061409151725E-005
   6.51026392961877      -1.031314684304627E-004
   6.52785923753666      -1.540637076318976E-004
   6.54545454545455      -1.849314621765270E-004
   6.56304985337243      -2.338469504094850E-004
   6.58064516129032      -2.623749733234850E-004
   6.59824046920821      -3.091347381109664E-004
   6.61583577712610      -3.351598529001569E-004
   6.63343108504399      -3.794541296703136E-004
   6.65102639296188      -4.025141394517856E-004
   6.66862170087977      -4.438836955098600E-004
   6.68621700879765      -4.636307757303658E-004
   6.70381231671554      -5.018248660980654E-004
   6.72140762463343      -5.180983524238965E-004
   6.73900293255132      -5.530333256155068E-004
   6.75659824046921      -5.658308169881389E-004
   6.77419354838710      -5.975780978554311E-004
   6.79178885630499      -6.070537962025125E-004
   6.80938416422287      -6.358491555071993E-004
   6.82697947214076      -6.422717981684461E-004
   6.84457478005865      -6.682673523721493E-004
   6.86217008797654      -6.716397614367190E-004
   6.87976539589443      -6.947933011704520E-004
   6.89736070381232      -6.951153916420385E-004
   6.91495601173021      -7.154758369425636E-004
   6.93255131964809      -7.128592601161979E-004
   6.95014662756598      -7.306002995459636E-004
   6.96774193548387      -7.252955169628759E-004
   6.98533724340176      -7.407476119234474E-004
   7.00293255131965      -7.331924574582691E-004
   7.02052785923754      -7.468616492743133E-004
   7.03812316715543      -7.373821190248063E-004
   7.05571847507331      -7.491604306934917E-004
   7.07331378299120      -7.373691123504278E-004
   7.09090909090909      -7.468227737954550E-004
   7.10850439882698      -7.323143843280535E-004
   7.12609970674487      -7.390775155688965E-004
   7.14369501466276      -7.215494091507429E-004
   7.16129032258065      -7.253904002706371E-004
   7.17888563049853      -7.047115287160387E-004
   7.19648093841642      -7.056236634031108E-004
   7.21407624633431      -6.820003372511813E-004
   7.23167155425220      -6.804533027262893E-004
   7.24926686217009      -6.544260010283721E-004
   7.26686217008798      -6.507657227436023E-004
   7.28445747800587      -6.225010236045606E-004
   7.30205278592375      -6.168122685100296E-004
   7.31964809384164      -5.863714743506045E-004
   7.33724340175953      -5.787130707538739E-004
   7.35483870967742      -5.461843026640381E-004
   7.37243401759531      -5.366926606130357E-004
   7.39002932551320      -5.023015264106624E-004
   7.40762463343109      -4.913584689742952E-004
   7.42521994134897      -4.557463343922701E-004
   7.44281524926686      -4.441019455158663E-004
   7.46041055718475      -4.077870837803485E-004
   7.47800586510264      -3.956262284073864E-004
   7.49560117302053      -3.586096227349311E-004
   7.51319648093842      -3.458286777579347E-004
   7.53079178885631      -3.079451493348289E-004
   7.54838709677419      -2.943380398097103E-004
   7.56598240469208      -2.553728763539236E-004
   7.58357771260997      -2.407383336128805E-004
   7.60117302052786      -2.005588364043973E-004
   7.61876832844575      -1.849752256288834E-004
   7.63636363636364      -1.441031035429090E-004
   7.65395894428153      -1.283985750016136E-004
   7.67155425219941      -8.757338498671106E-005
   7.68914956011730      -7.226297045163537E-005
   7.70674486803519      -3.184922977843833E-005
   7.72434017595308      -1.717784971497654E-005
   7.74193548387097       2.266501087096869E-005
   7.75953079178886       3.661261635223230E-005
   7.77712609970675       7.584510967508180E-005
   7.79472140762463       8.905805557604248E-005
   7.81231671554252       1.276177005294939E-004
   7.82991202346041       1.397869392199100E-004
   7.84750733137830       1.770353050507404E-004
   7.86510263929619       1.874724164982308E-004
   7.88269794721408       2.228961279595716E-004
   7.90029325513197       2.312757945771444E-004
   7.91788856304985       2.646929700352307E-004
   7.93548387096774       2.709697658072420E-004
   7.95307917888563       3.024536569906595E-004
   7.97067448680352       3.068219533609922E-004
   7.98826979472141       3.366760924536632E-004
   8.00586510263930       3.395532368556737E-004
   8.02346041055718       3.681779762525931E-004
   8.04105571847507       3.696485281728158E-004
   8.05865102639296       3.967194729111657E-004
   8.07624633431085       3.963491264220943E-004
   8.09384164222874       4.215207562471491E-004
   8.11143695014663       4.190822690369027E-004
   8.12903225806452       4.422427664676447E-004
   8.14662756598241       4.377561803389475E-004
   8.16422287390029       4.590597569477345E-004
   8.18181818181818       4.528400458568419E-004
   8.19941348973607       4.727862386608652E-004
   8.21700879765396       4.655592638418931E-004
   8.23460410557185       4.848606178696309E-004
   8.25219941348974       4.768872349183783E-004
   8.26979472140763       4.953289793939808E-004
   8.28739002932551       4.862396151719100E-004
   8.30498533724340       5.034400518119582E-004
   8.32258064516129       4.928893306371150E-004
   8.34017595307918       5.085580028927429E-004
   8.35777126099707       4.963410639670030E-004
   8.37536656891496       5.103775913439275E-004
   8.39296187683285       4.965410112402732E-004
   8.41055718475073       5.092072714400999E-004
   8.42815249266862       4.942252854170165E-004
   8.44574780058651       5.058683031681566E-004
   8.46334310850440       4.896778506598343E-004
   8.48093841642229       4.999332256175714E-004
   8.49853372434018       4.820801801101967E-004
   8.51612903225807       4.904712072395317E-004
   8.53372434017595       4.705011219401953E-004
   8.55131964809384       4.766196832542353E-004
   8.56891495601173       4.542126992173332E-004
   8.58651026392962       4.578626491653171E-004
   8.60410557184751       4.330414267240580E-004
   8.62170087976540       4.346365818548243E-004
   8.63929618768329       4.082094698656046E-004
   8.65689149560117       4.084880115642538E-004
   8.67448680351906       3.807996145302526E-004
   8.69208211143695       3.798133301789918E-004
   8.70967741935484       3.507702396562494E-004
   8.72727272727273       3.483273127333088E-004
   8.74486803519062       3.176893509296204E-004
   8.76246334310851       3.135249339006128E-004
   8.78005865102639       2.810494725367832E-004
   8.79765395894428       2.749846532959558E-004
   8.81524926686217       2.407045255253304E-004
   8.83284457478006       2.332068496919878E-004
   8.85043988269795       1.979175033196203E-004
   8.86803519061584       1.896631681599430E-004
   8.88563049853373       1.537692892678186E-004
   8.90322580645161       1.449668671682310E-004
   8.92082111436950       1.085503994834680E-004
   8.93841642228739       9.918214045714586E-005
   8.95601173020528       6.216122735596214E-005
   8.97360703812317       5.210183127598639E-005
   8.99120234604106       1.434944611946035E-005
   9.00879765395895       3.542247055564878E-006
   9.02639296187683      -3.467622116302506E-005
   9.04398826979472      -4.550011872682208E-005
   9.06158357771261      -8.328874459118930E-005
   9.07917888563050      -9.343958325164377E-005
   9.09677419354839      -1.303388039329653E-004
   9.11436950146628      -1.395291006753449E-004
   9.13196480938416      -1.753855822941889E-004
   9.14956011730205      -1.835807421934789E-004
   9.16715542521994      -2.184506579054511E-004
   9.18475073313783      -2.257821195952086E-004
   9.20234604105572      -2.598247470447418E-004
   9.21994134897361      -2.662972786787786E-004
   9.23753665689150      -2.989528021487498E-004
   9.25513196480938      -3.034419746056056E-004
   9.27272727272727      -3.335390607132058E-004
   9.29032258064516      -3.351240930870402E-004
   9.30791788856305      -3.619643311138873E-004
   9.32551319648094      -3.601550808824606E-004
   9.34310850439883      -3.834381893222468E-004
   9.36070381231672      -3.781300307421279E-004
   9.37829912023460      -3.979432390844115E-004
   9.39589442815249      -3.894356573160428E-004
   9.41348973607038      -4.062966244210976E-004
   9.43108504398827      -3.951114858843704E-004
   9.44868035190616      -4.091160065036441E-004
   9.46627565982405      -3.949246230693243E-004
   9.48387096774194      -4.056512100095530E-004
   9.50146627565982      -3.881230642655285E-004
   9.51906158357771      -3.953587948374949E-004
   9.53665689149560      -3.744288410811156E-004
   9.55425219941349      -3.782708967099002E-004
   9.57184750733138      -3.542351187834189E-004
   9.58944281524927      -3.552099397995378E-004
   9.60703812316716      -3.289263719022877E-004
   9.62463343108504      -3.282883838181262E-004
   9.64222873900293      -3.011095317925889E-004
   9.65982404692082      -2.998064236457190E-004
   9.67741935483871      -2.722621431674831E-004
   9.69501466275660      -2.706664949450658E-004
   9.71260997067449      -2.431077667334505E-004
   9.73020527859238      -2.415915656375374E-004
   9.74780058651026      -2.144614256712981E-004
   9.76539589442815      -2.135684237744065E-004
   9.78299120234604      -1.875672545586620E-004
   9.80058651026393      -1.882226540076987E-004
   9.81818181818182      -1.646415180197672E-004
   9.83577712609971      -1.683685163687137E-004
   9.85337243401760      -1.483972319959334E-004
   9.87096774193548      -1.557860690149842E-004
   9.88856304985337      -1.396837906045931E-004
   9.90615835777126      -1.508572293490134E-004
   9.92375366568915      -1.386896734654116E-004
   9.94134897360704      -1.536982725435603E-004
   9.95894428152493      -1.455467101228924E-004
   9.97653958944282      -1.645400828362565E-004
   9.99413489736071      -1.606836788173709E-004
   10.0117302052786      -1.841624910655523E-004
   10.0293255131965      -1.851153481759616E-004
   10.0469208211144      -2.128564861883098E-004
   10.0645161290323      -2.173678750194945E-004
   10.0821114369501      -2.475550114435788E-004
   10.0997067448680      -2.536331043009358E-004
   10.1173020527859      -2.841945753694012E-004
   10.1348973607038      -2.897490371128957E-004
   10.1524926686217      -3.186180286129237E-004
   10.1700879765396      -3.216669879166713E-004
   10.1876832844575      -3.470111981959674E-004
   10.2052785923754      -3.460339598979972E-004
   10.2228739002933      -3.670610958103920E-004
   10.2404692082111      -3.622555812336929E-004
   10.2580645161290      -3.794613494660966E-004
   10.2756598240469      -3.708241413504659E-004
   10.2932551319648      -3.836808506964214E-004
   10.3108504398827      -3.703672686173779E-004
   10.3284457478006      -3.777917873468021E-004
   10.3460410557185      -3.585523072628177E-004
   10.3636363636364      -3.591722232466136E-004
   10.3812316715543      -3.325790750112454E-004
   10.3988269794721      -3.249877540776354E-004
   10.4164222873900      -2.899671109116948E-004
   10.4340175953079      -2.741563598774470E-004
   10.4516129032258      -2.318665468742961E-004
   10.4692082111437      -2.091434090218123E-004
   10.4868035190616      -1.604115734391402E-004
   10.5043988269795      -1.311581699272519E-004
   10.5219941348974      -7.600976006294278E-005
   10.5395894428153      -3.992981088434921E-005
   10.5571847507331       2.222335860890976E-005
   10.5747800586510       6.600088208158028E-005
   10.5923753665689       1.362985747006113E-004
   10.6099706744868       1.891594978851508E-004
   10.6275659824047       2.686676271731582E-004
   10.6451612903226       3.303804878134266E-004
   10.6627565982405       4.176161068433216E-004
   10.6803519061584       4.864147186504333E-004
   10.6979472140762       5.798068131914047E-004
   10.7155425219941       6.543493589458372E-004
   10.7331378299120       7.527895313976724E-004
   10.7507331378299       8.322193453377872E-004
   10.7683284457478       9.351132487842018E-004
   10.7859237536657       1.019129166024186E-003
   10.8035190615836       1.126513573006172E-003
   10.8211143695015       1.215270224603680E-003
   10.8387096774194       1.326329755745894E-003
   10.8563049853372       1.417250984551484E-003
   10.8739002932551       1.528419832277465E-003
   10.8914956011730       1.617883281436979E-003
   10.9090909090909       1.725678486677104E-003
   10.9266862170088       1.810393897122924E-003
   10.9442815249267       1.911756484329249E-003
   10.9618768328446       1.988944392330251E-003
   10.9794721407625       2.081431143314343E-003
   10.9970674486804       2.149081042697119E-003
   11.0146627565982       2.231351019449128E-003
   11.0322580645161       2.289015734300101E-003
   11.0498533724340       2.360998042200210E-003
   11.0674486803519       2.408233615291895E-003
   11.0850439882698       2.469069288326423E-003
   11.1026392961877       2.504877945527954E-003
   11.1202346041056       2.553564717729684E-003
   11.1378299120235       2.577027544330493E-003
   11.1554252199413       2.612793843185216E-003
   11.1730205278592       2.623369365718317E-003
   11.1906158357771       2.645993480637768E-003
   11.2082111436950       2.643980973958347E-003
   11.2258064516129       2.654133735960401E-003
   11.2434017595308       2.639394358832707E-003
   11.2609970674487       2.635179292970037E-003
   11.2785923753666       2.604644586625105E-003
   11.2961876832845       2.582647318502994E-003
   11.3137829912023       2.532826825029877E-003
   11.3313782991202       2.489593986623198E-003
   11.3489736070381       2.417188723161545E-003
   11.3665689149560       2.349687712260280E-003
   11.3841642228739       2.252102095891296E-003
   11.4017595307918       2.158473397936942E-003
   11.4193548387097       2.035738664100604E-003
   11.4369501466276       1.919816829140753E-003
   11.4545454545455       1.778863790576710E-003
   11.4721407624633       1.647544034702154E-003
   11.4897360703812       1.494029317868414E-003
   11.5073313782991       1.352110403649397E-003
   11.5249266862170       1.190224432456215E-003
   11.5425219941349       1.041447360033638E-003
   11.5601173020528       8.746003379906971E-004
   11.5777126099707       7.221675658592717E-004
   11.5953079178886       5.535042563482382E-004
   11.6129032258065       4.009100114216506E-004
   11.6304985337243       2.352706626244457E-004
   11.6480938416422       8.884197301770158E-005
   11.6656891495601      -6.744246191419134E-005
   11.6832844574780      -2.024056253983061E-004
   11.7008797653959      -3.449754127472443E-004
   11.7184750733138      -4.648539475694288E-004
   11.7360703812317      -5.907372034841714E-004
   11.7536656891496      -6.931504419998266E-004
   11.7712609970675      -8.005103968801687E-004
   11.7888563049853      -8.841306264673779E-004
   11.8064516129032      -9.720858787763548E-004
   11.8240469208211      -1.036273409184073E-003
   11.8416422287390      -1.104185945676235E-003
   11.8592375366569      -1.148488491524503E-003
   11.8768328445748      -1.196493586472996E-003
   11.8944281524927      -1.221764493888295E-003
   11.9120234604106      -1.251407582359635E-003
   11.9296187683284      -1.259896098322124E-003
   11.9472140762463      -1.274155794881428E-003
   11.9648093841642      -1.269620531563536E-003
   11.9824046920821      -1.273116598949911E-003
   12.0000000000000      -1.261194662562172E-003
   12.0175953079179      -1.260503747306973E-003
   12.0351906158358      -1.246604202977425E-003
   12.0527859237537      -1.243205486181696E-003
   12.0703812316716      -1.225769346836454E-003
   12.0879765395894      -1.217525771797503E-003
   12.1055718475073      -1.194722847723891E-003
   12.1231671554252      -1.180329274366023E-003
   12.1407624633431      -1.151575635867103E-003
   12.1583577712610      -1.131363147093823E-003
   12.1759530791789      -1.098200067508699E-003
   12.1935483870968      -1.075332043472329E-003
   12.2111436950147      -1.043652956941936E-003
   12.2287390029326      -1.027512216796165E-003
   12.2463343108504      -1.006966354153639E-003
   12.2639296187683      -1.003083257583468E-003
   12.2815249266862      -9.951052342037339E-004
   12.2991202346041      -1.002817005052605E-003
   12.3167155425220      -1.005569697744886E-003
   12.3343108504399      -1.022264522689741E-003
   12.3519061583578      -1.032676561915227E-003
   12.3695014662757      -1.055106521688649E-003
   12.3870967741935      -1.070090991591814E-003
   12.4046920821114      -1.095976034219246E-003
   12.4222873900293      -1.115817256508787E-003
   12.4398826979472      -1.149181422983570E-003
   12.4574780058651      -1.178844083315060E-003
   12.4750733137830      -1.222076850494429E-003
   12.4926686217009      -1.261183404254020E-003
   12.5102639296188      -1.311941113134680E-003
   12.5278592375367      -1.356482730047708E-003
   12.5454545454545      -1.409263568883222E-003
   12.5630498533724      -1.452319410403327E-003
   12.5806451612903      -1.498794101283220E-003
   12.5982404692082      -1.530551561078412E-003
   12.6158357771261      -1.559858896984348E-003
   12.6334310850440      -1.573061910347788E-003
   12.6510263929619      -1.587220921723560E-003
   12.6686217008798      -1.590800336654783E-003
   12.6862170087977      -1.600114931325346E-003
   12.7038123167155      -1.603941869716484E-003
   12.7214076246334      -1.617641735970913E-003
   12.7390029325513      -1.630154455969664E-003
   12.7565982404692      -1.655741947538262E-003
   12.7741935483871      -1.683302625027019E-003
   12.7917888563050      -1.725715882276947E-003
   12.8093841642229      -1.771007343783148E-003
   12.8269794721408      -1.828294860491123E-003
   12.8445747800587      -1.883753426618072E-003
   12.8621700879765      -1.946273814955779E-003
   12.8797653958944      -2.003561094095992E-003
   12.8973607038123      -2.064315900832990E-003
   12.9149560117302      -2.117076914514645E-003
   12.9325513196481      -2.170055581662691E-003
   12.9501466275660      -2.212390490751887E-003
   12.9677419354839      -2.251609022420646E-003
   12.9853372434018      -2.277220847042630E-003
   13.0029325513196      -2.295691992137530E-003
   13.0205278592375      -2.296889945007929E-003
   13.0381231671554      -2.288821030690143E-003
   13.0557184750733      -2.265094023930060E-003
   13.0733137829912      -2.234429156526334E-003
   13.0909090909091      -2.191537552077853E-003
   13.1085043988270      -2.144926087212369E-003
   13.1260997067449      -2.090158638625867E-003
   13.1436950146628      -2.035357568186499E-003
   13.1612903225806      -1.976816977757755E-003
   13.1788856304985      -1.922142982895517E-003
   13.1964809384164      -1.868204912230895E-003
   13.2140762463343      -1.821509969884412E-003
   13.2316715542522      -1.777274176370094E-003
   13.2492668621701      -1.739422060085659E-003
   13.2668621700880      -1.703759005117385E-003
   13.2844574780059      -1.674132926050680E-003
   13.3020527859238      -1.647314804869626E-003
   13.3196480938416      -1.626902440334043E-003
   13.3372434017595      -1.610554380195083E-003
   13.3548387096774      -1.601578982513976E-003
   13.3724340175953      -1.598504178659702E-003
   13.3900293255132      -1.604357166788820E-003
   13.4076246334311      -1.618559667443453E-003
   13.4252199413490      -1.642558567278370E-003
   13.4428152492669      -1.673524750798230E-003
   13.4604105571848      -1.710550828729462E-003
   13.4780058651026      -1.751311105029524E-003
   13.4956011730205      -1.794439301520735E-003
   13.5131964809384      -1.838314913555331E-003
   13.5307917888563      -1.881160225813406E-003
   13.5483870967742      -1.922096323242114E-003
   13.5659824046921      -1.958973372739036E-003
   13.5835777126100      -1.991698667542171E-003
   13.6011730205279      -2.017828088616017E-003
   13.6187683284457      -2.038267140362233E-003
   13.6363636363636      -2.050579983255090E-003
   13.6539589442815      -2.056489337881749E-003
   13.6715542521994      -2.053066340425454E-003
   13.6891495601173      -2.042735628791900E-003
   13.7067448680352      -2.022228746312602E-003
   13.7243401759531      -1.994789959751402E-003
   13.7419354838710      -1.956952998056502E-003
   13.7595307917889      -1.912938288496098E-003
   13.7771260997067      -1.859356569292374E-003
   13.7947214076246      -1.801814405116327E-003
   13.8123167155425      -1.738097339550399E-003
   13.8299120234604      -1.675011104614287E-003
   13.8475073313783      -1.606723143262155E-003
   13.8651026392962      -1.537130623800610E-003
   13.8826979472141      -1.458193741196734E-003
   13.9002932551320      -1.373283018489875E-003
   13.9178885630499      -1.272943388864624E-003
   13.9354838709677      -1.160282409636152E-003
   13.9530791788856      -1.024553430754845E-003
   13.9706744868035      -8.685936687222622E-004
   13.9882697947214      -6.802475294558915E-004
   14.0058651026393      -4.616878217101491E-004
   14.0234604105572      -2.040200532220907E-004
   14.0410557184751       7.657881482910489E-005
   14.0586510263930       3.789312972451029E-004
   14.0762463343109       6.846156520605170E-004
   14.0938416422287       9.926036826474023E-004
   14.1114369501466       1.283752682141879E-003
   14.1290322580645       1.557458609228163E-003
   14.1466275659824       1.794075476105445E-003
   14.1642228739003       1.993580518741696E-003
   14.1818181818182       2.136036634670396E-003
   14.1994134897361       2.222303319830226E-003
   14.2170087976540       2.236437801479856E-003
   14.2346041055718       2.199598532328315E-003
   14.2521994134897       2.114187560662549E-003
   14.2697947214076       2.004767402051067E-003
   14.2873900293255       1.872448072181008E-003
   14.3049853372434       1.741625100564329E-003
   14.3225806451613       1.612375322194466E-003
   14.3401759530792       1.509002867591499E-003
   14.3577712609971       1.430545506720025E-003
   14.3753665689150       1.401093108508185E-003
   14.3929618768328       1.418410828543984E-003
   14.4105571847507       1.504707727037683E-003
   14.4281524926686       1.641975135422202E-003
   14.4457478005865       1.830860410792649E-003
   14.4633431085044       2.044845728160719E-003
   14.4809384164223       2.286015280535480E-003
   14.4985337243402       2.528105682497153E-003
   14.5161290322581       2.774219814220263E-003
   14.5337243401760       2.998148967716786E-003
   14.5513196480938       3.203915732904179E-003
   14.5689149560117       3.365379122211916E-003
   14.5865102639296       3.487577735917695E-003
   14.6041055718475       3.544849229203633E-003
   14.6217008797654       3.549720081717390E-003
   14.6392961876833       3.493688885305665E-003
   14.6568914956012       3.401261753610337E-003
   14.6744868035191       3.263768718691194E-003
   14.6920821114370       3.105562960201070E-003
   14.7096774193548       2.917119416889055E-003
   14.7272727272727       2.722840213300824E-003
   14.7448680351906       2.512460949168174E-003
   14.7624633431085       2.310455605622150E-003
   14.7800586510264       2.105804890929742E-003
   14.7976539589443       1.922945872223403E-003
   14.8152492668622       1.748550995292206E-003
   14.8328445747801       1.598350102886639E-003
   14.8504398826979       1.449036683785082E-003
   14.8680351906158       1.314604119257049E-003
   14.8856304985337       1.171640588315703E-003
   14.9032258064516       1.034633944681888E-003
   14.9208211143695       8.798907339093249E-004
   14.9384164222874       7.222885618534289E-004
   14.9560117302053       5.377975488209366E-004
   14.9736070381232       3.416171951837006E-004
   14.9912023460411       1.093326650395170E-004
   15.0087976539589      -1.433358555904636E-004
   15.0263929618768      -4.337203419990991E-004
   15.0439882697947      -7.312153664437147E-004
   15.0615835777126      -1.045690212941911E-003
   15.0791788856305      -1.345811293211213E-003
   15.0967741935484      -1.641734237557752E-003
   15.1143695014663      -1.901847762736042E-003
   15.1319648093842      -2.136662753720351E-003
   15.1495601173021      -2.314395124567227E-003
   15.1671554252199      -2.446018426958076E-003
   15.1847507331378      -2.499780836619886E-003
   15.2023460410557      -2.487530290667489E-003
   15.2199413489736      -2.384925997716137E-003
   15.2375366568915      -2.228264583878511E-003
   15.2551319648094      -2.011464817265140E-003
   15.2727272727273      -1.772256880234728E-003
   15.2903225806452      -1.503306914888067E-003
   15.3079178885631      -1.241693627597973E-003
   15.3255131964809      -9.790517993948128E-004
   15.3431085043988      -7.518269497126163E-004
   15.3607038123167      -5.505370881637324E-004
   15.3782991202346      -4.106982750789326E-004
   15.3958944281525      -3.211938166550372E-004
   15.4134897360704      -3.131091207982105E-004
   15.4310850439883      -3.555072175869072E-004
   15.4486803519062      -4.588857194729347E-004
   15.4662756598240      -5.880977676794496E-004
   15.4838709677419      -7.556973146212679E-004
   15.5014662756598      -9.275834483112187E-004
   15.5190615835777      -1.117441906373500E-003
   15.5366568914956      -1.291872070786591E-003
   15.5542521994135      -1.465511881156406E-003
   15.5718475073314      -1.605654006434269E-003
   15.5894428152493      -1.727993564114348E-003
   15.6070381231672      -1.801202123590303E-003
   15.6246334310850      -1.847539891783364E-003
   15.6422287390029      -1.846030168806639E-003
   15.6598240469208      -1.823534371771792E-003
   15.6774193548387      -1.758167717354469E-003
   15.6950146627566      -1.676339951580991E-003
   15.7126099706745      -1.555654255093772E-003
   15.7302052785924      -1.422279090571491E-003
   15.7478005865103      -1.253441182581425E-003
   15.7653958944282      -1.075081339604572E-003
   15.7829912023460      -8.640248838763946E-004
   15.8005865102639      -6.457968370578475E-004
   15.8181818181818      -3.971402868586106E-004
   15.8357771260997      -1.468548399303481E-004
   15.8533724340176       1.239056309582430E-004
   15.8709677419355       3.847155740048306E-004
   15.8885630498534       6.539028541487643E-004
   15.9061583577713       9.006313105306187E-004
   15.9237536656892       1.142852118313770E-003
   15.9413489736070       1.349390298888733E-003
   15.9589442815249       1.537788689033431E-003
   15.9765395894428       1.676477641843665E-003
   15.9941348973607       1.782418464507398E-003
   16.0117302052786       1.823793756553550E-003
   16.0293255131965       1.824213549972065E-003
   16.0469208211144       1.763951631955626E-003
   16.0645161290323       1.672150461929101E-003
   16.0821114369501       1.529768625192734E-003
   16.0997067448680       1.366024633932159E-003
   16.1173020527859       1.162102792658648E-003
   16.1348973607038       9.470688703484868E-004
   16.1524926686217       7.021734033625972E-004
   16.1700879765396       4.560973912499600E-004
   16.1876832844575       1.898976795941703E-004
   16.2052785923754      -6.881595584316247E-005
   16.2228739002933      -3.406299129975487E-004
   16.2404692082111      -5.990249911026304E-004
   16.2580645161290      -8.626273410706744E-004
   16.2756598240469      -1.103316363381490E-003
   16.2932551319648      -1.338333996391786E-003
   16.3108504398827      -1.538864034018296E-003
   16.3284457478006      -1.720989166661368E-003
   16.3460410557185      -1.855331860664501E-003
   16.3636363636364      -1.956760422447110E-003
   16.3812316715543      -1.995213787859052E-003
   16.3988269794721      -1.983945099583090E-003
   16.4164222873900      -1.894388944229210E-003
   16.4340175953079      -1.756630790483112E-003
   16.4516129032258      -1.564032567765474E-003
   16.4692082111437      -1.352522039441435E-003
   16.4868035190616      -1.116461208410096E-003
   16.5043988269795      -8.914902833566741E-004
   16.5219941348974      -6.724487350652894E-004
   16.5395894428153      -4.942781084939781E-004
   16.5571847507331      -3.520251387488571E-004
   16.5747800586510      -2.794784151207932E-004
   16.5923753665689      -2.713939285564758E-004
   16.6099706744868      -3.579528297709932E-004
   16.6275659824047      -5.147747239736927E-004
   16.6451612903226      -7.426300473455876E-004
   16.6627565982405      -1.007558873911141E-003
   16.6803519061584      -1.311721611144149E-003
   16.6979472140762      -1.623440493212325E-003
   16.7155425219941      -1.945426483915688E-003
   16.7331378299120      -2.247968859708510E-003
   16.7507331378299      -2.534099653704554E-003
   16.7683284457478      -2.776152976999216E-003
   16.7859237536657      -2.977616476268136E-003
   16.8035190615836      -3.113643095476826E-003
   16.8211143695015      -3.195506108051107E-003
   16.8387096774194      -3.219440788892910E-003
   16.8563049853372      -3.208184535558849E-003
   16.8739002932551      -3.158775718578066E-003
   16.8914956011730      -3.091960131929068E-003
   16.9090909090909      -3.005315542270502E-003
   16.9266862170088      -2.917948595244473E-003
   16.9442815249267      -2.828311754151264E-003
   16.9618768328446      -2.753872010719359E-003
   16.9794721407625      -2.694068544374144E-003
   16.9970674486804      -2.664514220734924E-003
   17.0146627565982      -2.664495008753172E-003
   17.0322580645161      -2.701462058887118E-003
   17.0498533724340      -2.769803328038580E-003
   17.0674486803519      -2.874388540235379E-003
   17.0850439882698      -3.012054701790053E-003
   17.1026392961877      -3.186419826153660E-003
   17.1202346041056      -3.396714347336471E-003
   17.1378299120235      -3.645117638744346E-003
   17.1554252199413      -3.933476379695547E-003
   17.1730205278592      -4.262511717782672E-003
   17.1906158357771      -4.637154017476620E-003
   17.2082111436950      -5.057030297619143E-003
   17.2258064516129      -5.523922392594878E-003
   17.2434017595308      -6.019345264530562E-003
   17.2609970674487      -6.537092336475693E-003
   17.2785923753666      -7.053937429038486E-003
   17.2961876832845      -7.565877484023139E-003
   17.3137829912023      -8.045983735937484E-003
   17.3313782991202      -8.493079262621389E-003
   17.3489736070381      -8.876397750758774E-003
   17.3665689149560      -9.198054537885660E-003
   17.3841642228739      -9.423121232829569E-003
   17.4017595307918      -9.557422738991043E-003
   17.4193548387097      -9.568943282460489E-003
   17.4369501466276      -9.498107769693332E-003
   17.4545454545455      -9.335137150438275E-003
   17.4721407624633      -9.129950809582333E-003
   17.4897360703812      -8.867372513145280E-003
   17.5073313782991      -8.603177997306789E-003
   17.5249266862170      -8.316013917209444E-003
   17.5425219941349      -8.068377567637747E-003
   17.5601173020528      -7.831856715097103E-003
   17.5777126099707      -7.676807269148132E-003
   17.5953079178886      -7.566771215654550E-003
   17.6129032258065      -7.579709854842504E-003
   17.6304985337243      -7.649186087323193E-003
   17.6480938416422      -7.834135073435859E-003
   17.6656891495601      -8.045013317390392E-003
   17.6832844574780      -8.352658671485297E-003
   17.7008797653959      -8.652893072357165E-003
   17.7184750733138      -9.031705582957621E-003
   17.7360703812317      -9.367033620766831E-003
   17.7536656891496      -9.763965622090037E-003
   17.7712609970675      -1.007779838710889E-002
   17.7888563049853      -1.043817455542100E-002
   17.8064516129032      -1.067035963795509E-002
   17.8240469208211      -1.094394972351689E-002
   17.8416422287390      -1.106422402579757E-002
   17.8592375366569      -1.126370114381737E-002
   17.8768328445748      -1.129410739761084E-002
   17.8944281524927      -1.146247573904592E-002
   17.9120234604106      -1.143287511425516E-002
   17.9296187683284      -1.163938365594887E-002
   17.9472140762463      -1.158755167647279E-002
   17.9648093841642      -1.198518795667733E-002
   17.9824046920821      -1.196736044084341E-002
   18.0000000000000      -1.341256094872483E-002
