  0.000000000000000E+000  3.799604544755712E-003
  1.759530791788856E-002  2.913428876950811E-003
  3.519061583577713E-002  2.610372726884376E-003
  5.278592375366570E-002  2.193124003296121E-003
  7.038123167155426E-002  1.953316144872177E-003
  8.797653958944282E-002  1.653300552021982E-003
  0.105571847507331       1.450614745003861E-003
  0.123167155425220       1.211655932236831E-003
  0.140762463343109       1.036512085194778E-003
  0.158357771260997       8.390880440262399E-004
  0.175953079178886       6.875956409510356E-004
  0.193548387096774       5.234096630385098E-004
  0.211143695014663       3.945534509937638E-004
  0.228739002932551       2.600431578866143E-004
  0.246334310850440       1.531039173841233E-004
  0.263929618768328       4.485771097733416E-005
  0.281524926686217      -4.190109817481613E-005
  0.299120234604106      -1.267435563088158E-004
  0.316715542521994      -1.947795227412639E-004
  0.334310850439883      -2.583623398305919E-004
  0.351906158357771      -3.087985268136311E-004
  0.369501466275660      -3.526598686999937E-004
  0.387096774193548      -3.861930710602277E-004
  0.404692082111437      -4.111132834472583E-004
  0.422287390029326      -4.271958733804609E-004
  0.439882697947214      -4.315362023593552E-004
  0.457478005865103      -4.273846163526152E-004
  0.475073313782991      -4.090007452361375E-004
  0.492668621700880      -3.828563956864564E-004
  0.510263929618768      -3.406996158614326E-004
  0.527859237536657      -2.917579801891521E-004
  0.545454545454546      -2.256521087951002E-004
  0.563049853372434      -1.540620945789859E-004
  0.580645161290323      -6.488929453877689E-005
  0.598240469208211       2.782477606500677E-005
  0.615835777126100       1.368967518767646E-004
  0.633431085043988       2.446456761508312E-004
  0.651026392961877       3.647688122589735E-004
  0.668621700879765       4.787699152853314E-004
  0.686217008797654       6.022987272942795E-004
  0.703812316715543       7.159288533417146E-004
  0.721407624633431       8.368688465679289E-004
  0.739002932551320       9.448117559977562E-004
  0.756598240469208       1.058360497149888E-003
  0.774193548387097       1.156473447584300E-003
  0.791788856304985       1.259109480835850E-003
  0.809384164222874       1.344943048867351E-003
  0.826979472140763       1.436430596598838E-003
  0.844574780058651       1.512830350991559E-003
  0.862170087976540       1.597362023714825E-003
  0.879765395894428       1.668027226976235E-003
  0.897360703812317       1.748493498879569E-003
  0.914956011730205       1.815848800912320E-003
  0.932551319648094       1.894225865278229E-003
  0.950146627565982       1.959909414743046E-003
  0.967741935483871       2.037436807738641E-003
  0.985337243401760       2.102318523531677E-003
   1.00293255131965       2.179324047341563E-003
   1.02052785923754       2.242853053498683E-003
   1.03812316715543       2.317531090970484E-003
   1.05571847507331       2.377392409228007E-003
   1.07331378299120       2.447846840306088E-003
   1.09090909090909       2.502702567810424E-003
   1.10850439882698       2.567892262131722E-003
   1.12609970674487       2.616955080383414E-003
   1.14369501466276       2.676257029209595E-003
   1.16129032258065       2.719082368189427E-003
   1.17888563049853       2.772177590787776E-003
   1.19648093841642       2.808603254112643E-003
   1.21407624633431       2.855421202673941E-003
   1.23167155425220       2.885140826542021E-003
   1.24926686217009       2.924609791109495E-003
   1.26686217008798       2.945956038885606E-003
   1.28445747800587       2.976253763286247E-003
   1.30205278592375       2.987455471089510E-003
   1.31964809384164       3.006848617993185E-003
   1.33724340175953       3.006245622788670E-003
   1.35483870967742       3.013128878620787E-003
   1.37243401759531       2.999206724751892E-003
   1.39002932551320       2.992146804669903E-003
   1.40762463343109       2.963626102786955E-003
   1.42521994134897       2.941881820467230E-003
   1.44281524926686       2.899253003068819E-003
   1.46041055718475       2.864415228869368E-003
   1.47800586510264       2.809604259623241E-003
   1.49560117302053       2.763552747204336E-003
   1.51319648093842       2.698437262316346E-003
   1.53079178885631       2.643048522191876E-003
   1.54838709677419       2.569541925674556E-003
   1.56598240469208       2.506765933594955E-003
   1.58357771260997       2.426899528872863E-003
   1.60117302052786       2.358878549097706E-003
   1.61876832844575       2.274994579782668E-003
   1.63636363636364       2.204098358583247E-003
   1.65395894428153       2.118175692172111E-003
   1.67155425219941       2.045849536109223E-003
   1.68914956011730       1.959038060907843E-003
   1.70674486803519       1.886252345324962E-003
   1.72434017595308       1.799393586437797E-003
   1.74193548387097       1.726862798266797E-003
   1.75953079178886       1.640564124670680E-003
   1.77712609970675       1.568770420804920E-003
   1.79472140762463       1.483388043336025E-003
   1.81231671554252       1.412500820993360E-003
   1.82991202346041       1.328101198104040E-003
   1.84750733137830       1.258405516828936E-003
   1.86510263929619       1.175700329663319E-003
   1.88269794721408       1.108168598976199E-003
   1.90029325513196       1.028248552488917E-003
   1.91788856304985       9.640373783812821E-004
   1.93548387096774       8.881248536194173E-004
   1.95307917888563       8.285062882355681E-004
   1.97067448680352       7.579374811040634E-004
   1.98826979472141       7.043104864624453E-004
   2.00586510263930       6.405898054917692E-004
   2.02346041055718       5.944277713370621E-004
   2.04105571847507       5.384820229103040E-004
   2.05865102639296       4.998088135165594E-004
   2.07624633431085       4.511124341385200E-004
   2.09384164222874       4.192227527814678E-004
   2.11143695014663       3.769767709022632E-004
   2.12903225806452       3.509819677731648E-004
   2.14662756598241       3.142242965873455E-004
   2.16422287390029       2.930785379795132E-004
   2.18181818181818       2.606823250760730E-004
   2.19941348973607       2.431499599407487E-004
   2.21700879765396       2.137702405566356E-004
   2.23460410557185       1.986046767677603E-004
   2.25219941348974       1.714634999076194E-004
   2.26979472140762       1.583216917407368E-004
   2.28739002932551       1.332517280846919E-004
   2.30498533724340       1.220206613502056E-004
   2.32258064516129       9.894963926450731E-005
   2.34017595307918       8.957796309675359E-005
   2.35777126099707       6.847804482568295E-005
   2.37536656891496       6.094961854544224E-005
   2.39296187683284       4.182398630247256E-005
   2.41055718475073       3.616359908243778E-005
   2.42815249266862       1.914031673437962E-005
   2.44574780058651       1.564863785647998E-005
   2.46334310850440       1.144260989562176E-006
   2.48093841642229       2.264992891653078E-007
   2.49853372434018      -1.139421448831797E-005
   2.51612903225806      -9.419654750809438E-006
   2.53372434017595      -1.788089181396751E-005
   2.55131964809384      -1.279587736282523E-005
   2.56891495601173      -1.794261428061718E-005
   2.58651026392962      -9.684293575397966E-006
   2.60410557184751      -1.159225567489801E-005
   2.62170087976540      -6.590834718784456E-007
   2.63929618768328      -7.104878137431216E-007
   2.65689149560117       1.074467416566500E-005
   2.67448680351906       1.030945998307257E-005
   2.69208211143695       2.024472995682476E-005
   2.70967741935484       1.754163647384388E-005
   2.72727272727273       2.419712604922855E-005
   2.74486803519062       1.758370572413790E-005
   2.76246334310850       1.942519202093943E-005
   2.78005865102639       7.488240688299331E-006
   2.79765395894428       3.236847252142953E-006
   2.81524926686217      -1.501158526465377E-005
   2.83284457478006      -2.543545312803363E-005
   2.85043988269795      -4.875512839829306E-005
   2.86803519061584      -6.342758422390779E-005
   2.88563049853372      -8.988225124113534E-005
   2.90322580645161      -1.069644375811531E-004
   2.92082111436950      -1.347749979242324E-004
   2.93841642228739      -1.525405578753609E-004
   2.95601173020528      -1.800226527660325E-004
   2.97360703812317      -1.968353547906539E-004
   2.99120234604106      -2.224017414648279E-004
   3.00879765395894      -2.367709593582466E-004
   3.02639296187683      -2.594110284294804E-004
   3.04398826979472      -2.713997339045390E-004
   3.06158357771261      -2.920897174405699E-004
   3.07917888563050      -3.028903925842112E-004
   3.09677419354839      -3.227344433137428E-004
   3.11436950146628      -3.333815781862370E-004
   3.13196480938416      -3.533460193022463E-004
   3.14956011730205      -3.647436477216902E-004
   3.16715542521994      -3.856608797502430E-004
   3.18475073313783      -3.985634126094839E-004
   3.20234604105572      -4.210768444814775E-004
   3.21994134897361      -4.358454175608206E-004
   3.23753665689150      -4.596320993282657E-004
   3.25513196480938      -4.752347030605488E-004
   3.27272727272727      -4.990563045613271E-004
   3.29032258064516      -5.143478069811986E-004
   3.30791788856305      -5.371352427008408E-004
   3.32551319648094      -5.511065505700106E-004
   3.34310850439883      -5.718953666146463E-004
   3.36070381231672      -5.836262682122817E-004
   3.37829912023460      -6.015353222761272E-004
   3.39589442815249      -6.101918144208923E-004
   3.41348973607038      -6.244705467174034E-004
   3.43108504398827      -6.295973120997906E-004
   3.44868035190616      -6.402532943298896E-004
   3.46627565982405      -6.421316326217700E-004
   3.48387096774194      -6.494554277257131E-004
   3.50146627565982      -6.483320902053707E-004
   3.51906158357771      -6.525328918842396E-004
   3.53665689149560      -6.485852839657647E-004
   3.55425219941349      -6.498036370357822E-004
   3.57184750733138      -6.431341170527098E-004
   3.58944281524927      -6.414212213627633E-004
   3.60703812316716      -6.320071276601011E-004
   3.62463343108504      -6.272545821324277E-004
   3.64222873900293      -6.150298768536700E-004
   3.65982404692082      -6.073717832594295E-004
   3.67741935483871      -5.926569814806177E-004
   3.69501466275660      -5.824994476479029E-004
   3.71260997067449      -5.657516645531628E-004
   3.73020527859238      -5.535875721895982E-004
   3.74780058651026      -5.353303071884739E-004
   3.76539589442815      -5.217053578879666E-004
   3.78299120234604      -5.025045924688016E-004
   3.80058651026393      -4.879966559749601E-004
   3.81818181818182      -4.683768037033249E-004
   3.83577712609971      -4.531802766358034E-004
   3.85337243401760      -4.328287858561357E-004
   3.87096774193548      -4.163638688338790E-004
   3.88856304985337      -3.946918399262386E-004
   3.90615835777126      -3.763977654445052E-004
   3.92375366568915      -3.528724152267003E-004
   3.94134897360704      -3.322407416562269E-004
   3.95894428152493      -3.063805476278405E-004
   3.97653958944282      -2.829555240544308E-004
   3.99413489736070      -2.543358666170102E-004
   4.01173020527859      -2.277513850063774E-004
   4.02932551319648      -1.963258878169122E-004
   4.04692082111437      -1.671838129357325E-004
   4.06451612903226      -1.340633611329043E-004
   4.08211143695015      -1.036015462384637E-004
   4.09970674486804      -7.001833924432010E-005
   4.11730205278592      -3.946644277608074E-005
   4.13489736070381      -6.652691322891202E-006
   4.15249266862170       2.275451005489526E-005
   4.17008797653959       5.355802368229098E-005
   4.18768328445748       8.057431121486167E-005
   4.20527859237537       1.081141643628319E-004
   4.22287390029326       1.316369728063462E-004
   4.24046920821114       1.553824485875020E-004
   4.25806451612903       1.755954107306902E-004
   4.27565982404692       1.960491658532819E-004
   4.29325513196481       2.134809208458586E-004
   4.31085043988270       2.311682421881877E-004
   4.32844574780059       2.463417869025763E-004
   4.34604105571848       2.617820008027404E-004
   4.36363636363636       2.752150204351323E-004
   4.38123167155425       2.889244758867878E-004
   4.39882697947214       3.011369347745030E-004
   4.41642228739003       3.136380037841670E-004
   4.43401759530792       3.250954514115980E-004
   4.45161290322581       3.367018532437956E-004
   4.46920821114370       3.475791387240563E-004
   4.48680351906158       3.583984601299698E-004
   4.50439882697947       3.687646496892582E-004
   4.52199413489736       3.788291275084375E-004
   4.53958944281525       3.886796931862409E-004
   4.55718475073314       3.979440574000688E-004
   4.57478005865103       4.071873552267843E-004
   4.59237536656892       4.155020852885991E-004
   4.60997067448680       4.239003847209732E-004
   4.62756598240469       4.309119862449828E-004
   4.64516129032258       4.380867889565968E-004
   4.66275659824047       4.435320518367882E-004
   4.68035190615836       4.493477635993794E-004
   4.69794721407625       4.531573755724118E-004
   4.71554252199414       4.575826456991797E-004
   4.73313782991202       4.597522836992276E-004
   4.75073313782991       4.628034334722382E-004
   4.76832844574780       4.633655897786909E-004
   4.78592375366569       4.650889595062595E-004
   4.80351906158358       4.641032340427403E-004
   4.82111436950147       4.646261883132646E-004
   4.83870967741935       4.624498472824525E-004
   4.85630498533724       4.624205674819838E-004
   4.87390029325513       4.598292987113822E-004
   4.89149560117302       4.600225285049653E-004
   4.90909090909091       4.577763400699012E-004
   4.92668621700880       4.589358336335141E-004
   4.94428152492669       4.577592291030998E-004
   4.96187683284458       4.605857461210316E-004
   4.97947214076246       4.611482566517605E-004
   4.99706744868035       4.662674539552743E-004
   5.01466275659824       4.690914722534814E-004
   5.03225806451613       4.767042764359751E-004
   5.04985337243402       4.815448192141421E-004
   5.06744868035191       4.911949317915932E-004
   5.08504398826980       4.976190982673612E-004
   5.10263929618768       5.089232151682808E-004
   5.12023460410557       5.165786159008272E-004
   5.13782991202346       5.292041957546172E-004
   5.15542521994135       5.377707104747699E-004
   5.17302052785924       5.514009269292531E-004
   5.19061583577713       5.605558056939381E-004
   5.20821114369502       5.748393357190433E-004
   5.22580645161290       5.841874809452771E-004
   5.24340175953079       5.987508880519676E-004
   5.26099706744868       6.080431049467420E-004
   5.27859237536657       6.227637828784138E-004
   5.29618768328446       6.319531374325216E-004
   5.31378299120235       6.468352687404586E-004
   5.33137829912024       6.559698922209049E-004
   5.34897360703812       6.710988549504043E-004
   5.36656891495601       6.802989692025471E-004
   5.38416422287390       6.958257380345358E-004
   5.40175953079179       7.052716780225755E-004
   5.41935483870968       7.213569748745434E-004
   5.43695014662757       7.310139643036871E-004
   5.45454545454546       7.473193132782164E-004
   5.47214076246334       7.567023727101751E-004
   5.48973607038123       7.727493837410286E-004
   5.50733137829912       7.814105442533944E-004
   5.52492668621701       7.967794849519756E-004
   5.54252199413490       8.043286100917999E-004
   5.56011730205279       8.186574884777681E-004
   5.57771260997067       8.247629090802009E-004
   5.59530791788856       8.377496992370925E-004
   5.61290322580645       8.421393348506342E-004
   5.63049853372434       8.535008637028470E-004
   5.64809384164223       8.558231403906023E-004
   5.66568914956012       8.651511566720800E-004
   5.68328445747801       8.650014326522912E-004
   5.70087976539589       8.719181036892200E-004
   5.71847507331378       8.689508372216526E-004
   5.73607038123167       8.731439563931738E-004
   5.75366568914956       8.670859455521369E-004
   5.77126099706745       8.683243475312596E-004
   5.78885630498534       8.589960261634548E-004
   5.80645161290323       8.571676245499898E-004
   5.82404692082111       8.445622575395599E-004
   5.84164222873900       8.397545539400127E-004
   5.85923753665689       8.239680413097610E-004
   5.87683284457478       8.162296849119129E-004
   5.89442815249267       7.972885498073321E-004
   5.91202346041056       7.866458570866335E-004
   5.92961876832845       7.645893280339498E-004
   5.94721407624634       7.511013230226438E-004
   5.96480938416422       7.260193435395128E-004
   5.98240469208211       7.098160292331559E-004
   6.00000000000000       6.818997812612792E-004
   6.01759530791789       6.632684939998787E-004
   6.03519061583578       6.328895331566013E-004
   6.05278592375367       6.121460162502771E-004
   6.07038123167156       5.794823269425069E-004
   6.08797653958944       5.567152574956864E-004
   6.10557184750733       5.218202924361599E-004
   6.12316715542522       4.970642276168576E-004
   6.14076246334311       4.599693554065103E-004
   6.15835777126100       4.332595477158670E-004
   6.17595307917889       3.940186495555876E-004
   6.19354838709677       3.654387539186864E-004
   6.21114369501466       3.242073900596766E-004
   6.22873900293255       2.940912913933342E-004
   6.24633431085044       2.514285927851652E-004
   6.26392961876833       2.204096263217253E-004
   6.28152492668622       1.768929481892903E-004
   6.29912023460411       1.454884829565379E-004
   6.31671554252199       1.016047784854910E-004
   6.33431085043988       7.028138721766113E-005
   6.35190615835777       2.649163088851061E-005
   6.36950146627566      -4.287221750277765E-006
   6.38709677419355      -4.749918902956332E-005
   6.40469208211144      -7.720413963933241E-005
   6.42228739002933      -1.192144513178717E-004
   6.43988269794721      -1.471715636501913E-004
   6.45747800586510      -1.874116793551477E-004
   6.47507331378299      -2.132293425588973E-004
   6.49266862170088      -2.514195986074874E-004
   6.51026392961877      -2.748886367295242E-004
   6.52785923753666      -3.108700606863578E-004
   6.54545454545455      -3.318730245480513E-004
   6.56304985337243      -3.655565600921995E-004
   6.58064516129032      -3.840255334785983E-004
   6.59824046920821      -4.153460793940554E-004
   6.61583577712610      -4.311788372317565E-004
   6.63343108504399      -4.599110262332492E-004
   6.65102639296188      -4.727852135226181E-004
   6.66862170087977      -4.986457211279758E-004
   6.68621700879765      -5.083838787979144E-004
   6.70381231671554      -5.312785632371020E-004
   6.72140762463343      -5.378589190275711E-004
   6.73900293255132      -5.578268740217267E-004
   6.75659824046921      -5.613492677271183E-004
   6.77419354838710      -5.785441015697258E-004
   6.79178885630499      -5.792186347852854E-004
   6.80938416422287      -5.939001110879858E-004
   6.82697947214076      -5.919840781957792E-004
   6.84457478005865      -6.042959569438011E-004
   6.86217008797654      -5.998210308288240E-004
   6.87976539589443      -6.097797789506521E-004
   6.89736070381232      -6.028069954110119E-004
   6.91495601173021      -6.105179419167612E-004
   6.93255131964809      -6.012030035337391E-004
   6.95014662756598      -6.068696046178151E-004
   6.96774193548387      -5.954706436407501E-004
   6.98533724340176      -5.994045916729217E-004
   7.00293255131965      -5.862977472465242E-004
   7.02052785923754      -5.888854834111053E-004
   7.03812316715543      -5.742577983948084E-004
   7.05571847507331      -5.753375123042765E-004
   7.07331378299120      -5.588534337826067E-004
   7.09090909090909      -5.580981718126479E-004
   7.10850439882698      -5.394812037224105E-004
   7.12609970674487      -5.366683970578347E-004
   7.14369501466276      -5.157636344145801E-004
   7.16129032258065      -5.108109246187006E-004
   7.17888563049853      -4.876287129959252E-004
   7.19648093841642      -4.806572782640502E-004
   7.21407624633431      -4.554922865595437E-004
   7.23167155425220      -4.469779114316144E-004
   7.24926686217009      -4.203012649538256E-004
   7.26686217008798      -4.105257837687487E-004
   7.28445747800587      -3.824804413858374E-004
   7.30205278592375      -3.715359683549332E-004
   7.31964809384164      -3.422070444820370E-004
   7.33724340175953      -3.301884795184039E-004
   7.35483870967742      -2.997040690181317E-004
   7.37243401759531      -2.867878824313373E-004
   7.39002932551320      -2.554031302431335E-004
   7.40762463343109      -2.419736336180966E-004
   7.42521994134897      -2.102548115749596E-004
   7.44281524926686      -1.968970737240476E-004
   7.46041055718475      -1.651872341743372E-004
   7.47800586510264      -1.519776487740795E-004
   7.49560117302053      -1.202287270338033E-004
   7.51319648093842      -1.070575080632233E-004
   7.53079178885631      -7.513103889915223E-005
   7.54838709677419      -6.184895441684488E-005
   7.56598240469208      -2.961110048596904E-005
   7.58357771260997      -1.612091406136534E-005
   7.60117302052786       1.644024618507085E-005
   7.61876832844575       2.994714702047196E-005
   7.63636363636364       6.229461958257497E-005
   7.65395894428153       7.511347768737116E-005
   7.67155425219941       1.066864583385692E-004
   7.68914956011730       1.184584969315601E-004
   7.70674486803519       1.490210576467190E-004
   7.72434017595308       1.596019966877027E-004
   7.74193548387097       1.890710510764943E-004
   7.75953079178886       1.984263748003084E-004
   7.77712609970675       2.267893333281091E-004
   7.79472140762463       2.349094030609809E-004
   7.81231671554252       2.620863828766283E-004
   7.82991202346041       2.686763276594370E-004
   7.84750733137830       2.941487206778839E-004
   7.86510263929619       2.987186272752388E-004
   7.88269794721408       3.221755278799095E-004
   7.90029325513197       3.245742263673435E-004
   7.91788856304985       3.459801775440105E-004
   7.93548387096774       3.462767398907315E-004
   7.95307917888563       3.657874229958762E-004
   7.97067448680352       3.642205464696332E-004
   7.98826979472141       3.821424847362815E-004
   8.00586510263930       3.790760237809073E-004
   8.02346041055718       3.957049389619898E-004
   8.04105571847507       3.911452652935432E-004
   8.05865102639296       4.061938945382287E-004
   8.07624633431085       3.998279394939473E-004
   8.09384164222874       4.130913352819083E-004
   8.11143695014663       4.048260825954414E-004
   8.12903225806452       4.163138048097353E-004
   8.14662756598241       4.062676805801339E-004
   8.16422287390029       4.162041148616637E-004
   8.18181818181818       4.047213240539455E-004
   8.19941348973607       4.135799110199288E-004
   8.21700879765396       4.012667558182039E-004
   8.23460410557185       4.095568630589018E-004
   8.25219941348974       3.965117215112610E-004
   8.26979472140763       4.039865071320987E-004
   8.28739002932551       3.898932333104812E-004
   8.30498533724340       3.962631034369710E-004
   8.32258064516129       3.808864487861685E-004
   8.34017595307918       3.859794395554939E-004
   8.35777126099707       3.692301994654646E-004
   8.37536656891496       3.730504392849484E-004
   8.39296187683285       3.550540795062495E-004
   8.41055718475073       3.578889904589829E-004
   8.42815249266862       3.390504930211618E-004
   8.44574780058651       3.411319234532989E-004
   8.46334310850440       3.213386428911973E-004
   8.48093841642229       3.223509960830430E-004
   8.49853372434018       3.012558581193759E-004
   8.51612903225807       3.008653247789414E-004
   8.53372434017595       2.781795111905030E-004
   8.55131964809384       2.761592612557406E-004
   8.56891495601173       2.517495181360098E-004
   8.58651026392962       2.480872287501646E-004
   8.60410557184751       2.221366707218791E-004
   8.62170087976540       2.173242841507749E-004
   8.63929618768329       1.905655586784275E-004
   8.65689149560117       1.851773238419481E-004
   8.67448680351906       1.578336614961193E-004
   8.69208211143695       1.518752567266323E-004
   8.70967741935484       1.238581703057665E-004
   8.72727272727273       1.171848946126373E-004
   8.74486803519062       8.833410972480849E-005
   8.76246334310851       8.079041158485909E-005
   8.78005865102639       5.099462609531109E-005
   8.79765395894428       4.255046729969738E-005
   8.81524926686217       1.198253397465770E-005
   8.83284457478006       3.151809064462996E-006
   8.85043988269795      -2.749264270130818E-005
   8.86803519061584      -3.618872602409103E-005
   8.88563049853373      -6.662778527649818E-005
   8.90322580645161      -7.505896193603915E-005
   8.92082111436950      -1.052525296811570E-004
   8.93841642228739      -1.134434526036192E-004
   8.95601173020528      -1.434491747253792E-004
   8.97360703812317      -1.514698645375722E-004
   8.99120234604106      -1.813316245579976E-004
   9.00879765395895      -1.891309057980299E-004
   9.02639296187683      -2.185104012033953E-004
   9.04398826979472      -2.254167992358043E-004
   9.06158357771261      -2.536023072241641E-004
   9.07917888563050      -2.591270750734508E-004
   9.09677419354839      -2.858262995435389E-004
   9.11436950146628      -2.898128784156439E-004
   9.13196480938416      -3.149683290306113E-004
   9.14956011730205      -3.174403290389952E-004
   9.16715542521994      -3.411285076015903E-004
   9.18475073313783      -3.421952399056734E-004
   9.20234604105572      -3.645061012457035E-004
   9.21994134897361      -3.640734115080226E-004
   9.23753665689150      -3.844414210395964E-004
   9.25513196480938      -3.815791864773714E-004
   9.27272727272727      -3.991499142212276E-004
   9.29032258064516      -3.932609815668318E-004
   9.30791788856305      -4.076387956371823E-004
   9.32551319648094      -3.985067851448246E-004
   9.34310850439883      -4.096314382976620E-004
   9.36070381231672      -3.973507044941689E-004
   9.37829912023460      -4.054600760031238E-004
   9.39589442815249      -3.904187394465095E-004
   9.41348973607038      -3.960301711079108E-004
   9.43108504398827      -3.786709028722715E-004
   9.44868035190616      -3.818462283916173E-004
   9.46627565982405      -3.619362968173307E-004
   9.48387096774194      -3.624327440454093E-004
   9.50146627565982      -3.398422338078210E-004
   9.51906158357771      -3.376489538962837E-004
   9.53665689149560      -3.125030961747168E-004
   9.55425219941349      -3.078867538444780E-004
   9.57184750733138      -2.806177185406284E-004
   9.58944281524927      -2.741947975332180E-004
   9.60703812316716      -2.456719339381670E-004
   9.62463343108504      -2.385687933928925E-004
   9.64222873900293      -2.098859424518766E-004
   9.65982404692082      -2.028022122717416E-004
   9.67741935483871      -1.743386911054824E-004
   9.69501466275660      -1.675624630967491E-004
   9.71260997067449      -1.396126477015115E-004
   9.73020527859238      -1.334722305961907E-004
   9.74780058651026      -1.064338406210434E-004
   9.76539589442815      -1.014152178606743E-004
   9.78299120234604      -7.590219753227276E-005
   9.80058651026393      -7.279288645804728E-005
   9.81818181818182      -4.984718923813848E-005
   9.83577712609971      -4.976644349421566E-005
   9.85337243401760      -3.013195649343758E-005
   9.87096774193548      -3.333004344403708E-005
   9.88856304985337      -1.702992404059513E-005
   9.90615835777126      -2.345046854800319E-005
   9.92375366568915      -1.040433066387746E-005
   9.94134897360704      -1.996919037913668E-005
   9.95894428152493      -1.013244934748574E-005
   9.97653958944282      -2.285161554358558E-005
   9.99413489736071      -1.632676250913627E-005
   10.0117302052786      -3.243267628878894E-005
   10.0293255131965      -2.934476186859716E-005
   10.0469208211144      -4.827385398431973E-005
   10.0645161290323      -4.728216998996324E-005
   10.0821114369501      -6.736181005159947E-005
   10.0997067448680      -6.675311797733717E-005
   10.1173020527859      -8.628380830633145E-005
   10.1348973607038      -8.441468741301453E-005
   10.1524926686217      -1.018387337789653E-004
   10.1700879765396      -9.728695739553533E-005
   10.1876832844575      -1.113713218313889E-004
   10.2052785923754      -1.032334792143736E-004
   10.2228739002933      -1.137114354152514E-004
   10.2404692082111      -1.024304595252351E-004
   10.2580645161290      -1.097925889470761E-004
   10.2756598240469      -9.535204697685382E-005
   10.2932551319648      -9.916253119120299E-005
   10.3108504398827      -8.090165094277877E-005
   10.3284457478006      -8.034582419787852E-005
   10.3460410557185      -5.736308497381671E-005
   10.3636363636364      -5.149489591072108E-005
   10.3812316715543      -2.286690955751866E-005
   10.3988269794721      -1.086528055072931E-005
   10.4164222873900       2.384314723837964E-005
   10.4340175953079       4.150640188255210E-005
   10.4516129032258       8.103906969818553E-005
   10.4692082111437       1.032045867884294E-004
   10.4868035190616       1.468875127521421E-004
   10.5043988269795       1.732628228452962E-004
   10.5219941348974       2.210886776734072E-004
   10.5395894428153       2.519081378878937E-004
   10.5571847507331       3.043142381956088E-004
   10.5747800586510       3.401947100108676E-004
   10.5923753665689       3.979434657396478E-004
   10.6099706744868       4.397220677863050E-004
   10.6275659824047       5.032098364656224E-004
   10.6451612903226       5.501696369544640E-004
   10.6627565982405       6.178197027347665E-004
   10.6803519061584       6.683420129540796E-004
   10.6979472140762       7.387903676825663E-004
   10.7155425219941       7.917448115979638E-004
   10.7331378299120       8.640747543180738E-004
   10.7507331378299       9.187552057936002E-004
   10.7683284457478       9.924605593200941E-004
   10.7859237536657       1.048563660509947E-003
   10.8035190615836       1.123535452804727E-003
   10.8211143695015       1.180878593496148E-003
   10.8387096774194       1.255982225496548E-003
   10.8563049853372       1.312079612686687E-003
   10.8739002932551       1.384277369901147E-003
   10.8914956011730       1.436238426665107E-003
   10.9090909090909       1.502871941274005E-003
   10.9266862170088       1.548288536479335E-003
   10.9442815249267       1.607212996929545E-003
   10.9618768328446       1.644233507993254E-003
   10.9794721407625       1.693926470511520E-003
   10.9970674486804       1.721429906281758E-003
   11.0146627565982       1.761341698078823E-003
   11.0322580645161       1.779433621112429E-003
   11.0498533724340       1.809809583454145E-003
   11.0674486803519       1.818337436172060E-003
   11.0850439882698       1.838700907947859E-003
   11.1026392961877       1.837113472958465E-003
   11.1202346041056       1.846940093362847E-003
   11.1378299120235       1.834806068096599E-003
   11.1554252199413       1.833800758734576E-003
   11.1730205278592       1.811018395823080E-003
   11.1906158357771       1.799327340575084E-003
   11.2082111436950       1.766406425432851E-003
   11.2258064516129       1.744656620870718E-003
   11.2434017595308       1.701364086293439E-003
   11.2609970674487       1.667925980825813E-003
   11.2785923753666       1.611904810532554E-003
   11.2961876832845       1.564347954281611E-003
   11.3137829912023       1.493271669147576E-003
   11.3313782991202       1.429453542739426E-003
   11.3489736070381       1.341459286547018E-003
   11.3665689149560       1.259894287416901E-003
   11.3841642228739       1.154033726346615E-003
   11.4017595307918       1.054599636616617E-003
   11.4193548387097       9.325467937588895E-004
   11.4369501466276       8.199302538597946E-004
   11.4545454545455       6.882510467723063E-004
   11.4721407624633       5.683691734367261E-004
   11.4897360703812       4.317361158457655E-004
   11.5073313782991       3.084851723669583E-004
   11.5249266862170       1.702647573882392E-004
   11.5425219941349       4.663649459759678E-005
   11.5601173020528      -9.043757268924313E-005
   11.5777126099707      -2.118488388955113E-004
   11.5953079178886      -3.451755912985652E-004
   11.6129032258065      -4.613961885257109E-004
   11.6304985337243      -5.869161045856893E-004
   11.6480938416422      -6.929774957315077E-004
   11.6656891495601      -8.061039129211622E-004
   11.6832844574780      -8.984545617399096E-004
   11.7008797653959      -9.964620130392470E-004
   11.7184750733138      -1.073008940060422E-003
   11.7360703812317      -1.154343213189766E-003
   11.7536656891496      -1.214014810639570E-003
   11.7712609970675      -1.278035788079072E-003
   11.7888563049853      -1.320585602401118E-003
   11.8064516129032      -1.367370890160908E-003
   11.8240469208211      -1.393029746625895E-003
   11.8416422287390      -1.422817562145336E-003
   11.8592375366569      -1.432042665385910E-003
   11.8768328445748      -1.445811358299136E-003
   11.8944281524927      -1.440155574666883E-003
   11.9120234604106      -1.439982539291856E-003
   11.9296187683284      -1.422041221230368E-003
   11.9472140762463      -1.411037025119986E-003
   11.9648093841642      -1.384452860519325E-003
   11.9824046920821      -1.366814117469756E-003
   12.0000000000000      -1.336390852271460E-003
   12.0175953079179      -1.317258093257724E-003
   12.0351906158358      -1.286623867048384E-003
   12.0527859237537      -1.266326384937944E-003
   12.0703812316716      -1.233798960754964E-003
   12.0879765395894      -1.210627162263932E-003
   12.1055718475073      -1.175008621898081E-003
   12.1231671554252      -1.148373470796610E-003
   12.1407624633431      -1.109797720509311E-003
   12.1583577712610      -1.080678867527599E-003
   12.1759530791789      -1.041177887065518E-003
   12.1935483870968      -1.012952972886501E-003
   12.2111436950147      -9.780291306518900E-004
   12.2287390029326      -9.584283506175015E-004
   12.2463343108504      -9.349930579529262E-004
   12.2639296187683      -9.270377520829070E-004
   12.2815249266862      -9.149522672173646E-004
   12.2991202346041      -9.171157283922194E-004
   12.3167155425220      -9.141596037015098E-004
   12.3343108504399      -9.238305443134899E-004
   12.3519061583578      -9.272516220549487E-004
   12.3695014662757      -9.417674429965930E-004
   12.3870967741935      -9.492813360946551E-004
   12.4046920821114      -9.672960743010008E-004
   12.4222873900293      -9.798119403000400E-004
   12.4398826979472      -1.004864720599631E-003
   12.4574780058651      -1.025840978120339E-003
   12.4750733137830      -1.058827644383609E-003
   12.4926686217009      -1.086920195651060E-003
   12.5102639296188      -1.125026758140847E-003
   12.5278592375367      -1.156242277066361E-003
   12.5454545454545      -1.194482144442909E-003
   12.5630498533724      -1.222956219876555E-003
   12.5806451612903      -1.254681616954662E-003
   12.5982404692082      -1.273070062732322E-003
   12.6158357771261      -1.290986795138397E-003
   12.6334310850440      -1.296043415224693E-003
   12.6510263929619      -1.304492982143597E-003
   12.6686217008798      -1.305027359034655E-003
   12.6862170087977      -1.312876289722715E-003
   12.7038123167155      -1.316791191534228E-003
   12.7214076246334      -1.330984160715583E-003
   12.7390029325513      -1.344228355520018E-003
   12.7565982404692      -1.369640694630494E-003
   12.7741935483871      -1.395871619865818E-003
   12.7917888563050      -1.434706183969057E-003
   12.8093841642229      -1.473945878761510E-003
   12.8269794721408      -1.522316586605794E-003
   12.8445747800587      -1.566732621679388E-003
   12.8621700879765      -1.616139204526418E-003
   12.8797653958944      -1.658886219185870E-003
   12.8973607038123      -1.703752286983363E-003
   12.9149560117302      -1.739878114366367E-003
   12.9325513196481      -1.775616199029744E-003
   12.9501466275660      -1.800712356705274E-003
   12.9677419354839      -1.822948869608901E-003
   12.9853372434018      -1.832530380175935E-003
   13.0029325513196      -1.836452317006659E-003
   13.0205278592375      -1.825646519119000E-003
   13.0381231671554      -1.808620448608771E-003
   13.0557184750733      -1.779253139316505E-003
   13.0733137829912      -1.746225161359748E-003
   13.0909090909091      -1.704193583761419E-003
   13.1085043988270      -1.661415694852202E-003
   13.1260997067449      -1.613181910763688E-003
   13.1436950146628      -1.567209313041141E-003
   13.1612903225806      -1.519327577338172E-003
   13.1788856304985      -1.476587494603531E-003
   13.1964809384164      -1.435192699480286E-003
   13.2140762463343      -1.400933857298560E-003
   13.2316715542522      -1.368657280946600E-003
   13.2492668621701      -1.342276230003278E-003
   13.2668621700880      -1.317494034115219E-003
   13.2844574780059      -1.298149979042701E-003
   13.3020527859238      -1.280850652831773E-003
   13.3196480938416      -1.269127415485372E-003
   13.3372434017595      -1.260380225017159E-003
   13.3548387096774      -1.257757062127608E-003
   13.3724340175953      -1.259392465201333E-003
   13.3900293255132      -1.267995261975991E-003
   13.4076246334311      -1.282313319292264E-003
   13.4252199413490      -1.303349053060896E-003
   13.4428152492669      -1.328153811615636E-003
   13.4604105571848      -1.356091779019423E-003
   13.4780058651026      -1.385005522466555E-003
   13.4956011730205      -1.413914593763709E-003
   13.5131964809384      -1.441459391626834E-003
   13.5307917888563      -1.466295184496541E-003
   13.5483870967742      -1.487856331865612E-003
   13.5659824046921      -1.504441759237461E-003
   13.5835777126100      -1.516304283188435E-003
   13.6011730205279      -1.521439839353100E-003
   13.6187683284457      -1.521083724930602E-003
   13.6363636363636      -1.513100014397665E-003
   13.6539589442815      -1.499467513728663E-003
   13.6715542521994      -1.477519196618338E-003
   13.6891495601173      -1.449948118916136E-003
   13.7067448680352      -1.413694008881496E-003
   13.7243401759531      -1.372259134862803E-003
   13.7419354838710      -1.322292314562948E-003
   13.7595307917889      -1.268221049486883E-003
   13.7771260997067      -1.206594992127638E-003
   13.7947214076246      -1.143056477336105E-003
   13.8123167155425      -1.074755415233148E-003
   13.8299120234604      -1.007815056207601E-003
   13.8475073313783      -9.358883307993612E-004
   13.8651026392962      -8.630836533692198E-004
   13.8826979472141      -7.814311179111808E-004
   13.9002932551320      -6.950144387756360E-004
   13.9178885630499      -5.948187550246482E-004
   13.9354838709677      -4.851361984526884E-004
   13.9530791788856      -3.560611385709327E-004
   13.9706744868035      -2.122076774566502E-004
   13.9882697947214      -4.288319167746657E-005
   14.0058651026393       1.467373175758170E-004
   14.0234604105572       3.633101820054868E-004
   14.0410557184751       5.898896869755412E-004
   14.0586510263930       8.268815075065639E-004
   14.0762463343109       1.056839012986597E-003
   14.0938416422287       1.281288583724144E-003
   14.1114369501466       1.482765224366745E-003
   14.1290322580645       1.663948562410810E-003
   14.1466275659824       1.807472399327897E-003
   14.1642228739003       1.917362368268712E-003
   14.1818181818182       1.976734927776490E-003
   14.1994134897361       1.991695257404213E-003
   14.2170087976540       1.950554122390348E-003
   14.2346041055718       1.876886394069925E-003
   14.2521994134897       1.770958112438146E-003
   14.2697947214076       1.656631194360623E-003
   14.2873900293255       1.531629125949141E-003
   14.3049853372434       1.418892886651830E-003
   14.3225806451613       1.314325501550616E-003
   14.3401759530792       1.240209221613868E-003
   14.3577712609971       1.190649005680624E-003
   14.3753665689150       1.187053555138538E-003
   14.3929618768328       1.221242400295255E-003
   14.4105571847507       1.311397547644197E-003
   14.4281524926686       1.434700204162909E-003
   14.4457478005865       1.593768495530793E-003
   14.4633431085044       1.761768842323411E-003
   14.4809384164223       1.944364314790930E-003
   14.4985337243402       2.115664220120984E-003
   14.5161290322581       2.283169015493744E-003
   14.5337243401760       2.421502391914998E-003
   14.5513196480938       2.539817095423016E-003
   14.5689149560117       2.613279988792143E-003
   14.5865102639296       2.652937089132031E-003
   14.6041055718475       2.635352590968398E-003
   14.6217008797654       2.579598422286927E-003
   14.6392961876833       2.475803537901286E-003
   14.6568914956012       2.350562319198567E-003
   14.6744868035191       2.191944156226091E-003
   14.6920821114370       2.025887288229147E-003
   14.7096774193548       1.838902137124396E-003
   14.7272727272727       1.656740478077402E-003
   14.7448680351906       1.464595845690982E-003
   14.7624633431085       1.288099170430599E-003
   14.7800586510264       1.111064390868099E-003
   14.7976539589443       9.587500272396455E-004
   14.8152492668622       8.117834369406910E-004
   14.8328445747801       6.880660694464657E-004
   14.8504398826979       5.610182861665471E-004
   14.8680351906158       4.486962386546492E-004
   14.8856304985337       3.247921831255131E-004
   14.9032258064516       2.084814817693322E-004
   14.9208211143695       7.331242012345307E-005
   14.9384164222874      -6.057930089824137E-005
   14.9560117302053      -2.198362972548142E-004
   14.9736070381232      -3.833219179735804E-004
   14.9912023460411      -5.777248537019315E-004
   15.0087976539589      -7.801092522049872E-004
   15.0263929618768      -1.010409984415965E-003
   15.0439882697947      -1.233904954135243E-003
   15.0615835777126      -1.466808045802425E-003
   15.0791788856305      -1.674846588615387E-003
   15.0967741935484      -1.875584571758012E-003
   15.1143695014663      -2.034939901056095E-003
   15.1319648093842      -2.171747590631754E-003
   15.1495601173021      -2.252182505790437E-003
   15.1671554252199      -2.296556602206352E-003
   15.1847507331378      -2.271742096849449E-003
   15.2023460410557      -2.200572895191118E-003
   15.2199413489736      -2.057988798270070E-003
   15.2375366568915      -1.887206651007427E-003
   15.2551319648094      -1.674152672565391E-003
   15.2727272727273      -1.460796225790130E-003
   15.2903225806452      -1.230350510263880E-003
   15.3079178885631      -1.023521211285505E-003
   15.3255131964809      -8.214513062745447E-004
   15.3431085043988      -6.638122927985204E-004
   15.3607038123167      -5.296256071925199E-004
   15.3782991202346      -4.571585536685260E-004
   15.3958944281525      -4.225310460352858E-004
   15.4134897360704      -4.586819528073502E-004
   15.4310850439883      -5.242121321627485E-004
   15.4486803519062      -6.383953249142183E-004
   15.4662756598240      -7.590185010980011E-004
   15.4838709677419      -9.088001318304435E-004
   15.5014662756598      -1.046818104048761E-003
   15.5190615835777      -1.197772221930918E-003
   15.5366568914956      -1.321471953199077E-003
   15.5542521994135      -1.444335619179495E-003
   15.5718475073314      -1.526861656252725E-003
   15.5894428152493      -1.597349877355533E-003
   15.6070381231672      -1.617867609164571E-003
   15.6246334310850      -1.623346386093315E-003
   15.6422287390029      -1.583261221089623E-003
   15.6598240469208      -1.535288462078817E-003
   15.6774193548387      -1.446988514550378E-003
   15.6950146627566      -1.355846849389155E-003
   15.7126099706745      -1.228344032717798E-003
   15.7302052785924      -1.102127590422247E-003
   15.7478005865103      -9.428179765979852E-004
   15.7653958944282      -7.883343763702708E-004
   15.7829912023460      -6.035022426303918E-004
   15.8005865102639      -4.265148894605745E-004
   15.8181818181818      -2.219973979716484E-004
   15.8357771260997      -3.162100675897036E-005
   15.8533724340176       1.773579079042169E-004
   15.8709677419355       3.620295972408120E-004
   15.8885630498534       5.556503704658625E-004
   15.9061583577713       7.147818740198131E-004
   15.9237536656892       8.732463093326171E-004
   15.9413489736070       9.871155385617874E-004
   15.9589442815249       1.090811554764688E-003
   15.9765395894428       1.139971318039513E-003
   15.9941348973607       1.169698577128186E-003
   16.0117302052786       1.135947038350463E-003
   16.0293255131965       1.081052232209054E-003
   16.0469208211144       9.696734123113657E-004
   16.0645161290323       8.478040601014474E-004
   16.0821114369501       6.791628759497905E-004
   16.0997067448680       5.099443397520477E-004
   16.1173020527859       3.030071803116236E-004
   16.1348973607038       1.047591102630337E-004
   16.1524926686217      -1.228436537758216E-004
   16.1700879765396      -3.332838980689527E-004
   16.1876832844575      -5.657016742327014E-004
   16.2052785923754      -7.739819458805637E-004
   16.2228739002933      -9.993426154645709E-004
   16.2404692082111      -1.195497108120583E-003
   16.2580645161290      -1.402656647013514E-003
   16.2756598240469      -1.572699205823592E-003
   16.2932551319648      -1.745752286137450E-003
   16.3108504398827      -1.872660806997015E-003
   16.3284457478006      -1.993752095627910E-003
   16.3460410557185      -2.059037245716253E-003
   16.3636363636364      -2.109188479014502E-003
   16.3812316715543      -2.093552449460849E-003
   16.3988269794721      -2.053392349068144E-003
   16.4164222873900      -1.940606386468154E-003
   16.4340175953079      -1.812624690635036E-003
   16.4516129032258      -1.636114146434767E-003
   16.4692082111437      -1.471348661637947E-003
   16.4868035190616      -1.283290271648276E-003
   16.5043988269795      -1.131749162253834E-003
   16.5219941348974      -9.800866098375958E-004
   16.5395894428153      -8.875510040109022E-004
   16.5571847507331      -8.156517737698446E-004
   16.5747800586510      -8.225743617113761E-004
   16.5923753665689      -8.671380212482366E-004
   16.6099706744868      -1.003232280184362E-003
   16.6275659824047      -1.170912942921341E-003
   16.6451612903226      -1.403630764746649E-003
   16.6627565982405      -1.636653503425252E-003
   16.6803519061584      -1.907952651280589E-003
   16.6979472140762      -2.154616803535501E-003
   16.7155425219941      -2.417304576897211E-003
   16.7331378299120      -2.634240935319420E-003
   16.7507331378299      -2.848472578674409E-003
   16.7683284457478      -2.999347847797054E-003
   16.7859237536657      -3.132622967845178E-003
   16.8035190615836      -3.189855354089498E-003
   16.8211143695015      -3.226386640334272E-003
   16.8387096774194      -3.199044453349855E-003
   16.8563049853372      -3.171144776000509E-003
   16.8739002932551      -3.096693668921754E-003
   16.8914956011730      -3.038179743527515E-003
   16.9090909090909      -2.947706784586821E-003
   16.9266862170088      -2.887659050749990E-003
   16.9442815249267      -2.808589301919648E-003
   16.9618768328446      -2.772944282343151E-003
   16.9794721407625      -2.729696140995433E-003
   16.9970674486804      -2.741188785718681E-003
   17.0146627565982      -2.753409070747222E-003
   17.0322580645161      -2.823719488249394E-003
   17.0498533724340      -2.892760912063655E-003
   17.0674486803519      -3.018807958948494E-003
   17.0850439882698      -3.142448516278807E-003
   17.1026392961877      -3.323398837381559E-003
   17.1202346041056      -3.501713306696655E-003
   17.1378299120235      -3.738410201317923E-003
   17.1554252199413      -3.972856319329101E-003
   17.1730205278592      -4.267358333236423E-003
   17.1906158357771      -4.560493863405979E-003
   17.2082111436950      -4.915639951661881E-003
   17.2258064516129      -5.264115452449414E-003
   17.2434017595308      -5.657961366456621E-003
   17.2609970674487      -6.020727980212673E-003
   17.2785923753666      -6.405774396953516E-003
   17.2961876832845      -6.735798162005454E-003
   17.3137829912023      -7.065951678351719E-003
   17.3313782991202      -7.318076447843600E-003
   17.3489736070381      -7.549393056253395E-003
   17.3665689149560      -7.681009606896370E-003
   17.3841642228739      -7.772770416169649E-003
   17.4017595307918      -7.745809692182983E-003
   17.4193548387097      -7.670884353707831E-003
   17.4369501466276      -7.492848948496010E-003
   17.4545454545455      -7.302316915832748E-003
   17.4721407624633      -7.042058201381191E-003
   17.4897360703812      -6.803023790860058E-003
   17.5073313782991      -6.524340388369630E-003
   17.5249266862170      -6.298199059591110E-003
   17.5425219941349      -6.060089849900236E-003
   17.5601173020528      -5.903843327818130E-003
   17.5777126099707      -5.760850497110176E-003
   17.5953079178886      -5.726655108244267E-003
   17.6129032258065      -5.725255209354114E-003
   17.6304985337243      -5.836696690527946E-003
   17.6480938416422      -5.958910863377996E-003
   17.6656891495601      -6.170512149795181E-003
   17.6832844574780      -6.366032328470176E-003
   17.7008797653959      -6.629949232157696E-003
   17.7184750733138      -6.851681251732990E-003
   17.7360703812317      -7.122436940445529E-003
   17.7536656891496      -7.324975951625645E-003
   17.7712609970675      -7.558792377878255E-003
   17.7888563049853      -7.697989515184768E-003
   17.8064516129032      -7.852960268328948E-003
   17.8240469208211      -7.893064533719381E-003
   17.8416422287390      -7.958851361299356E-003
   17.8592375366569      -7.912824757433186E-003
   17.8768328445748      -7.916452476917172E-003
   17.8944281524927      -7.807210776825773E-003
   17.9120234604106      -7.778527270165059E-003
   17.9296187683284      -7.625804609632080E-003
   17.9472140762463      -7.599991546515679E-003
   17.9648093841642      -7.408790788053368E-003
   17.9824046920821      -7.437305886639501E-003
   18.0000000000000      -7.048034509075539E-003
