  0.000000000000000E+000  1.155210363139818E-003
  1.759530791788856E-002  5.066856543914853E-004
  3.519061583577713E-002  5.541826674464439E-004
  5.278592375366570E-002  3.563747053712951E-004
  7.038123167155426E-002  3.920766885462366E-004
  8.797653958944282E-002  2.802676782774159E-004
  0.105571847507331       3.094325803188271E-004
  0.123167155425220       2.329999259622711E-004
  0.140762463343109       2.578486276876738E-004
  0.158357771260997       2.003854989196630E-004
  0.175953079178886       2.221250270328022E-004
  0.193548387096774       1.763728615451508E-004
  0.211143695014663       1.957527196941559E-004
  0.228739002932551       1.579068049934550E-004
  0.246334310850440       1.754391819546822E-004
  0.263929618768328       1.432806882089811E-004
  0.281524926686217       1.593347777040318E-004
  0.299120234604106       1.314646446447477E-004
  0.316715542521994       1.463167297849330E-004
  0.334310850439883       1.218026001610440E-004
  0.351906158357771       1.356676257690066E-004
  0.369501466275660       1.138622928865458E-004
  0.387096774193548       1.269138189867352E-004
  0.404692082111437       1.073555922171329E-004
  0.422287390029326       1.197413313889848E-004
  0.439882697947214       1.020948098655857E-004
  0.457478005865103       1.139353304097753E-004
  0.475073313782991       9.793851213521586E-005
  0.492668621700880       1.093269022234506E-004
  0.510263929618768       9.477284895132472E-005
  0.527859237536657       1.057855224706328E-004
  0.545454545454546       9.250973815007678E-005
  0.563049853372434       1.032117095827455E-004
  0.580645161290323       9.108353817921968E-005
  0.598240469208211       1.015342696187679E-004
  0.615835777126100       9.045748187128951E-005
  0.633431085043988       1.007308289072258E-004
  0.651026392961877       9.065134994922702E-005
  0.668621700879765       1.008155414749568E-004
  0.686217008797654       9.167276264824658E-005
  0.703812316715543       1.017665791282662E-004
  0.721407624633431       9.349111291686121E-005
  0.739002932551320       1.035295114157906E-004
  0.756598240469208       9.604102841322052E-005
  0.774193548387097       1.060121941213104E-004
  0.791788856304985       9.920981999490040E-005
  0.809384164222874       1.090575051216831E-004
  0.826979472140763       1.027798175635148E-004
  0.844574780058651       1.123783360396806E-004
  0.862170087976540       1.064646518573880E-004
  0.879765395894428       1.157456478049551E-004
  0.897360703812317       1.101032963678254E-004
  0.914956011730205       1.190374680665704E-004
  0.932551319648094       1.136060010454697E-004
  0.950146627565982       1.221855945224150E-004
  0.967741935483871       1.169276437701335E-004
  0.985337243401760       1.251613310845792E-004
   1.00293255131965       1.200585310307993E-004
   1.02052785923754       1.279573230115559E-004
   1.03812316715543       1.229463135703443E-004
   1.05571847507331       1.304149981947500E-004
   1.07331378299120       1.253464741677963E-004
   1.09090909090909       1.322690235739724E-004
   1.10850439882698       1.270120925422123E-004
   1.12609970674487       1.332938186243082E-004
   1.14369501466276       1.277439445164357E-004
   1.16129032258065       1.333182940478400E-004
   1.17888563049853       1.274079559384976E-004
   1.19648093841642       1.322552456626874E-004
   1.21407624633431       1.260008742805934E-004
   1.23167155425220       1.302774958206430E-004
   1.24926686217009       1.239384718537456E-004
   1.26686217008798       1.279340649687375E-004
   1.28445747800587       1.217320360466595E-004
   1.30205278592375       1.256394179110398E-004
   1.31964809384164       1.197190529324501E-004
   1.33724340175953       1.236677712135110E-004
   1.35483870967742       1.181165336937039E-004
   1.37243401759531       1.221775248348701E-004
   1.39002932551320       1.170199079517742E-004
   1.40762463343109       1.211819272086244E-004
   1.42521994134897       1.163233918651546E-004
   1.44281524926686       1.204569709799711E-004
   1.46041055718475       1.157907033887516E-004
   1.47800586510264       1.198652445053389E-004
   1.49560117302053       1.153915443576145E-004
   1.51319648093842       1.194409025770800E-004
   1.53079178885631       1.152024980447889E-004
   1.54838709677419       1.192934541488876E-004
   1.56598240469208       1.153617990837997E-004
   1.58357771260997       1.195872442913184E-004
   1.60117302052786       1.160611673708121E-004
   1.61876832844575       1.205314595561609E-004
   1.63636363636364       1.174519954925057E-004
   1.65395894428153       1.220919521849204E-004
   1.67155425219941       1.192937153358971E-004
   1.68914956011730       1.239250392060256E-004
   1.70674486803519       1.212183516748947E-004
   1.72434017595308       1.256546900131428E-004
   1.74193548387097       1.228440734806728E-004
   1.75953079178886       1.268930469162040E-004
   1.77712609970675       1.237760404354099E-004
   1.79472140762463       1.272346769180425E-004
   1.81231671554252       1.235910630982710E-004
   1.82991202346041       1.262504939947252E-004
   1.84750733137830       1.219265326122470E-004
   1.86510263929619       1.237202068327503E-004
   1.88269794721408       1.186956067760208E-004
   1.90029325513196       1.196362458540786E-004
   1.91788856304985       1.139437940403682E-004
   1.93548387096774       1.140945992851008E-004
   1.95307917888563       1.078221376267957E-004
   1.97067448680352       1.073110111529591E-004
   1.98826979472141       1.006294240632020E-004
   2.00586510263930       9.971134095094647E-005
   2.02346041055718       9.306674415557694E-005
   2.04105571847507       9.248448516517410E-005
   2.05865102639296       8.675289468155847E-005
   2.07624633431085       8.729015723349382E-005
   2.09384164222874       8.311618969789885E-005
   2.11143695014663       8.532031246490282E-005
   2.12903225806452       8.315638822486957E-005
   2.14662756598241       8.739197558978256E-005
   2.16422287390029       8.750066349155456E-005
   2.18181818181818       9.391494272121025E-005
   2.19941348973607       9.628001404759826E-005
   2.21700879765396       1.045217959029603E-004
   2.23460410557185       1.080849047972089E-004
   2.25219941348974       1.164638077429094E-004
   2.26979472140762       1.194957002049014E-004
   2.28739002932551       1.265417671087439E-004
   2.30498533724340       1.277750003636946E-004
   2.32258064516129       1.323864722778304E-004
   2.34017595307918       1.308648246987753E-004
   2.35777126099707       1.322358756233984E-004
   2.37536656891496       1.273129726735400E-004
   2.39296187683284       1.249927025297964E-004
   2.41055718475073       1.165328026482993E-004
   2.42815249266862       1.111150578836839E-004
   2.44574780058651       1.006303030874956E-004
   2.46334310850440       9.398217832536646E-005
   2.48093841642229       8.312251751477796E-005
   2.49853372434018       7.663982233780561E-005
   2.51612903225806       6.662510723451534E-005
   2.53372434017595       6.138346812772146E-005
   2.55131964809384       5.315342580697617E-005
   2.56891495601173       4.996048706298978E-005
   2.58651026392962       4.417399871610768E-005
   2.60410557184751       4.349761238552070E-005
   2.62170087976540       4.023246274778209E-005
   2.63929618768328       4.152765948385023E-005
   2.65689149560117       3.982758851168035E-005
   2.67448680351906       4.219582460082147E-005
   2.69208211143695       4.133893663664959E-005
   2.70967741935484       4.417362297886123E-005
   2.72727272727273       4.363793409151814E-005
   2.74486803519062       4.649017256927729E-005
   2.76246334310850       4.589080339286159E-005
   2.78005865102639       4.844290572628197E-005
   2.79765395894428       4.753370360935864E-005
   2.81524926686217       4.965076575739949E-005
   2.83284457478006       4.846172638028755E-005
   2.85043988269795       5.028472792451017E-005
   2.86803519061584       4.892512604799779E-005
   2.88563049853372       5.049331653645695E-005
   2.90322580645161       4.895707001361088E-005
   2.92082111436950       5.023772345181629E-005
   2.93841642228739       4.846929537733053E-005
   2.95601173020528       4.939016497664840E-005
   2.97360703812317       4.729921353726012E-005
   2.99120234604106       4.775420024053507E-005
   3.00879765395894       4.521271387680829E-005
   3.02639296187683       4.508455507997674E-005
   3.04398826979472       4.206828111193191E-005
   3.06158357771261       4.146057992748202E-005
   3.07917888563050       3.813753417326703E-005
   3.09677419354839       3.723717844588767E-005
   3.11436950146628       3.380315451329987E-005
   3.13196480938416       3.281576488451682E-005
   3.14956011730205       2.948327116884310E-005
   3.16715542521994       2.863104110802672E-005
   3.18475073313783       2.563101581494327E-005
   3.20234604105572       2.515980783891431E-005
   3.21994134897361       2.273808913770580E-005
   3.23753665689150       2.281340674091301E-005
   3.25513196480938       2.097589923919219E-005
   3.27272727272727       2.149565156080573E-005
   3.29032258064516       2.010625519762537E-005
   3.30791788856305       2.092104401171630E-005
   3.32551319648094       1.981748786205842E-005
   3.34310850439883       2.075534852591004E-005
   3.36070381231672       1.975386061422032E-005
   3.37829912023460       2.062024737804923E-005
   3.39589442815249       1.951102569624150E-005
   3.41348973607038       2.008067206822801E-005
   3.43108504398827       1.866865709928384E-005
   3.44868035190616       1.886740293700254E-005
   3.46627565982405       1.719803534239508E-005
   3.48387096774194       1.712233653129896E-005
   3.50146627565982       1.530621065780445E-005
   3.51906158357771       1.507776483937820E-005
   3.53665689149560       1.324397346659049E-005
   3.55425219941349       1.300029608517041E-005
   3.57184750733138       1.129271880817209E-005
   3.58944281524927       1.118634977282062E-005
   3.60703812316716       9.765885232738574E-006
   3.62463343108504       9.941060227791574E-006
   3.64222873900293       8.860170917153069E-006
   3.65982404692082       9.253532117350758E-006
   3.67741935483871       8.391783031079839E-006
   3.69501466275660       8.874043696160185E-006
   3.71260997067449       8.097399465149036E-006
   3.73020527859238       8.532461628194333E-006
   3.74780058651026       7.701539015812625E-006
   3.76539589442815       7.948544855676823E-006
   3.78299120234604       6.919079925430650E-006
   3.80058651026393       6.831138380521247E-006
   3.81818181818182       5.458913635390285E-006
   3.83577712609971       4.940645708092446E-006
   3.85337243401760       3.219931180005568E-006
   3.87096774193548       2.328184878813085E-006
   3.88856304985337       3.324563400999049E-007
   3.90615835777126      -8.515132740144031E-007
   3.92375366568915      -3.035258359548789E-006
   3.94134897360704      -4.416739624394740E-006
   3.95894428152493      -6.686684119239273E-006
   3.97653958944282      -8.153097391674969E-006
   3.99413489736070      -1.038394612368319E-005
   4.01173020527859      -1.178459296134820E-005
   4.02932551319648      -1.378806992599092E-005
   4.04692082111437      -1.491926577228348E-005
   4.06451612903226      -1.652456911987985E-005
   4.08211143695015      -1.725747061241835E-005
   4.09970674486804      -1.836523426084280E-005
   4.11730205278592      -1.862128980100032E-005
   4.13489736070381      -1.917336414608013E-005
   4.15249266862170      -1.891317005420147E-005
   4.17008797653959      -1.889187934544144E-005
   4.18768328445748      -1.812161483066268E-005
   4.20527859237537      -1.756917709406342E-005
   4.22287390029326      -1.639705941183403E-005
   4.24046920821114      -1.550446367262553E-005
   4.25806451612903      -1.414448422443305E-005
   4.27565982404692      -1.308704950689405E-005
   4.29325513196481      -1.167422537509750E-005
   4.31085043988270      -1.056290183518122E-005
   4.32844574780059      -9.187762652435625E-006
   4.34604105571848      -8.096760531950561E-006
   4.36363636363636      -6.816654625100319E-006
   4.38123167155425      -5.787296546941829E-006
   4.39882697947214      -4.623488855968728E-006
   4.41642228739003      -3.649457841810913E-006
   4.43401759530792      -2.564315244787587E-006
   4.45161290322581      -1.607699078232154E-006
   4.46920821114370      -5.903407687079116E-007
   4.48680351906158       3.359582823894876E-007
   4.50439882697947       1.261271626521811E-006
   4.52199413489736       2.124288740908101E-006
   4.53958944281525       2.919003677092233E-006
   4.55718475073314       3.674090428865964E-006
   4.57478005865103       4.289047792337117E-006
   4.59237536656892       4.880917641199866E-006
   4.60997067448680       5.254934057927102E-006
   4.62756598240469       5.629471363597061E-006
   4.64516129032258       5.750922282319885E-006
   4.66275659824047       5.945845257079596E-006
   4.68035190615836       5.876807615271054E-006
   4.69794721407625       5.959762369010405E-006
   4.71554252199414       5.772400086000344E-006
   4.73313782991202       5.818296311981693E-006
   4.75073313782991       5.591402989341041E-006
   4.76832844574780       5.681856420603605E-006
   4.78592375366569       5.501723500575757E-006
   4.80351906158358       5.728059465152708E-006
   4.82111436950147       5.686655257401823E-006
   4.83870967741935       6.109078975169782E-006
   4.85630498533724       6.210141147904533E-006
   4.87390029325513       6.794182750599148E-006
   4.89149560117302       6.992878845027515E-006
   4.90909090909091       7.688147964840282E-006
   4.92668621700880       7.930770023224227E-006
   4.94428152492669       8.679554411011901E-006
   4.96187683284458       8.905806492360461E-006
   4.97947214076246       9.644003508061518E-006
   4.99706744868035       9.786924682310904E-006
   5.01466275659824       1.044654930474189E-005
   5.03225806451613       1.046885439272986E-005
   5.04985337243402       1.107920994764812E-005
   5.06744868035191       1.106147515634070E-005
   5.08504398826980       1.171479928075617E-005
   5.10263929618768       1.174944714383239E-005
   5.12023460410557       1.253626139403270E-005
   5.13782991202346       1.271241655756155E-005
   5.15542521994135       1.371850542201220E-005
   5.17302052785924       1.411865223645073E-005
   5.19061583577713       1.542031460242770E-005
   5.20821114369502       1.610982061125914E-005
   5.22580645161290       1.772137177600810E-005
   5.24340175953079       1.861050990546279E-005
   5.26099706744868       2.035813057041456E-005
   5.27859237536657       2.126141861382250E-005
   5.29618768328446       2.297430928825453E-005
   5.31378299120235       2.373376500310630E-005
   5.33137829912024       2.526447581237163E-005
   5.34897360703812       2.574419793179924E-005
   5.36656891495601       2.696799856212338E-005
   5.38416422287390       2.705763436404196E-005
   5.40175953079179       2.788242928452895E-005
   5.41935483870968       2.753783498927904E-005
   5.43695014662757       2.802980396948463E-005
   5.45454545454546       2.743050710999186E-005
   5.47214076246334       2.779592752330060E-005
   5.48973607038123       2.712796356292516E-005
   5.50733137829912       2.753444779002712E-005
   5.52492668621701       2.695185036276111E-005
   5.54252199413490       2.754035586397450E-005
   5.56011730205279       2.717242727080951E-005
   5.57771260997067       2.805859810878322E-005
   5.59530791788856       2.800610616423925E-005
   5.61290322580645       2.926262924936122E-005
   5.63049853372434       2.952556483356329E-005
   5.64809384164223       3.105196150569921E-005
   5.66568914956012       3.148353082418009E-005
   5.68328445747801       3.314133227532965E-005
   5.70087976539589       3.361958206915886E-005
   5.71847507331378       3.529711365564823E-005
   5.73607038123167       3.571981648254925E-005
   5.75366568914956       3.732223803175150E-005
   5.77126099706745       3.760278366339630E-005
   5.78885630498534       3.905097303510301E-005
   5.80645161290323       3.912097772576915E-005
   5.82404692082111       4.036641031224207E-005
   5.84164222873900       4.020957633052605E-005
   5.85923753665689       4.125675219586069E-005
   5.87683284457478       4.087896390278999E-005
   5.89442815249267       4.172880684793537E-005
   5.91202346041056       4.112972919215440E-005
   5.92961876832845       4.178078230669037E-005
   5.94721407624634       4.095989710877590E-005
   5.96480938416422       4.141231718457425E-005
   5.98240469208211       4.037262995700486E-005
   6.00000000000000       4.063294655113142E-005
   6.01759530791789       3.939299939923106E-005
   6.03519061583578       3.950780611108786E-005
   6.05278592375367       3.814420638794461E-005
   6.07038123167156       3.819519383591711E-005
   6.08797653958944       3.678189096651220E-005
   6.10557184750733       3.683524906739373E-005
   6.12316715542522       3.543320517325622E-005
   6.14076246334311       3.554424248845297E-005
   6.15835777126100       3.420433759704988E-005
   6.17595307917889       3.441822904611502E-005
   6.19354838709677       3.318030172359146E-005
   6.21114369501466       3.352692480367123E-005
   6.22873900293255       3.239490728398684E-005
   6.24633431085044       3.283643586694328E-005
   6.26392961876833       3.174827384389382E-005
   6.28152492668622       3.222169153272577E-005
   6.29912023460411       3.111986054031666E-005
   6.31671554252199       3.157024767847267E-005
   6.33431085043988       3.040277544318493E-005
   6.35190615835777       3.077971475074578E-005
   6.36950146627566       2.949865533002454E-005
   6.38709677419355       2.975573928818246E-005
   6.40469208211144       2.831789335732363E-005
   6.42228739002933       2.842209987520247E-005
   6.43988269794721       2.682367579236085E-005
   6.45747800586510       2.680184481349331E-005
   6.47507331378299       2.508118965560152E-005
   6.49266862170088       2.496982162572326E-005
   6.51026392961877       2.316242189069742E-005
   6.52785923753666       2.299535792667079E-005
   6.54545454545455       2.113465756927829E-005
   6.56304985337243       2.094408518899501E-005
   6.58064516129032       1.906215371416965E-005
   6.59824046920821       1.887917148253455E-005
   6.61583577712610       1.700613314806074E-005
   6.63343108504399       1.685067162053498E-005
   6.65102639296188       1.498833705018938E-005
   6.66862170087977       1.484823095890670E-005
   6.68621700879765       1.298095098672280E-005
   6.70381231671554       1.283875145947556E-005
   6.72140762463343       1.094833876771510E-005
   6.73900293255132       1.078412671002592E-005
   6.75659824046921       8.849837260129226E-006
   6.77419354838710       8.640916248458281E-006
   6.79178885630499       6.638815844598499E-006
   6.80938416422287       6.358530747571689E-006
   6.82697947214076       4.264339729602564E-006
   6.84457478005865       3.900515456724422E-006
   6.86217008797654       1.718188810060306E-006
   6.87976539589443       1.281695495959310E-006
   6.89736070381232      -9.759207623380225E-007
   6.91495601173021      -1.472123642258856E-006
   6.93255131964809      -3.791287268368425E-006
   6.95014662756598      -4.333819287416826E-006
   6.96774193548387      -6.700705801485943E-006
   6.98533724340176      -7.276366427450257E-006
   7.00293255131965      -9.677603924676473E-006
   7.02052785923754      -1.027432792235191E-005
   7.03812316715543      -1.269939846526255E-005
   7.05571847507331      -1.330937424766713E-005
   7.07331378299120      -1.575098953614703E-005
   7.09090909090909      -1.636762302228494E-005
   7.10850439882698      -1.881904038772597E-005
   7.12609970674487      -1.943648378468701E-005
   7.14369501466276      -2.189196380680957E-005
   7.16129032258065      -2.250563903675884E-005
   7.17888563049853      -2.496106183241675E-005
   7.19648093841642      -2.556851970557780E-005
   7.21407624633431      -2.802287584860166E-005
   7.23167155425220      -2.862507666469665E-005
   7.24926686217009      -3.107739051026278E-005
   7.26686217008798      -3.167041339876792E-005
   7.28445747800587      -3.411420817612792E-005
   7.30205278592375      -3.469131556296744E-005
   7.31964809384164      -3.711921701726901E-005
   7.33724340175953      -3.767358718676325E-005
   7.35483870967742      -4.007871182993728E-005
   7.37243401759531      -4.060458788081166E-005
   7.39002932551320      -4.298182379681260E-005
   7.40762463343109      -4.347648511967971E-005
   7.42521994134897      -4.582498518186064E-005
   7.44281524926686      -4.628695059227383E-005
   7.46041055718475      -4.859940769582256E-005
   7.47800586510264      -4.901695487754127E-005
   7.49560117302053      -5.127908433273963E-005
   7.51319648093842      -5.163737049400084E-005
   7.53079178885631      -5.383341225004067E-005
   7.54838709677419      -5.411705963267937E-005
   7.56598240469208      -5.623162366252376E-005
   7.58357771260997      -5.642671502696870E-005
   7.60117302052786      -5.844767589927122E-005
   7.61876832844575      -5.855019475214657E-005
   7.63636363636364      -6.049306767337331E-005
   7.65395894428153      -6.053938514021482E-005
   7.67155425219941      -6.244400538467155E-005
   7.68914956011730      -6.246884237240181E-005
   7.70674486803519      -6.436467711769271E-005
   7.72434017595308      -6.439391739348036E-005
   7.74193548387097      -6.630286583381384E-005
   7.75953079178886      -6.635535957563303E-005
   7.77712609970675      -6.829234223893141E-005
   7.79472140762463      -6.837954365428151E-005
   7.81231671554252      -7.035016050596766E-005
   7.82991202346041      -7.046805846690771E-005
   7.84750733137830      -7.245700456116067E-005
   7.86510263929619      -7.258682849094207E-005
   7.88269794721408      -7.457641666917370E-005
   7.90029325513197      -7.470214636823432E-005
   7.91788856304985      -7.667630922314395E-005
   7.93548387096774      -7.678219219898039E-005
   7.95307917888563      -7.872444568604012E-005
   7.97067448680352      -7.879378875221238E-005
   7.98826979472141      -8.068622440165497E-005
   8.00586510263930      -8.070020338572818E-005
   8.02346041055718      -8.252246628947851E-005
   8.04105571847507      -8.246265667353804E-005
   8.05865102639296      -8.420037464806551E-005
   8.07624633431085      -8.405619172561228E-005
   8.09384164222874      -8.569965390750951E-005
   8.11143695014663      -8.546233669301586E-005
   8.12903225806452      -8.700286942800988E-005
   8.14662756598241      -8.666453168972936E-005
   8.16422287390029      -8.809439999633079E-005
   8.18181818181818      -8.764842430138153E-005
   8.19941348973607      -8.896198665963696E-005
   8.21700879765396      -8.840808338092979E-005
   8.23460410557185      -8.962107195735020E-005
   8.25219941348974      -8.899580403947198E-005
   8.26979472140763      -9.015136196913709E-005
   8.28739002932551      -8.949444397690978E-005
   8.30498533724340      -9.062743539808824E-005
   8.32258064516129      -8.997003422212224E-005
   8.34017595307918      -9.110727274125899E-005
   8.35777126099707      -9.047227511427646E-005
   8.37536656891496      -9.163144501014816E-005
   8.39296187683285      -9.103095265813086E-005
   8.41055718475073      -9.221450923529767E-005
   8.42815249266862      -9.163450306641572E-005
   8.44574780058651      -9.281240166013859E-005
   8.46334310850440      -9.222217926636671E-005
   8.48093841642229      -9.337130644089337E-005
   8.49853372434018      -9.275381118002429E-005
   8.51612903225807      -9.385985155670889E-005
   8.53372434017595      -9.320300997452576E-005
   8.55131964809384      -9.425467036723439E-005
   8.56891495601173      -9.354789506689466E-005
   8.58651026392962      -9.453392123945802E-005
   8.60410557184751      -9.376461242055744E-005
   8.62170087976540      -9.466733726397852E-005
   8.63929618768329      -9.381159640117622E-005
   8.65689149560117      -9.460570021971594E-005
   8.67448680351906      -9.364351779607866E-005
   8.69208211143695      -9.431360391726823E-005
   8.70967741935484      -9.323308920530447E-005
   8.72727272727273      -9.376952597819629E-005
   8.74486803519062      -9.256345118179757E-005
   8.76246334310851      -9.296060426776728E-005
   8.78005865102639      -9.162533545736344E-005
   8.79765395894428      -9.188097525231545E-005
   8.81524926686217      -9.041721910571748E-005
   8.83284457478006      -9.053964441022833E-005
   8.85043988269795      -8.896780868959384E-005
   8.86803519061584      -8.898402437899616E-005
   8.88563049853373      -8.733216251061184E-005
   8.90322580645161      -8.726943916856106E-005
   8.92082111436950      -8.556456140469276E-005
   8.93841642228739      -8.544896328632179E-005
   8.95601173020528      -8.371642456329135E-005
   8.97360703812317      -8.357160131007704E-005
   8.99120234604106      -8.183309600259203E-005
   9.00879765395895      -8.167587863810396E-005
   9.02639296187683      -7.993418492464873E-005
   9.04398826979472      -7.974429988726556E-005
   9.06158357771261      -7.796676932236530E-005
   9.07917888563050      -7.771444206641712E-005
   9.09677419354839      -7.587789609987614E-005
   9.11436950146628      -7.554421324322108E-005
   9.13196480938416      -7.363372451419296E-005
   9.14956011730205      -7.320680769117599E-005
   9.16715542521994      -7.121372825809030E-005
   9.18475073313783      -7.068752968459281E-005
   9.20234604105572      -6.860877244760615E-005
   9.21994134897361      -6.798177720432790E-005
   9.23753665689150      -6.581413615141812E-005
   9.25513196480938      -6.507848492795007E-005
   9.27272727272727      -6.281274565066050E-005
   9.29032258064516      -6.196063918762638E-005
   9.30791788856305      -5.959142616010713E-005
   9.32551319648094      -5.861960628799829E-005
   9.34310850439883      -5.614630624751290E-005
   9.36070381231672      -5.505656468636011E-005
   9.37829912023460      -5.248402962454897E-005
   9.39589442815249      -5.128430560817436E-005
   9.41348973607038      -4.862475565124996E-005
   9.43108504398827      -4.732916375628616E-005
   9.44868035190616      -4.459265203160106E-005
   9.46627565982405      -4.320466329115257E-005
   9.48387096774194      -4.039230039409013E-005
   9.50146627565982      -3.891317228949037E-005
   9.51906158357771      -3.602753256599568E-005
   9.53665689149560      -3.446131646129761E-005
   9.55425219941349      -3.150873257124938E-005
   9.57184750733138      -2.986429127661186E-005
   9.58944281524927      -2.685725915219318E-005
   9.60703812316716      -2.515227293084517E-005
   9.62463343108504      -2.211683324336170E-005
   9.64222873900293      -2.038249964278057E-005
   9.65982404692082      -1.734594502557690E-005
   9.67741935483871      -1.560173918318057E-005
   9.69501466275660      -1.257928499645246E-005
   9.71260997067449      -1.083816223462096E-005
   9.73020527859238      -7.841616415370553E-006
   9.74780058651026      -6.114557085981534E-006
   9.76539589442815      -3.154743266425710E-006
   9.78299120234604      -1.452520973104145E-006
   9.80058651026393       1.459215658392743E-006
   9.81818181818182       3.125991968703855E-006
   9.83577712609971       5.986524585883939E-006
   9.85337243401760       7.628449180326548E-006
   9.87096774193548       1.045636389477930E-005
   9.88856304985337       1.209284373410830E-005
   9.90615835777126       1.490626599620934E-005
   9.92375366568915       1.655390216719976E-005
   9.94134897360704       1.936715803570914E-005
   9.95894428152493       2.103757037963636E-005
   9.97653958944282       2.385834594614011E-005
   9.99413489736071       2.555395355361535E-005
   10.0117302052786       2.837443742847080E-005
   10.0293255131965       3.006715654547718E-005
   10.0469208211144       3.284046223484983E-005
   10.0645161290323       3.448397213977456E-005
   10.0821114369501       3.717517767095574E-005
   10.0997067448680       3.874346270927974E-005
   10.1173020527859       4.133221718255352E-005
   10.1348973607038       4.280944821276911E-005
   10.1524926686217       4.528343992689406E-005
   10.1700879765396       4.666033275845631E-005
   10.1876832844575       4.901264747847276E-005
   10.2052785923754       5.028412842097829E-005
   10.2228739002933       5.250970333225753E-005
   10.2404692082111       5.366874012311455E-005
   10.2580645161290       5.575954523825002E-005
   10.2756598240469       5.680022559537733E-005
   10.2932551319648       5.875322081004026E-005
   10.3108504398827       5.967496768310020E-005
   10.3284457478006       6.149167309120113E-005
   10.3460410557185       6.229793248123848E-005
   10.3636363636364       6.398344869548043E-005
   10.3812316715543       6.468077662288261E-005
   10.3988269794721       6.624270084600247E-005
   10.4164222873900       6.683826040564820E-005
   10.4340175953079       6.827895793986572E-005
   10.4516129032258       6.876897346528764E-005
   10.4692082111437       7.008378356547264E-005
   10.4868035190616       7.046671769886969E-005
   10.5043988269795       7.165733693639959E-005
   10.5219941348974       7.193781737678343E-005
   10.5395894428153       7.301169507051538E-005
   10.5571847507331       7.319998688539619E-005
   10.5747800586510       7.417032138301479E-005
   10.5923753665689       7.428277233645165E-005
   10.6099706744868       7.516969195916931E-005
   10.6275659824047       7.522805596774806E-005
   10.6451612903226       7.604798222933416E-005
   10.6627565982405       7.606023371459842E-005
   10.6803519061584       7.681723378746663E-005
   10.6979472140762       7.678732113031903E-005
   10.7155425219941       7.748611190593334E-005
   10.7331378299120       7.741975638626158E-005
   10.7507331378299       7.806736368641612E-005
   10.7683284457478       7.797299761764101E-005
   10.7859237536657       7.857953410413753E-005
   10.8035190615836       7.846910841852634E-005
   10.8211143695015       7.904645479910291E-005
   10.8387096774194       7.892386298246609E-005
   10.8563049853372       7.946344329052813E-005
   10.8739002932551       7.931409984061221E-005
   10.8914956011730       7.980199795451406E-005
   10.9090909090909       7.961371557839123E-005
   10.9266862170088       8.003990777465040E-005
   10.9442815249267       7.980501752064139E-005
   10.9618768328446       8.016471832211190E-005
   10.9794721407625       7.988175697320890E-005
   10.9970674486804       8.017790934182825E-005
   11.0146627565982       7.985616834556638E-005
   11.0322580645161       8.010373577054300E-005
   11.0498533724340       7.975478188705029E-005
   11.0674486803519       7.995612679844572E-005
   11.0850439882698       7.957633537489406E-005
   11.1026392961877       7.972600339863862E-005
   11.1202346041056       7.930932677684217E-005
   11.1378299120235       7.940173893967102E-005
   11.1554252199413       7.894354324152722E-005
   11.1730205278592       7.897604267634162E-005
   11.1906158357771       7.847640459485691E-005
   11.2082111436950       7.845445342918777E-005
   11.2258064516129       7.792924053104420E-005
   11.2434017595308       7.787951974707866E-005
   11.2609970674487       7.735565909881292E-005
   11.2785923753666       7.729826044122632E-005
   11.2961876832845       7.679028227316207E-005
   11.3137829912023       7.673683216166990E-005
   11.3313782991202       7.625414168535089E-005
   11.3489736070381       7.621286824889082E-005
   11.3665689149560       7.576279480101339E-005
   11.3841642228739       7.574108618143125E-005
   11.4017595307918       7.533168698505710E-005
   11.4193548387097       7.534055412496405E-005
   11.4369501466276       7.498618406666850E-005
   11.4545454545455       7.503935768481242E-005
   11.4721407624633       7.474868445806592E-005
   11.4897360703812       7.485090357381705E-005
   11.5073313782991       7.462599438745150E-005
   11.5249266862170       7.477771020958865E-005
   11.5425219941349       7.461750885668237E-005
   11.5601173020528       7.481689921162043E-005
   11.5777126099707       7.471882342017666E-005
   11.5953079178886       7.496338283998653E-005
   11.6129032258065       7.492564573044277E-005
   11.6304985337243       7.521663900133873E-005
   11.6480938416422       7.524279293595202E-005
   11.6656891495601       7.558323127099065E-005
   11.6832844574780       7.567376255841854E-005
   11.7008797653959       7.606272569605786E-005
   11.7184750733138       7.621556641674207E-005
   11.7360703812317       7.665076411586506E-005
   11.7536656891496       7.686342764354471E-005
   11.7712609970675       7.734325807875320E-005
   11.7888563049853       7.761542300657495E-005
   11.8064516129032       7.814352795087346E-005
   11.8240469208211       7.849075576727388E-005
   11.8416422287390       7.910380236720945E-005
   11.8592375366569       7.957461521887813E-005
   11.8768328445748       8.031726716910730E-005
   11.8944281524927       8.094814682631459E-005
   11.9120234604106       8.185136636849610E-005
   11.9296187683284       8.266807904066068E-005
   11.9472140762463       8.375346170870737E-005
   11.9648093841642       8.477307942196978E-005
   11.9824046920821       8.605369253159645E-005
   12.0000000000000       8.728432582628156E-005
   12.0175953079179       8.876205996126131E-005
   12.0351906158358       9.019627397517333E-005
   12.0527859237537       9.185773486389238E-005
   12.0703812316716       9.348167916363803E-005
   12.0879765395894       9.531472976938956E-005
   12.1055718475073       9.711632065660933E-005
   12.1231671554252       9.910905696423109E-005
   12.1407624633431       1.010757895768575E-004
   12.1583577712610       1.032157379179583E-004
   12.1759530791789       1.053347258650165E-004
   12.1935483870968       1.076096207636657E-004
   12.2111436950147       1.098704500887032E-004
   12.2287390029326       1.122811077673851E-004
   12.2463343108504       1.147026391552912E-004
   12.2639296187683       1.172780929393473E-004
   12.2815249266862       1.198864059152156E-004
   12.2991202346041       1.226476916842467E-004
   12.3167155425220       1.254589927109529E-004
   12.3343108504399       1.284184625553468E-004
   12.3519061583578       1.314406260951829E-004
   12.3695014662757       1.346022987921083E-004
   12.3870967741935       1.378345065509714E-004
   12.4046920821114       1.411927438482431E-004
   12.4222873900293       1.446251221798215E-004
   12.4398826979472       1.481750425608150E-004
   12.4574780058651       1.518142137159293E-004
   12.4750733137830       1.555698117844491E-004
   12.4926686217009       1.594292482753346E-004
   12.5102639296188       1.634023031659895E-004
   12.5278592375367       1.674906697248817E-004
   12.5454545454545       1.716869341779652E-004
   12.5630498533724       1.760057088318628E-004
   12.5806451612903       1.804224032571466E-004
   12.5982404692082       1.849625698551425E-004
   12.6158357771261       1.895836732443988E-004
   12.6334310850440       1.943275745642812E-004
   12.6510263929619       1.991489603899415E-004
   12.6686217008798       2.041070752393756E-004
   12.6862170087977       2.091448440745479E-004
   12.7038123167155       2.143324107547472E-004
   12.7214076246334       2.196000645081260E-004
   12.7390029325513       2.250266390563962E-004
   12.7565982404692       2.305293756731799E-004
   12.7741935483871       2.361931175745943E-004
   12.7917888563050       2.419205274455646E-004
   12.8093841642229       2.477949531750519E-004
   12.8269794721408       2.536922341118168E-004
   12.8445747800587       2.596965292222490E-004
   12.8621700879765       2.656859495565502E-004
   12.8797653958944       2.717605998285198E-004
   12.8973607038123       2.777962316756053E-004
   12.9149560117302       2.839019115539121E-004
   12.9325513196481       2.899494097458677E-004
   12.9501466275660       2.960536804910480E-004
   12.9677419354839       3.020816552500310E-004
   12.9853372434018       3.081509247328579E-004
   13.0029325513196       3.141206522909456E-004
   13.0205278592375       3.200980696885171E-004
   13.0381231671554       3.259223529187706E-004
   13.0557184750733       3.317039184501140E-004
   13.0733137829912       3.372910197329905E-004
   13.0909090909091       3.428017565425377E-004
   13.1085043988270       3.480891097646064E-004
   13.1260997067449       3.532752593366565E-004
   13.1436950146628       3.582173083398074E-004
   13.1612903225806       3.630393234264598E-004
   13.1788856304985       3.676025073684060E-004
   13.1964809384164       3.720305230636361E-004
   13.2140762463343       3.761861754786813E-004
   13.2316715542522       3.801806488965292E-004
   13.2492668621701       3.838745217288219E-004
   13.2668621700880       3.873783210070198E-004
   13.2844574780059       3.905631963918941E-004
   13.3020527859238       3.935387384781627E-004
   13.3196480938416       3.961867456566500E-004
   13.3372434017595       3.986143666161413E-004
   13.3548387096774       4.007152411369775E-004
   13.3724340175953       4.025932202277262E-004
   13.3900293255132       4.041557303520774E-004
   13.4076246334311       4.055042715112123E-004
   13.4252199413490       4.065616296564665E-004
   13.4428152492669       4.074150710623935E-004
   13.4604105571848       4.079915024458357E-004
   13.4780058651026       4.083650452575151E-004
   13.4956011730205       4.084761362596819E-004
   13.5131964809384       4.083877047809641E-004
   13.5307917888563       4.080563711688529E-004
   13.5483870967742       4.075338169874256E-004
   13.5659824046921       4.067954042294284E-004
   13.5835777126100       4.058819775807305E-004
   13.6011730205279       4.047919970739610E-004
   13.6187683284457       4.035586990229821E-004
   13.6363636363636       4.021965283430908E-004
   13.6539589442815       4.007046112877034E-004
   13.6715542521994       3.991073321964909E-004
   13.6891495601173       3.973815702348265E-004
   13.7067448680352       3.955714563876573E-004
   13.7243401759531       3.936331194367766E-004
   13.7419354838710       3.916340645183870E-004
   13.7595307917889       3.895100760602003E-004
   13.7771260997067       3.873559486380793E-004
   13.7947214076246       3.850888977715644E-004
   13.8123167155425       3.828408643518769E-004
   13.8299120234604       3.805156910152285E-004
   13.8475073313783       3.782629179582183E-004
   13.8651026392962       3.759414635292575E-004
   13.8826979472141       3.737190563841905E-004
   13.9002932551320       3.714204253026513E-004
   13.9178885630499       3.692389280419017E-004
   13.9354838709677       3.669662110258132E-004
   13.9530791788856       3.648248627875796E-004
   13.9706744868035       3.625736439100209E-004
   13.9882697947214       3.604679827763901E-004
   14.0058651026393       3.582359582876892E-004
   14.0234604105572       3.561775350146123E-004
   14.0410557184751       3.539943107149250E-004
   14.0586510263930       3.520168929917089E-004
   14.0762463343109       3.499006409948148E-004
   14.0938416422287       3.480079103624900E-004
   14.1114369501466       3.459502221442276E-004
   14.1290322580645       3.441249576822954E-004
   14.1466275659824       3.420989664883173E-004
   14.1642228739003       3.403068384578600E-004
   14.1818181818182       3.382690559038278E-004
   14.1994134897361       3.364588343211270E-004
   14.2170087976540       3.343505678086132E-004
   14.2346041055718       3.324774071704667E-004
   14.2521994134897       3.302881114424357E-004
   14.2697947214076       3.283672008813968E-004
   14.2873900293255       3.261142321954566E-004
   14.3049853372434       3.241603662264743E-004
   14.3225806451613       3.218530179883961E-004
   14.3401759530792       3.198711027304140E-004
   14.3577712609971       3.175070921087049E-004
   14.3753665689150       3.154883714861602E-004
   14.3929618768328       3.130486522182450E-004
   14.4105571847507       3.109611168345744E-004
   14.4281524926686       3.083987595033255E-004
   14.4457478005865       3.062030623309703E-004
   14.4633431085044       3.035039221270034E-004
   14.4809384164223       3.012076149475236E-004
   14.4985337243402       2.983866791466099E-004
   14.5161290322581       2.960099098032078E-004
   14.5337243401760       2.930885203803628E-004
   14.5513196480938       2.906546638509500E-004
   14.5689149560117       2.876548601528612E-004
   14.5865102639296       2.851855745638200E-004
   14.6041055718475       2.821241264479974E-004
   14.6217008797654       2.796285019287328E-004
   14.6392961876833       2.765025854428595E-004
   14.6568914956012       2.739782492486630E-004
   14.6744868035191       2.707932626309423E-004
   14.6920821114370       2.682546240073061E-004
   14.7096774193548       2.650283820117241E-004
   14.7272727272727       2.624977844797660E-004
   14.7448680351906       2.592536651495537E-004
   14.7624633431085       2.567572334855818E-004
   14.7800586510264       2.535205553738970E-004
   14.7976539589443       2.510839663219212E-004
   14.8152492668622       2.478731619614020E-004
   14.8328445747801       2.454981091500652E-004
   14.8504398826979       2.422945086219637E-004
   14.8680351906158       2.399625440602314E-004
   14.8856304985337       2.367564579530533E-004
   14.9032258064516       2.344686447068292E-004
   14.9208211143695       2.312676100964841E-004
   14.9384164222874       2.290402888654058E-004
   14.9560117302053       2.258665109990091E-004
   14.9736070381232       2.237309223642574E-004
   14.9912023460411       2.206223663775064E-004
   15.0087976539589       2.186285652717250E-004
   15.0263929618768       2.156607048615269E-004
   15.0439882697947       2.139357375066726E-004
   15.0615835777126       2.112768120028884E-004
   15.0791788856305       2.100058505606713E-004
   15.0967741935484       2.078447506981236E-004
   15.1143695014663       2.072262230666917E-004
   15.1319648093842       2.057702008680828E-004
   15.1495601173021       2.060269015650285E-004
   15.1671554252199       2.055155422522973E-004
   15.1847507331378       2.069150598868660E-004
   15.2023460410557       2.076572947366618E-004
   15.2199413489736       2.105720062416968E-004
   15.2375366568915       2.129219945616664E-004
   15.2551319648094       2.175298353334560E-004
   15.2727272727273       2.214619936384774E-004
   15.2903225806452       2.276278552881470E-004
   15.3079178885631       2.329368890073934E-004
   15.3255131964809       2.403988667213753E-004
   15.3431085043988       2.467655780286913E-004
   15.3607038123167       2.551497428580551E-004
   15.3782991202346       2.621347944785002E-004
   15.3958944281525       2.709268591144316E-004
   15.4134897360704       2.778985775017471E-004
   15.4310850439883       2.863675436628764E-004
   15.4486803519062       2.926685509959350E-004
   15.4662756598240       3.003697184500243E-004
   15.4838709677419       3.057048479680974E-004
   15.5014662756598       3.124161801870309E-004
   15.5190615835777       3.166048834822551E-004
   15.5366568914956       3.221801720409530E-004
   15.5542521994135       3.250982252059440E-004
   15.5718475073314       3.294340521782858E-004
   15.5894428152493       3.309885737550971E-004
   15.6070381231672       3.339997386381771E-004
   15.6246334310850       3.341327743039855E-004
   15.6422287390029       3.358846958573136E-004
   15.6598240469208       3.348274376340543E-004
   15.6774193548387       3.356574267307177E-004
   15.6950146627566       3.337867244469164E-004
   15.7126099706745       3.341058393287776E-004
   15.7302052785924       3.318593454479586E-004
   15.7478005865103       3.321372601705003E-004
   15.7653958944282       3.300119523530282E-004
   15.7829912023460       3.307821832174341E-004
   15.8005865102639       3.293493801635582E-004
   15.8181818181818       3.312113481358691E-004
   15.8357771260997       3.309328153544965E-004
   15.8533724340176       3.340388103962405E-004
   15.8709677419355       3.348346743829370E-004
   15.8885630498534       3.390477069287493E-004
   15.9061583577713       3.407664518560354E-004
   15.9237536656892       3.459357460256655E-004
   15.9413489736070       3.484255194545880E-004
   15.9589442815249       3.544096654315233E-004
   15.9765395894428       3.575368555234106E-004
   15.9941348973607       3.642237964133746E-004
   16.0117302052786       3.679044673644204E-004
   16.0293255131965       3.752575562217433E-004
   16.0469208211144       3.794576675409479E-004
   16.0645161290323       3.874026722572541E-004
   16.0821114369501       3.919988265517174E-004
   16.0997067448680       4.003952341368931E-004
   16.1173020527859       4.052322565167559E-004
   16.1348973607038       4.139256605069648E-004
   16.1524926686217       4.188458048947526E-004
   16.1700879765396       4.276910961870416E-004
   16.1876832844575       4.325600717551878E-004
   16.2052785923754       4.414629198102969E-004
   16.2228739002933       4.462698136778806E-004
   16.2404692082111       4.553486631966998E-004
   16.2580645161290       4.602434699611910E-004
   16.2756598240469       4.695848094780725E-004
   16.2932551319648       4.745721042208014E-004
   16.3108504398827       4.841338583961504E-004
   16.3284457478006       4.891207487317642E-004
   16.3460410557185       4.987769523930403E-004
   16.3636363636364       5.035930917911502E-004
   16.3812316715543       5.131430123459058E-004
   16.3988269794721       5.175411144452720E-004
   16.4164222873900       5.267133551538701E-004
   16.4340175953079       5.304739283803996E-004
   16.4516129032258       5.392278266560361E-004
   16.4692082111437       5.424282592353085E-004
   16.4868035190616       5.508691573642173E-004
   16.5043988269795       5.535903917479681E-004
   16.5219941348974       5.617864569256658E-004
   16.5395894428153       5.640607340530241E-004
   16.5571847507331       5.720216307398206E-004
   16.5747800586510       5.738084110555665E-004
   16.5923753665689       5.814513351816897E-004
   16.6099706744868       5.825677264666946E-004
   16.6275659824047       5.895410121078604E-004
   16.6451612903226       5.894386667182248E-004
   16.6627565982405       5.951844424872028E-004
   16.6803519061584       5.933916698472116E-004
   16.6979472140762       5.975361545593973E-004
   16.7155425219941       5.937252413873661E-004
   16.7331378299120       5.960069913039779E-004
   16.7507331378299       5.899554691203858E-004
   16.7683284457478       5.902276476711956E-004
   16.7859237536657       5.818535625278282E-004
   16.8035190615836       5.801859241660449E-004
   16.8211143695015       5.700113390372755E-004
   16.8387096774194       5.680319303914894E-004
   16.8563049853372       5.586476221730196E-004
   16.8739002932551       5.590520998116431E-004
   16.8914956011730       5.527850254652115E-004
   16.9090909090909       5.575973939795136E-004
   16.9266862170088       5.561294936182692E-004
   16.9442815249267       5.667004861544977E-004
   16.9618768328446       5.709422070210616E-004
   16.9794721407625       5.876574392376386E-004
   16.9970674486804       5.971819582043810E-004
   17.0146627565982       6.179771056550056E-004
   17.0322580645161       6.272976955609634E-004
   17.0498533724340       6.439456608347962E-004
   17.0674486803519       6.453372913776040E-004
   17.0850439882698       6.522232902044399E-004
   17.1026392961877       6.417226613608963E-004
   17.1202346041056       6.363100893796301E-004
   17.1378299120235       6.126782841209739E-004
   17.1554252199413       5.951731740771096E-004
   17.1730205278592       5.601876920978300E-004
   17.1906158357771       5.344260618689112E-004
   17.2082111436950       4.951296670369117E-004
   17.2258064516129       4.737176026327560E-004
   17.2434017595308       4.465538666010052E-004
   17.2609970674487       4.434142657991513E-004
   17.2785923753666       4.365680389926713E-004
   17.2961876832845       4.559060933938587E-004
   17.3137829912023       4.707158378635032E-004
   17.3313782991202       5.114913649285904E-004
   17.3489736070381       5.444657681208389E-004
   17.3665689149560       6.007941142611899E-004
   17.3841642228739       6.430674344191187E-004
   17.4017595307918       7.023015304038070E-004
   17.4193548387097       7.351296711157960E-004
   17.4369501466276       7.745474619521572E-004
   17.4545454545455       7.800372567874631E-004
   17.4721407624633       7.915743475182657E-004
   17.4897360703812       7.678463902581102E-004
   17.5073313782991       7.534997692400301E-004
   17.5249266862170       7.052849024717203E-004
   17.5425219941349       6.726167870383955E-004
   17.5601173020528       6.097807312370735E-004
   17.5777126099707       5.716709623643814E-004
   17.5953079178886       5.100054429947092E-004
   17.6129032258065       4.871946226499441E-004
   17.6304985337243       4.498085182943980E-004
   17.6480938416422       4.596251533373928E-004
   17.6656891495601       4.519830218670971E-004
   17.6832844574780       4.932214487378456E-004
   17.7008797653959       5.102528861829573E-004
   17.7184750733138       5.765501591520743E-004
   17.7360703812317       6.093128030699147E-004
   17.7536656891496       6.913702587903858E-004
   17.7712609970675       7.279000469686934E-004
   17.7888563049853       8.139173171856674E-004
   17.8064516129032       8.387119844693265E-004
   17.8240469208211       9.149955114371575E-004
   17.8416422287390       9.163546669663230E-004
   17.8592375366569       9.844413720645137E-004
   17.8768328445748       9.652171387950443E-004
   17.8944281524927       1.038144392753734E-003
   17.9120234604106       1.004168660110261E-003
   17.9296187683284       1.106969008863562E-003
   17.9472140762463       1.066101502013486E-003
   17.9648093841642       1.262872018119095E-003
   17.9824046920821       1.226698346981191E-003
   18.0000000000000       1.920365067266349E-003
