  0.000000000000000E+000 -1.373197976685394E-003
  1.759530791788856E-002 -7.386673797703254E-004
  3.519061583577713E-002 -7.637985898024647E-004
  5.278592375366570E-002 -5.643710625056598E-004
  7.038123167155426E-002 -5.846889641166766E-004
  8.797653958944282E-002 -4.701184908623020E-004
  0.105571847507331      -4.874155411795513E-004
  0.123167155425220      -4.083175335806353E-004
  0.140762463343109      -4.234502041467409E-004
  0.158357771260997      -3.636031353055778E-004
  0.175953079178886      -3.770805822213688E-004
  0.193548387096774      -3.292237948776245E-004
  0.211143695014663      -3.413839934044711E-004
  0.228739002932551      -3.016703809567347E-004
  0.246334310850440      -3.127583860466687E-004
  0.263929618768328      -2.789224284434889E-004
  0.281524926686217      -2.891252993188576E-004
  0.299120234604106      -2.597271624986351E-004
  0.316715542521994      -2.691910827978586E-004
  0.334310850439883      -2.432638148739074E-004
  0.351906158357771      -2.521070465666001E-004
  0.369501466275660      -2.289741714647472E-004
  0.387096774193548      -2.372959413270351E-004
  0.404692082111437      -2.164705191701890E-004
  0.422287390029326      -2.243597822746512E-004
  0.439882697947214      -2.054869238885170E-004
  0.457478005865103      -2.130225914802687E-004
  0.475073313782991      -1.958295800446587E-004
  0.492668621700880      -2.030743990960267E-004
  0.510263929618768      -1.873466563898100E-004
  0.527859237536657      -1.943532376342438E-004
  0.545454545454546      -1.799202969572551E-004
  0.563049853372434      -1.867341598716984E-004
  0.580645161290323      -1.734597080514969E-004
  0.598240469208211      -1.801224223058521E-004
  0.615835777126100      -1.679012669450355E-004
  0.633431085043988      -1.744661591846567E-004
  0.651026392961877      -1.632378710169882E-004
  0.668621700879765      -1.697684242898390E-004
  0.686217008797654      -1.594832171306060E-004
  0.703812316715543      -1.660273954900547E-004
  0.721407624633431      -1.566362846075700E-004
  0.739002932551320      -1.632280126949175E-004
  0.756598240469208      -1.546799443289652E-004
  0.774193548387097      -1.613368130331737E-004
  0.791788856304985      -1.535714121485288E-004
  0.809384164222874      -1.602823776526182E-004
  0.826979472140763      -1.531949919867914E-004
  0.844574780058651      -1.598774586774100E-004
  0.862170087976540      -1.533298812534058E-004
  0.879765395894428      -1.599170135743166E-004
  0.897360703812317      -1.538143628998336E-004
  0.914956011730205      -1.602681675522291E-004
  0.932551319648094      -1.545418894102730E-004
  0.950146627565982      -1.608427380733650E-004
  0.967741935483871      -1.554458820470478E-004
  0.985337243401760      -1.615916574533472E-004
   1.00293255131965      -1.565008957931662E-004
   1.02052785923754      -1.625079646953789E-004
   1.03812316715543      -1.576901438519727E-004
   1.05571847507331      -1.635041793134038E-004
   1.07331378299120      -1.588430671591993E-004
   1.09090909090909      -1.643642506355762E-004
   1.10850439882698      -1.597345244045495E-004
   1.12609970674487      -1.648609740452251E-004
   1.14369501466276      -1.601408444983618E-004
   1.16129032258065      -1.647749823010754E-004
   1.17888563049853      -1.598523166858458E-004
   1.19648093841642      -1.639094543341278E-004
   1.21407624633431      -1.587044929155094E-004
   1.23167155425220      -1.622028392856956E-004
   1.24926686217009      -1.568341090524057E-004
   1.26686217008798      -1.599641737883093E-004
   1.28445747800587      -1.545970564420377E-004
   1.30205278592375      -1.575191068349512E-004
   1.31964809384164      -1.522840083702430E-004
   1.33724340175953      -1.551271916226381E-004
   1.35483870967742      -1.501253161999535E-004
   1.37243401759531      -1.529867183154592E-004
   1.39002932551320      -1.482833156309176E-004
   1.40762463343109      -1.512092508407901E-004
   1.42521994134897      -1.467822234051233E-004
   1.44281524926686      -1.497010535132939E-004
   1.46041055718475      -1.454625657060395E-004
   1.47800586510264      -1.483338471544082E-004
   1.49560117302053      -1.442661102013351E-004
   1.51319648093842      -1.471023120561122E-004
   1.53079178885631      -1.432263751800237E-004
   1.54838709677419      -1.460730120696230E-004
   1.56598240469208      -1.424417955355430E-004
   1.58357771260997      -1.453770067526444E-004
   1.60117302052786      -1.420824566582246E-004
   1.61876832844575      -1.452300497531059E-004
   1.63636363636364      -1.423730872170160E-004
   1.65395894428153      -1.457588432296833E-004
   1.67155425219941      -1.432780846643104E-004
   1.68914956011730      -1.468120291143733E-004
   1.70674486803519      -1.445943467281825E-004
   1.72434017595308      -1.481567349767304E-004
   1.74193548387097      -1.460651200270007E-004
   1.75953079178886      -1.495138699637726E-004
   1.77712609970675      -1.473886503525605E-004
   1.79472140762463      -1.505552851403511E-004
   1.81231671554252      -1.482003878832762E-004
   1.82991202346041      -1.508742730268536E-004
   1.84750733137830      -1.480931836268890E-004
   1.86510263929619      -1.501346493922761E-004
   1.88269794721408      -1.468236574384636E-004
   1.90029325513196      -1.481559773105982E-004
   1.91788856304985      -1.442506540373838E-004
   1.93548387096774      -1.448295149376875E-004
   1.95307917888563      -1.402973166040003E-004
   1.97067448680352      -1.401125541324890E-004
   1.98826979472141      -1.349617094582602E-004
   2.00586510263930      -1.340616893998655E-004
   2.02346041055718      -1.284559590573250E-004
   2.04105571847507      -1.272579516649395E-004
   2.05865102639296      -1.218212518518144E-004
   2.07624633431085      -1.209818191886050E-004
   2.09384164222874      -1.163200040152115E-004
   2.11143695014663      -1.164108180783572E-004
   2.12903225806452      -1.130587540956981E-004
   2.14662756598241      -1.145852445363966E-004
   2.16422287390029      -1.130102336296285E-004
   2.18181818181818      -1.164014735915858E-004
   2.19941348973607      -1.169742255035589E-004
   2.21700879765396      -1.224499214026648E-004
   2.23460410557185      -1.248993371945070E-004
   2.25219941348974      -1.315467039302354E-004
   2.26979472140762      -1.346778987150666E-004
   2.28739002932551      -1.413431913512064E-004
   2.30498533724340      -1.440682085212604E-004
   2.32258064516129      -1.497202778935982E-004
   2.34017595307918      -1.510545120524052E-004
   2.35777126099707      -1.547601965271272E-004
   2.37536656891496      -1.538215641726224E-004
   2.39296187683284      -1.547649919815445E-004
   2.41055718475073      -1.508515909040297E-004
   2.42815249266862      -1.487655956015907E-004
   2.44574780058651      -1.423922291564301E-004
   2.46334310850440      -1.383428611580603E-004
   2.48093841642229      -1.306383841467552E-004
   2.49853372434018      -1.256743995571862E-004
   2.51612903225806      -1.176270888456455E-004
   2.53372434017595      -1.126894171957230E-004
   2.55131964809384      -1.051926325051666E-004
   2.56891495601173      -1.011306241909437E-004
   2.58651026392962      -9.498088982085601E-005
   2.60410557184751      -9.252478721795296E-005
   2.62170087976540      -8.825126902953295E-005
   2.63929618768328      -8.746669781143650E-005
   2.65689149560117      -8.467011697300924E-005
   2.67448680351906      -8.503164094629043E-005
   2.69208211143695      -8.323731802339056E-005
   2.70967741935484      -8.431589195462131E-005
   2.72727272727273      -8.312737632686358E-005
   2.74486803519062      -8.455761894089716E-005
   2.76246334310850      -8.363587141123891E-005
   2.78005865102639      -8.510962894824186E-005
   2.79765395894428      -8.417917222376987E-005
   2.81524926686217      -8.548229148611875E-005
   2.83284457478006      -8.445101508470109E-005
   2.85043988269795      -8.561805675927429E-005
   2.86803519061584      -8.454492638747153E-005
   2.88563049853372      -8.560179798736505E-005
   2.90322580645161      -8.448174371451527E-005
   2.92082111436950      -8.540375125274835E-005
   2.93841642228739      -8.419276587145127E-005
   2.95601173020528      -8.492041657761718E-005
   2.97360703812317      -8.354001975511245E-005
   2.99120234604106      -8.397598479766493E-005
   3.00879765395894      -8.229834129405000E-005
   3.02639296187683      -8.229434263712924E-005
   3.04398826979472      -8.021070474796839E-005
   3.06158357771261      -7.975320021670742E-005
   3.07917888563050      -7.731872597665343E-005
   3.09677419354839      -7.649531066333791E-005
   3.11436950146628      -7.381658610372008E-005
   3.13196480938416      -7.275258784859300E-005
   3.14956011730205      -6.997033639544525E-005
   3.16715542521994      -6.882498039231544E-005
   3.18475073313783      -6.611715010863097E-005
   3.20234604105572      -6.509652799928121E-005
   3.21994134897361      -6.269925257165102E-005
   3.23753665689150      -6.202121524876819E-005
   3.25513196480938      -6.004892221820248E-005
   3.27272727272727      -5.972845281212237E-005
   3.29032258064516      -5.814836731230464E-005
   3.30791788856305      -5.812893472080709E-005
   3.32551319648094      -5.686345407098701E-005
   3.34310850439883      -5.705058904747987E-005
   3.36070381231672      -5.598646049768549E-005
   3.37829912023460      -5.624863922580639E-005
   3.39589442815249      -5.523014329141936E-005
   3.41348973607038      -5.537957848549942E-005
   3.43108504398827      -5.420508811499620E-005
   3.44868035190616      -5.410308929439709E-005
   3.46627565982405      -5.272869766261620E-005
   3.48387096774194      -5.238956546550935E-005
   3.50146627565982      -5.085427785378843E-005
   3.51906158357771      -5.033586540555266E-005
   3.53665689149560      -4.871180434809384E-005
   3.55425219941349      -4.810136152715679E-005
   3.57184750733138      -4.648937211350735E-005
   3.58944281524927      -4.590490958017118E-005
   3.60703812316716      -4.444439033544112E-005
   3.62463343108504      -4.404019565837696E-005
   3.64222873900293      -4.284304420668860E-005
   3.65982404692082      -4.264395503871566E-005
   3.67741935483871      -4.167174744252575E-005
   3.69501466275660      -4.161651710677554E-005
   3.71260997067449      -4.079366221938263E-005
   3.73020527859238      -4.079654657605104E-005
   3.74780058651026      -4.002666038241736E-005
   3.76539589442815      -3.998244839577702E-005
   3.78299120234604      -3.914896039794945E-005
   3.80058651026393      -3.892864966757543E-005
   3.81818181818182      -3.788684144787345E-005
   3.83577712609971      -3.735907459711118E-005
   3.85337243401760      -3.603531872147515E-005
   3.87096774193548      -3.518416201196430E-005
   3.88856304985337      -3.358681811171994E-005
   3.90615835777126      -3.243343867674066E-005
   3.92375366568915      -3.059238797751925E-005
   3.94134897360704      -2.917599824739383E-005
   3.95894428152493      -2.713826229458426E-005
   3.97653958944282      -2.551618074627009E-005
   3.99413489736070      -2.334997260348064E-005
   4.01173020527859      -2.161086314930136E-005
   4.02932551319648      -1.944121367282165E-005
   4.04692082111437      -1.774335843258017E-005
   4.06451612903226      -1.572503963244159E-005
   4.08211143695015      -1.420162755721836E-005
   4.09970674486804      -1.244947189381690E-005
   4.11730205278592      -1.120333081306352E-005
   4.13489736070381      -9.808174168587382E-006
   4.15249266862170      -8.919926850291443E-006
   4.17008797653959      -7.950118575739171E-006
   4.18768328445748      -7.475430532130629E-006
   4.20527859237537      -6.966768670540184E-006
   4.22287390029326      -6.897788785399831E-006
   4.24046920821114      -6.767148325462935E-006
   4.25806451612903      -6.971353604762302E-006
   4.27565982404692      -7.090316059844004E-006
   4.29325513196481      -7.460222818848946E-006
   4.31085043988270      -7.734361476138031E-006
   4.32844574780059      -8.187321221696284E-006
   4.34604105571848      -8.543147834106181E-006
   4.36363636363636      -9.015902592792815E-006
   4.38123167155425      -9.399760836071868E-006
   4.39882697947214      -9.851674414027804E-006
   4.41642228739003      -1.024262818894759E-005
   4.43401759530792      -1.068333906560248E-005
   4.45161290322581      -1.110569720057356E-005
   4.46920821114370      -1.154861139718958E-005
   4.48680351906158      -1.199852325385853E-005
   4.50439882697947      -1.242986805462264E-005
   4.52199413489736      -1.288519420140126E-005
   4.53958944281525      -1.327680254822972E-005
   4.55718475073314      -1.370241636902922E-005
   4.57478005865103      -1.401307373873248E-005
   4.59237536656892      -1.435937040744698E-005
   4.60997067448680      -1.452877710839290E-005
   4.62756598240469      -1.472831272414118E-005
   4.64516129032258      -1.470963297711645E-005
   4.66275659824047      -1.475332484567792E-005
   4.68035190615836      -1.456431565356650E-005
   4.69794721407625      -1.448077457527334E-005
   4.71554252199414      -1.415825801835990E-005
   4.73313782991202      -1.399035667316564E-005
   4.75073313782991      -1.358408975818525E-005
   4.76832844574780      -1.338759896305179E-005
   4.78592375366569      -1.296149380974627E-005
   4.80351906158358      -1.281017008074472E-005
   4.82111436950147      -1.244994686353229E-005
   4.83870967741935      -1.242057882251945E-005
   4.85630498533724      -1.216602972149622E-005
   4.87390029325513      -1.226256271762785E-005
   4.89149560117302      -1.210207675653541E-005
   4.90909090909091      -1.230348128337519E-005
   4.92668621700880      -1.220935460510261E-005
   4.94428152492669      -1.248087588608648E-005
   4.96187683284458      -1.241243504738954E-005
   4.97947214076246      -1.270578468978581E-005
   4.99706744868035      -1.260669118824732E-005
   5.01466275659824      -1.285410197577744E-005
   5.03225806451613      -1.266363818634639E-005
   5.04985337243402      -1.284737756525773E-005
   5.06744868035191      -1.259626202973239E-005
   5.08504398826980      -1.276888483971081E-005
   5.10263929618768      -1.251886306658317E-005
   5.12023460410557      -1.274766027046273E-005
   5.13782991202346      -1.257158939350318E-005
   5.15542521994135      -1.293349438833595E-005
   5.17302052785924      -1.291335188752914E-005
   5.19061583577713      -1.349468144093808E-005
   5.20821114369502      -1.372279891998009E-005
   5.22580645161290      -1.459817575288971E-005
   5.24340175953079      -1.507921877075888E-005
   5.26099706744868      -1.617065062256307E-005
   5.27859237536657      -1.679124286663229E-005
   5.29618768328446      -1.797973301216598E-005
   5.31378299120235      -1.861949558899819E-005
   5.33137829912024      -1.978294064182692E-005
   5.34897360703812      -2.031947124337182E-005
   5.36656891495601      -2.133447090890283E-005
   5.38416422287390      -2.164461199343490E-005
   5.40175953079179      -2.238760101845826E-005
   5.41935483870968      -2.236262383542215E-005
   5.43695014662757      -2.279322429648891E-005
   5.45454545454546      -2.249522347677497E-005
   5.47214076246334      -2.272905818148507E-005
   5.48973607038123      -2.228022747179585E-005
   5.50733137829912      -2.243804008632106E-005
   5.52492668621701      -2.195876417756867E-005
   5.54252199413490      -2.215969672065976E-005
   5.56011730205279      -2.176880280660793E-005
   5.57771260997067      -2.213034834710630E-005
   5.59530791788856      -2.194473079330473E-005
   5.61290322580645      -2.257836641907726E-005
   5.63049853372434      -2.267145692161351E-005
   5.64809384164223      -2.357096946729897E-005
   5.66568914956012      -2.387731033402655E-005
   5.68328445747801      -2.496293416243439E-005
   5.70087976539589      -2.540462383093008E-005
   5.71847507331378      -2.659919287437252E-005
   5.73607038123167      -2.710059397236250E-005
   5.75366568914956      -2.832910524962779E-005
   5.77126099706745      -2.881682672467871E-005
   5.78885630498534      -3.000681718325862E-005
   5.80645161290323      -3.041091648766062E-005
   5.82404692082111      -3.150101007127776E-005
   5.84164222873900      -3.178248737694393E-005
   5.85923753665689      -3.275472542545804E-005
   5.87683284457478      -3.290268692299114E-005
   5.89442815249267      -3.374467906915934E-005
   5.91202346041056      -3.374631630606675E-005
   5.92961876832845      -3.444429867185083E-005
   5.94721407624634      -3.428598224296434E-005
   5.96480938416422      -3.482580579028807E-005
   5.98240469208211      -3.449393917136388E-005
   6.00000000000000      -3.486206469602147E-005
   6.01759530791789      -3.434762780102220E-005
   6.03519061583578      -3.455321856256384E-005
   6.05278592375367      -3.389371231270389E-005
   6.07038123167156      -3.398843526499260E-005
   6.08797653958944      -3.323664375812791E-005
   6.10557184750733      -3.327152201707596E-005
   6.12316715542522      -3.247782004649225E-005
   6.14076246334311      -3.250194702600397E-005
   6.15835777126100      -3.171505566471042E-005
   6.17595307917889      -3.177607904014557E-005
   6.19354838709677      -3.104345587386460E-005
   6.21114369501466      -3.118720339048102E-005
   6.22873900293255      -3.054229746392528E-005
   6.24633431085044      -3.077097490193426E-005
   6.26392961876833      -3.018876192431436E-005
   6.28152492668622      -3.046761088585932E-005
   6.29912023460411      -2.991239564028476E-005
   6.31671554252199      -3.020424280949624E-005
   6.33431085043988      -2.963810580842335E-005
   6.35190615835777      -2.990343938936371E-005
   6.36950146627566      -2.928586977520956E-005
   6.38709677419355      -2.948214223971300E-005
   6.40469208211144      -2.876862256806627E-005
   6.42228739002933      -2.885218915556171E-005
   6.43988269794721      -2.801561245833740E-005
   6.45747800586510      -2.798498988977639E-005
   6.47507331378299      -2.703965708044834E-005
   6.49266862170088      -2.691265488969837E-005
   6.51026392961877      -2.587844273539105E-005
   6.52785923753666      -2.567594583522350E-005
   6.54545454545455      -2.457531622867141E-005
   6.56304985337243      -2.432065042785713E-005
   6.58064516129032      -2.317866346098469E-005
   6.59824046920821      -2.289832316157249E-005
   6.61583577712610      -2.174404097784238E-005
   6.63343108504399      -2.146401964796279E-005
   6.65102639296188      -2.031172693795315E-005
   6.66862170087977      -2.003356768735483E-005
   6.68621700879765      -1.887932541399033E-005
   6.70381231671554      -1.859600608039369E-005
   6.72140762463343      -1.743091188160301E-005
   6.73900293255132      -1.713112567490865E-005
   6.75659824046921      -1.594211601196812E-005
   6.77419354838710      -1.561017107463488E-005
   6.79178885630499      -1.437917934820110E-005
   6.80938416422287      -1.399279477256773E-005
   6.82697947214076      -1.269521426277178E-005
   6.84457478005865      -1.223497731617578E-005
   6.86217008797654      -1.086334588204991E-005
   6.87976539589443      -1.032944919496542E-005
   6.89736070381232      -8.887335129446737E-006
   6.91495601173021      -8.284690066825355E-006
   6.93255131964809      -6.778515757737739E-006
   6.95014662756598      -6.114120641735242E-006
   6.96774193548387      -4.551896876696413E-006
   6.98533724340176      -3.834015141392748E-006
   7.00293255131965      -2.224784408239588E-006
   7.02052785923754      -1.462319124264085E-006
   7.03812316715543       1.855383252523726E-007
   7.05571847507331       9.860401334626513E-007
   7.07331378299120       2.666582821754436E-006
   7.09090909090909       3.499672855265812E-006
   7.10850439882698       5.207283119638438E-006
   7.12609970674487       6.067825764506208E-006
   7.14369501466276       7.797352423296055E-006
   7.16129032258065       8.680871213812787E-006
   7.17888563049853       1.042810905767717E-005
   7.19648093841642       1.133150829258112E-005
   7.21407624633431       1.309459365645020E-005
   7.23167155425220       1.401822661911180E-005
   7.24926686217009       1.579731886346931E-005
   7.26686217008798       1.673950625218019E-005
   7.28445747800587       1.853070765318263E-005
   7.30205278592375       1.948683871756451E-005
   7.31964809384164       2.128472794087879E-005
   7.33724340175953       2.224937203780705E-005
   7.35483870967742       2.404819599639555E-005
   7.37243401759531       2.501607180998488E-005
   7.39002932551320       2.681082732647810E-005
   7.40762463343109       2.777853188013787E-005
   7.42521994134897       2.956794176756416E-005
   7.44281524926686       3.053527170081260E-005
   7.46041055718475       3.231581345816701E-005
   7.47800586510264       3.327531553091408E-005
   7.49560117302053       3.503659432270929E-005
   7.51319648093842       3.597633714493354E-005
   7.53079178885631       3.770470919387043E-005
   7.54838709677419       3.861005188830065E-005
   7.56598240469208       4.028953870073424E-005
   7.58357771260997       4.114378688815200E-005
   7.60117302052786       4.275665702512969E-005
   7.61876832844575       4.354422674506417E-005
   7.63636363636364       4.508699750002826E-005
   7.65395894428153       4.582343578872439E-005
   7.67155425219941       4.732089144188383E-005
   7.68914956011730       4.803125255312295E-005
   7.70674486803519       4.950685821007536E-005
   7.72434017595308       5.021352661818568E-005
   7.74193548387097       5.168814167568499E-005
   7.75953079178886       5.241085441062556E-005
   7.77712609970675       5.390255673045450E-005
   7.79472140762463       5.465799003641464E-005
   7.81231671554252       5.618080140590008E-005
   7.82991202346041       5.697693948925305E-005
   7.84750733137830       5.852919794396869E-005
   7.86510263929619       5.935868933133799E-005
   7.88269794721408       6.093188135984425E-005
   7.90029325513197       6.178647218745142E-005
   7.91788856304985       6.337181600356372E-005
   7.93548387096774       6.424238777624600E-005
   7.95307917888563       6.582985883059264E-005
   7.97067448680352       6.670568442699170E-005
   7.98826979472141       6.828323308528399E-005
   8.00586510263930       6.915082683184544E-005
   8.02346041055718       7.070268227265000E-005
   8.04105571847507       7.154582709800221E-005
   8.05865102639296       7.305772636201687E-005
   8.07624633431085       7.386480533524959E-005
   8.09384164222874       7.532596163959040E-005
   8.11143695014663       7.608663967704976E-005
   8.12903225806452       7.748655607916138E-005
   8.14662756598241       7.819032179392198E-005
   8.16422287390029       7.951798253321121E-005
   8.18181818181818       8.015349617007618E-005
   8.19941348973607       8.139672109469323E-005
   8.21700879765396       8.195259475230047E-005
   8.23460410557185       8.310918175185960E-005
   8.25219941348974       8.360094922003840E-005
   8.26979472140763       8.469756554146704E-005
   8.28739002932551       8.515386679761574E-005
   8.30498533724340       8.621841612338718E-005
   8.32258064516129       8.666646381977942E-005
   8.34017595307918       8.772491045515809E-005
   8.35777126099707       8.818942196158992E-005
   8.37536656891496       8.926450151366467E-005
   8.39296187683285       8.976587170569266E-005
   8.41055718475073       9.087328816580493E-005
   8.42815249266862       9.141592727033725E-005
   8.44574780058651       9.254457814843120E-005
   8.46334310850440       9.311072284883712E-005
   8.48093841642229       9.424526997594613E-005
   8.49853372434018       9.482315523114174E-005
   8.51612903225807       9.595374160986924E-005
   8.53372434017595       9.653503693656955E-005
   8.55131964809384       9.765414161617653E-005
   8.56891495601173       9.823197672481667E-005
   8.58651026392962       9.933271065462238E-005
   8.60410557184751       9.989966665613488E-005
   8.62170087976540       1.009714082167743E-004
   8.63929618768329       1.015108189722675E-004
   8.65689149560117       1.025328020436072E-004
   8.67448680351906       1.030253382621484E-004
   8.69208211143695       1.039809293971485E-004
   8.70967741935484       1.044120436855894E-004
   8.72727272727273       1.052881733363832E-004
   8.74486803519062       1.056461717182986E-004
   8.76246334310851       1.064321272639444E-004
   8.78005865102639       1.067072427842931E-004
   8.79765395894428       1.073937785126911E-004
   8.81524926686217       1.075774993979818E-004
   8.83284457478006       1.081601973464565E-004
   8.85043988269795       1.082574394333258E-004
   8.86803519061584       1.087490806638320E-004
   8.88563049853373       1.087759986468101E-004
   8.90322580645161       1.091941757144153E-004
   8.92082111436950       1.091696785342431E-004
   8.93841642228739       1.095343156837523E-004
   8.95601173020528       1.094793471091337E-004
   8.97360703812317       1.098121267675562E-004
   8.99120234604106       1.097490493929533E-004
   9.00879765395895       1.100721889527845E-004
   9.02639296187683       1.100165352280145E-004
   9.04398826979472       1.103282537739999E-004
   9.06158357771261       1.102630982447997E-004
   9.07917888563050       1.105432031475462E-004
   9.09677419354839       1.104505488434633E-004
   9.11436950146628       1.106829938741544E-004
   9.13196480938416       1.105487240209734E-004
   9.14956011730205       1.107211999653056E-004
   9.16715542521994       1.105349201573004E-004
   9.18475073313783       1.106389697271590E-004
   9.20234604105572       1.103944812324970E-004
   9.21994134897361       1.104260407008217E-004
   9.23753665689150       1.101190461915150E-004
   9.25513196480938       1.100704107362263E-004
   9.27272727272727       1.096906992014336E-004
   9.29032258064516       1.095516363087358E-004
   9.30791788856305       1.090899078397164E-004
   9.32551319648094       1.088522969363190E-004
   9.34310850439883       1.083018918645986E-004
   9.36070381231672       1.079607456128132E-004
   9.37829912023460       1.073187159972948E-004
   9.39589442815249       1.068735985324584E-004
   9.41348973607038       1.061431873365525E-004
   9.43108504398827       1.056008456342284E-004
   9.44868035190616       1.047877818794806E-004
   9.46627565982405       1.041493595970300E-004
   9.48387096774194       1.032517440404383E-004
   9.50146627565982       1.025145564735111E-004
   9.51906158357771       1.015297706327437E-004
   9.53665689149560       1.006917774845535E-004
   9.55425219941349       9.961875928761116E-005
   9.57184750733138       9.868039129228268E-005
   9.58944281524927       9.752164469950873E-005
   9.60703812316716       9.648894952871647E-005
   9.62463343108504       9.525726084534830E-005
   9.64222873900293       9.415023394721829E-005
   9.65982404692082       9.286638224772119E-005
   9.67741935483871       9.170164000720447E-005
   9.69501466275660       9.037891471175540E-005
   9.71260997067449       8.916810650032027E-005
   9.73020527859238       8.781711015131173E-005
   9.74780058651026       8.657039032663399E-005
   9.76539589442815       8.520115573297934E-005
   9.78299120234604       8.392899586656323E-005
   9.80058651026393       8.255299912593934E-005
   9.81818181818182       8.126830381420133E-005
   9.83577712609971       7.989534408682824E-005
   9.85337243401760       7.859797712768112E-005
   9.87096774193548       7.721887011002844E-005
   9.88856304985337       7.589617176060763E-005
   9.90615835777126       7.449690963706135E-005
   9.92375366568915       7.313429284998647E-005
   9.94134897360704       7.170008273495701E-005
   9.95894428152493       7.028314221631418E-005
   9.97653958944282       6.880045075657080E-005
   9.99413489736071       6.731751699555232E-005
   10.0117302052786       6.577920201527370E-005
   10.0293255131965       6.423715502023485E-005
   10.0469208211144       6.266901977052059E-005
   10.0645161290323       6.110136523980214E-005
   10.0821114369501       5.953270663726044E-005
   10.0997067448680       5.796360029842618E-005
   10.1173020527859       5.641479377317507E-005
   10.1348973607038       5.486167066520184E-005
   10.1524926686217       5.334745422060425E-005
   10.1700879765396       5.182284749827845E-005
   10.1876832844575       5.035358529774438E-005
   10.2052785923754       4.886613735337680E-005
   10.2228739002933       4.744959184571246E-005
   10.2404692082111       4.600848226723279E-005
   10.2580645161290       4.465529584913811E-005
   10.2756598240469       4.327070715109990E-005
   10.2932551319648       4.198912255393509E-005
   10.3108504398827       4.066762246180119E-005
   10.3284457478006       3.946236320927694E-005
   10.3460410557185       3.820712201488114E-005
   10.3636363636364       3.707958613456425E-005
   10.3812316715543       3.589050297184088E-005
   10.3988269794721       3.483884475470936E-005
   10.4164222873900       3.371317379537583E-005
   10.4340175953079       3.273681750072696E-005
   10.4516129032258       3.167940926094120E-005
   10.4692082111437       3.078577249068071E-005
   10.4868035190616       2.980323088331957E-005
   10.5043988269795       2.899692344437671E-005
   10.5219941348974       2.809207857817969E-005
   10.5395894428153       2.737373576169030E-005
   10.5571847507331       2.654517079281282E-005
   10.5747800586510       2.591075178013888E-005
   10.5923753665689       2.515171520450490E-005
   10.6099706744868       2.459041999861800E-005
   10.6275659824047       2.388658863212456E-005
   10.6451612903226       2.338515483921524E-005
   10.6627565982405       2.272913643195726E-005
   10.6803519061584       2.228408025892292E-005
   10.6979472140762       2.167359225202140E-005
   10.7155425219941       2.128240424370340E-005
   10.7331378299120       2.071460005418502E-005
   10.7507331378299       2.037336493663713E-005
   10.7683284457478       1.984327274129213E-005
   10.7859237536657       1.954517835827382E-005
   10.8035190615836       1.904378280684449E-005
   10.8211143695015       1.877743712581420E-005
   10.8387096774194       1.829673628349302E-005
   10.8563049853372       1.806338607834643E-005
   10.8739002932551       1.761203131553557E-005
   10.8914956011730       1.742210353234319E-005
   10.9090909090909       1.701092966488882E-005
   10.9266862170088       1.687470470451427E-005
   10.9442815249267       1.651336611928347E-005
   10.9618768328446       1.643902975550093E-005
   10.9794721407625       1.613406429652278E-005
   10.9970674486804       1.612523803449970E-005
   11.0146627565982       1.587561108700056E-005
   11.0322580645161       1.592466944503440E-005
   11.0498533724340       1.572189275975622E-005
   11.0674486803519       1.582570982771464E-005
   11.0850439882698       1.567223155219561E-005
   11.1026392961877       1.583575666992773E-005
   11.1202346041056       1.573826514862678E-005
   11.1378299120235       1.596879495648776E-005
   11.1554252199413       1.593514075292648E-005
   11.1730205278592       1.624006721899404E-005
   11.1906158357771       1.627703000981087E-005
   11.2082111436950       1.666056688365419E-005
   11.2258064516129       1.676560322484697E-005
   11.2434017595308       1.721456754227987E-005
   11.2609970674487       1.736997062011469E-005
   11.2785923753666       1.786900550862486E-005
   11.2961876832845       1.806319464852810E-005
   11.3137829912023       1.860270885049512E-005
   11.3313782991202       1.882802083627363E-005
   11.3489736070381       1.940131325434191E-005
   11.3665689149560       1.965217214873785E-005
   11.3841642228739       2.025385685457909E-005
   11.4017595307918       2.052499618142783E-005
   11.4193548387097       2.114776606120133E-005
   11.4369501466276       2.142860589730736E-005
   11.4545454545455       2.206012938997712E-005
   11.4721407624633       2.234101836264266E-005
   11.4897360703812       2.297442074389433E-005
   11.5073313782991       2.325094102658606E-005
   11.5249266862170       2.388325631502478E-005
   11.5425219941349       2.415416958706404E-005
   11.5601173020528       2.478510230613820E-005
   11.5777126099707       2.505142008088509E-005
   11.5953079178886       2.568247185794628E-005
   11.6129032258065       2.594617170460278E-005
   11.6304985337243       2.657746678618580E-005
   11.6480938416422       2.683661521619257E-005
   11.6656891495601       2.746560220491343E-005
   11.6832844574780       2.771950393507014E-005
   11.7008797653959       2.834678901923582E-005
   11.7184750733138       2.859765806005438E-005
   11.7360703812317       2.922625172832027E-005
   11.7536656891496       2.947835289599318E-005
   11.7712609970675       3.011294275222318E-005
   11.7888563049853       3.037176253356785E-005
   11.8064516129032       3.101728139409332E-005
   11.8240469208211       3.128217631104829E-005
   11.8416422287390       3.192165417354131E-005
   11.8592375366569       3.216091920538449E-005
   11.8768328445748       3.275926250661701E-005
   11.8944281524927       3.294103125766784E-005
   11.9120234604106       3.346867391720132E-005
   11.9296187683284       3.356614149787171E-005
   11.9472140762463       3.399825728357531E-005
   11.9648093841642       3.398926360820534E-005
   11.9824046920821       3.430576342523217E-005
   12.0000000000000       3.417325634145965E-005
   12.0175953079179       3.436074464003969E-005
   12.0351906158358       3.409867075915532E-005
   12.0527859237537       3.415765119871480E-005
   12.0703812316716       3.376943148428635E-005
   12.0879765395894       3.370315516256761E-005
   12.1055718475073       3.319289209219514E-005
   12.1231671554252       3.300591306169140E-005
   12.1407624633431       3.237954604363899E-005
   12.1583577712610       3.207857869800262E-005
   12.1759530791789       3.134446473542443E-005
   12.1935483870968       3.093886624550094E-005
   12.2111436950147       3.010784499068361E-005
   12.2287390029326       2.960333096027684E-005
   12.2463343108504       2.866764115165138E-005
   12.2639296187683       2.804403811916234E-005
   12.2815249266862       2.698136146261110E-005
   12.2991202346041       2.621765127025771E-005
   12.3167155425220       2.500934234863764E-005
   12.3343108504399       2.408866829925410E-005
   12.3519061583578       2.272071821735325E-005
   12.3695014662757       2.163147102166552E-005
   12.3870967741935       2.009600351299312E-005
   12.4046920821114       1.883436602633060E-005
   12.4222873900293       1.713310103789823E-005
   12.4398826979472       1.570037683867342E-005
   12.4574780058651       1.382717619093751E-005
   12.4750733137830       1.220938364050383E-005
   12.4926686217009       1.014837438581281E-005
   12.5102639296188       8.329133293585145E-006
   12.5278592375367       6.065103650133463E-006
   12.5454545454545       4.030227954655685E-006
   12.5630498533724       1.551521547286244E-006
   12.5806451612903      -7.081038713396271E-007
   12.5982404692082      -3.405904090294232E-006
   12.6158357771261      -5.888261677537226E-006
   12.6334310850440      -8.797508846544455E-006
   12.6510263929619      -1.150140093600777E-005
   12.6686217008798      -1.463275314283655E-005
   12.6862170087977      -1.757671360069871E-005
   12.7038123167155      -2.095103375865964E-005
   12.7214076246334      -2.415746004739217E-005
   12.7390029325513      -2.779664621869843E-005
   12.7565982404692      -3.128689852336755E-005
   12.7741935483871      -3.520965652117533E-005
   12.7917888563050      -3.899919868049787E-005
   12.8093841642229      -4.321264771560024E-005
   12.8269794721408      -4.728880875531635E-005
   12.8445747800587      -5.175321405814592E-005
   12.8621700879765      -5.606712159698535E-005
   12.8797653958944      -6.074122643960004E-005
   12.8973607038123      -6.526111759267561E-005
   12.9149560117302      -7.011832336211990E-005
   12.9325513196481      -7.482227445272702E-005
   12.9501466275660      -7.984320041884133E-005
   12.9677419354839      -8.471441021915860E-005
   12.9853372434018      -8.988272623435048E-005
   13.0029325513196      -9.490448810596495E-005
   13.0205278592375      -1.001938932522487E-004
   13.0381231671554      -1.053159319371972E-004
   13.0557184750733      -1.106528426620004E-004
   13.0733137829912      -1.158004074381962E-004
   13.0909090909091      -1.211180609888996E-004
   13.1085043988270      -1.262319953638964E-004
   13.1260997067449      -1.314766896117383E-004
   13.1436950146628      -1.365091153728784E-004
   13.1612903225806      -1.416373369908631E-004
   13.1788856304985      -1.465498494766375E-004
   13.1964809384164      -1.515269797270078E-004
   13.2140762463343      -1.562885244771639E-004
   13.2316715542522      -1.610778211374884E-004
   13.2492668621701      -1.656385100281808E-004
   13.2668621700880      -1.701814875503464E-004
   13.2844574780059      -1.744855222842971E-004
   13.3020527859238      -1.787309133684338E-004
   13.3196480938416      -1.827327346469470E-004
   13.3372434017595      -1.866397611741796E-004
   13.3548387096774      -1.903048357173990E-004
   13.3724340175953      -1.938446262481989E-004
   13.3900293255132      -1.971517618807486E-004
   13.4076246334311      -2.003119157211251E-004
   13.4252199413490      -2.032614483028999E-004
   13.4428152492669      -2.060487167767851E-004
   13.4604105571848      -2.086436465736343E-004
   13.4780058651026      -2.110535324767426E-004
   13.4956011730205      -2.132879792487693E-004
   13.5131964809384      -2.153149643100583E-004
   13.5307917888563      -2.171862843779543E-004
   13.5483870967742      -2.188305621004354E-004
   13.5659824046921      -2.203441701634452E-004
   13.5835777126100      -2.216167420337973E-004
   13.6011730205279      -2.227932318722217E-004
   13.6187683284457      -2.237289083189121E-004
   13.6363636363636      -2.246180344980833E-004
   13.6539589442815      -2.252621977354320E-004
   13.6715542521994      -2.258932835102727E-004
   13.6891495601173      -2.262633004042522E-004
   13.7067448680352      -2.266495224725276E-004
   13.7243401759531      -2.267556398464005E-004
   13.7419354838710      -2.269074853598835E-004
   13.7595307917889      -2.267606027549201E-004
   13.7771260997067      -2.266926304922580E-004
   13.7947214076246      -2.263120817165221E-004
   13.8123167155425      -2.260565290873398E-004
   13.8299120234604      -2.254969995584334E-004
   13.8475073313783      -2.251248038359506E-004
   13.8651026392962      -2.244470815932982E-004
   13.8826979472141      -2.240009899743952E-004
   13.9002932551320      -2.232342175392542E-004
   13.9178885630499      -2.227354343612182E-004
   13.9354838709677      -2.218933402506989E-004
   13.9530791788856      -2.213509040365720E-004
   13.9706744868035      -2.204375025238914E-004
   13.9882697947214      -2.198529994965183E-004
   14.0058651026393      -2.188680246153432E-004
   14.0234604105572      -2.182485680322690E-004
   14.0410557184751      -2.172146603414771E-004
   14.0586510263930      -2.165939221553147E-004
   14.0762463343109      -2.155388241654759E-004
   14.0938416422287      -2.149353132673602E-004
   14.1114369501466      -2.138683261324287E-004
   14.1290322580645      -2.132842804973850E-004
   14.1466275659824      -2.121991876575493E-004
   14.1642228739003      -2.116213374489867E-004
   14.1818181818182      -2.104955823011325E-004
   14.1994134897361      -2.098922594859552E-004
   14.2170087976540      -2.086817106433023E-004
   14.2346041055718      -2.080089220513293E-004
   14.2521994134897      -2.066902892094705E-004
   14.2697947214076      -2.059489005040628E-004
   14.2873900293255      -2.045307005534285E-004
   14.3049853372434      -2.037311420924473E-004
   14.3225806451613      -2.022220402956354E-004
   14.3401759530792      -2.013716218032859E-004
   14.3577712609971      -1.997747460820050E-004
   14.3753665689150      -1.988727752888628E-004
   14.3929618768328      -1.971800353299702E-004
   14.4105571847507      -1.962081258856972E-004
   14.4281524926686      -1.943842295274396E-004
   14.4457478005865      -1.933028029254270E-004
   14.4633431085044      -1.913211045089553E-004
   14.4809384164223      -1.901210568286475E-004
   14.4985337243402      -1.879806676712246E-004
   14.5161290322581      -1.866673129371506E-004
   14.5337243401760      -1.843762535162937E-004
   14.5513196480938      -1.829610982021281E-004
   14.5689149560117      -1.805315014496637E-004
   14.5865102639296      -1.790283398227170E-004
   14.6041055718475      -1.764721926857760E-004
   14.6217008797654      -1.748889453888441E-004
   14.6392961876833      -1.722035051138554E-004
   14.6568914956012      -1.705334340396066E-004
   14.6744868035191      -1.677147957991082E-004
   14.6920821114370      -1.659607358989852E-004
   14.7096774193548      -1.630147043634961E-004
   14.7272727272727      -1.611868009463178E-004
   14.7448680351906      -1.581251350568290E-004
   14.7624633431085      -1.562385708278093E-004
   14.7800586510264      -1.530772320453633E-004
   14.7976539589443      -1.511504960142361E-004
   14.8152492668622      -1.479057215144749E-004
   14.8328445747801      -1.459448617973508E-004
   14.8504398826979      -1.426030879364931E-004
   14.8680351906158      -1.405870971255561E-004
   14.8856304985337      -1.371285382280127E-004
   14.9032258064516      -1.350431014596787E-004
   14.9208211143695      -1.314559928078788E-004
   14.9384164222874      -1.292941702536043E-004
   14.9560117302053      -1.255737795403371E-004
   14.9736070381232      -1.233354743357952E-004
   14.9912023460411      -1.194836012115057E-004
   15.0087976539589      -1.171747965018984E-004
   15.0263929618768      -1.132084353398763E-004
   15.0439882697947      -1.108822151291827E-004
   15.0615835777126      -1.068935965083847E-004
   15.0791788856305      -1.046667207642326E-004
   15.0967741935484      -1.007831091549131E-004
   15.1143695014663      -9.879617954606934E-005
   15.1319648093842      -9.517023753083728E-005
   15.1495601173021      -9.359362685293281E-005
   15.1671554252199      -9.041464370442323E-005
   15.1847507331378      -8.946690669556586E-005
   15.2023460410557      -8.699585306749921E-005
   15.2199413489736      -8.701555446695211E-005
   15.2375366568915      -8.564182881964947E-005
   15.2551319648094      -8.694590675728664E-005
   15.2727272727273      -8.684207537633619E-005
   15.2903225806452      -8.950523435979561E-005
   15.3079178885631      -9.068043606930101E-005
   15.3255131964809      -9.465928374041525E-005
   15.3431085043988      -9.701761818685481E-005
   15.3607038123167      -1.021663390348395E-004
   15.3782991202346      -1.055029237194804E-004
   15.3958944281525      -1.115493425905145E-004
   15.4134897360704      -1.154828813055811E-004
   15.4310850439883      -1.219094974192511E-004
   15.4486803519062      -1.258854697076175E-004
   15.4662756598240      -1.322467114465243E-004
   15.4838709677419      -1.359299784120417E-004
   15.5014662756598      -1.419529208144606E-004
   15.5190615835777      -1.451048215318290E-004
   15.5366568914956      -1.505784034326757E-004
   15.5542521994135      -1.530039603107450E-004
   15.5718475073314      -1.577472067271355E-004
   15.5894428152493      -1.592686221658970E-004
   15.6070381231672      -1.630991333842795E-004
   15.6246334310850      -1.635270685002703E-004
   15.6422287390029      -1.663169484317795E-004
   15.6598240469208      -1.656468259165787E-004
   15.6774193548387      -1.674988409915421E-004
   15.6950146627566      -1.658888404597582E-004
   15.7126099706745      -1.670072783521085E-004
   15.7302052785924      -1.646999510642227E-004
   15.7478005865103      -1.653707093628445E-004
   15.7653958944282      -1.626925277962648E-004
   15.7829912023460      -1.632942191603921E-004
   15.8005865102639      -1.606842455368266E-004
   15.8181818181818      -1.617368625796339E-004
   15.8357771260997      -1.596996130668704E-004
   15.8533724340176      -1.615191370013274E-004
   15.8709677419355      -1.601621448686521E-004
   15.8885630498534      -1.627681876621604E-004
   15.9061583577713      -1.620716543402399E-004
   15.9237536656892      -1.654254324106119E-004
   15.9413489736070      -1.653334817046516E-004
   15.9589442815249      -1.693741424735076E-004
   15.9765395894428      -1.698196090099407E-004
   15.9941348973607      -1.744862828804089E-004
   16.0117302052786      -1.754201142711464E-004
   16.0293255131965      -1.807018039187042E-004
   16.0469208211144      -1.821306035150500E-004
   16.0645161290323      -1.880163286753698E-004
   16.0821114369501      -1.898884859710903E-004
   16.0997067448680      -1.963055305507326E-004
   16.1173020527859      -1.985274515816321E-004
   16.1348973607038      -2.053739704316547E-004
   16.1524926686217      -2.078303409802020E-004
   16.1700879765396      -2.149899445054676E-004
   16.1876832844575      -2.175585455456885E-004
   16.2052785923754      -2.249222415106996E-004
   16.2228739002933      -2.275389898170175E-004
   16.2404692082111      -2.351528188904876E-004
   16.2580645161290      -2.379322460717960E-004
   16.2756598240469      -2.459003549411315E-004
   16.2932551319648      -2.488953925245634E-004
   16.3108504398827      -2.572390601217904E-004
   16.3284457478006      -2.604311888163908E-004
   16.3460410557185      -2.691048641388431E-004
   16.3636363636364      -2.724085186055191E-004
   16.3812316715543      -2.812959543412381E-004
   16.3988269794721      -2.845445258318776E-004
   16.4164222873900      -2.934324434783976E-004
   16.4340175953079      -2.964020924015392E-004
   16.4516129032258      -3.051786710323824E-004
   16.4692082111437      -3.078688337824118E-004
   16.4868035190616      -3.165888158725852E-004
   16.5043988269795      -3.190561751784893E-004
   16.5219941348974      -3.277842966373525E-004
   16.5395894428153      -3.300787898048738E-004
   16.5571847507331      -3.388623053719137E-004
   16.5747800586510      -3.410046832974654E-004
   16.5923753665689      -3.498486554908401E-004
   16.6099706744868      -3.517873932733580E-004
   16.6275659824047      -3.605241033815991E-004
   16.6451612903226      -3.618953300992016E-004
   16.6627565982405      -3.700726683222419E-004
   16.6803519061584      -3.704283619143195E-004
   16.6979472140762      -3.776434004526681E-004
   16.7155425219941      -3.765869325414462E-004
   16.7331378299120      -3.824671892552955E-004
   16.7507331378299      -3.796197276360888E-004
   16.7683284457478      -3.838031400401005E-004
   16.7859237536657      -3.787889336018531E-004
   16.8035190615836      -3.809146816471613E-004
   16.8211143695015      -3.735380716740644E-004
   16.8387096774194      -3.741727593929169E-004
   16.8563049853372      -3.659758666340534E-004
   16.8739002932551      -3.671311734425763E-004
   16.8914956011730      -3.601062894417339E-004
   16.9090909090909      -3.637316620989434E-004
   16.9266862170088      -3.597323251209987E-004
   16.9442815249267      -3.676021022720541E-004
   16.9618768328446      -3.682473782008441E-004
   16.9794721407625      -3.818060772122686E-004
   16.9970674486804      -3.882078524200309E-004
   17.0146627565982      -4.077641846825318E-004
   17.0322580645161      -4.177284968960685E-004
   17.0498533724340      -4.380184115938037E-004
   17.0674486803519      -4.452490033247572E-004
   17.0850439882698      -4.607632189206419E-004
   17.1026392961877      -4.606010189972372E-004
   17.1202346041056      -4.674751437431402E-004
   17.1378299120235      -4.567766718280216E-004
   17.1554252199413      -4.527261639768730E-004
   17.1730205278592      -4.301388253053415E-004
   17.1906158357771      -4.150983222077957E-004
   17.2082111436950      -3.826170016193773E-004
   17.2258064516129      -3.631028442460906E-004
   17.2434017595308      -3.322982100371908E-004
   17.2609970674487      -3.208237195437804E-004
   17.2785923753666      -3.012753813135466E-004
   17.2961876832845      -3.047293592291874E-004
   17.3137829912023      -3.012788447287162E-004
   17.3313782991202      -3.228044379023042E-004
   17.3489736070381      -3.367765645184147E-004
   17.3665689149560      -3.759267081559196E-004
   17.3841642228739      -4.045885320707305E-004
   17.4017595307918      -4.557147447292468E-004
   17.4193548387097      -4.880137314539842E-004
   17.4369501466276      -5.340770943582563E-004
   17.4545454545455      -5.525923925623256E-004
   17.4721407624633      -5.818684514389699E-004
   17.4897360703812      -5.796559998555150E-004
   17.5073313782991      -5.884937270462796E-004
   17.5249266862170      -5.642410782847806E-004
   17.5425219941349      -5.538245610780435E-004
   17.5601173020528      -5.107631386081611E-004
   17.5777126099707      -4.870770036446756E-004
   17.5953079178886      -4.338976950493238E-004
   17.6129032258065      -4.105635861405467E-004
   17.6304985337243      -3.656749030862262E-004
   17.6480938416422      -3.608152776083374E-004
   17.6656891495601      -3.348802029768873E-004
   17.6832844574780      -3.535085321908803E-004
   17.7008797653959      -3.475777803844857E-004
   17.7184750733138      -3.892186533918312E-004
   17.7360703812317      -4.000961923337127E-004
   17.7536656891496      -4.608845138252834E-004
   17.7712609970675      -4.818410555589315E-004
   17.7888563049853      -5.547346848975251E-004
   17.8064516129032      -5.745729405696920E-004
   17.8240469208211      -6.481307733808839E-004
   17.8416422287390      -6.537306622645155E-004
   17.8592375366569      -7.244686627404820E-004
   17.8768328445748      -7.133163908352031E-004
   17.8944281524927      -7.887359057071892E-004
   17.9120234604106      -7.619230386653869E-004
   17.9296187683284      -8.610585079703045E-004
   17.9472140762463      -8.215899420121197E-004
   17.9648093841642      -9.991893614194206E-004
   17.9824046920821      -9.521426426255630E-004
   18.0000000000000      -1.571532134121203E-003
