  0.000000000000000E+000 -8.650552923465837E-004
  1.759530791788856E-002 -2.746075789767269E-004
  3.519061583577713E-002 -3.338112482762242E-004
  5.278592375366570E-002 -1.582054911426566E-004
  7.038123167155426E-002 -2.016102759748657E-004
  8.797653958944282E-002 -1.037768104594473E-004
  0.105571847507331      -1.386910675838674E-004
  0.123167155425220      -7.242432692851117E-005
  0.140762463343109      -1.018602787248672E-004
  0.158357771260997      -5.234735528524540E-005
  0.175953079178886      -7.790927209342058E-005
  0.193548387096774      -3.865998139448540E-005
  0.211143695014663      -6.132762943260028E-005
  0.228739002932551      -2.897106404104088E-005
  0.246334310850440      -4.940339614755180E-005
  0.263929618768328      -2.199023402002318E-005
  0.281524926686217      -4.065440588475461E-005
  0.299120234604106      -1.696404356251127E-005
  0.316715542521994      -3.420498786056764E-005
  0.334310850439883      -1.342957410743503E-005
  0.351906158357771      -2.951223752188575E-005
  0.369501466275660      -1.109494288536986E-005
  0.387096774193548      -2.623045350160830E-005
  0.404692082111437      -9.777343041041580E-006
  0.422287390029326      -2.414200435334649E-005
  0.439882697947214      -9.367780353124716E-006
  0.457478005865103      -2.310079849135421E-005
  0.475073313782991      -9.779241790211502E-006
  0.492668621700880      -2.298674752228574E-005
  0.510263929618768      -1.093857430256581E-005
  0.527859237536657      -2.370686933429880E-005
  0.545454545454546      -1.278949897234463E-005
  0.563049853372434      -2.519145034433559E-005
  0.580645161290323      -1.529233150881498E-005
  0.598240469208211      -2.739463536716316E-005
  0.615835777126100      -1.843449644404968E-005
  0.633431085043988      -3.031873761383114E-005
  0.651026392961877      -2.225412961558114E-005
  0.668621700879765      -3.398508220206879E-005
  0.686217008797654      -2.675383942463838E-005
  0.703812316715543      -3.835947307279272E-005
  0.721407624633431      -3.188437447359128E-005
  0.739002932551320      -4.336399511122198E-005
  0.756598240469208      -3.755136175147697E-005
  0.774193548387097      -4.887248272437884E-005
  0.791788856304985      -4.360182155529071E-005
  0.809384164222874      -5.468033496393158E-005
  0.826979472140763      -4.976470374840586E-005
  0.844574780058651      -6.045576608962171E-005
  0.862170087976540      -5.573435218146067E-005
  0.879765395894428      -6.597544183932703E-005
  0.897360703812317      -6.136676792912346E-005
  0.914956011730205      -7.113796859574648E-005
  0.932551319648094      -6.659380839013743E-005
  0.950146627565982      -7.589686837961662E-005
  0.967741935483871      -7.139074768126486E-005
  0.985337243401760      -8.024129011596270E-005
   1.00293255131965      -7.576025573921497E-005
   1.02052785923754      -8.416385620530666E-005
   1.03812316715543      -7.962827551187813E-005
   1.05571847507331      -8.746880571310681E-005
   1.07331378299120      -8.272003692418733E-005
   1.09090909090909      -8.988131122974085E-005
   1.10850439882698      -8.479786190748249E-005
   1.12609970674487      -9.120037798832061E-005
   1.14369501466276      -8.570148936572566E-005
   1.16129032258065      -9.130882726487002E-005
   1.17888563049853      -8.536741774289381E-005
   1.19648093841642      -9.021062747348760E-005
   1.21407624633431      -8.391349862389263E-005
   1.23167155425220      -8.823629388884296E-005
   1.24926686217009      -8.192156513829074E-005
   1.26686217008798      -8.605798779151924E-005
   1.28445747800587      -7.996669995948588E-005
   1.30205278592375      -8.411418578026887E-005
   1.31964809384164      -7.838694929466004E-005
   1.33724340175953      -8.266217372048555E-005
   1.35483870967742      -7.736737972617087E-005
   1.37243401759531      -8.181463449404727E-005
   1.39002932551320      -7.694404161835660E-005
   1.40762463343109      -8.151049824534895E-005
   1.42521994134897      -7.692549257285112E-005
   1.44281524926686      -8.145203345084692E-005
   1.46041055718475      -7.704267796035613E-005
   1.47800586510264      -8.150910776136841E-005
   1.49560117302053      -7.728902069136598E-005
   1.51319648093842      -8.174146002024179E-005
   1.53079178885631      -7.776490569243549E-005
   1.54838709677419      -8.227883224565974E-005
   1.56598240469208      -7.862340084636863E-005
   1.58357771260997      -8.329274591192459E-005
   1.60117302052786      -8.005174950930711E-005
   1.61876832844575      -8.496487132690148E-005
   1.63636363636364      -8.212980093480868E-005
   1.65395894428153      -8.714347233102770E-005
   1.67155425219941      -8.448818505281497E-005
   1.68914956011730      -8.937652527000660E-005
   1.70674486803519      -8.667380284446875E-005
   1.72434017595308      -9.122005518435677E-005
   1.74193548387097      -8.825108745733573E-005
   1.75953079178886      -9.224537014899413E-005
   1.77712609970675      -8.879689322499825E-005
   1.79472140762463      -9.203173321294309E-005
   1.81231671554252      -8.788861746953257E-005
   1.82991202346041      -9.017846888833536E-005
   1.84750733137830      -8.523516106152396E-005
   1.86510263929619      -8.657516622294528E-005
   1.88269794721408      -8.087588502620052E-005
   1.90029325513196      -8.134433186631446E-005
   1.91788856304985      -7.499114055840469E-005
   1.93548387096774      -7.472504888230772E-005
   1.95307917888563      -6.788667226186157E-005
   1.97067448680352      -6.710390112773347E-005
   1.98826979472141      -6.005511867540262E-005
   2.00586510263930      -5.913871912203399E-005
   2.02346041055718      -5.249063973364747E-005
   2.04105571847507      -5.235007145510274E-005
   2.05865102639296      -4.707677309091716E-005
   2.07624633431085      -4.850987945132264E-005
   2.09384164222874      -4.521837605999095E-005
   2.11143695014663      -4.869773534562195E-005
   2.12903225806452      -4.773200580306109E-005
   2.14662756598241      -5.347917030676588E-005
   2.16422287390029      -5.492144480697614E-005
   2.18181818181818      -6.285751341346994E-005
   2.19941348973607      -6.640366808522719E-005
   2.21700879765396      -7.578648895346781E-005
   2.23460410557185      -7.989834566114427E-005
   2.25219941348974      -8.863022550100232E-005
   2.26979472140762      -9.135726935582273E-005
   2.28739002932551      -9.788348314327235E-005
   2.30498533724340      -9.795491064132109E-005
   2.32258064516129      -1.012347149270026E-004
   2.34017595307918      -9.781437347865166E-005
   2.35777126099707      -9.722053974123705E-005
   2.37536656891496      -8.990528915590496E-005
   2.39296187683284      -8.530671000113507E-005
   2.41055718475073      -7.439862097195413E-005
   2.42815249266862      -6.697226670307893E-005
   2.44574780058651      -5.457375476571694E-005
   2.46334310850440      -4.659339874186914E-005
   2.48093841642229      -3.457398711321297E-005
   2.49853372434018      -2.755101202114608E-005
   2.51612903225806      -1.717787082212025E-005
   2.53372434017595      -1.217761955556441E-005
   2.55131964809384      -4.328120542009136E-006
   2.56891495601173      -2.043617698238493E-006
   2.58651026392962       2.794410664413674E-006
   2.60410557184751       2.139981465076476E-006
   2.62170087976540       4.234567400296971E-006
   2.63929618768328       1.586835076465107E-006
   2.65689149560117       2.212356835490786E-006
   2.67448680351906      -1.343614075230287E-006
   2.69208211143695      -1.354677560559958E-006
   2.70967741935484      -5.141931946613671E-006
   2.72727272727273      -5.227393855601149E-006
   2.74486803519062      -8.780712282614088E-006
   2.76246334310850      -8.560931625476692E-006
   2.78005865102639      -1.158807409804090E-005
   2.79765395894428      -1.086400140448271E-005
   2.81524926686217      -1.330299454236235E-005
   2.83284457478006      -1.219260483963414E-005
   2.85043988269795      -1.424937173317399E-005
   2.86803519061584      -1.288836062281461E-005
   2.88563049853372      -1.460824959267278E-005
   2.90322580645161      -1.299062150729487E-005
   2.92082111436950      -1.433853688872982E-005
   2.93841642228739      -1.240615752583454E-005
   2.95601173020528      -1.330810719241330E-005
   2.97360703812317      -1.097146486002570E-005
   2.99120234604106      -1.132617625487124E-005
   3.00879765395894      -8.470853990355457E-006
   3.02639296187683      -8.196938633541984E-006
   3.04398826979472      -4.864808214334757E-006
   3.06158357771261      -4.142914046629642E-006
   3.07917888563050      -5.689537104766814E-007
   3.09677419354839       3.592580569114420E-007
   3.11436950146628       3.933012467985511E-006
   3.13196480938416       4.823413974213146E-006
   3.14956011730205       8.153078546704578E-006
   3.16715542521994       8.759747222473829E-006
   3.18475073313783       1.159908797384927E-005
   3.20234604105572       1.167237608216334E-005
   3.21994134897361       1.379435925742556E-005
   3.23753665689150       1.322562911904537E-005
   3.25513196480938       1.470644885605660E-005
   3.27272727272727       1.367482411082809E-005
   3.29032258064516       1.471367776381206E-005
   3.30791788856305       1.342237922017789E-005
   3.32551319648094       1.422784099084444E-005
   3.34310850439883       1.288871313546851E-005
   3.36070381231672       1.367794734794603E-005
   3.37829912023460       1.251214693713314E-005
   3.39589442815249       1.351323833019654E-005
   3.41348973607038       1.275019759601635E-005
   3.43108504398827       1.413251889063706E-005
   3.44868035190616       1.379004441564286E-005
   3.46627565982405       1.544589548703018E-005
   3.48387096774194       1.537609342956119E-005
   3.50146627565982       1.715288607194456E-005
   3.51906158357771       1.719905655638899E-005
   3.53665689149560       1.893865095866606E-005
   3.55425219941349       1.894015817135838E-005
   3.57184750733138       2.048166878003274E-005
   3.58944281524927       2.027627273411582E-005
   3.60703812316716       2.145978514370529E-005
   3.62463343108504       2.092617377763749E-005
   3.64222873900293       2.174952415208536E-005
   3.65982404692082       2.101066516518542E-005
   3.67741935483871       2.164319224167146E-005
   3.69501466275660       2.086582958197164E-005
   3.71260997067449       2.147131265806453E-005
   3.73020527859238       2.081498280596029E-005
   3.74780058651026       2.155037008422798E-005
   3.76539589442815       2.116780760877017E-005
   3.78299120234604       2.218290306745650E-005
   3.80058651026393       2.221888521785238E-005
   3.81818181818182       2.364225669412652E-005
   3.83577712609971       2.415502691160712E-005
   3.85337243401760       2.594079844523359E-005
   3.87096774193548       2.682487089562746E-005
   3.88856304985337       2.885845800758545E-005
   3.90615835777126       2.999606865510410E-005
   3.92375366568915       3.215680912396108E-005
   3.94134897360704       3.342160950727166E-005
   3.95894428152493       3.557733197859132E-005
   3.97653958944282       3.682717239921526E-005
   3.99413489736070       3.882298836022572E-005
   4.01173020527859       3.987652872070172E-005
   4.02932551319648       4.149650814936874E-005
   4.04692082111437       4.213727887438847E-005
   4.06451612903226       4.321630415774859E-005
   4.08211143695015       4.333199028502118E-005
   4.09970674486804       4.379247341458104E-005
   4.11730205278592       4.333072502527139E-005
   4.13489736070381       4.314488866073474E-005
   4.15249266862170       4.210110832479473E-005
   4.17008797653959       4.129089868899635E-005
   4.18768328445748       3.971676589202254E-005
   4.20527859237537       3.837825642173990E-005
   4.22287390029326       3.644573157422605E-005
   4.24046920821114       3.483075028747372E-005
   4.25806451612903       3.279263057549612E-005
   4.27565982404692       3.109350517833502E-005
   4.29325513196481       2.909151853668197E-005
   4.31085043988270       2.742017471415416E-005
   4.32844574780059       2.554148397850099E-005
   4.34604105571848       2.396510682542561E-005
   4.36363636363636       2.225682899953686E-005
   4.38123167155425       2.080337301956316E-005
   4.39882697947214       1.927023130858691E-005
   4.41642228739003       1.791381427876973E-005
   4.43401759530792       1.650128331596056E-005
   4.45161290322581       1.519781467999034E-005
   4.46920821114370       1.389801897044645E-005
   4.48680351906158       1.266578484580628E-005
   4.50439882697947       1.150824885522433E-005
   4.52199413489736       1.038481211757602E-005
   4.53958944281525       9.411766836588752E-006
   4.55718475073314       8.444159346735172E-006
   4.57478005865103       7.705485068854968E-006
   4.59237536656892       6.947365292520796E-006
   4.60997067448680       6.498387796326194E-006
   4.62756598240469       5.988092074055559E-006
   4.64516129032258       5.812739861882478E-006
   4.66275659824047       5.481396713807686E-006
   4.68035190615836       5.490894216767976E-006
   4.69794721407625       5.248720690409945E-006
   4.71554252199414       5.352022614886497E-006
   4.73313782991202       5.108001829362120E-006
   4.75073313782991       5.212874916993888E-006
   4.76832844574780       4.874648482073290E-006
   4.78592375366569       4.887159775444521E-006
   4.80351906158358       4.359908571244782E-006
   4.82111436950147       4.193167792520171E-006
   4.83870967741935       3.435533393622115E-006
   4.85630498533724       3.113269409347387E-006
   4.87390029325513       2.184896924346650E-006
   4.89149560117302       1.772115958180154E-006
   4.90909090909091       7.400775343413129E-007
   4.92668621700880       3.042966221062128E-007
   4.94428152492669      -7.626023556113748E-007
   4.96187683284458      -1.152772753228743E-006
   4.97947214076246      -2.185383068049342E-006
   4.99706744868035      -2.462139158395224E-006
   5.01466275659824      -3.399565498441025E-006
   5.03225806451613      -3.547234995180727E-006
   5.04985337243402      -4.451080551365533E-006
   5.06744868035191      -4.579221145150518E-006
   5.08504398826980      -5.561819999805987E-006
   5.10263929618768      -5.776156447754442E-006
   5.12023460410557      -6.935936688800909E-006
   5.13782991202346      -7.328408906371008E-006
   5.15542521994135      -8.748749376652318E-006
   5.17302052785924      -9.393507150211281E-006
   5.19061583577713      -1.113511469928140E-005
   5.20821114369502      -1.207034161940047E-005
   5.22580645161290      -1.410064979572910E-005
   5.24340175953079      -1.517503086583942E-005
   5.26099706744868      -1.726637525234257E-005
   5.27859237536657      -1.825962436232163E-005
   5.29618768328446      -2.022011997791113E-005
   5.31378299120235      -2.096248884776840E-005
   5.33137829912024      -2.264102753185636E-005
   5.34897360703812      -2.300064141168279E-005
   5.36656891495601      -2.428449370991424E-005
   5.38416422287390      -2.417210645725668E-005
   5.40175953079179      -2.500239397882359E-005
   5.41935483870968      -2.442692894477781E-005
   5.43695014662757      -2.494290362227588E-005
   5.45454545454546      -2.415330114762306E-005
   5.47214076246334      -2.460777278882811E-005
   5.48973607038123      -2.381858302588290E-005
   5.50733137829912      -2.439686677329017E-005
   5.52492668621701      -2.377131522846798E-005
   5.54252199413490      -2.461604844288535E-005
   5.56011730205279      -2.427781629796407E-005
   5.57771260997067      -2.549120268781349E-005
   5.59530791788856      -2.551844786702303E-005
   5.61290322580645      -2.713648946719079E-005
   5.63049853372434      -2.747408370349863E-005
   5.64809384164223      -2.933602696761300E-005
   5.66568914956012      -2.979142019461178E-005
   5.68328445747801      -3.172916088768508E-005
   5.70087976539589      -3.216003107164273E-005
   5.71847507331378      -3.404762152088293E-005
   5.73607038123167      -3.434241876775176E-005
   5.75366568914956      -3.607999957612731E-005
   5.77126099706745      -3.615119554141395E-005
   5.78885630498534      -3.766287421712917E-005
   5.80645161290323      -3.745035401840066E-005
   5.82404692082111      -3.870228624868828E-005
   5.84164222873900      -3.820846778205482E-005
   5.85923753665689      -3.922153996018396E-005
   5.87683284457478      -3.846428829042584E-005
   5.89442815249267      -3.924933185496707E-005
   5.91202346041056      -3.823771383769496E-005
   5.92961876832845      -3.880267373324146E-005
   5.94721407624634      -3.754607197985553E-005
   5.96480938416422      -3.790183950133121E-005
   5.98240469208211      -3.641541290688441E-005
   6.00000000000000      -3.658291239717571E-005
   6.01759530791789      -3.490396144386692E-005
   6.03519061583578      -3.495303822373443E-005
   6.05278592375367      -3.317955344613278E-005
   6.07038123167156      -3.320595107348416E-005
   6.08797653958944      -3.142008923747399E-005
   6.10557184750733      -3.149452144087754E-005
   6.12316715542522      -2.975886981143403E-005
   6.14076246334311      -2.993558736796117E-005
   6.15835777126100      -2.829737841746118E-005
   6.17595307917889      -2.861503620177400E-005
   6.19354838709677      -2.710427475921895E-005
   6.21114369501466      -2.757771093211780E-005
   6.22873900293255      -2.617580631716600E-005
   6.24633431085044      -2.674114752488323E-005
   6.26392961876833      -2.536477489674396E-005
   6.28152492668622      -2.594443030262898E-005
   6.29912023460411      -2.452573635698485E-005
   6.31671554252199      -2.505726063710334E-005
   6.33431085043988      -2.353920516809753E-005
   6.35190615835777      -2.396932379635792E-005
   6.36950146627566      -2.230344369956441E-005
   6.38709677419355      -2.258776625049823E-005
   6.40469208211144      -2.073642553578250E-005
   6.42228739002933      -2.085342556721228E-005
   6.43988269794721      -1.883078445807756E-005
   6.45747800586510      -1.882580317877360E-005
   6.47507331378299      -1.668427444383145E-005
   6.49266862170088      -1.660405551993523E-005
   6.51026392961877      -1.438715013776917E-005
   6.52785923753666      -1.427174668667526E-005
   6.54545454545455      -1.201766902100627E-005
   6.56304985337243      -1.190257645362186E-005
   6.58064516129032      -9.645314311089249E-006
   6.59824046920821      -9.561852718816509E-006
   6.61583577712610      -7.329182551703396E-006
   6.63343108504399      -7.290667328382194E-006
   6.65102639296188      -5.074875876740995E-006
   6.66862170087977      -5.060180636475284E-006
   6.68621700879765      -2.838519637691429E-006
   6.70381231671554      -2.824261280350361E-006
   6.72140762463343      -5.735360138661178E-007
   6.73900293255132      -5.354865907034878E-007
   6.75659824046921       1.768577869945774E-006
   6.77419354838710       1.855921223759258E-006
   6.79178885630499       4.239089785227527E-006
   6.80938416422287       4.402792738053256E-006
   6.82697947214076       6.886487239203863E-006
   6.84457478005865       7.131954678712419E-006
   6.86217008797654       9.704036339936765E-006
   6.87976539589443       1.001349588245595E-005
   6.89736070381232       1.265548826246765E-005
   6.91495601173021       1.301127620706810E-005
   6.93255131964809       1.570537360118933E-005
   6.95014662756598       1.609070246630301E-005
   6.96774193548387       1.882015824288075E-005
   6.98533724340176       1.921948795594923E-005
   7.00293255131965       2.196907640860133E-005
   7.02052785923754       2.236921708882864E-005
   7.03812316715543       2.512791431148365E-005
   7.05571847507331       2.552090956938494E-005
   7.07331378299120       2.828117693342824E-005
   7.09090909090909       2.866024931007980E-005
   7.10850439882698       3.141520310681854E-005
   7.12609970674487       3.177456858569645E-005
   7.14369501466276       3.451862604460859E-005
   7.16129032258065       3.485409525085235E-005
   7.17888563049853       3.758362858559601E-005
   7.19648093841642       3.789347862955091E-005
   7.21407624633431       4.060822073454726E-005
   7.23167155425220       4.089375437573379E-005
   7.24926686217009       4.359198931781233E-005
   7.26686217008798       4.384802121170231E-005
   7.28445747800587       4.652203749462894E-005
   7.30205278592375       4.674095136695015E-005
   7.31964809384164       4.938270569989405E-005
   7.33724340175953       4.955736322514607E-005
   7.35483870967742       5.215986978145866E-005
   7.37243401759531       5.228477331248390E-005
   7.39002932551320       5.484339897068288E-005
   7.40762463343109       5.491663720576564E-005
   7.42521994134897       5.743097324246922E-005
   7.44281524926686       5.745028878558308E-005
   7.46041055718475       5.991101004462652E-005
   7.47800586510264       5.986275864135265E-005
   7.49560117302053       6.225422676907118E-005
   7.51319648093842       6.212299452683061E-005
   7.53079178885631       6.442958536398323E-005
   7.54838709677419       6.420111503318693E-005
   7.56598240469208       6.640956923284572E-005
   7.58357771260997       6.607355212214885E-005
   7.60117302052786       6.817730304418792E-005
   7.61876832844575       6.773889875589727E-005
   7.63636363636364       6.976619324550148E-005
   7.65395894428153       6.927369182179469E-005
   7.67155425219941       7.127160630315826E-005
   7.68914956011730       7.076345120451205E-005
   7.70674486803519       7.276298744504455E-005
   7.72434017595308       7.226508098138382E-005
   7.74193548387097       7.428674091974961E-005
   7.75953079178886       7.381539665736556E-005
   7.77712609970675       7.587028481330180E-005
   7.79472140762463       7.543194179753832E-005
   7.81231671554252       7.751886745375944E-005
   7.82991202346041       7.710103030023463E-005
   7.84750733137830       7.919615117368126E-005
   7.86510263929619       7.877352100329771E-005
   7.88269794721408       8.085420408175384E-005
   7.90029325513197       8.040668391017397E-005
   7.91788856304985       8.245316449801698E-005
   7.93548387096774       8.196174819838652E-005
   7.95307917888563       8.395451021792000E-005
   7.97067448680352       8.339985256970252E-005
   7.98826979472141       8.531855769893606E-005
   8.00586510263930       8.467987945391882E-005
   8.02346041055718       8.650295764872123E-005
   8.04105571847507       8.576218121705849E-005
   8.05865102639296       8.747676082495152E-005
   8.07624633431085       8.662524290232253E-005
   8.09384164222874       8.822350804878971E-005
   8.11143695014663       8.725464352804974E-005
   8.12903225806452       8.873026798609282E-005
   8.14662756598241       8.763902441968662E-005
   8.16422287390029       8.898761746036870E-005
   8.18181818181818       8.777167410317463E-005
   8.19941348973607       8.899316707381314E-005
   8.21700879765396       8.766065867151082E-005
   8.23460410557185       8.878268090159730E-005
   8.25219941348974       8.738220035306889E-005
   8.26979472140763       8.845583181945374E-005
   8.28739002932551       8.703131978472573E-005
   8.30498533724340       8.809308314850495E-005
   8.32258064516129       8.667548143680867E-005
   8.34017595307918       8.775010403992393E-005
   8.35777126099707       8.635859907844853E-005
   8.37536656891496       8.745820642003479E-005
   8.39296187683285       8.609747947733736E-005
   8.41055718475073       8.721441177303069E-005
   8.42815249266862       8.585814016369225E-005
   8.44574780058651       8.695132139271817E-005
   8.46334310850440       8.556229691139843E-005
   8.48093841642229       8.660518893807527E-005
   8.49853372434018       8.516414378412894E-005
   8.51612903225807       8.614057088336936E-005
   8.53372434017595       8.463385848131218E-005
   8.55131964809384       8.553086380825130E-005
   8.56891495601173       8.394618608070258E-005
   8.58651026392962       8.475040176917488E-005
   8.60410557184751       8.307256007574137E-005
   8.62170087976540       8.376286257462246E-005
   8.63929618768329       8.196498658196592E-005
   8.65689149560117       8.251523762514617E-005
   8.67448680351906       8.057882485076676E-005
   8.69208211143695       8.097610180270965E-005
   8.70967741935484       7.889241885480325E-005
   8.72727272727273       7.913061021112673E-005
   8.74486803519062       7.689645467870249E-005
   8.76246334310851       7.697425745614727E-005
   8.78005865102639       7.459089450480317E-005
   8.79765395894428       7.451150792567924E-005
   8.81524926686217       7.198640510585336E-005
   8.83284457478006       7.176673340760523E-005
   8.85043988269795       6.912970119090835E-005
   8.86803519061584       6.880451813631219E-005
   8.88563049853373       6.608950618452409E-005
   8.90322580645161       6.569040552085889E-005
   8.92082111436950       6.292757504359560E-005
   8.93841642228739       6.248241121218001E-005
   8.95601173020528       5.969766816095865E-005
   8.97360703812317       5.922899833632500E-005
   8.99120234604106       5.644115535681104E-005
   9.00879765395895       5.595990844570648E-005
   9.02639296187683       5.316176051304609E-005
   9.04398826979472       5.263578259952402E-005
   9.06158357771261       4.978614524380570E-005
   9.07917888563050       4.918144278175656E-005
   9.09677419354839       4.625551591685968E-005
   9.11436950146628       4.555285783820618E-005
   9.13196480938416       4.253650766105785E-005
   9.14956011730205       4.172543464531738E-005
   9.16715542521994       3.861206617381005E-005
   9.18475073313783       3.768882136721227E-005
   9.20234604105572       3.447783953828910E-005
   9.21994134897361       3.344282526300623E-005
   9.23753665689150       3.013201196313654E-005
   9.25513196480938       2.897792865194662E-005
   9.27272727272727       2.555962544220658E-005
   9.29032258064516       2.428117484498551E-005
   9.30791788856305       2.075335836965105E-005
   9.32551319648094       1.935113018429559E-005
   9.34310850439883       1.571763191576640E-005
   9.36070381231672       1.419817346289084E-005
   9.37829912023460       1.046903133577742E-005
   9.39589442815249       8.845588138578511E-006
   9.41348973607038       5.038315863360843E-006
   9.43108504398827       3.328907880080972E-006
   9.44868035190616      -5.443920979207595E-007
   9.46627565982405      -2.335023425669158E-006
   9.48387096774194      -6.271218175274360E-006
   9.50146627565982      -8.139093519952220E-006
   9.51906158357771      -1.213209945399467E-005
   9.53665689149560      -1.406912447332576E-005
   9.55425219941349      -1.810784099164203E-005
   9.57184750733138      -2.009985833185512E-005
   9.58944281524927      -2.416571965705069E-005
   9.60703812316716      -2.618827916363086E-005
   9.62463343108504      -3.024814250056716E-005
   9.64222873900293      -3.226498779117800E-005
   9.65982404692082      -3.628959421728893E-005
   9.67741935483871      -3.828117878189684E-005
   9.69501466275660      -4.225550590884193E-005
   9.71260997067449      -4.420928111895012E-005
   9.73020527859238      -4.812189580351133E-005
   9.74780058651026      -5.002744028290032E-005
   9.76539589442815      -5.386810141740679E-005
   9.78299120234604      -5.571557271292696E-005
   9.80058651026393      -5.947426580972315E-005
   9.81818181818182      -6.125592137102381E-005
   9.83577712609971      -6.493489616726325E-005
   9.85337243401760      -6.666808394116616E-005
   9.87096774193548      -7.029105144190210E-005
   9.88856304985337      -7.199820635830970E-005
   9.90615835777126      -7.558449151431150E-005
   9.92375366568915      -7.728197995271664E-005
   9.94134897360704      -8.084406238156819E-005
   9.95894428152493      -8.254018675083828E-005
   9.97653958944282      -8.608056171594028E-005
   9.99413489736071      -8.777053435680277E-005
   10.0117302052786      -9.127098734878289E-005
   10.0293255131965      -9.291372308815212E-005
   10.0469208211144      -9.631639391537797E-005
   10.0645161290323      -9.786068996774227E-005
   10.0821114369501      -1.011299748218824E-004
   10.0997067448680      -1.025510105943182E-004
   10.1173020527859      -1.056685853375820E-004
   10.1348973607038      -1.069532567740624E-004
   10.1524926686217      -1.099097931602764E-004
   10.1700879765396      -1.110520852623215E-004
   10.1876832844575      -1.138438519868181E-004
   10.2052785923754      -1.148417558844199E-004
   10.2228739002933      -1.174661117152068E-004
   10.2404692082111      -1.183147911045022E-004
   10.2580645161290      -1.207663632587194E-004
   10.2756598240469      -1.214635701318791E-004
   10.2932551319648      -1.237433930083900E-004
   10.3108504398827      -1.242929444395695E-004
   10.3284457478006      -1.264069136162638E-004
   10.3460410557185      -1.268166951924873E-004
   10.3636363636364      -1.287741002324547E-004
   10.3812316715543      -1.290546578753897E-004
   10.3988269794721      -1.308664593239870E-004
   10.4164222873900      -1.310273487729038E-004
   10.4340175953079      -1.326968427124448E-004
   10.4516129032258      -1.327353085549819E-004
   10.4692082111437      -1.342602191386227E-004
   10.4868035190616      -1.341785022340840E-004
   10.5043988269795      -1.355649072035889E-004
   10.5219941348974      -1.353725603178495E-004
   10.5395894428153      -1.366330195223370E-004
   10.5571847507331      -1.363456828059780E-004
   10.5747800586510      -1.374987045135016E-004
   10.5923753665689      -1.371380207455080E-004
   10.6099706744868      -1.382084397710431E-004
   10.6275659824047      -1.377992644335339E-004
   10.6451612903226      -1.388039819172764E-004
   10.6627565982405      -1.383537256232776E-004
   10.6803519061584      -1.392966750414887E-004
   10.6979472140762      -1.388099672864183E-004
   10.7155425219941      -1.396968844954146E-004
   10.7331378299120      -1.391808494421325E-004
   10.7507331378299      -1.400202143527075E-004
   10.7683284457478      -1.394848413308058E-004
   10.7859237536657      -1.402880373776382E-004
   10.8035190615836      -1.397460679637100E-004
   10.8211143695015      -1.405239466226273E-004
   10.8387096774194      -1.399756256056514E-004
   10.8563049853372      -1.407148758394016E-004
   10.8739002932551      -1.401425585459615E-004
   10.8914956011730      -1.408279844637258E-004
   10.9090909090909      -1.402196166678237E-004
   10.9266862170088      -1.408423202198500E-004
   10.9442815249267      -1.401923987061730E-004
   10.9618768328446      -1.407505304991019E-004
   10.9794721407625      -1.400614251683097E-004
   10.9970674486804      -1.405624270367405E-004
   11.0146627565982      -1.398485212500448E-004
   11.0322580645161      -1.403111869416204E-004
   11.0498533724340      -1.395850575133969E-004
   11.0674486803519      -1.400108782604240E-004
   11.0850439882698      -1.392683461518984E-004
   11.1026392961877      -1.396520220417496E-004
   11.1202346041056      -1.388881077002373E-004
   11.1378299120235      -1.392258986928108E-004
   11.1554252199413      -1.384388240756769E-004
   11.1730205278592      -1.387318724431149E-004
   11.1906158357771      -1.379268093642314E-004
   11.2082111436950      -1.381872342355630E-004
   11.2258064516129      -1.373883531348960E-004
   11.2434017595308      -1.376501719844002E-004
   11.2609970674487      -1.368885199620577E-004
   11.2785923753666      -1.371733173861097E-004
   11.2961876832845      -1.364641532431756E-004
   11.3137829912023      -1.367839133274235E-004
   11.3313782991202      -1.361370043072064E-004
   11.3489736070381      -1.365002897032752E-004
   11.3665689149560      -1.359235551158122E-004
   11.3841642228739      -1.363385344792373E-004
   11.4017595307918      -1.358413247256120E-004
   11.4193548387097      -1.363206890110779E-004
   11.4369501466276      -1.359187434142789E-004
   11.4545454545455      -1.364759172188489E-004
   11.4721407624633      -1.361763422998860E-004
   11.4897360703812      -1.368140630239959E-004
   11.5073313782991      -1.366170358232830E-004
   11.5249266862170      -1.373339209315258E-004
   11.5425219941349      -1.372368672870192E-004
   11.5601173020528      -1.380297995816838E-004
   11.5777126099707      -1.380293247926284E-004
   11.5953079178886      -1.388954134325445E-004
   11.6129032258065      -1.389901592051783E-004
   11.6304985337243      -1.399316900488900E-004
   11.6480938416422      -1.401261632717244E-004
   11.6656891495601      -1.411463048992175E-004
   11.6832844574780      -1.414409068318522E-004
   11.7008797653959      -1.425387319849313E-004
   11.7184750733138      -1.429318465810766E-004
   11.7360703812317      -1.441059804426202E-004
   11.7536656891496      -1.445968445142960E-004
   11.7712609970675      -1.458483066528290E-004
   11.7888563049853      -1.464406403406002E-004
   11.8064516129032      -1.477792674233449E-004
   11.8240469208211      -1.484983398023847E-004
   11.8416422287390      -1.499719113355921E-004
   11.8592375366569      -1.508739687440507E-004
   11.8768328445748      -1.525298542166455E-004
   11.8944281524927      -1.536512161945065E-004
   11.9120234604106      -1.555183856382643E-004
   11.9296187683284      -1.568815366908555E-004
   11.9472140762463      -1.589771037137191E-004
   11.9648093841642      -1.605937077833753E-004
   11.9824046920821      -1.629243079429335E-004
   12.0000000000000      -1.647951165984230E-004
   12.0175953079179      -1.673540162685262E-004
   12.0351906158358      -1.694624452577294E-004
   12.0527859237537      -1.722281668906368E-004
   12.0703812316716      -1.745541624864209E-004
   12.0879765395894      -1.775093502848590E-004
   12.1055718475073      -1.800362779055078E-004
   12.1231671554252      -1.831649393818881E-004
   12.1407624633431      -1.858768524413309E-004
   12.1583577712610      -1.891636816807976E-004
   12.1759530791789      -1.920458234722223E-004
   12.1935483870968      -1.954778444753064E-004
   12.2111436950147      -1.985213961196989E-004
   12.2287390029326      -2.021044395274300E-004
   12.2463343108504      -2.053348175042489E-004
   12.2639296187683      -2.091017365793896E-004
   12.2815249266862      -2.125453175275036E-004
   12.2991202346041      -2.165151691986741E-004
   12.3167155425220      -2.201848376593446E-004
   12.3343108504399      -2.243655118003395E-004
   12.3519061583578      -2.282639217941334E-004
   12.3695014662757      -2.326535347960806E-004
   12.3870967741935      -2.367736409093421E-004
   12.4046920821114      -2.413602699168999E-004
   12.4222873900293      -2.456873306095991E-004
   12.4398826979472      -2.504641291147810E-004
   12.4574780058651      -2.550046155038196E-004
   12.4750733137830      -2.599842898130010E-004
   12.4926686217009      -2.647486206156495E-004
   12.5102639296188      -2.699384251881237E-004
   12.5278592375367      -2.749296012782889E-004
   12.5454545454545      -2.803285190682070E-004
   12.5630498533724      -2.855403833636251E-004
   12.5806451612903      -2.911371635018918E-004
   12.5982404692082      -2.965517259776299E-004
   12.6158357771261      -3.023216864449981E-004
   12.6334310850440      -3.079157788013982E-004
   12.6510263929619      -3.138531429582920E-004
   12.6686217008798      -3.196360884235562E-004
   12.6862170087977      -3.257535114175517E-004
   12.7038123167155      -3.317347901507715E-004
   12.7214076246334      -3.380377435974513E-004
   12.7390029325513      -3.442167026975767E-004
   12.7565982404692      -3.506977672258372E-004
   12.7741935483871      -3.570573920527338E-004
   12.7917888563050      -3.636878871293138E-004
   12.8093841642229      -3.701793040588063E-004
   12.8269794721408      -3.768785838229621E-004
   12.8445747800587      -3.833985737015455E-004
   12.8621700879765      -3.900752754785145E-004
   12.8797653958944      -3.965567053439309E-004
   12.8973607038123      -4.031589266165367E-004
   12.9149560117302      -4.095568770544015E-004
   12.9325513196481      -4.160443853292920E-004
   12.9501466275660      -4.223198473281200E-004
   12.9677419354839      -4.286534236724638E-004
   12.9853372434018      -4.347631955764293E-004
   13.0029325513196      -4.408914757931182E-004
   13.0205278592375      -4.467615484865149E-004
   13.0381231671554      -4.525785318634424E-004
   13.0557184750733      -4.580926789385676E-004
   13.0733137829912      -4.635031617654603E-004
   13.0909090909091      -4.685877589415537E-004
   13.1085043988270      -4.735328314485924E-004
   13.1260997067449      -4.781393654963458E-004
   13.1436950146628      -4.825796407323700E-004
   13.1612903225806      -4.866753331449156E-004
   13.1788856304985      -4.905840484033544E-004
   13.1964809384164      -4.941453725729996E-004
   13.2140762463343      -4.974982942544445E-004
   13.2316715542522      -5.004873723261638E-004
   13.2492668621701      -5.032322720404908E-004
   13.2668621700880      -5.055985710114163E-004
   13.2844574780059      -5.076992129820703E-004
   13.3020527859238      -5.094189506312481E-004
   13.3196480938416      -5.108632510380920E-004
   13.3372434017595      -5.119342582615559E-004
   13.3548387096774      -5.127308275708140E-004
   13.3724340175953      -5.131715221256438E-004
   13.3900293255132      -5.133502725575009E-004
   13.4076246334311      -5.132027822573740E-004
   13.4252199413490      -5.128176946519678E-004
   13.4428152492669      -5.121330707281200E-004
   13.4604105571848      -5.112214129370815E-004
   13.4780058651026      -5.100277214576430E-004
   13.4956011730205      -5.086192348693937E-004
   13.5131964809384      -5.069497938186943E-004
   13.5307917888563      -5.050838524271705E-004
   13.5483870967742      -5.029840282657627E-004
   13.5659824046921      -5.007144095842504E-004
   13.5835777126100      -4.982467926943581E-004
   13.6011730205279      -4.956490595450084E-004
   13.6187683284457      -4.929040342760155E-004
   13.6363636363636      -4.900711797577884E-004
   13.6539589442815      -4.871152754184488E-004
   13.6715542521994      -4.840861606157425E-004
   13.6891495601173      -4.809469745508032E-004
   13.7067448680352      -4.777482303283158E-004
   13.7243401759531      -4.744529449402546E-004
   13.7419354838710      -4.711158915559237E-004
   13.7595307917889      -4.677005060332507E-004
   13.7771260997067      -4.642698237239217E-004
   13.7947214076246      -4.607897856131018E-004
   13.8123167155425      -4.573418062925283E-004
   13.8299120234604      -4.538957619836416E-004
   13.8475073313783      -4.505239906386493E-004
   13.8651026392962      -4.471681929729176E-004
   13.8826979472141      -4.438984588673993E-004
   13.9002932551320      -4.406426264992436E-004
   13.9178885630499      -4.374765224331546E-004
   13.9354838709677      -4.343156011753674E-004
   13.9530791788856      -4.312452567328311E-004
   13.9706744868035      -4.281691388807047E-004
   13.9882697947214      -4.251861942564336E-004
   14.0058651026393      -4.221914682832081E-004
   14.0234604105572      -4.193097856593182E-004
   14.0410557184751      -4.164284200436201E-004
   14.0586510263930      -4.136785879307445E-004
   14.0762463343109      -4.109199855691838E-004
   14.0938416422287      -4.082944935521450E-004
   14.1114369501466      -4.056381665935145E-004
   14.1290322580645      -4.031073272274399E-004
   14.1466275659824      -4.005140685470857E-004
   14.1642228739003      -3.980316890466619E-004
   14.1818181818182      -3.954472142099244E-004
   14.1994134897361      -3.929531132587489E-004
   14.2170087976540      -3.903143273696681E-004
   14.2346041055718      -3.877680805539346E-004
   14.2521994134897      -3.850754314146038E-004
   14.2697947214076      -3.825016654967203E-004
   14.2873900293255      -3.797775942882375E-004
   14.3049853372434      -3.771930905059951E-004
   14.3225806451613      -3.744466529812051E-004
   14.3401759530792      -3.718542597058881E-004
   14.3577712609971      -3.690796174593623E-004
   14.3753665689150      -3.664657079104622E-004
   14.3929618768328      -3.636378604193755E-004
   14.4105571847507      -3.609638287695789E-004
   14.4281524926686      -3.580322911225021E-004
   14.4457478005865      -3.552632722121743E-004
   14.4633431085044      -3.522248754558353E-004
   14.4809384164223      -3.493802011535084E-004
   14.4985337243402      -3.462603448297899E-004
   14.5161290322581      -3.433692417433042E-004
   14.5337243401760      -3.401970880053756E-004
   14.5513196480938      -3.372894390924712E-004
   14.5689149560117      -3.340922058928142E-004
   14.5865102639296      -3.311933472502113E-004
   14.6041055718475      -3.279896871312837E-004
   14.6217008797654      -3.251086720374402E-004
   14.6392961876833      -3.218960135093407E-004
   14.6568914956012      -3.190339674093570E-004
   14.6744868035191      -3.158240829211362E-004
   14.6920821114370      -3.130025375975232E-004
   14.7096774193548      -3.098203379271660E-004
   14.7272727272727      -3.070683903070664E-004
   14.7448680351906      -3.039434678735512E-004
   14.7624633431085      -3.012926520347105E-004
   14.7800586510264      -2.982546339179998E-004
   14.7976539589443      -2.957332600757282E-004
   14.8152492668622      -2.928002266593236E-004
   14.8328445747801      -2.904064499097752E-004
   14.8504398826979      -2.875577402830912E-004
   14.8680351906158      -2.852768255220598E-004
   14.8856304985337      -2.825112050285431E-004
   14.9032258064516      -2.803554992669034E-004
   14.9208211143695      -2.776940620509100E-004
   14.9384164222874      -2.756955182463760E-004
   14.9560117302053      -2.731782188263020E-004
   14.9736070381232      -2.713881740792886E-004
   14.9912023460411      -2.690760009675648E-004
   15.0087976539589      -2.675721949313161E-004
   15.0263929618768      -2.655764689036630E-004
   15.0439882697947      -2.645280013877933E-004
   15.0615835777126      -2.630562290314491E-004
   15.0791788856305      -2.626800381202595E-004
   15.0967741935484      -2.619473880872530E-004
   15.1143695014663      -2.624643072724389E-004
   15.1319648093842      -2.626970784579242E-004
   15.1495601173021      -2.643456696564958E-004
   15.1671554252199      -2.657958499180768E-004
   15.1847507331378      -2.688521893356768E-004
   15.2023460410557      -2.718320307350248E-004
   15.2199413489736      -2.766545436167366E-004
   15.2375366568915      -2.814546230022490E-004
   15.2551319648094      -2.880987706599314E-004
   15.2727272727273      -2.945483389476459E-004
   15.2903225806452      -3.027366743658624E-004
   15.3079178885631      -3.104920468398962E-004
   15.3255131964809      -3.198271801321491E-004
   15.3431085043988      -3.284361367195158E-004
   15.3607038123167      -3.384132689865178E-004
   15.3782991202346      -3.473077524821544E-004
   15.3958944281525      -3.572860280407456E-004
   15.4134897360704      -3.657139591315920E-004
   15.4310850439883      -3.748798620543519E-004
   15.4486803519062      -3.821760824310648E-004
   15.4662756598240      -3.901321295052538E-004
   15.4838709677419      -3.960621711657854E-004
   15.5014662756598      -4.026474975996756E-004
   15.5190615835777      -4.070930420258096E-004
   15.5366568914956      -4.122251007776174E-004
   15.5542521994135      -4.151277092313444E-004
   15.5718475073314      -4.187717761776901E-004
   15.5894428152493      -4.201116907926143E-004
   15.6070381231672      -4.222641035005299E-004
   15.6246334310850      -4.220877007714629E-004
   15.6422287390029      -4.229515953809964E-004
   15.6598240469208      -4.216420508982844E-004
   15.6774193548387      -4.216945188446117E-004
   15.6950146627566      -4.197523552530515E-004
   15.7126099706745      -4.195155560411126E-004
   15.7302052785924      -4.174779524701113E-004
   15.7478005865103      -4.175091784720856E-004
   15.7653958944282      -4.159478769169350E-004
   15.7829912023460      -4.168398071423559E-004
   15.8005865102639      -4.163642758020035E-004
   15.8181818181818      -4.187118130572699E-004
   15.8357771260997      -4.197021783290719E-004
   15.8533724340176      -4.235180371888818E-004
   15.8709677419355      -4.257617405795476E-004
   15.8885630498534      -4.308054632976081E-004
   15.9061583577713      -4.340677775472935E-004
   15.9237536656892      -4.401201204771977E-004
   15.9413489736070      -4.441928928838973E-004
   15.9589442815249      -4.510666265932336E-004
   15.9765395894428      -4.557802230983790E-004
   15.9941348973607      -4.633364548646466E-004
   16.0117302052786      -4.685894100550843E-004
   16.0293255131965      -4.767759902344865E-004
   16.0469208211144      -4.825074312862159E-004
   16.0645161290323      -4.912107072571144E-004
   16.0821114369501      -4.972566544693769E-004
   16.0997067448680      -5.063003292400717E-004
   16.1173020527859      -5.124760577966749E-004
   16.1348973607038      -5.216828650459896E-004
   16.1524926686217      -5.278157498177091E-004
   16.1700879765396      -5.370346662319650E-004
   16.1876832844575      -5.429958888120347E-004
   16.2052785923754      -5.521539268279716E-004
   16.2228739002933      -5.579741583032925E-004
   16.2404692082111      -5.672324414065556E-004
   16.2580645161290      -5.730736354364698E-004
   16.2756598240469      -5.824975329353796E-004
   16.2932551319648      -5.883287406070523E-004
   16.3108504398827      -5.978342922631209E-004
   16.3284457478006      -6.035178308107192E-004
   16.3460410557185      -6.129332207250554E-004
   16.3636363636364      -6.182543094550762E-004
   16.3812316715543      -6.273377917074094E-004
   16.3988269794721      -6.320159240702423E-004
   16.4164222873900      -6.404823673801878E-004
   16.4340175953079      -6.443257266165634E-004
   16.4516129032258      -6.521933155910122E-004
   16.4692082111437      -6.553306824447380E-004
   16.4868035190616      -6.627325995684239E-004
   16.5043988269795      -6.652555399843461E-004
   16.5219941348974      -6.722562514300138E-004
   16.5395894428153      -6.741812259139300E-004
   16.5571847507331      -6.807620292637182E-004
   16.5747800586510      -6.820076260043128E-004
   16.5923753665689      -6.880293136091697E-004
   16.6099706744868      -6.883341016566828E-004
   16.6275659824047      -6.933445434102401E-004
   16.6451612903226      -6.920795703689557E-004
   16.6627565982405      -6.954999760662768E-004
   16.6803519061584      -6.922251065608219E-004
   16.6979472140762      -6.937426037912446E-004
   16.7155425219941      -6.882160831341691E-004
   16.7331378299120      -6.876798478632595E-004
   16.7507331378299      -6.798198049544027E-004
   16.7683284457478      -6.772598567967069E-004
   16.7859237536657      -6.672134340254965E-004
   16.8035190615836      -6.630154351562401E-004
   16.8211143695015      -6.517890048035460E-004
   16.8387096774194      -6.482079743290097E-004
   16.8563049853372      -6.389094124551036E-004
   16.8739002932551      -6.388734978187980E-004
   16.8914956011730      -6.338386254125795E-004
   16.9090909090909      -6.392170987421810E-004
   16.9266862170088      -6.398241759013260E-004
   16.9442815249267      -6.515095696948800E-004
   16.9618768328446      -6.580430532875781E-004
   16.9794721407625      -6.755870287222736E-004
   16.9970674486804      -6.865111908407369E-004
   17.0146627565982      -7.062855328766380E-004
   17.0322580645161      -7.142146224848287E-004
   17.0498533724340      -7.266205827612349E-004
   17.0674486803519      -7.235514546812178E-004
   17.0850439882698      -7.234666103899358E-004
   17.1026392961877      -7.063563853004065E-004
   17.1202346041056      -6.924890638712148E-004
   17.1378299120235      -6.616403852399098E-004
   17.1554252199413      -6.360261688898547E-004
   17.1730205278592      -5.953609720205682E-004
   17.1906158357771      -5.643428012821683E-004
   17.2082111436950      -5.239343819808670E-004
   17.2258064516129      -5.033520176890220E-004
   17.2434017595308      -4.815789310912976E-004
   17.2609970674487      -4.849747442470084E-004
   17.2785923753666      -4.881471278592676E-004
   17.2961876832845      -5.173032389410177E-004
   17.3137829912023      -5.440231581518081E-004
   17.3313782991202      -5.949027377258972E-004
   17.3489736070381      -6.384653578821632E-004
   17.3665689149560      -7.017557510275527E-004
   17.3841642228739      -7.496595124651044E-004
   17.4017595307918      -8.088262563808492E-004
   17.4193548387097      -8.385580874710197E-004
   17.4369501466276      -8.690176603629931E-004
   17.4545454545455      -8.641964833227049E-004
   17.4721407624633      -8.614467645352104E-004
   17.4897360703812      -8.241557063610383E-004
   17.5073313782991      -7.941853456376037E-004
   17.5249266862170      -7.331553361986088E-004
   17.5425219941349      -6.874792904134740E-004
   17.5601173020528      -6.164780777792351E-004
   17.5777126099707      -5.717559753426671E-004
   17.5953079178886      -5.102020824064289E-004
   17.6129032258065      -4.902933012338063E-004
   17.6304985337243      -4.623588248296251E-004
   17.6480938416422      -4.821631738952563E-004
   17.6656891495601      -4.888481272124218E-004
   17.6832844574780      -5.426385251016489E-004
   17.7008797653959      -5.748331476754776E-004
   17.7184750733138      -6.525194711878483E-004
   17.7360703812317      -6.979329160753431E-004
   17.7536656891496      -7.871408268447930E-004
   17.7712609970675      -8.311644377405747E-004
   17.7888563049853      -9.177900065957229E-004
   17.8064516129032      -9.433498100146361E-004
   17.8240469208211      -1.013476684615386E-003
   17.8416422287390      -1.011189019124477E-003
   17.8592375366569      -1.069967528294393E-003
   17.8768328445748      -1.046413066240461E-003
   17.8944281524927      -1.109660666963325E-003
   17.9120234604106      -1.073614285034320E-003
   17.9296187683284      -1.168223855001516E-003
   17.9472140762463      -1.130360139437031E-003
   17.9648093841642      -1.320681921909693E-003
   17.9824046920821      -1.296250880713850E-003
   18.0000000000000      -1.972416036332365E-003
