  0.000000000000000E+000  1.460144936849318E-003
  1.759530791788856E-002  7.897923262350934E-004
  3.519061583577713E-002  8.158601533989417E-004
  5.278592375366570E-002  6.049903468972335E-004
  7.038123167155426E-002  6.261498295825602E-004
  8.797653958944282E-002  5.049408172950371E-004
  0.105571847507331       5.229978325996467E-004
  0.123167155425220       4.392843837033654E-004
  0.140762463343109       4.551093597861994E-004
  0.158357771260997       3.917510112445892E-004
  0.175953079178886       4.058643614441452E-004
  0.193548387096774       3.551870516855984E-004
  0.211143695014663       3.679355940990831E-004
  0.228739002932551       3.258721339514725E-004
  0.246334310850440       3.375080079916333E-004
  0.263929618768328       3.016625376793885E-004
  0.281524926686217       3.123786283963190E-004
  0.299120234604106       2.812281179639632E-004
  0.316715542521994       2.911754397325385E-004
  0.334310850439883       2.636968310434320E-004
  0.351906158357771       2.729977427328742E-004
  0.369501466275660       2.484751329256162E-004
  0.387096774193548       2.572324468694912E-004
  0.404692082111437       2.351503664678498E-004
  0.422287390029326       2.434564187741263E-004
  0.439882697947214       2.234390284005729E-004
  0.457478005865103       2.313758181715242E-004
  0.475073313782991       2.131342252320523E-004
  0.492668621700880       2.207669120346321E-004
  0.510263929618768       2.040737487342923E-004
  0.527859237536657       2.114569461784237E-004
  0.545454545454546       1.961315112230963E-004
  0.563049853372434       2.033124482174711E-004
  0.580645161290323       1.892101469540823E-004
  0.598240469208211       1.962319187334949E-004
  0.615835777126100       1.832409209234497E-004
  0.633431085043988       1.901586117375234E-004
  0.651026392961877       1.782135403815289E-004
  0.668621700879765       1.850923754756292E-004
  0.686217008797654       1.741390645069674E-004
  0.703812316715543       1.810281429993202E-004
  0.721407624633431       1.710135188777730E-004
  0.739002932551320       1.779473516502509E-004
  0.756598240469208       1.688163813331141E-004
  0.774193548387097       1.758124827886607E-004
  0.791788856304985       1.675005686992231E-004
  0.809384164222874       1.745466138235002E-004
  0.826979472140763       1.669432593028313E-004
  0.844574780058651       1.739529477692429E-004
  0.862170087976540       1.669137576096057E-004
  0.879765395894428       1.738179961964197E-004
  0.897360703812317       1.672441624009553E-004
  0.914956011730205       1.740040952901911E-004
  0.932551319648094       1.678244854271209E-004
  0.950146627565982       1.744205861483751E-004
  0.967741935483871       1.685868640987059E-004
  0.985337243401760       1.750181423393484E-004
   1.00293255131965       1.695070590148000E-004
   1.02052785923754       1.757926958162456E-004
   1.03812316715543       1.705727134301407E-004
   1.05571847507331       1.766604288709981E-004
   1.07331378299120       1.716143443181328E-004
   1.09090909090909       1.774039226446623E-004
   1.10850439882698       1.724043003631996E-004
   1.12609970674487       1.777927453037847E-004
   1.14369501466276       1.727152996166878E-004
   1.16129032258065       1.776035531885956E-004
   1.17888563049853       1.723335037381192E-004
   1.19648093841642       1.766352609763398E-004
   1.21407624633431       1.710904952183348E-004
   1.23167155425220       1.748239734164554E-004
   1.24926686217009       1.691243444941141E-004
   1.26686217008798       1.724833521482294E-004
   1.28445747800587       1.667964578870396E-004
   1.30205278592375       1.699437820500541E-004
   1.31964809384164       1.644013254461236E-004
   1.33724340175953       1.674676846381979E-004
   1.35483870967742       1.621712213589032E-004
   1.37243401759531       1.652541273705380E-004
   1.39002932551320       1.602679032416135E-004
   1.40762463343109       1.634120271728990E-004
   1.42521994134897       1.587094003189339E-004
   1.44281524926686       1.618371877853158E-004
   1.46041055718475       1.573244605458633E-004
   1.47800586510264       1.603923137285375E-004
   1.49560117302053       1.560496705620569E-004
   1.51319648093842       1.590696615472406E-004
   1.53079178885631       1.549182447463484E-004
   1.54838709677419       1.579373762776098E-004
   1.56598240469208       1.540320948485331E-004
   1.58357771260997       1.571320193202935E-004
   1.60117302052786       1.535693292688243E-004
   1.61876832844575       1.568809170045760E-004
   1.63636363636364       1.537698898639448E-004
   1.65395894428153       1.573256953311203E-004
   1.67155425219941       1.546078867657062E-004
   1.68914956011730       1.583189875321905E-004
   1.70674486803519       1.558807100668567E-004
   1.72434017595308       1.596261616619994E-004
   1.74193548387097       1.573280234495868E-004
   1.75953079178886       1.609628538360665E-004
   1.77712609970675       1.586411070938250E-004
   1.79472140762463       1.619920413838393E-004
   1.81231671554252       1.594439760530032E-004
   1.82991202346041       1.622921118260028E-004
   1.84750733137830       1.593124161037348E-004
   1.86510263929619       1.615115009945421E-004
   1.88269794721408       1.579916084801243E-004
   1.90029325513196       1.594614332709296E-004
   1.91788856304985       1.553339419434612E-004
   1.93548387096774       1.560280939145971E-004
   1.95307917888563       1.512587088816160E-004
   1.97067448680352       1.511660859179480E-004
   1.98826979472141       1.457625235449588E-004
   2.00586510263930       1.449320938303447E-004
   2.02346041055718       1.390610727678842E-004
   2.04105571847507       1.379185079642359E-004
   2.05865102639296       1.322166500786673E-004
   2.07624633431085       1.314322577965895E-004
   2.09384164222874       1.265182526224135E-004
   2.11143695014663       1.266762027766365E-004
   2.12903225806452       1.230968155005743E-004
   2.14662756598241       1.247142483303463E-004
   2.16422287390029       1.229479652503649E-004
   2.18181818181818       1.264649297143773E-004
   2.19941348973607       1.268928130808139E-004
   2.21700879765396       1.325376243818192E-004
   2.23460410557185       1.348885852500310E-004
   2.25219941348974       1.417354488475689E-004
   2.26979472140762       1.447940544920451E-004
   2.28739002932551       1.516680482375427E-004
   2.30498533724340       1.543254151241829E-004
   2.32258064516129       1.601749009683649E-004
   2.34017595307918       1.614260558503346E-004
   2.35777126099707       1.652978912982791E-004
   2.37536656891496       1.642409086273492E-004
   2.39296187683284       1.652998312570493E-004
   2.41055718475073       1.612141406085537E-004
   2.42815249266862       1.591810024933619E-004
   2.44574780058651       1.525841771313259E-004
   2.46334310850440       1.485404900749027E-004
   2.48093841642229       1.405801003489283E-004
   2.49853372434018       1.355930439784476E-004
   2.51612903225806       1.272753117949235E-004
   2.53372434017595       1.223035401856568E-004
   2.55131964809384       1.145391107204438E-004
   2.56891495601173       1.104490038062831E-004
   2.58651026392962       1.040508873032712E-004
   2.60410557184751       1.015886128574931E-004
   2.62170087976540       9.709878378794368E-005
   2.63929618768328       9.633433946530359E-005
   2.65689149560117       9.334831244730540E-005
   2.67448680351906       9.374783984376925E-005
   2.69208211143695       9.178303264769111E-005
   2.70967741935484       9.291039114825917E-005
   2.72727272727273       9.156378730194382E-005
   2.74486803519062       9.304771651643052E-005
   2.76246334310850       9.197493836423924E-005
   2.78005865102639       9.350276878582471E-005
   2.79765395894428       9.242469429051733E-005
   2.81524926686217       9.378050951944286E-005
   2.83284457478006       9.260651924252186E-005
   2.85043988269795       9.382902754049601E-005
   2.86803519061584       9.262166719856852E-005
   2.88563049853372       9.373868892802945E-005
   2.90322580645161       9.249340940720715E-005
   2.92082111436950       9.347982820238027E-005
   2.93841642228739       9.215119504681043E-005
   2.95601173020528       9.294523497904332E-005
   2.97360703812317       9.145138576284578E-005
   2.99120234604106       9.195117799115251E-005
   3.00879765395894       9.015776575081345E-005
   3.02639296187683       9.020606928595182E-005
   3.04398826979472       8.799491822990515E-005
   3.06158357771261       8.757199210941852E-005
   3.07917888563050       8.499560638502357E-005
   3.09677419354839       8.418856254474036E-005
   3.11436950146628       8.135438989635580E-005
   3.13196480938416       8.029070890154278E-005
   3.14956011730205       7.734272505653942E-005
   3.16715542521994       7.618615934232555E-005
   3.18475073313783       7.330816624025833E-005
   3.20234604105572       7.227259878911591E-005
   3.21994134897361       6.971129896141962E-005
   3.23753665689150       6.902705939328669E-005
   3.25513196480938       6.690690189753627E-005
   3.27272727272727       6.659459149973949E-005
   3.29032258064516       6.488548252033910E-005
   3.30791788856305       6.488962604895270E-005
   3.32551319648094       6.351361278826093E-005
   3.34310850439883       6.373824236634465E-005
   3.36070381231672       6.257932899530028E-005
   3.37829912023460       6.288894102755899E-005
   3.39589442815249       6.178582517711376E-005
   3.41348973607038       6.198472301404853E-005
   3.43108504398827       6.072523043207585E-005
   3.44868035190616       6.066474774328954E-005
   3.46627565982405       5.919860289295593E-005
   3.48387096774194       5.888987648396140E-005
   3.50146627565982       5.725460015143870E-005
   3.51906158357771       5.675526698431739E-005
   3.53665689149560       5.502375784515076E-005
   3.55425219941349       5.442287385508750E-005
   3.57184750733138       5.269874598761091E-005
   3.58944281524927       5.211828308001608E-005
   3.60703812316716       5.054646355471243E-005
   3.62463343108504       5.014838591415704E-005
   3.64222873900293       4.884886786021622E-005
   3.65982404692082       4.866361830119839E-005
   3.67741935483871       4.760051757901421E-005
   3.69501466275660       4.756776932405428E-005
   3.71260997067449       4.666535472645696E-005
   3.73020527859238       4.669843520347477E-005
   3.74780058651026       4.585860261750658E-005
   3.76539589442815       4.584988686973617E-005
   3.78299120234604       4.495280376396281E-005
   3.80058651026393       4.476906550465486E-005
   3.81818181818182       4.366427338335006E-005
   3.83577712609971       4.316740804968255E-005
   3.85337243401760       4.177562406829033E-005
   3.87096774193548       4.094639955332581E-005
   3.88856304985337       3.927414244541038E-005
   3.90615835777126       3.813274103541059E-005
   3.92375366568915       3.620948175758951E-005
   3.94134897360704       3.479527639261352E-005
   3.95894428152493       3.266866179348189E-005
   3.97653958944282       3.104016878765897E-005
   3.99413489736070       2.878018546439418E-005
   4.01173020527859       2.702883744604735E-005
   4.02932551319648       2.476477130168955E-005
   4.04692082111437       2.305416004333935E-005
   4.06451612903226       2.094555643792518E-005
   4.08211143695015       1.941261959827069E-005
   4.09970674486804       1.757729568032638E-005
   4.11730205278592       1.632738639615371E-005
   4.13489736070381       1.485823731176312E-005
   4.15249266862170       1.397367328927617E-005
   4.17008797653959       1.294028789426903E-005
   4.18768328445748       1.247753684837209E-005
   4.20527859237537       1.191580700110137E-005
   4.22287390029326       1.186579568817972E-005
   4.24046920821114       1.168944297934207E-005
   4.25806451612903       1.191566045842596E-005
   4.27565982404692       1.199280736183386E-005
   4.29325513196481       1.238510179741118E-005
   4.31085043988270       1.261911569189617E-005
   4.32844574780059       1.309308129331311E-005
   4.34604105571848       1.340905550747100E-005
   4.36363636363636       1.390042798150743E-005
   4.38123167155425       1.424408259424018E-005
   4.39882697947214       1.471216286530717E-005
   4.41642228739003       1.506334747927187E-005
   4.43401759530792       1.551978725342703E-005
   4.45161290322581       1.590514795370383E-005
   4.46920821114370       1.636491773202387E-005
   4.48680351906158       1.678124586451882E-005
   4.50439882697947       1.723068654424341E-005
   4.52199413489736       1.765548845421623E-005
   4.53958944281525       1.806572427248259E-005
   4.55718475073314       1.846274601358307E-005
   4.57478005865103       1.879104816205288E-005
   4.59237536656892       1.910863455406691E-005
   4.60997067448680       1.929190899067438E-005
   4.62756598240469       1.945881584013758E-005
   4.64516129032258       1.944643113283139E-005
   4.66275659824047       1.945106435329333E-005
   4.68035190615836       1.925967140841405E-005
   4.69794721407625       1.913028316683760E-005
   4.71554252199414       1.879690840560169E-005
   4.73313782991202       1.857700425793258E-005
   4.75073313782991       1.815250733141975E-005
   4.76832844574780       1.789938415332100E-005
   4.78592375366569       1.744975664137660E-005
   4.80351906158358       1.723993390019541E-005
   4.82111436950147       1.685475154328293E-005
   4.83870967741935       1.676945271210909E-005
   4.85630498533724       1.649202152537426E-005
   4.87390029325513       1.653706081228034E-005
   4.89149560117302       1.635665685867396E-005
   4.90909090909091       1.651125509264821E-005
   4.92668621700880       1.639996015208958E-005
   4.94428152492669       1.662866706280975E-005
   4.96187683284458       1.654469122048556E-005
   4.97947214076246       1.679756904830716E-005
   4.99706744868035       1.668233460969931E-005
   5.01466275659824       1.688838717362644E-005
   5.03225806451613       1.667713497037392E-005
   5.04985337243402       1.681523018527990E-005
   5.06744868035191       1.653711639096864E-005
   5.08504398826980       1.665955671685243E-005
   5.10263929618768       1.637683015780171E-005
   5.12023460410557       1.655191439888741E-005
   5.13782991202346       1.633893766932188E-005
   5.15542521994135       1.664552464161848E-005
   5.17302052785924       1.658670404233044E-005
   5.19061583577713       1.711405380326749E-005
   5.20821114369502       1.730547147379483E-005
   5.22580645161290       1.813261397381865E-005
   5.24340175953079       1.858260319064380E-005
   5.26099706744868       1.963299179901567E-005
   5.27859237536657       2.022791118880872E-005
   5.29618768328446       2.138148280557901E-005
   5.31378299120235       2.199944730440791E-005
   5.33137829912024       2.313217721031072E-005
   5.34897360703812       2.364854546488240E-005
   5.36656891495601       2.463442266517076E-005
   5.38416422287390       2.492308107670842E-005
   5.40175953079179       2.563507929543537E-005
   5.41935483870968       2.558338379374126E-005
   5.43695014662757       2.597777068567753E-005
   5.45454545454546       2.564662720961417E-005
   5.47214076246334       2.583972404235719E-005
   5.48973607038123       2.535284060055280E-005
   5.50733137829912       2.546725421114382E-005
   5.52492668621701       2.494720050764247E-005
   5.54252199413490       2.510448682548036E-005
   5.56011730205279       2.467278027743609E-005
   5.57771260997067       2.499335873808270E-005
   5.59530791788856       2.477015561016482E-005
   5.61290322580645       2.536914140910284E-005
   5.63049853372434       2.543144409908291E-005
   5.64809384164223       2.630481493736003E-005
   5.66568914956012       2.658772159564080E-005
   5.68328445747801       2.765541375630067E-005
   5.70087976539589       2.808046472888765E-005
   5.71847507331378       2.926454722677212E-005
   5.73607038123167       2.975522858470952E-005
   5.75366568914956       3.097968068548232E-005
   5.77126099706745       3.146151016559290E-005
   5.78885630498534       3.265265795680150E-005
   5.80645161290323       3.305441532568286E-005
   5.82404692082111       3.414958853571124E-005
   5.84164222873900       3.443131128014291E-005
   5.85923753665689       3.541199142386244E-005
   5.87683284457478       3.556244830628153E-005
   5.89442815249267       3.641588460270635E-005
   5.91202346041056       3.642190927903845E-005
   5.92961876832845       3.713392496768429E-005
   5.94721407624634       3.698146709755366E-005
   5.96480938416422       3.753742704415817E-005
   5.98240469208211       3.721238164050934E-005
   6.00000000000000       3.759814753958165E-005
   6.01759530791789       3.709086824340592E-005
   6.03519061583578       3.731516878464946E-005
   6.05278592375367       3.666332174680938E-005
   6.07038123167156       3.677843755254302E-005
   6.08797653958944       3.603561886860254E-005
   6.10557184750733       3.609343308902482E-005
   6.12316715542522       3.531096346223713E-005
   6.14076246334311       3.536154898783807E-005
   6.15835777126100       3.458921725832102E-005
   6.17595307917889       3.468134148730088E-005
   6.19354838709677       3.396785167377857E-005
   6.21114369501466       3.414873064483559E-005
   6.22873900293255       3.352897607234681E-005
   6.24633431085044       3.380172794294609E-005
   6.26392961876833       3.325083259975841E-005
   6.28152492668622       3.358032199496368E-005
   6.29912023460411       3.306200678090378E-005
   6.31671554252199       3.341028167100070E-005
   6.33431085043988       3.288571731140887E-005
   6.35190615835777       3.321217865218329E-005
   6.36950146627566       3.263962738568072E-005
   6.38709677419355       3.290028691321255E-005
   6.40469208211144       3.223355051228544E-005
   6.42228739002933       3.238273626027241E-005
   6.43988269794721       3.159272960447786E-005
   6.45747800586510       3.162757525969486E-005
   6.47507331378299       3.072789586875346E-005
   6.49266862170088       3.066580817271678E-005
   6.51026392961877       2.967613328343850E-005
   6.52785923753666       2.953791641280776E-005
   6.54545454545455       2.848077425106071E-005
   6.56304985337243       2.828991716844949E-005
   6.58064516129032       2.719068398125947E-005
   6.59824046920821       2.697413375475490E-005
   6.61583577712610       2.586259088743865E-005
   6.63343108504399       2.564722906995064E-005
   6.65102639296188       2.453836290336535E-005
   6.66862170087977       2.432593846973031E-005
   6.68621700879765       2.321570078578485E-005
   6.70381231671554       2.299886685496117E-005
   6.72140762463343       2.187790137154090E-005
   6.73900293255132       2.164473587772556E-005
   6.75659824046921       2.049924708057525E-005
   6.77419354838710       2.023315190999949E-005
   6.79178885630499       1.904400988006084E-005
   6.80938416422287       1.872135195009960E-005
   6.82697947214076       1.746228232505007E-005
   6.84457478005865       1.706190406489514E-005
   6.86217008797654       1.572409874957720E-005
   6.87976539589443       1.524523167559211E-005
   6.89736070381232       1.383153139458272E-005
   6.91495601173021       1.327845968149878E-005
   6.93255131964809       1.179477201365087E-005
   6.95014662756598       1.117402829955024E-005
   6.96774193548387       9.627978323833071E-006
   6.98533724340176       8.947469396874547E-006
   7.00293255131965       7.347810750518556E-006
   7.02052785923754       6.616173129073867E-006
   7.03812316715543       4.971060203133927E-006
   7.05571847507331       4.194576178778916E-006
   7.07331378299120       2.509683103629919E-006
   7.09090909090909       1.693505665698153E-006
   7.10850439882698      -2.582695613875027E-008
   7.12609970674487      -8.768642387306131E-007
   7.14369501466276      -2.625775058529225E-006
   7.16129032258065      -3.507519696613515E-006
   7.17888563049853      -5.282129913476168E-006
   7.19648093841642      -6.191869685249771E-006
   7.21407624633431      -7.990754003240037E-006
   7.23167155425220      -8.929405981773468E-006
   7.24926686217009      -1.075328123256950E-005
   7.26686217008798      -1.171963246464893E-005
   7.28445747800587      -1.356493560701211E-005
   7.30205278592375      -1.455466628701453E-005
   7.31964809384164      -1.641620779088226E-005
   7.33724340175953      -1.742411270737128E-005
   7.35483870967742      -1.929633128329783E-005
   7.37243401759531      -2.031733963088679E-005
   7.39002932551320      -2.219544039201924E-005
   7.40762463343109      -2.322643668839352E-005
   7.42521994134897      -2.510953675955780E-005
   7.44281524926686      -2.615078928265368E-005
   7.46041055718475      -2.803566528004147E-005
   7.47800586510264      -2.907980228613964E-005
   7.49560117302053      -3.095595398178973E-005
   7.51319648093842      -3.199083499652700E-005
   7.53079178885631      -3.384428270737098E-005
   7.54838709677419      -3.485484776714587E-005
   7.56598240469208      -3.666907478567934E-005
   7.58357771260997      -3.763800345554365E-005
   7.60117302052786      -3.939451166655261E-005
   7.61876832844575      -4.030535072832961E-005
   7.63636363636364      -4.199984950654885E-005
   7.65395894428153      -4.286771660985016E-005
   7.67155425219941      -4.452485086027421E-005
   7.68914956011730      -4.537476901270245E-005
   7.70674486803519      -4.701796677793889E-005
   7.72434017595308      -4.787229523269392E-005
   7.74193548387097      -4.952235758336405E-005
   7.75953079178886      -5.040076980021603E-005
   7.77712609970675      -5.207566538842268E-005
   7.79472140762463      -5.299471084533280E-005
   7.81231671554252      -5.470826685135642E-005
   7.82991202346041      -5.567562439500746E-005
   7.84750733137830      -5.742565427223656E-005
   7.86510263929619      -5.843331838803047E-005
   7.88269794721408      -6.021058835491751E-005
   7.90029325513197      -6.124957398578280E-005
   7.91788856304985      -6.304451914464515E-005
   7.93548387096774      -6.410489836656748E-005
   7.95307917888563      -6.590661908576584E-005
   7.97067448680352      -6.697674664158170E-005
   7.98826979472141      -6.877218745799095E-005
   8.00586510263930      -6.983748632910931E-005
   8.02346041055718      -7.160962307435562E-005
   8.04105571847507      -7.265253635625509E-005
   8.05865102639296      -7.438580234240965E-005
   8.07624633431085      -7.539353553169804E-005
   8.09384164222874      -7.707600243879846E-005
   8.11143695014663      -7.803710164777589E-005
   8.12903225806452      -7.965712833121526E-005
   8.14662756598241      -8.055992641314796E-005
   8.16422287390029      -8.210528599423123E-005
   8.18181818181818      -8.293718653397892E-005
   8.19941348973607      -8.439433792506779E-005
   8.21700879765396      -8.514247768988083E-005
   8.23460410557185      -8.650774404087675E-005
   8.25219941348974      -8.718654132377362E-005
   8.26979472140763      -8.848585445930036E-005
   8.28739002932551      -8.912341033986722E-005
   8.30498533724340      -9.038418856723276E-005
   8.32258064516129      -9.100727799129219E-005
   8.34017595307918      -9.225504637954596E-005
   8.35777126099707      -9.288795515868825E-005
   8.37536656891496      -9.414497739485293E-005
   8.39296187683285      -9.480758829677255E-005
   8.41055718475073      -9.608891852776500E-005
   8.42815249266862      -9.678470334032600E-005
   8.44574780058651      -9.807795011034862E-005
   8.46334310850440      -9.878781157128000E-005
   8.48093841642229      -1.000764496411725E-004
   8.49853372434018      -1.007875893084183E-004
   8.51612903225807      -1.020608054600785E-004
   8.53372434017595      -1.027640153781438E-004
   8.55131964809384      -1.040134478873978E-004
   8.56891495601173      -1.047010628021174E-004
   8.58651026392962      -1.059190330174577E-004
   8.60410557184751      -1.065828456902269E-004
   8.62170087976540      -1.077578480092334E-004
   8.63929618768329      -1.083801750399969E-004
   8.65689149560117      -1.094903714589044E-004
   8.67448680351906      -1.100509270420000E-004
   8.69208211143695      -1.110788337542656E-004
   8.70967741935484      -1.115623127887523E-004
   8.72727272727273      -1.124941564432525E-004
   8.74486803519062      -1.128882233868427E-004
   8.76246334310851      -1.137126797470794E-004
   8.78005865102639      -1.140069931165628E-004
   8.79765395894428      -1.147142387333667E-004
   8.81524926686217      -1.148996882335676E-004
   8.83284457478006      -1.154847086582724E-004
   8.85043988269795      -1.155658347698519E-004
   8.86803519061584      -1.160413344992590E-004
   8.88563049853373      -1.160344407628562E-004
   8.90322580645161      -1.164182896460096E-004
   8.92082111436950      -1.163426879621768E-004
   8.93841642228739      -1.166553109939038E-004
   8.95601173020528      -1.165325585429175E-004
   8.97360703812317      -1.167963459618237E-004
   8.99120234604106      -1.166496297192662E-004
   9.00879765395895      -1.168877343164513E-004
   9.02639296187683      -1.167335574647446E-004
   9.04398826979472      -1.169449272299716E-004
   9.06158357771261      -1.167667774791259E-004
   9.07917888563050      -1.169314961517208E-004
   9.09677419354839      -1.167116841560951E-004
   9.11436950146628      -1.168140546261482E-004
   9.13196480938416      -1.165388802058389E-004
   9.14956011730205      -1.165670706940159E-004
   9.16715542521994      -1.162267025019083E-004
   9.18475073313783      -1.161729018258580E-004
   9.20234604105572      -1.157619081783628E-004
   9.21994134897361      -1.156229622362188E-004
   9.23753665689150      -1.151380686059448E-004
   9.25513196480938      -1.149072378390537E-004
   9.27272727272727      -1.143390968841782E-004
   9.29032258064516      -1.140069717059016E-004
   9.30791788856305      -1.133471315963750E-004
   9.32551319648094      -1.129064723954807E-004
   9.34310850439883      -1.121492175212581E-004
   9.36070381231672      -1.115960472551849E-004
   9.37829912023460      -1.107395401783367E-004
   9.39589442815249      -1.100746515980327E-004
   9.41348973607038      -1.091235691548423E-004
   9.43108504398827      -1.083553835931939E-004
   9.44868035190616      -1.073171801379688E-004
   9.46627565982405      -1.064483622222188E-004
   9.48387096774194      -1.053224828280006E-004
   9.50146627565982      -1.043516134121015E-004
   9.51906158357771      -1.031366870262845E-004
   9.53665689149560      -1.020629730001322E-004
   9.55425219941349      -1.007592171829167E-004
   9.57184750733138      -9.958441723219493E-005
   9.58944281524927      -9.819575209774104E-005
   9.60703812316716      -9.692747816522729E-005
   9.62463343108504      -9.546854245137049E-005
   9.64222873900293      -9.412889272717538E-005
   9.65982404692082      -9.262251832477719E-005
   9.67741935483871      -9.122991873725331E-005
   9.69501466275660      -8.969104376626814E-005
   9.71260997067449      -8.825870486345547E-005
   9.73020527859238      -8.669944599420074E-005
   9.74780058651026      -8.523901048204801E-005
   9.76539589442815      -8.367089281220531E-005
   9.78299120234604      -8.219435211952949E-005
   9.80058651026393      -8.063044983749640E-005
   9.81818181818182      -7.915246038710125E-005
   9.83577712609971      -7.760442037924296E-005
   9.85337243401760      -7.612645791770234E-005
   9.87096774193548      -7.458631630496487E-005
   9.88856304985337      -7.309668767323671E-005
   9.90615835777126      -7.155126888490937E-005
   9.92375366568915      -7.003612258349815E-005
   9.94134897360704      -6.847130376708388E-005
   9.95894428152493      -6.691685742922257E-005
   9.97653958944282      -6.531970909739924E-005
   9.99413489736071      -6.371490629551927E-005
   10.0117302052786      -6.207899820225886E-005
   10.0293255131965      -6.043175245636691E-005
   10.0469208211144      -5.878429606014751E-005
   10.0645161290323      -5.712955914931118E-005
   10.0821114369501      -5.550107690264290E-005
   10.0997067448680      -5.386402136953226E-005
   10.1173020527859      -5.227574808242060E-005
   10.1348973607038      -5.067453186725705E-005
   10.1524926686217      -4.914180538745983E-005
   10.1700879765396      -4.758944750660609E-005
   10.1876832844575      -4.612300895240893E-005
   10.2052785923754      -4.462842394471203E-005
   10.2228739002933      -4.323621722641017E-005
   10.2404692082111      -4.180872310430255E-005
   10.2580645161290      -4.050151057187425E-005
   10.2756598240469      -3.915136207599763E-005
   10.2932551319648      -3.793737698541167E-005
   10.3108504398827      -3.667104787836613E-005
   10.3284457478006      -3.555483050308264E-005
   10.3460410557185      -3.437521968512448E-005
   10.3636363636364      -3.335780191783191E-005
   10.3812316715543      -3.226434673346011E-005
   10.3988269794721      -3.134331281967172E-005
   10.4164222873900      -3.033258411034475E-005
   10.4340175953079      -2.950661142350806E-005
   10.4516129032258      -2.858276491947654E-005
   10.4692082111437      -2.785862731788351E-005
   10.4868035190616      -2.702759911902865E-005
   10.5043988269795      -2.640916576126439E-005
   10.5219941348974      -2.567296454255524E-005
   10.5395894428153      -2.515994925454248E-005
   10.5571847507331      -2.451613053116815E-005
   10.5747800586510      -2.410333218041475E-005
   10.5923753665689      -2.354383219270798E-005
   10.6099706744868      -2.321890841326125E-005
   10.6275659824047      -2.272757576565302E-005
   10.6451612903226      -2.247532339230254E-005
   10.6627565982405      -2.204301723494657E-005
   10.6803519061584      -2.185841290358605E-005
   10.6979472140762      -2.148139800203955E-005
   10.7155425219941      -2.136048910931060E-005
   10.7331378299120      -2.103446509690221E-005
   10.7507331378299      -2.097183626492059E-005
   10.7683284457478      -2.069027154670869E-005
   10.7859237536657      -2.067745036547915E-005
   10.8035190615836      -2.042952592733716E-005
   10.8211143695015      -2.045308574024434E-005
   10.8387096774194      -2.022865885704096E-005
   10.8563049853372      -2.028792254512060E-005
   10.8739002932551      -2.009405404531412E-005
   10.8914956011730      -2.019801765461754E-005
   10.9090909090909      -2.004418127246558E-005
   10.9266862170088      -2.020178191045050E-005
   10.9442815249267      -2.009628930044995E-005
   10.9618768328446      -2.031433067464827E-005
   10.9794721407625      -2.026227866017285E-005
   10.9970674486804      -2.054282131316429E-005
   11.0146627565982      -2.054139178943176E-005
   11.0322580645161      -2.087469804544609E-005
   11.0498533724340      -2.091324698170386E-005
   11.0674486803519      -2.129433693505150E-005
   11.0850439882698      -2.137377724072834E-005
   11.1026392961877      -2.180623242784286E-005
   11.1202346041056      -2.193200536139063E-005
   11.1378299120235      -2.242194521798137E-005
   11.1554252199413      -2.260078650199568E-005
   11.1730205278592      -2.315450850249732E-005
   11.1906158357771      -2.339211529781700E-005
   11.2082111436950      -2.401268847082895E-005
   11.2258064516129      -2.430519605481595E-005
   11.2434017595308      -2.497787798479633E-005
   11.2609970674487      -2.530601383630753E-005
   11.2785923753666      -2.601404482045777E-005
   11.2961876832845      -2.636499377829336E-005
   11.3137829912023      -2.709764514167630E-005
   11.3313782991202      -2.746270170813329E-005
   11.3489736070381      -2.821228646783158E-005
   11.3665689149560      -2.858495163569172E-005
   11.3841642228739      -2.934518500944043E-005
   11.4017595307918      -2.971931350244113E-005
   11.4193548387097      -3.048194518672875E-005
   11.4369501466276      -3.084592920131858E-005
   11.4545454545455      -3.159760680816422E-005
   11.4721407624633      -3.194094632711461E-005
   11.4897360703812      -3.267409363166601E-005
   11.5073313782991      -3.299179705575437E-005
   11.5249266862170      -3.370295942231247E-005
   11.5425219941349      -3.399339722127942E-005
   11.5601173020528      -3.468195273597564E-005
   11.5777126099707      -3.494589194102941E-005
   11.5953079178886      -3.561314663480846E-005
   11.6129032258065      -3.585242574454851E-005
   11.6304985337243      -3.649835462191158E-005
   11.6480938416422      -3.671090016114389E-005
   11.6656891495601      -3.733285299827797E-005
   11.6832844574780      -3.751797955383775E-005
   11.7008797653959      -3.811665023195132E-005
   11.7184750733138      -3.827675677275579E-005
   11.7360703812317      -3.885540685613713E-005
   11.7536656891496      -3.899510182849360E-005
   11.7712609970675      -3.955882607829540E-005
   11.7888563049853      -3.968409601916471E-005
   11.8064516129032      -4.023839236753433E-005
   11.8240469208211      -4.034916681850229E-005
   11.8416422287390      -4.087739362122647E-005
   11.8592375366569      -4.094201605678785E-005
   11.8768328445748      -4.140901980995930E-005
   11.8944281524927      -4.139563260550823E-005
   11.9120234604106      -4.177191003101802E-005
   11.9296187683284      -4.165386049055683E-005
   11.9472140762463      -4.191479947806502E-005
   11.9648093841642      -4.167024052208771E-005
   11.9824046920821      -4.179613868085702E-005
   12.0000000000000      -4.140852337024681E-005
   12.0175953079179      -4.138661548731807E-005
   12.0351906158358      -4.085074714974246E-005
   12.0527859237537      -4.068256110168715E-005
   12.0703812316716      -4.000297329838719E-005
   12.0879765395894      -3.969288500471206E-005
   12.1055718475073      -3.887487178490258E-005
   12.1231671554252      -3.842867363029598E-005
   12.1407624633431      -3.747950692586173E-005
   12.1583577712610      -3.690531537763940E-005
   12.1759530791789      -3.583487463314528E-005
   12.1935483870968      -3.514367244831443E-005
   12.2111436950147      -3.396460198268875E-005
   12.2287390029326      -3.316398770999375E-005
   12.2463343108504      -3.187025899929245E-005
   12.2639296187683      -3.094147211877511E-005
   12.2815249266862      -2.951205594842073E-005
   12.2991202346041      -2.843535247348363E-005
   12.3167155425220      -2.685294553071997E-005
   12.3343108504399      -2.561286398955440E-005
   12.3519061583578      -2.386496889746663E-005
   12.3695014662757      -2.245151493602056E-005
   12.3870967741935      -2.053205066051812E-005
   12.4046920821114      -1.894341826437608E-005
   12.4222873900293      -1.685648901044805E-005
   12.4398826979472      -1.509657077877866E-005
   12.4574780058651      -1.283844036407003E-005
   12.4750733137830      -1.089526435438429E-005
   12.4926686217009      -8.451901909404910E-006
   12.5102639296188      -6.310848328372267E-006
   12.5278592375367      -3.668815601935868E-006
   12.5454545454545      -1.317485479057703E-006
   12.5630498533724       1.532990884098404E-006
   12.5806451612903       4.101725541740195E-006
   12.5982404692082       7.162850628535389E-006
   12.6158357771261       9.944400169705381E-006
   12.6334310850440       1.320549788961542E-005
   12.6510263929619       1.619574928801713E-005
   12.6686217008798       1.966512449437224E-005
   12.6862170087977       2.288075247707853E-005
   12.7038123167155       2.657762630186879E-005
   12.7214076246334       3.003955488505965E-005
   12.7390029325513       3.398441464206187E-005
   12.7565982404692       3.771265776703153E-005
   12.7741935483871       4.192282690044198E-005
   12.7917888563050       4.593141527738679E-005
   12.8093841642229       5.041232112128625E-005
   12.8269794721408       5.468632566110538E-005
   12.8445747800587       5.939533863040832E-005
   12.8621700879765       6.388305398304663E-005
   12.8797653958944       6.877655701274693E-005
   12.8973607038123       7.344430411427450E-005
   12.9149560117302       7.849404188070557E-005
   12.9325513196481       8.331849661469916E-005
   12.9501466275660       8.850385116762697E-005
   12.9677419354839       9.346715919217014E-005
   12.9853372434018       9.877084456788299E-005
   13.0029325513196       1.038554424707847E-004
   13.0205278592375       1.092501545918394E-004
   13.0381231671554       1.144043550635790E-004
   13.0557184750733       1.198147251531292E-004
   13.0733137829912       1.249621490977369E-004
   13.0909090909091       1.303200835386291E-004
   13.1085043988270       1.354005521426424E-004
   13.1260997067449       1.406515526502867E-004
   13.1436950146628       1.456166608765553E-004
   13.1612903225806       1.507168950923431E-004
   13.1788856304985       1.555281864268368E-004
   13.1964809384164       1.604432028910612E-004
   13.2140762463343       1.650700843888042E-004
   13.2316715542522       1.697637108374621E-004
   13.2492668621701       1.741567611570114E-004
   13.2668621700880       1.785707894730960E-004
   13.2844574780059       1.826745609253010E-004
   13.3020527859238       1.867582030033776E-004
   13.3196480938416       1.905278371780256E-004
   13.3372434017595       1.942412010046531E-004
   13.3548387096774       1.976433248941900E-004
   13.3724340175953       2.009589484826016E-004
   13.3900293255132       2.039741441885313E-004
   13.4076246334311       2.068818337563962E-004
   13.4252199413490       2.095133364963130E-004
   13.4428152492669       2.120231664642139E-004
   13.4604105571848       2.142771657219279E-004
   13.4780058651026       2.163874084515108E-004
   13.4956011730205       2.182606676627168E-004
   13.5131964809384       2.199684186136273E-004
   13.5307917888563       2.214610172817109E-004
   13.5483870967742       2.227693008913535E-004
   13.5659824046921       2.238897238778889E-004
   13.5835777126100       2.248128703936331E-004
   13.6011730205279       2.255855183745913E-004
   13.6187683284457       2.261628938168508E-004
   13.6363636363636       2.266429487994603E-004
   13.6539589442815       2.269252352893763E-004
   13.6715542521994       2.271464847792100E-004
   13.6891495601173       2.271548221552009E-004
   13.7067448680352       2.271339345040496E-004
   13.7243401759531       2.268818443422645E-004
   13.7419354838710       2.266325348083687E-004
   13.7595307917889       2.261341003614603E-004
   13.7771260997067       2.256742365009434E-004
   13.7947214076246       2.249522702581601E-004
   13.8123167155425       2.243181311670260E-004
   13.8299120234604       2.234322650931037E-004
   13.8475073313783       2.227002074227572E-004
   13.8651026392962       2.217158894696336E-004
   13.8826979472141       2.209323453006170E-004
   13.9002932551320       2.198816860059563E-004
   13.9178885630499       2.190703929208747E-004
   13.9354838709677       2.179692262747884E-004
   13.9530791788856       2.171410411808763E-004
   13.9706744868035       2.159948770553391E-004
   13.9882697947214       2.151526840737286E-004
   14.0058651026393       2.139623414200738E-004
   14.0234604105572       2.131144062532322E-004
   14.0410557184751       2.119038450167327E-004
   14.0586510263930       2.110851927528351E-004
   14.0762463343109       2.098830851905561E-004
   14.0938416422287       2.091127409825993E-004
   14.1114369501466       2.079284519211108E-004
   14.1290322580645       2.072083621043319E-004
   14.1466275659824       2.060349301927388E-004
   14.1642228739003       2.053506911882374E-004
   14.1818181818182       2.041638915982539E-004
   14.1994134897361       2.034816155025449E-004
   14.2170087976540       2.022342022468329E-004
   14.2346041055718       2.015060913830469E-004
   14.2521994134897       2.001711964494806E-004
   14.2697947214076       1.993955036296745E-004
   14.2873900293255       1.979795382873209E-004
   14.3049853372434       1.971648146362431E-004
   14.3225806451613       1.956745573340683E-004
   14.3401759530792       1.948262291097872E-004
   14.3577712609971       1.932627602886334E-004
   14.3753665689150       1.923779411396762E-004
   14.3929618768328       1.907306261520773E-004
   14.4105571847507       1.897878759206847E-004
   14.4281524926686       1.880174444912742E-004
   14.4457478005865       1.869728930888873E-004
   14.4633431085044       1.850490357709625E-004
   14.4809384164223       1.838908774590649E-004
   14.4985337243402       1.818104898220435E-004
   14.5161290322581       1.805422062931652E-004
   14.5337243401760       1.783116658570587E-004
   14.5513196480938       1.769433599700172E-004
   14.5689149560117       1.745734783749092E-004
   14.5865102639296       1.731177737573069E-004
   14.6041055718475       1.706193401241736E-004
   14.6217008797654       1.690829036116569E-004
   14.6392961876833       1.664516578344014E-004
   14.6568914956012       1.648263114317684E-004
   14.6744868035191       1.620571370183190E-004
   14.6920821114370       1.603448529783582E-004
   14.7096774193548       1.574428457592382E-004
   14.7272727272727       1.556533070965767E-004
   14.7448680351906       1.526298662384036E-004
   14.7624633431085       1.507781124982961E-004
   14.7800586510264       1.476491369360221E-004
   14.7976539589443       1.457537985328006E-004
   14.8152492668622       1.425357109558316E-004
   14.8328445747801       1.406030041330920E-004
   14.8504398826979       1.372820498623606E-004
   14.8680351906158       1.352906705437373E-004
   14.8856304985337       1.318467479244588E-004
   14.9032258064516       1.297822463987503E-004
   14.9208211143695       1.262034957599869E-004
   14.9384164222874       1.240590149134918E-004
   14.9560117302053       1.203408137706223E-004
   14.9736070381232       1.181165227591991E-004
   14.9912023460411       1.142609160591531E-004
   15.0087976539589       1.119630706112136E-004
   15.0263929618768       1.079872424152811E-004
   15.0439882697947       1.056698401031493E-004
   15.0615835777126       1.016681664532990E-004
   15.0791788856305       9.945137397026154E-005
   15.0967741935484       9.555527944056117E-005
   15.1143695014663       9.358472090233539E-005
   15.1319648093842       8.995265490927736E-005
   15.1495601173021       8.840555961534125E-005
   15.1671554252199       8.523479417851473E-005
   15.1847507331378       8.433940427024919E-005
   15.2023460410557       8.190303474115082E-005
   15.2199413489736       8.201470668116201E-005
   15.2375366568915       8.072301843446780E-005
   15.2551319648094       8.217729445137615E-005
   15.2727272727273       8.221431403563945E-005
   15.2903225806452       8.509203634117839E-005
   15.3079178885631       8.646941866102854E-005
   15.3255131964809       9.072682980514373E-005
   15.3431085043988       9.334543555871039E-005
   15.3607038123167       9.883076788214332E-005
   15.3782991202346       1.024765548025980E-004
   15.3958944281525       1.089048434256139E-004
   15.4134897360704       1.131778256521573E-004
   15.4310850439883       1.200053015346468E-004
   15.4486803519062       1.243220894134484E-004
   15.4662756598240       1.310796509212060E-004
   15.4838709677419       1.350873045884691E-004
   15.5014662756598       1.414874988218500E-004
   15.5190615835777       1.449345891030896E-004
   15.5366568914956       1.507549923883421E-004
   15.5542521994135       1.534359372796057E-004
   15.5718475073314       1.584856000626851E-004
   15.5894428152493       1.602126130008379E-004
   15.6070381231672       1.642985652337072E-004
   15.6246334310850       1.648699961829055E-004
   15.6422287390029       1.678524865712000E-004
   15.6598240469208       1.672562096280422E-004
   15.6774193548387       1.692359596679305E-004
   15.6950146627566       1.676316269117633E-004
   15.7126099706745       1.688173346925770E-004
   15.7302052785924       1.664543788660497E-004
   15.7478005865103       1.671415894835214E-004
   15.7653958944282       1.643587742297561E-004
   15.7829912023460       1.649417680432255E-004
   15.8005865102639       1.621978390260429E-004
   15.8181818181818       1.632227314830418E-004
   15.8357771260997       1.610532062639202E-004
   15.8533724340176       1.628635988372184E-004
   15.8709677419355       1.613948261484689E-004
   15.8885630498534       1.640237412591566E-004
   15.9061583577713       1.632464432361982E-004
   15.9237536656892       1.666640389336629E-004
   15.9413489736070       1.665298894734753E-004
   15.9589442815249       1.706821924378243E-004
   15.9765395894428       1.711301765521501E-004
   15.9941348973607       1.759624428831527E-004
   16.0117302052786       1.769498428724993E-004
   16.0293255131965       1.824588255318809E-004
   16.0469208211144       1.840001551574703E-004
   16.0645161290323       1.901813434988213E-004
   16.0821114369501       1.922290611986873E-004
   16.0997067448680       1.990125070670628E-004
   16.1173020527859       2.014744304294771E-004
   16.1348973607038       2.087590072859102E-004
   16.1524926686217       2.115195058941532E-004
   16.1700879765396       2.191881034951911E-004
   16.1876832844575       2.221234708405435E-004
   16.2052785923754       2.300656733276556E-004
   16.2228739002933       2.331109637431353E-004
   16.2404692082111       2.413741171602910E-004
   16.2580645161290       2.446455611057224E-004
   16.2756598240469       2.533343141671255E-004
   16.2932551319648       2.568830463789720E-004
   16.3108504398827       2.660154713850436E-004
   16.3284457478006       2.698177732242952E-004
   16.3460410557185       2.793417436944761E-004
   16.3636363636364       2.833032987903248E-004
   16.3812316715543       2.930920700416997E-004
   16.3988269794721       2.970327978857784E-004
   16.4164222873900       3.068561582927538E-004
   16.4340175953079       3.105314631056672E-004
   16.4516129032258       3.202586407463389E-004
   16.4692082111437       3.236533191622953E-004
   16.4868035190616       3.333279270733272E-004
   16.5043988269795       3.364883089301345E-004
   16.5219941348974       3.461657314100397E-004
   16.5395894428153       3.491320920959655E-004
   16.5571847507331       3.588502879462421E-004
   16.5747800586510       3.616331713442253E-004
   16.5923753665689       3.713867926502190E-004
   16.6099706744868       3.739222714268268E-004
   16.6275659824047       3.835283282405552E-004
   16.6451612903226       3.854323023949384E-004
   16.6627565982405       3.944172198727209E-004
   16.6803519061584       3.952202337552614E-004
   16.6979472140762       4.031609303533213E-004
   16.7155425219941       4.024455322746195E-004
   16.7331378299120       4.089490075009634E-004
   16.7507331378299       4.063143144755628E-004
   16.7683284457478       4.109959110246449E-004
   16.7859237536657       4.060407747371396E-004
   16.8035190615836       4.085116022638531E-004
   16.8211143695015       4.010083960767351E-004
   16.8387096774194       4.018127949269266E-004
   16.8563049853372       3.933033550827773E-004
   16.8739002932551       3.944721462490122E-004
   16.8914956011730       3.869739684333805E-004
   16.9090909090909       3.904860377722072E-004
   16.9266862170088       3.858829356839066E-004
   16.9442815249267       3.935448542424057E-004
   16.9618768328446       3.934865773317298E-004
   16.9794721407625       4.067725912172721E-004
   16.9970674486804       4.123940967236099E-004
   17.0146627565982       4.316189827144493E-004
   17.0322580645161       4.406769336682848E-004
   17.0498533724340       4.604689277529824E-004
   17.0674486803519       4.665499849599440E-004
   17.0850439882698       4.813136837861285E-004
   17.1026392961877       4.797005905047908E-004
   17.1202346041056       4.855424885894993E-004
   17.1378299120235       4.730889174103686E-004
   17.1554252199413       4.677555363835185E-004
   17.1730205278592       4.431766334363435E-004
   17.1906158357771       4.267239060929222E-004
   17.2082111436950       3.922217708828541E-004
   17.2258064516129       3.715452615971751E-004
   17.2434017595308       3.392175404551165E-004
   17.2609970674487       3.273227518455520E-004
   17.2785923753666       3.070802338218620E-004
   17.2961876832845       3.110639172874045E-004
   17.3137829912023       3.078604742907591E-004
   17.3313782991202       3.308988380856707E-004
   17.3489736070381       3.460049986386118E-004
   17.3665689149560       3.875117134488474E-004
   17.3841642228739       4.179428905933302E-004
   17.4017595307918       4.718740015071936E-004
   17.4193548387097       5.059145673521402E-004
   17.4369501466276       5.542868810507792E-004
   17.4545454545455       5.735839885528497E-004
   17.4721407624633       6.040506209109934E-004
   17.4897360703812       6.012863121011466E-004
   17.5073313782991       6.099949425578260E-004
   17.5249266862170       5.837785231471962E-004
   17.5425219941349       5.719686027791023E-004
   17.5601173020528       5.256968840048447E-004
   17.5777126099707       4.996685499028149E-004
   17.5953079178886       4.424967756722940E-004
   17.6129032258065       4.166150114509858E-004
   17.6304985337243       3.680142042265455E-004
   17.6480938416422       3.615549635615749E-004
   17.6656891495601       3.330032519609352E-004
   17.6832844574780       3.514926133850065E-004
   17.7008797653959       3.443250463647242E-004
   17.7184750733138       3.874790429782780E-004
   17.7360703812317       3.985324605195639E-004
   17.7536656891496       4.624727603814316E-004
   17.7712609970675       4.848364135617045E-004
   17.7888563049853       5.623093959444734E-004
   17.8064516129032       5.843258927270772E-004
   17.8240469208211       6.633461402508622E-004
   17.8416422287390       6.711028014696183E-004
   17.8592375366569       7.477830331653857E-004
   17.8768328445748       7.383814053595962E-004
   17.8944281524927       8.204024998934247E-004
   17.9120234604106       7.947690149477423E-004
   17.9296187683284       9.019899288332031E-004
   17.9472140762463       8.630703817493171E-004
   17.9648093841642       1.053011692267471E-003
   17.9824046920821       1.005900202427369E-003
   18.0000000000000       1.661459362573605E-003
