  0.000000000000000E+000 -1.917956795372335E-003
  1.759530791788856E-002 -9.638650816765518E-004
  3.519061583577713E-002 -1.014541328082264E-003
  5.278592375366570E-002 -7.182559084309162E-004
  7.038123167155426E-002 -7.576321207640791E-004
  8.797653958944282E-002 -5.885126984116434E-004
  0.105571847507331      -6.213086177201741E-004
  0.123167155425220      -5.050093814466621E-004
  0.140762463343109      -5.333080528378257E-004
  0.158357771260997      -4.455392720440842E-004
  0.175953079178886      -4.705121770547273E-004
  0.193548387096774      -4.004522477170670E-004
  0.211143695014663      -4.228465026790542E-004
  0.228739002932551      -3.647859349136962E-004
  0.246334310850440      -3.851246339087726E-004
  0.263929618768328      -3.357137919035840E-004
  0.281524926686217      -3.543831997636725E-004
  0.299120234604106      -3.114997126435063E-004
  0.316715542521994      -3.287944165337629E-004
  0.334310850439883      -2.910171576132352E-004
  0.351906158357771      -3.071703785231698E-004
  0.369501466275660      -2.735080683218217E-004
  0.387096774193548      -2.887114468156149E-004
  0.404692082111437      -2.584529598444175E-004
  0.422287390029326      -2.728736077723303E-004
  0.439882697947214      -2.455011877118349E-004
  0.457478005865103      -2.592810216594203E-004
  0.475073313782991      -2.343941197625806E-004
  0.492668621700880      -2.476442415421943E-004
  0.510263929618768      -2.249271529696328E-004
  0.527859237536657      -2.377396917635243E-004
  0.545454545454546      -2.169414795436907E-004
  0.563049853372434      -2.293954484608458E-004
  0.580645161290323      -2.103159008642046E-004
  0.598240469208211      -2.224834783565263E-004
  0.615835777126100      -2.049706797743531E-004
  0.633431085043988      -2.169427316687873E-004
  0.651026392961877      -2.009089597940295E-004
  0.668621700879765      -2.127810974396725E-004
  0.686217008797654      -1.981438336052464E-004
  0.703812316715543      -2.099802186984235E-004
  0.721407624633431      -1.966524780621171E-004
  0.739002932551320      -2.084905635031832E-004
  0.756598240469208      -1.963770342840042E-004
  0.774193548387097      -2.082237576373392E-004
  0.791788856304985      -1.972086016261214E-004
  0.809384164222874      -2.090189025190823E-004
  0.826979472140763      -1.989111406292941E-004
  0.844574780058651      -2.105362254515147E-004
  0.862170087976540      -2.011175271855678E-004
  0.879765395894428      -2.124582440642995E-004
  0.897360703812317      -2.035898679284305E-004
  0.914956011730205      -2.145961062425907E-004
  0.932551319648094      -2.061820383750638E-004
  0.950146627565982      -2.168329436278693E-004
  0.967741935483871      -2.088102459389806E-004
  0.985337243401760      -2.191104251262075E-004
   1.00293255131965      -2.114486432524577E-004
   1.02052785923754      -2.214209984228324E-004
   1.03812316715543      -2.140557770098903E-004
   1.05571847507331      -2.235998360303852E-004
   1.07331378299120      -2.163439300946409E-004
   1.09090909090909      -2.253069840516014E-004
   1.10850439882698      -2.179759519831563E-004
   1.12609970674487      -2.262160446577984E-004
   1.14369501466276      -2.186441975419145E-004
   1.16129032258065      -2.260398693987348E-004
   1.17888563049853      -2.180920782455458E-004
   1.19648093841642      -2.245611617562996E-004
   1.21407624633431      -2.161807776159816E-004
   1.23167155425220      -2.218350976915261E-004
   1.24926686217009      -2.132802288101384E-004
   1.26686217008798      -2.184569920319060E-004
   1.28445747800587      -2.100012130426240E-004
   1.30205278592375      -2.149523549532830E-004
   1.31964809384164      -2.067922818504510E-004
   1.33724340175953      -2.117043528926943E-004
   1.35483870967742      -2.039765257015916E-004
   1.37243401759531      -2.089725969197750E-004
   1.39002932551320      -2.017439975768047E-004
   1.40762463343109      -2.068529154949231E-004
   1.42521994134897      -2.000421936727812E-004
   1.44281524926686      -2.051191424623495E-004
   1.46041055718475      -1.985821629161397E-004
   1.47800586510264      -2.035714053581330E-004
   1.49560117302053      -1.972911072344761E-004
   1.51319648093842      -2.022226361608278E-004
   1.53079178885631      -1.962419734741619E-004
   1.54838709677419      -2.011949697882476E-004
   1.56598240469208      -1.956025461669191E-004
   1.58357771260997      -2.007009731638827E-004
   1.60117302052786      -1.956366813238093E-004
   1.61876832844575      -2.010562247948026E-004
   1.63636363636364      -1.966358375746470E-004
   1.65395894428153      -2.023585540760702E-004
   1.67155425219941      -1.984338375783113E-004
   1.68914956011730      -2.042783494903434E-004
   1.70674486803519      -2.006403674564275E-004
   1.72434017595308      -2.063937514447789E-004
   1.74193548387097      -2.028086531858282E-004
   1.75953079178886      -2.082343265523388E-004
   1.77712609970675      -2.044437439538554E-004
   1.79472140762463      -2.092751161278733E-004
   1.81231671554252      -2.049774132566267E-004
   1.82991202346041      -2.089061590280463E-004
   1.84750733137830      -2.038376241545126E-004
   1.86510263929619      -2.067021578523247E-004
   1.88269794721408      -2.007607428815659E-004
   1.90029325513196      -2.025028015939481E-004
   1.91788856304985      -1.956531631700863E-004
   1.93548387096774      -1.962734756110025E-004
   1.95307917888563      -1.885414899693011E-004
   1.97067448680352      -1.881097406620280E-004
   1.98826979472141      -1.796070373616557E-004
   2.00586510263930      -1.783206175650614E-004
   2.02346041055718      -1.694588220699357E-004
   2.04105571847507      -1.681240079045615E-004
   2.05865102639296      -1.599636770725621E-004
   2.07624633431085      -1.596113991753136E-004
   2.09384164222874      -1.530553307051154E-004
   2.11143695014663      -1.545001533176606E-004
   2.12903225806452      -1.502737087981844E-004
   2.14662756598241      -1.541626204643434E-004
   2.16422287390029      -1.528181906355553E-004
   2.18181818181818      -1.596010342338720E-004
   2.19941348973607      -1.614393650450963E-004
   2.21700879765396      -1.710855217459402E-004
   2.23460410557185      -1.752320880426876E-004
   2.25219941348974      -1.859429987384875E-004
   2.26979472140762      -1.903390654804148E-004
   2.28739002932551      -2.002491821722764E-004
   2.30498533724340      -2.032080547838511E-004
   2.32258064516129      -2.107796961595160E-004
   2.34017595307918      -2.108915647666029E-004
   2.35777126099707      -2.148500747269326E-004
   2.37536656891496      -2.109804560721194E-004
   2.39296187683284      -2.103664287890953E-004
   2.41055718475073      -2.018439821707507E-004
   2.42815249266862      -1.967964819975591E-004
   2.44574780058651      -1.849768020355153E-004
   2.46334310850440      -1.775303931764918E-004
   2.48093841642229      -1.643677839317291E-004
   2.49853372434018      -1.562543301233720E-004
   2.51612903225806      -1.433222677465194E-004
   2.53372434017595      -1.359874258630139E-004
   2.55131964809384      -1.246084646659474E-004
   2.56891495601173      -1.192571478283700E-004
   2.58651026392962      -1.105007681345371E-004
   2.60410557184751      -1.080299722250692E-004
   2.62170087976540      -1.023856711052237E-004
   2.63929618768328      -1.025154090233851E-004
   2.65689149560117      -9.906233793452892E-005
   2.67448680351906      -1.008020871595745E-004
   2.69208211143695      -9.870071933309527E-005
   2.70967741935484      -1.013201461397320E-004
   2.72727272727273      -9.991946519594512E-005
   2.74486803519062      -1.028386940885877E-004
   2.76246334310850      -1.016203520766878E-004
   2.78005865102639      -1.043885274344994E-004
   2.79765395894428      -1.029733372738603E-004
   2.81524926686217      -1.053318403432155E-004
   2.83284457478006      -1.036656772351227E-004
   2.85043988269795      -1.057347047018844E-004
   2.86803519061584      -1.039373979254475E-004
   2.88563049853372      -1.057648926626860E-004
   2.90322580645161      -1.038297250156631E-004
   2.92082111436950      -1.053755707659224E-004
   2.93841642228739      -1.032315691991285E-004
   2.95601173020528      -1.044009872372051E-004
   2.97360703812317      -1.019255957789833E-004
   2.99120234604106      -1.025697614972917E-004
   3.00879765395894      -9.957373002964381E-005
   3.02639296187683      -9.949064108373258E-005
   3.04398826979472      -9.586050065707764E-005
   3.06158357771261      -9.509590744113204E-005
   3.07917888563050      -9.097657007297650E-005
   3.09677419354839      -8.971569375143051E-005
   3.11436950146628      -8.531472909569369E-005
   3.13196480938416      -8.378780998377176E-005
   3.14956011730205      -7.935337952012846E-005
   3.16715542521994      -7.783094987671701E-005
   3.18475073313783      -7.365559805260105E-005
   3.20234604105572      -7.246434481572280E-005
   3.21994134897361      -6.890219118960046E-005
   3.23753665689150      -6.833427127091479E-005
   3.25513196480938      -6.549295933683828E-005
   3.27272727272727      -6.550422538140396E-005
   3.29032258064516      -6.327672818941938E-005
   3.30791788856305      -6.373092164529135E-005
   3.32551319648094      -6.195441426037487E-005
   3.34310850439883      -6.266780739598658E-005
   3.36070381231672      -6.113468394325538E-005
   3.37829912023460      -6.187686617134532E-005
   3.39589442815249      -6.032593040776869E-005
   3.41348973607038      -6.079761066253066E-005
   3.43108504398827      -5.893389499011961E-005
   3.44868035190616      -5.896591707776851E-005
   3.46627565982405      -5.677450266081161E-005
   3.48387096774194      -5.643403486868875E-005
   3.50146627565982      -5.401266862176123E-005
   3.51906158357771      -5.342097779390568E-005
   3.53665689149560      -5.090813449187116E-005
   3.55425219941349      -5.022228383262129E-005
   3.57184750733138      -4.779101883183960E-005
   3.58944281524927      -4.720462643740080E-005
   3.60703812316716      -4.507275650931064E-005
   3.62463343108504      -4.480786245013544E-005
   3.64222873900293      -4.310718404989522E-005
   3.65982404692082      -4.315117140309336E-005
   3.67741935483871      -4.177936220223283E-005
   3.69501466275660      -4.200419946983120E-005
   3.71260997067449      -4.081751495105140E-005
   3.73020527859238      -4.106910421253411E-005
   3.74780058651026      -3.990193136793735E-005
   3.76539589442815      -4.000584668725428E-005
   3.78299120234604      -3.867152565786211E-005
   3.80058651026393      -3.842836968201276E-005
   3.81818181818182      -3.671473542703314E-005
   3.83577712609971      -3.595206369665927E-005
   3.85337243401760      -3.378971738509504E-005
   3.87096774193548      -3.252593344152028E-005
   3.88856304985337      -2.996479239321170E-005
   3.90615835777126      -2.826593428938368E-005
   3.92375366568915      -2.538326974398677E-005
   3.94134897360704      -2.333956313822309E-005
   3.95894428152493      -2.023682511257879E-005
   3.97653958944282      -1.796534451274150E-005
   3.99413489736070      -1.477692293199095E-005
   4.01173020527859      -1.244542995385817E-005
   4.02932551319648      -9.393469687454712E-006
   4.04692082111437      -7.261870218329852E-006
   4.06451612903226      -4.582625615602485E-006
   4.08211143695015      -2.842654421286063E-006
   4.09970674486804      -6.939210789278669E-007
   4.11730205278592       5.197260087092355E-007
   4.13489736070381       2.026097499089483E-006
   4.15249266862170       2.621835480390354E-006
   4.17008797653959       3.418142054110647E-006
   4.18768328445748       3.353775350759161E-006
   4.20527859237537       3.436984117626834E-006
   4.22287390029326       2.787114445549374E-006
   4.24046920821114       2.346163646613277E-006
   4.25806451612903       1.354941893320517E-006
   4.27565982404692       6.061837960752480E-007
   4.29325513196481      -5.527895867947774E-007
   4.31085043988270      -1.461723080941654E-006
   4.32844574780059      -2.663479939622604E-006
   4.34604105571848      -3.625505295309317E-006
   4.36363636363636      -4.782130337784362E-006
   4.38123167155425      -5.727440529985266E-006
   4.39882697947214      -6.792693454749531E-006
   4.41642228739003      -7.709004443866755E-006
   4.43401759530792      -8.716156978857443E-006
   4.45161290322581      -9.649289294788632E-006
   4.46920821114370      -1.061785645531568E-005
   4.48680351906158      -1.155764612911228E-005
   4.50439882697947      -1.246182505682893E-005
   4.52199413489736      -1.336979809506516E-005
   4.53958944281525      -1.416238921053670E-005
   4.55718475073314      -1.498148272012457E-005
   4.57478005865103      -1.559728017734179E-005
   4.59237536656892      -1.625111855847367E-005
   4.60997067448680      -1.660062199812627E-005
   4.62756598240469      -1.699711597652139E-005
   4.64516129032258      -1.703101056633557E-005
   4.66275659824047      -1.718315269603951E-005
   4.68035190615836      -1.695270383369663E-005
   4.69794721407625      -1.692480823205570E-005
   4.71554252199414      -1.650438756701054E-005
   4.73313782991202      -1.637789250420940E-005
   4.75073313782991      -1.585742731784719E-005
   4.76832844574780      -1.572933873743397E-005
   4.78592375366569      -1.521592279196236E-005
   4.80351906158358      -1.520516743454685E-005
   4.82111436950147      -1.482904529921685E-005
   4.83870967741935      -1.503979242241629E-005
   4.85630498533724      -1.483947165138505E-005
   4.87390029325513      -1.525588733613465E-005
   4.89149560117302      -1.519546575372205E-005
   4.90909090909091      -1.576988962474987E-005
   4.92668621700880      -1.579374099844909E-005
   4.94428152492669      -1.646183692494187E-005
   4.96187683284458      -1.649877281890324E-005
   4.97947214076246      -1.718025175340601E-005
   4.99706744868035      -1.714105075151651E-005
   5.01466275659824      -1.773571050711123E-005
   5.03225806451613      -1.754384949899689E-005
   5.04985337243402      -1.805160918787560E-005
   5.06744868035191      -1.777977503593435E-005
   5.08504398826980      -1.829960635424768E-005
   5.10263929618768      -1.805514826283179E-005
   5.12023460410557      -1.869826714122121E-005
   5.13782991202346      -1.859658343948228E-005
   5.15542521994135      -1.948008266133684E-005
   5.17302052785924      -1.964085417905891E-005
   5.19061583577713      -2.088466448499845E-005
   5.20821114369502      -2.142680809257687E-005
   5.22580645161290      -2.310472830816786E-005
   5.24340175953079      -2.398047810147993E-005
   5.26099706744868      -2.592363877102857E-005
   5.27859237536657      -2.692649341994028E-005
   5.29618768328446      -2.893206281168250E-005
   5.31378299120235      -2.986551985393212E-005
   5.33137829912024      -3.174166776050330E-005
   5.34897360703812      -3.242045128395519E-005
   5.36656891495601      -3.398760507855046E-005
   5.38416422287390      -3.424085568631659E-005
   5.40175953079179      -3.533857708332813E-005
   5.41935483870968      -3.504700609060211E-005
   5.43695014662757      -3.568004945592587E-005
   5.45454545454546      -3.500360100468720E-005
   5.47214076246334      -3.539371469877085E-005
   5.48973607038123      -3.454779608367125E-005
   5.50733137829912      -3.489819756250226E-005
   5.52492668621701      -3.407767919712886E-005
   5.54252199413490      -3.457439504417193E-005
   5.56011730205279      -3.395813277461590E-005
   5.57771260997067      -3.477074881525695E-005
   5.59530791788856      -3.451899901557144E-005
   5.61290322580645      -3.578643170036201E-005
   5.63049853372434      -3.596233527177371E-005
   5.64809384164223      -3.761976953075597E-005
   5.66568914956012      -3.808025343029390E-005
   5.68328445747801      -3.997729930474384E-005
   5.70087976539589      -4.058341471596935E-005
   5.71847507331378      -4.258785936489069E-005
   5.73607038123167      -4.321435022272882E-005
   5.75366568914956      -4.520587418011529E-005
   5.77126099706745      -4.573873341180588E-005
   5.78885630498534      -4.760858997547802E-005
   5.80645161290323      -4.794767810044311E-005
   5.82404692082111      -4.961493009152943E-005
   5.84164222873900      -4.971768988667344E-005
   5.85923753665689      -5.117009065330845E-005
   5.87683284457478      -5.103107167181140E-005
   5.89442815249267      -5.225886915130943E-005
   5.91202346041056      -5.186719839497837E-005
   5.92961876832845      -5.285799799889805E-005
   5.94721407624634      -5.220195559265065E-005
   5.96480938416422      -5.294396969257270E-005
   5.98240469208211      -5.201394740475499E-005
   6.00000000000000      -5.249970260918385E-005
   6.01759530791789      -5.129927727330513E-005
   6.03519061583578      -5.156461003325234E-005
   6.05278592375367      -5.017172023724565E-005
   6.07038123167156      -5.030964276139468E-005
   6.08797653958944      -4.881361790073685E-005
   6.10557184750733      -4.890729126141743E-005
   6.12316715542522      -4.738761902447589E-005
   6.14076246334311      -4.751203849207019E-005
   6.15835777126100      -4.604076132622862E-005
   6.17595307917889      -4.626363362650688E-005
   6.19354838709677      -4.490513298551652E-005
   6.21114369501466      -4.528352027847065E-005
   6.22873900293255      -4.406887106182204E-005
   6.24633431085044      -4.458222786189899E-005
   6.26392961876833      -4.345308187601800E-005
   6.28152492668622      -4.403404172625040E-005
   6.29912023460411      -4.292543966558530E-005
   6.31671554252199      -4.350925363063018E-005
   6.33431085043988      -4.235751553654741E-005
   6.35190615835777      -4.287999097518353E-005
   6.36950146627566      -4.162148433814930E-005
   6.38709677419355      -4.201806646898536E-005
   6.40469208211144      -4.058835670340217E-005
   6.42228739002933      -4.080122446773530E-005
   6.43988269794721      -3.917393406436343E-005
   6.45747800586510      -3.921696749141809E-005
   6.47507331378299      -3.742656343558551E-005
   6.49266862170088      -3.733625970940743E-005
   6.51026392961877      -3.542049878729423E-005
   6.52785923753666      -3.523455086423284E-005
   6.54545454545455      -3.323230894975407E-005
   6.56304985337243      -3.298962893968737E-005
   6.58064516129032      -3.094130751884890E-005
   6.59824046920821      -3.068301507371427E-005
   6.61583577712610      -2.863149693277898E-005
   6.63343108504399      -2.839191290934275E-005
   6.65102639296188      -2.635068262881967E-005
   6.66862170087977      -2.612384058489007E-005
   6.68621700879765      -2.407999355200969E-005
   6.70381231671554      -2.384915283604141E-005
   6.72140762463343      -2.178381893742840E-005
   6.73900293255132      -2.152692417656017E-005
   6.75659824046921      -1.941597852552880E-005
   6.77419354838710      -1.910538779159258E-005
   6.79178885630499      -1.691831895240584E-005
   6.80938416422287      -1.651811802723774E-005
   6.82697947214076      -1.421822046518491E-005
   6.84457478005865      -1.370325931826873E-005
   6.86217008797654      -1.128540261340924E-005
   6.87976539589443      -1.066143564730517E-005
   6.89736070381232      -8.135574392341480E-006
   6.91495601173021      -7.413833183013577E-006
   6.93255131964809      -4.793019519536471E-006
   6.95014662756598      -3.986862140400432E-006
   6.96774193548387      -1.285625969877512E-006
   6.98533724340176      -4.094425029163820E-007
   7.00293255131965       2.357025387359051E-006
   7.02052785923754       3.288930241164725E-006
   7.03812316715543       6.107667616011146E-006
   7.05571847507331       7.085517011519019E-006
   7.07331378299120       9.947571313348844E-006
   7.09090909090909       1.096326142477483E-005
   7.10850439882698       1.386029023731454E-005
   7.12609970674487       1.490643953678204E-005
   7.14369501466276       1.783111296875928E-005
   7.16129032258065       1.890168324095889E-005
   7.17888563049853       2.184847950362882E-005
   7.19648093841642       2.293993279239684E-005
   7.21407624633431       2.590727400962538E-005
   7.23167155425220       2.702118168770796E-005
   7.24926686217009       3.000930686254440E-005
   7.26686217008798       3.114250016172182E-005
   7.28445747800587       3.414473318876829E-005
   7.30205278592375       3.528973865936068E-005
   7.31964809384164       3.829750224250235E-005
   7.33724340175953       3.944605900447486E-005
   7.35483870967742       4.245076734019657E-005
   7.37243401759531       4.359537803967544E-005
   7.39002932551320       4.659016685108204E-005
   7.40762463343109       4.772681811731079E-005
   7.42521994134897       5.071069071975932E-005
   7.44281524926686       5.183896130483639E-005
   7.46041055718475       5.480505397471062E-005
   7.47800586510264       5.591192691570077E-005
   7.49560117302053       5.884306335784612E-005
   7.51319648093842       5.990964830187786E-005
   7.53079178885631       6.278485720576401E-005
   7.54838709677419       6.378950980870859E-005
   7.56598240469208       6.658593782688172E-005
   7.58357771260997       6.750602906894399E-005
   7.60117302052786       7.020117458431689E-005
   7.61876832844575       7.102082986390079E-005
   7.63636363636364       7.362074907072032E-005
   7.65395894428153       7.437468887006751E-005
   7.67155425219941       7.692402463174281E-005
   7.68914956011730       7.765404740941926E-005
   7.70674486803519       8.019006585121402E-005
   7.72434017595308       8.093034623674246E-005
   7.74193548387097       8.348349723002396E-005
   7.75953079178886       8.426167179732491E-005
   7.77712609970675       8.685577897240792E-005
   7.79472140762463       8.769236020944516E-005
   7.81231671554252       9.034210238566754E-005
   7.82991202346041       9.124080356213644E-005
   7.84750733137830       9.393487573816661E-005
   7.86510263929619       9.487749361550864E-005
   7.88269794721408       9.759736390663906E-005
   7.90029325513197       9.856658424651868E-005
   7.91788856304985       1.012944374078505E-004
   7.93548387096774       1.022723261892827E-004
   7.95307917888563       1.049889826119416E-004
   7.97067448680352       1.059556025987198E-004
   7.98826979472141       1.086392189296700E-004
   8.00586510263930       1.095708915600094E-004
   8.02346041055718       1.121948220575119E-004
   8.04105571847507       1.130656092991976E-004
   8.05865102639296       1.156080355373634E-004
   8.07624633431085       1.164007207424880E-004
   8.09384164222874       1.188456901744716E-004
   8.11143695014663       1.195452865380280E-004
   8.12903225806452       1.218777202708285E-004
   8.14662756598241       1.224695992255360E-004
   8.16422287390029       1.246745061993658E-004
   8.18181818181818       1.251440435468096E-004
   8.19941348973607       1.272066220131546E-004
   8.21700879765396       1.275428266171005E-004
   8.23460410557185       1.294694175515324E-004
   8.25219941348974       1.297062026456116E-004
   8.26979472140763       1.315441973012991E-004
   8.28739002932551       1.317286248538752E-004
   8.30498533724340       1.335215586822425E-004
   8.32258064516129       1.336943557805232E-004
   8.34017595307918       1.354792623875656E-004
   8.35777126099707       1.356740184054747E-004
   8.37536656891496       1.374796320375550E-004
   8.39296187683285       1.377196745274063E-004
   8.41055718475073       1.395594175098290E-004
   8.42815249266862       1.398384962299810E-004
   8.44574780058651       1.416832575833219E-004
   8.46334310850440       1.419663867429594E-004
   8.48093841642229       1.437880098496099E-004
   8.49853372434018       1.440538285324380E-004
   8.51612903225807       1.458342910206326E-004
   8.53372434017595       1.460674730348167E-004
   8.55131964809384       1.477926401589198E-004
   8.56891495601173       1.479800512103639E-004
   8.58651026392962       1.496363797992395E-004
   8.60410557184751       1.497632032562521E-004
   8.62170087976540       1.513300546325307E-004
   8.63929618768329       1.513667354720587E-004
   8.65689149560117       1.528102992246601E-004
   8.67448680351906       1.527275845024002E-004
   8.69208211143695       1.540237735625483E-004
   8.70967741935484       1.538015227022995E-004
   8.72727272727273       1.549328630733009E-004
   8.74486803519062       1.545562581049990E-004
   8.76246334310851       1.555097583787585E-004
   8.78005865102639       1.549678387199791E-004
   8.79765395894428       1.557338391343467E-004
   8.81524926686217       1.550193181158725E-004
   8.83284457478006       1.555985419652628E-004
   8.85043988269795       1.547273865721009E-004
   8.86803519061584       1.551465667818570E-004
   8.88563049853373       1.541491178587301E-004
   8.90322580645161       1.544394284127194E-004
   8.92082111436950       1.533478884998518E-004
   8.93841642228739       1.535418885490456E-004
   8.95601173020528       1.523893129521479E-004
   8.97360703812317       1.525197168476638E-004
   8.99120234604106       1.513382745304161E-004
   9.00879765395895       1.514342589929332E-004
   9.02639296187683       1.502390561786927E-004
   9.04398826979472       1.502872305951286E-004
   9.06158357771261       1.490446358631038E-004
   9.07917888563050       1.490103792157440E-004
   9.09677419354839       1.476916524801029E-004
   9.11436950146628       1.475505021231298E-004
   9.13196480938416       1.461352699801537E-004
   9.14956011730205       1.458702825112726E-004
   9.16715542521994       1.443452311583740E-004
   9.18475073313783       1.439463741381751E-004
   9.20234604105572       1.423052506799577E-004
   9.21994134897361       1.417691454457485E-004
   9.23753665689150       1.400074638593156E-004
   9.25513196480938       1.393239626189551E-004
   9.27272727272727       1.374285971015701E-004
   9.29032258064516       1.365854029025321E-004
   9.30791788856305       1.345463257059187E-004
   9.32551319648094       1.335357250589028E-004
   9.34310850439883       1.313480979289876E-004
   9.36070381231672       1.301681803653384E-004
   9.37829912023460       1.278337340040980E-004
   9.39589442815249       1.264903167087178E-004
   9.41348973607038       1.240207087719389E-004
   9.43108504398827       1.225297539614221E-004
   9.44868035190616       1.199376927602037E-004
   9.46627565982405       1.183039444016463E-004
   9.48387096774194       1.155900514522186E-004
   9.50146627565982       1.138135132394365E-004
   9.51906158357771       1.109786278986173E-004
   9.53665689149560       1.090615341767857E-004
   9.55425219941349       1.061101169000501E-004
   9.57184750733138       1.040597683186678E-004
   9.58944281524927       1.010031298710093E-004
   9.60703812316716       9.883708953358674E-005
   9.62463343108504       9.570373418726201E-005
   9.64222873900293       9.345985241487222E-005
   9.65982404692082       9.028581616934423E-005
   9.67741935483871       8.799168241664663E-005
   9.69501466275660       8.479903730284241E-005
   9.71260997067449       8.247391454700224E-005
   9.73020527859238       7.928030168734442E-005
   9.74780058651026       7.694094078530218E-005
   9.76539589442815       7.376290707906643E-005
   9.78299120234604       7.142622213779997E-005
   9.80058651026393       6.828192127627037E-005
   9.81818181818182       6.596695369478571E-005
   9.83577712609971       6.286840914955272E-005
   9.85337243401760       6.057045855907280E-005
   9.87096774193548       5.750029104157645E-005
   9.88856304985337       5.519839706646957E-005
   9.90615835777126       5.213518851178375E-005
   9.92375366568915       4.980831459056561E-005
   9.94134897360704       4.673218553811700E-005
   9.95894428152493       4.436240194475291E-005
   9.97653958944282       4.125852961934849E-005
   9.99413489736071       3.883580468398241E-005
   10.0117302052786       3.570424970230253E-005
   10.0293255131965       3.325291075690476E-005
   10.0469208211144       3.014536532695873E-005
   10.0645161290323       2.772305409764072E-005
   10.0821114369501       2.468644800044913E-005
   10.0997067448680       2.233020478557659E-005
   10.1173020527859       1.939482787279899E-005
   10.1348973607038       1.712962698710390E-005
   10.1524926686217       1.431594660991536E-005
   10.1700879765396       1.215848458626996E-005
   10.1876832844575       9.479843458649672E-006
   10.2052785923754       7.440827787551680E-006
   10.2228739002933       4.907101585530189E-006
   10.2404692082111       2.998733796129690E-006
   10.2580645161290       6.238868599618557E-007
   10.2756598240469      -1.141594577321890E-006
   10.2932551319648      -3.348773169642036E-006
   10.3108504398827      -4.965539779941833E-006
   10.3284457478006      -7.002121901305506E-006
   10.3460410557185      -8.469779216230175E-006
   10.3636363636364      -1.033794452625402E-005
   10.3812316715543      -1.166087897639093E-005
   10.3988269794721      -1.336720088847176E-005
   10.4164222873900      -1.455255944179941E-005
   10.4340175953079      -1.609955080006879E-005
   10.4516129032258      -1.714160344729766E-005
   10.4692082111437      -1.852087645820498E-005
   10.4868035190616      -1.941384408266047E-005
   10.5043988269795      -2.062332650617775E-005
   10.5219941348974      -2.136846831151248E-005
   10.5395894428153      -2.241306317553869E-005
   10.5571847507331      -2.301879059833910E-005
   10.5747800586510      -2.391100526675032E-005
   10.5923753665689      -2.439412378558857E-005
   10.6099706744868      -2.515664449457991E-005
   10.6275659824047      -2.554401665156451E-005
   10.6451612903226      -2.619972576465034E-005
   10.6627565982405      -2.650407442456586E-005
   10.6803519061584      -2.705990913574037E-005
   10.6979472140762      -2.728701986282695E-005
   10.7155425219941      -2.774942570478602E-005
   10.7331378299120      -2.790663912168570E-005
   10.7507331378299      -2.828469081274251E-005
   10.7683284457478      -2.838286164122650E-005
   10.7859237536657      -2.869006433207948E-005
   10.8035190615836      -2.874576482840646E-005
   10.8211143695015      -2.900084411883960E-005
   10.8387096774194      -2.902525808231311E-005
   10.8563049853372      -2.922402236455879E-005
   10.8739002932551      -2.920289695043505E-005
   10.8914956011730      -2.932990932495291E-005
   10.9090909090909      -2.924846053313981E-005
   10.9266862170088      -2.929071587794577E-005
   10.9442815249267      -2.913789160286902E-005
   10.9618768328446      -2.908736460864741E-005
   10.9794721407625      -2.885858371761511E-005
   10.9970674486804      -2.871592236802716E-005
   11.0146627565982      -2.841976710962457E-005
   11.0322580645161      -2.820279625506839E-005
   11.0498533724340      -2.785577917152112E-005
   11.0674486803519      -2.757069269018445E-005
   11.0850439882698      -2.717044033142038E-005
   11.1026392961877      -2.681153467969620E-005
   11.1202346041056      -2.635042671230890E-005
   11.1378299120235      -2.590981271084474E-005
   11.1554252199413      -2.538001846338485E-005
   11.1730205278592      -2.485144775868922E-005
   11.1906158357771      -2.424888347784119E-005
   11.2082111436950      -2.363376024533468E-005
   11.2258064516129      -2.297192833872061E-005
   11.2434017595308      -2.229934475772631E-005
   11.2609970674487      -2.161116453545545E-005
   11.2785923753666      -2.090774448538112E-005
   11.2961876832845      -2.021314792323348E-005
   11.3137829912023      -1.949531904062518E-005
   11.3313782991202      -1.880768509778165E-005
   11.3489736070381      -1.808726658975256E-005
   11.3665689149560      -1.741686959919386E-005
   11.3841642228739      -1.670400099936979E-005
   11.4017595307918      -1.606126693839754E-005
   11.4193548387097      -1.536993575687393E-005
   11.4369501466276      -1.477366593297387E-005
   11.4545454545455      -1.412372326180475E-005
   11.4721407624633      -1.358827795684438E-005
   11.4897360703812      -1.298925411293790E-005
   11.5073313782991      -1.252037296467473E-005
   11.5249266862170      -1.197574775905550E-005
   11.5425219941349      -1.157446407048095E-005
   11.5601173020528      -1.108397120390745E-005
   11.5777126099707      -1.074839226214986E-005
   11.5953079178886      -1.030974472225729E-005
   11.6129032258065      -1.003757297853184E-005
   11.6304985337243      -9.651882369695587E-006
   11.6480938416422      -9.447294632406908E-006
   11.6656891495601      -9.118867716371052E-006
   11.6832844574780      -8.982979170900586E-006
   11.7008797653959      -8.710929986306335E-006
   11.7184750733138      -8.640728659909849E-006
   11.7360703812317      -8.421198454739341E-006
   11.7536656891496      -8.411579749775179E-006
   11.7712609970675      -8.239607531673539E-006
   11.7888563049853      -8.285647030693461E-006
   11.8064516129032      -8.159145636402878E-006
   11.8240469208211      -8.270623661688502E-006
   11.8416422287390      -8.225902344173870E-006
   11.8592375366569      -8.458663765521221E-006
   11.8768328445748      -8.552036761956472E-006
   11.8944281524927      -8.954636649367711E-006
   11.9120234604106      -9.229329056818561E-006
   11.9296187683284      -9.839436773694661E-006
   11.9472140762463      -1.032887438261403E-005
   11.9648093841642      -1.117484290349074E-005
   11.9824046920821      -1.190315008135806E-005
   12.0000000000000      -1.300344134419189E-005
   12.0175953079179      -1.398214010921603E-005
   12.0351906158358      -1.533630461225884E-005
   12.0527859237537      -1.655576861368226E-005
   12.0703812316716      -1.815143047135417E-005
   12.0879765395894      -1.960047439797644E-005
   12.1055718475073      -2.142571277685022E-005
   12.1231671554252      -2.309211664843093E-005
   12.1407624633431      -2.513310907526431E-005
   12.1583577712610      -2.700237251904940E-005
   12.1759530791789      -2.924289584233787E-005
   12.1935483870968      -3.129826362823030E-005
   12.2111436950147      -3.372130551876688E-005
   12.2287390029326      -3.595676519165856E-005
   12.2463343108504      -3.857850375341318E-005
   12.2639296187683      -4.102689299645732E-005
   12.2815249266862      -4.388019197705897E-005
   12.2991202346041      -4.657022226712442E-005
   12.3167155425220      -4.967880378849896E-005
   12.3343108504399      -5.263031122559048E-005
   12.3519061583578      -5.600880247894311E-005
   12.3695014662757      -5.923197778368702E-005
   12.3870967741935      -6.288435173168913E-005
   12.4046920821114      -6.637666801592485E-005
   12.4222873900293      -7.029286753148851E-005
   12.4398826979472      -7.404742297531392E-005
   12.4574780058651      -7.823382269389842E-005
   12.4750733137830      -8.226830682320177E-005
   12.4926686217009      -8.674397989119371E-005
   12.5102639296188      -9.107692241045759E-005
   12.5278592375367      -9.585750628797976E-005
   12.5454545454545      -1.005019018429135E-004
   12.5630498533724      -1.055955885318981E-004
   12.5806451612903      -1.105548275708355E-004
   12.5982404692082      -1.159570946638092E-004
   12.6158357771261      -1.212167143029048E-004
   12.6334310850440      -1.269069735059179E-004
   12.6510263929619      -1.324600127319653E-004
   12.6686217008798      -1.384504861525714E-004
   12.6862170087977      -1.443195529028851E-004
   12.7038123167155      -1.506344339358615E-004
   12.7214076246334      -1.568440769319460E-004
   12.7390029325513      -1.635051328477537E-004
   12.7565982404692      -1.700740608757535E-004
   12.7741935483871      -1.770934527381428E-004
   12.7917888563050      -1.840258471319025E-004
   12.8093841642229      -1.913907663487093E-004
   12.8269794721408      -1.986396383814639E-004
   12.8445747800587      -2.062643410333136E-004
   12.8621700879765      -2.137384808803863E-004
   12.8797653958944      -2.215496937705408E-004
   12.8973607038123      -2.291924097761860E-004
   12.9149560117302      -2.371419885518861E-004
   12.9325513196481      -2.449122859281996E-004
   12.9501466275660      -2.529626498667147E-004
   12.9677419354839      -2.608258890555894E-004
   12.9853372434018      -2.689415207235853E-004
   13.0029325513196      -2.768588143502686E-004
   13.0205278592375      -2.849816791330846E-004
   13.0381231671554      -2.928563612627603E-004
   13.0557184750733      -3.008601181445670E-004
   13.0733137829912      -3.085726664697858E-004
   13.0909090909091      -3.163549556557767E-004
   13.1085043988270      -3.238171877360089E-004
   13.1260997067449      -3.312999382925430E-004
   13.1436950146628      -3.384438702045735E-004
   13.1612903225806      -3.455665757916731E-004
   13.1788856304985      -3.523398352721301E-004
   13.1964809384164      -3.590557136246213E-004
   13.2140762463343      -3.654154707910954E-004
   13.2316715542522      -3.716704950704187E-004
   13.2492668621701      -3.775429128420075E-004
   13.2668621700880      -3.832543254365821E-004
   13.2844574780059      -3.885650459846520E-004
   13.3020527859238      -3.936682592512364E-004
   13.3196480938416      -3.983635697092161E-004
   13.3372434017595      -4.028140217514536E-004
   13.3548387096774      -4.068605331670348E-004
   13.3724340175953      -4.106349774679136E-004
   13.3900293255132      -4.140225506522237E-004
   13.4076246334311      -4.171255151271177E-004
   13.4252199413490      -4.198778217371921E-004
   13.4428152492669      -4.223394076109289E-004
   13.4604105571848      -4.244771899207528E-004
   13.4780058651026      -4.263060581157875E-004
   13.4956011730205      -4.278369601495937E-004
   13.5131964809384      -4.290424617612003E-004
   13.5307917888563      -4.299813704231436E-004
   13.5483870967742      -4.305838615857568E-004
   13.5659824046921      -4.309602587941072E-004
   13.5835777126100      -4.309989189462859E-004
   13.6011730205279      -4.308678597073340E-004
   13.6187683284457      -4.304196755066921E-004
   13.6363636363636      -4.298764764428276E-004
   13.6539589442815      -4.290220185164588E-004
   13.6715542521994      -4.281184617021177E-004
   13.6891495601173      -4.268914736896777E-004
   13.7067448680352      -4.256560550693822E-004
   13.7243401759531      -4.240818037599494E-004
   13.7419354838710      -4.225415565612214E-004
   13.7595307917889      -4.206492366085257E-004
   13.7771260997067      -4.188407514609381E-004
   13.7947214076246      -4.166764027959428E-004
   13.8123167155425      -4.146682813881392E-004
   13.8299120234604      -4.123344407116120E-004
   13.8475073313783      -4.102456415132728E-004
   13.8651026392962      -4.078354215751848E-004
   13.8826979472141      -4.057268698673077E-004
   13.9002932551320      -4.032794985834004E-004
   13.9178885630499      -4.011782213943387E-004
   13.9354838709677      -3.987095956599871E-004
   13.9530791788856      -3.966249939354646E-004
   13.9706744868035      -3.941378346745555E-004
   13.9882697947214      -3.920704172040429E-004
   14.0058651026393      -3.895648389229745E-004
   14.0234604105572      -3.875293421296326E-004
   14.0410557184751      -3.850440180023290E-004
   14.0586510263930      -3.830906653904417E-004
   14.0762463343109      -3.806609112097928E-004
   14.0938416422287      -3.788081217457546E-004
   14.1114369501466      -3.764369283753391E-004
   14.1290322580645      -3.746761303206638E-004
   14.1466275659824      -3.723416198852787E-004
   14.1642228739003      -3.706401789843759E-004
   14.1818181818182      -3.682959501770493E-004
   14.1994134897361      -3.665946922490480E-004
   14.2170087976540      -3.641658728024623E-004
   14.2346041055718      -3.623977495547299E-004
   14.2521994134897      -3.598553562657242E-004
   14.2697947214076      -3.580278093425981E-004
   14.2873900293255      -3.553873574711687E-004
   14.3049853372434      -3.535161095920544E-004
   14.3225806451613      -3.507884837502176E-004
   14.3401759530792      -3.488806069754628E-004
   14.3577712609971      -3.460648693794131E-004
   14.3753665689150      -3.441121632111693E-004
   14.3929618768328      -3.411873772509736E-004
   14.4105571847507      -3.391519836341407E-004
   14.4281524926686      -3.360563109793684E-004
   14.4457478005865      -3.338771300892065E-004
   14.4633431085044      -3.305761036566233E-004
   14.4809384164223      -3.282473040949525E-004
   14.4985337243402      -3.247468791454022E-004
   14.5161290322581      -3.222830457106858E-004
   14.5337243401760      -3.186009484610864E-004
   14.5513196480938      -3.160241444920602E-004
   14.5689149560117      -3.121822134497863E-004
   14.5865102639296      -3.095155462875080E-004
   14.6041055718475      -3.055323755592077E-004
   14.6217008797654      -3.027863237016612E-004
   14.6392961876833      -2.986560834518968E-004
   14.6568914956012      -2.958219156988123E-004
   14.6744868035191      -2.915432198516993E-004
   14.6920821114370      -2.886309577890359E-004
   14.7096774193548      -2.842185129948171E-004
   14.7272727272727      -2.812494439397961E-004
   14.7448680351906      -2.767266014897531E-004
   14.7624633431085      -2.737287794483999E-004
   14.7800586510264      -2.691238185035765E-004
   14.7976539589443      -2.661280076153592E-004
   14.8152492668622      -2.614654420642693E-004
   14.8328445747801      -2.584775400132061E-004
   14.8504398826979      -2.537344330820711E-004
   14.8680351906158      -2.507255143843460E-004
   14.8856304985337      -2.458793395662057E-004
   14.9032258064516      -2.428381528026166E-004
   14.9208211143695      -2.378837794728853E-004
   14.9384164222874      -2.348147361739250E-004
   14.9560117302053      -2.297620282828732E-004
   14.9736070381232      -2.266845009881225E-004
   14.9912023460411      -2.215585118450485E-004
   15.0087976539589      -2.185084442266020E-004
   15.0263929618768      -2.133696360038553E-004
   15.0439882697947      -2.104692881288600E-004
   15.0615835777126      -2.054983383699756E-004
   15.0791788856305      -2.029600531922899E-004
   15.0967741935484      -1.983809382615312E-004
   15.1143695014663      -1.964463266489531E-004
   15.1319648093842      -1.925167243683969E-004
   15.1495601173021      -1.914685816980826E-004
   15.1671554252199      -1.884982300461104E-004
   15.1847507331378      -1.886891716304591E-004
   15.2023460410557      -1.870932795929091E-004
   15.2199413489736      -1.890458319678224E-004
   15.2375366568915      -1.893819669411570E-004
   15.2551319648094      -1.934844689874949E-004
   15.2727272727273      -1.958908669978547E-004
   15.2903225806452      -2.021287921164099E-004
   15.3079178885631      -2.064904630020041E-004
   15.3255131964809      -2.146681047419097E-004
   15.3431085043988      -2.207082455628118E-004
   15.3607038123167      -2.304715487957899E-004
   15.3782991202346      -2.377443112882782E-004
   15.3958944281525      -2.485425930870612E-004
   15.4134897360704      -2.563298207085229E-004
   15.4310850439883      -2.672643861063174E-004
   15.4486803519062      -2.746790547995310E-004
   15.4662756598240      -2.850876961891505E-004
   15.4838709677419      -2.916556003597517E-004
   15.5014662756598      -3.011633013405625E-004
   15.5190615835777      -3.065647696406837E-004
   15.5366568914956      -3.148969814120864E-004
   15.5542521994135      -3.188849278434709E-004
   15.5718475073314      -3.258194558416428E-004
   15.5894428152493      -3.281807718085932E-004
   15.6070381231672      -3.335048871714323E-004
   15.6246334310850      -3.340360207046998E-004
   15.6422287390029      -3.376722018700316E-004
   15.6598240469208      -3.365021584018075E-004
   15.6774193548387      -3.387377436836961E-004
   15.6950146627566      -3.362270279448026E-004
   15.7126099706745      -3.374842197925379E-004
   15.7302052785924      -3.341051775630234E-004
   15.7478005865103      -3.349142424215421E-004
   15.7653958944282      -3.312497822684111E-004
   15.7829912023460      -3.322621307213581E-004
   15.8005865102639      -3.290403913056426E-004
   15.8181818181818      -3.310742531664023E-004
   15.8357771260997      -3.290219669349563E-004
   15.8533724340176      -3.324576416976040E-004
   15.8709677419355      -3.316338975703143E-004
   15.8885630498534      -3.364181644637687E-004
   15.9061583577713      -3.367256999418738E-004
   15.9237536656892      -3.427446502482065E-004
   15.9413489736070      -3.440535427795545E-004
   15.9589442815249      -3.511789451904446E-004
   15.9765395894428      -3.533598926487938E-004
   15.9941348973607      -3.614808445109221E-004
   16.0117302052786      -3.644501603096215E-004
   16.0293255131965      -3.735446893776060E-004
   16.0469208211144      -3.772966924448750E-004
   16.0645161290323      -3.873186310571348E-004
   16.0821114369501      -3.917412819404578E-004
   16.0997067448680      -4.025494816215862E-004
   16.1173020527859      -4.074741850039439E-004
   16.1348973607038      -4.188930788042057E-004
   16.1524926686217      -4.241301771279818E-004
   16.1700879765396      -4.359766051940886E-004
   16.1876832844575      -4.413440874214210E-004
   16.2052785923754      -4.534715360156314E-004
   16.2228739002933      -4.589115060149420E-004
   16.2404692082111      -4.714336897333514E-004
   16.2580645161290      -4.771353323948613E-004
   16.2756598240469      -4.901924341698487E-004
   16.2932551319648      -4.962012789885250E-004
   16.3108504398827      -5.097827822575525E-004
   16.3284457478006      -5.160224789084648E-004
   16.3460410557185      -5.300081676716130E-004
   16.3636363636364      -5.362962746587095E-004
   16.3812316715543      -5.504581449006469E-004
   16.3988269794721      -5.564938392026968E-004
   16.4164222873900      -5.704745040243264E-004
   16.4340175953079      -5.759193334257999E-004
   16.4516129032258      -5.895828156481394E-004
   16.4692082111437      -5.944681100331604E-004
   16.4868035190616      -6.079115334233900E-004
   16.5043988269795      -6.123217466457522E-004
   16.5219941348974      -6.256292606103406E-004
   16.5395894428153      -6.296140006563796E-004
   16.5571847507331      -6.428194578174475E-004
   16.5747800586510      -6.463590676040592E-004
   16.5923753665689      -6.594037201924510E-004
   16.6099706744868      -6.623295337423968E-004
   16.6275659824047      -6.748430230835181E-004
   16.6451612903226      -6.764986757644176E-004
   16.6627565982405      -6.877458672572028E-004
   16.6803519061584      -6.874528882855121E-004
   16.6979472140762      -6.968537960326167E-004
   16.7155425219941      -6.940650897772693E-004
   16.7331378299120      -7.011334992784877E-004
   16.7507331378299      -6.953801691460627E-004
   16.7683284457478      -6.997069598490248E-004
   16.7859237536657      -6.906059083422927E-004
   16.8035190615836      -6.919110237780745E-004
   16.8211143695015      -6.795910997133632E-004
   16.8387096774194      -6.793135308472719E-004
   16.8563049853372      -6.666205642724404E-004
   16.8739002932551      -6.680710511007888E-004
   16.8914956011730      -6.580784015110423E-004
   16.9090909090909      -6.641127439820831E-004
   16.9266862170088      -6.593878005505994E-004
   16.9442815249267      -6.723064226930775E-004
   16.9618768328446      -6.747497483410609E-004
   16.9794721407625      -6.959860485054345E-004
   16.9970674486804      -7.062517041339399E-004
   17.0146627565982      -7.347775248409552E-004
   17.0322580645161      -7.476326003816615E-004
   17.0498533724340      -7.739696978346029E-004
   17.0674486803519      -7.794006325013512E-004
   17.0850439882698      -7.955122798300784E-004
   17.1026392961877      -7.872232217193521E-004
   17.1202346041056      -7.883715870963690E-004
   17.1378299120235      -7.630401268161434E-004
   17.1554252199413      -7.475294246175206E-004
   17.1730205278592      -7.052268502935358E-004
   17.1906158357771      -6.755028969860638E-004
   17.2082111436950      -6.224215417779297E-004
   17.2258064516129      -5.919739025742557E-004
   17.2434017595308      -5.482489076663433E-004
   17.2609970674487      -5.363959726238024E-004
   17.2785923753666      -5.152504845612245E-004
   17.2961876832845      -5.304398369040102E-004
   17.3137829912023      -5.367855025543845E-004
   17.3313782991202      -5.809951666427507E-004
   17.3489736070381      -6.137256370483328E-004
   17.3665689149560      -6.828408241826412E-004
   17.3841642228739      -7.340231151844621E-004
   17.4017595307918      -8.152532713348142E-004
   17.4193548387097      -8.636502090179418E-004
   17.4369501466276      -9.281123131401660E-004
   17.4545454545455      -9.474875468743477E-004
   17.4721407624633      -9.799526729309409E-004
   17.4897360703812      -9.630430976809409E-004
   17.5073313782991      -9.615015486605016E-004
   17.5249266862170      -9.100170003715893E-004
   17.5425219941349      -8.800978846976273E-004
   17.5601173020528      -8.028706705889596E-004
   17.5777126099707      -7.576644880444868E-004
   17.5953079178886      -6.719406588778678E-004
   17.6129032258065      -6.360549533650024E-004
   17.6304985337243      -5.721576797953575E-004
   17.6480938416422      -5.722628392966466E-004
   17.6656891495601      -5.431564506851987E-004
   17.6832844574780      -5.831964901344174E-004
   17.7008797653959      -5.869759297545521E-004
   17.7184750733138      -6.629089119074526E-004
   17.7360703812317      -6.915602225139692E-004
   17.7536656891496      -7.945596623425222E-004
   17.7712609970675      -8.351043542938908E-004
   17.7888563049853      -9.520069911660803E-004
   17.8064516129032      -9.853552094785281E-004
   17.8240469208211      -1.097890778243225E-003
   17.8416422287390      -1.105341067064918E-003
   17.8592375366569      -1.211187183032914E-003
   17.8768328445748      -1.192020590520684E-003
   17.8944281524927      -1.305484663632574E-003
   17.9120234604106      -1.263983788522610E-003
   17.9296187683284      -1.416837909400719E-003
   17.9472140762463      -1.360205088845229E-003
   17.9648093841642      -1.639437281544440E-003
   17.9824046920821      -1.578941278710002E-003
   18.0000000000000      -2.549391842660543E-003
