  0.000000000000000E+000 -1.520208292888551E-003
  1.759530791788856E-002 -1.903576089145992E-003
  3.519061583577713E-002 -1.652245661784529E-003
  5.278592375366570E-002 -1.697104783345845E-003
  7.038123167155426E-002 -1.521272491787543E-003
  8.797653958944282E-002 -1.522434723081950E-003
  0.105571847507331      -1.386519092636185E-003
  0.123167155425220      -1.376917966953781E-003
  0.140762463343109      -1.266501621232226E-003
  0.158357771260997      -1.254497456925270E-003
  0.175953079178886      -1.162116321675460E-003
  0.193548387096774      -1.150599291198680E-003
  0.211143695014663      -1.071999799586547E-003
  0.228739002932551      -1.062418045282977E-003
  0.246334310850440      -9.952324628001255E-004
  0.263929618768328      -9.884206973867370E-004
  0.281524926686217      -9.309477310044883E-004
  0.299120234604106      -9.272129522785412E-004
  0.316715542521994      -8.781368901997232E-004
  0.334310850439883      -8.775398734097238E-004
  0.351906158357771      -8.357963564991438E-004
  0.369501466275660      -8.382370622800339E-004
  0.387096774193548      -8.028961926875389E-004
  0.404692082111437      -8.081172569847815E-004
  0.422287390029326      -7.782202823668113E-004
  0.439882697947214      -7.856677217888577E-004
  0.457478005865103      -7.601506695402116E-004
  0.475073313782991      -7.692335424726902E-004
  0.492668621700880      -7.471998954381983E-004
  0.510263929618768      -7.573756241622730E-004
  0.527859237536657      -7.380039022001119E-004
  0.545454545454546      -7.487095460291464E-004
  0.563049853372434      -7.311837352116277E-004
  0.580645161290323      -7.417772761810135E-004
  0.598240469208211      -7.251888044466764E-004
  0.615835777126100      -7.347756627065095E-004
  0.633431085043988      -7.178690479589931E-004
  0.651026392961877      -7.253947440725257E-004
  0.668621700879765      -7.073035031570624E-004
  0.686217008797654      -7.123187217831850E-004
  0.703812316715543      -6.926719672110774E-004
  0.721407624633431      -6.950689960626656E-004
  0.739002932551320      -6.738082134854930E-004
  0.756598240469208      -6.737673819940686E-004
  0.774193548387097      -6.511514038576807E-004
  0.791788856304985      -6.492023300769551E-004
  0.809384164222874      -6.259791266629611E-004
  0.826979472140763      -6.233564682914101E-004
  0.844574780058651      -6.008862410320764E-004
  0.862170087976540      -5.987092796278253E-004
  0.879765395894428      -5.776301336914552E-004
  0.897360703812317      -5.763340041858434E-004
  0.914956011730205      -5.568711053459040E-004
  0.932551319648094      -5.565969831092631E-004
  0.950146627565982      -5.387335411477175E-004
  0.967741935483871      -5.393964944222450E-004
  0.985337243401760      -5.228948215884531E-004
   1.00293255131965      -5.241565058107393E-004
   1.02052785923754      -5.084796307588893E-004
   1.03812316715543      -5.098088891498889E-004
   1.05571847507331      -4.946343403153306E-004
   1.07331378299120      -4.960120697857245E-004
   1.09090909090909      -4.814165091507725E-004
   1.10850439882698      -4.829980659351609E-004
   1.12609970674487      -4.691429963768861E-004
   1.14369501466276      -4.711326199803203E-004
   1.16129032258065      -4.582092125288837E-004
   1.17888563049853      -4.608209326558127E-004
   1.19648093841642      -4.490124417089303E-004
   1.21407624633431      -4.523951837464975E-004
   1.23167155425220      -4.415984504606608E-004
   1.24926686217009      -4.453113393212229E-004
   1.26686217008798      -4.348909833728121E-004
   1.28445747800587      -4.383437968373270E-004
   1.30205278592375      -4.277566716344644E-004
   1.31964809384164      -4.304738988936849E-004
   1.33724340175953      -4.192795909389252E-004
   1.35483870967742      -4.208861771917739E-004
   1.37243401759531      -4.087534229230760E-004
   1.39002932551320      -4.090003351964783E-004
   1.40762463343109      -3.957764626832053E-004
   1.42521994134897      -3.947729989333769E-004
   1.44281524926686      -3.809086992498452E-004
   1.46041055718475      -3.792825139085935E-004
   1.47800586510264      -3.653121368691870E-004
   1.49560117302053      -3.634891527832559E-004
   1.51319648093842      -3.497463504460658E-004
   1.53079178885631      -3.479984570960308E-004
   1.54838709677419      -3.346780960386589E-004
   1.56598240469208      -3.331380004879774E-004
   1.58357771260997      -3.202815234377842E-004
   1.60117302052786      -3.188866742148108E-004
   1.61876832844575      -3.062170157843351E-004
   1.63636363636364      -3.044169081193993E-004
   1.65395894428153      -2.912900580299161E-004
   1.67155425219941      -2.886249414713391E-004
   1.68914956011730      -2.747687355871040E-004
   1.70674486803519      -2.711039843818890E-004
   1.72434017595308      -2.564860747774536E-004
   1.74193548387097      -2.518979577531146E-004
   1.75953079178886      -2.366943056487089E-004
   1.77712609970675      -2.314860116205659E-004
   1.79472140762463      -2.161459673806823E-004
   1.81231671554252      -2.110254036088351E-004
   1.82991202346041      -1.966025126660585E-004
   1.84750733137830      -1.927172073181820E-004
   1.86510263929619      -1.800275380978353E-004
   1.88269794721408      -1.778217122903268E-004
   1.90029325513196      -1.670687763479623E-004
   1.91788856304985      -1.665784409211322E-004
   1.93548387096774      -1.576399827699911E-004
   1.95307917888563      -1.585969329241983E-004
   1.97067448680352      -1.510393910839999E-004
   1.98826979472141      -1.528254902228201E-004
   2.00586510263930      -1.457519234275200E-004
   2.02346041055718      -1.470664852917799E-004
   2.04105571847507      -1.389638614608054E-004
   2.05865102639296      -1.386510190871048E-004
   2.07624633431085      -1.289155182211896E-004
   2.09384164222874      -1.267232679287566E-004
   2.11143695014663      -1.153196233129841E-004
   2.12903225806452      -1.114020645020723E-004
   2.14662756598241      -9.865385379513699E-005
   2.16422287390029      -9.351422376670348E-005
   2.18181818181818      -8.012159612233043E-005
   2.19941348973607      -7.472007915220880E-005
   2.21700879765396      -6.204977865840364E-005
   2.23460410557185      -5.813863610623754E-005
   2.25219941348974      -4.774584465826257E-005
   2.26979472140762      -4.625059642415000E-005
   2.28739002932551      -3.857990027137826E-005
   2.30498533724340      -3.966884679170268E-005
   2.32258064516129      -3.466897358642018E-005
   2.34017595307918      -3.809896037226712E-005
   2.35777126099707      -3.533252438375273E-005
   2.37536656891496      -4.046001367036272E-005
   2.39296187683284      -3.903397449091210E-005
   2.41055718475073      -4.458732430040044E-005
   2.42815249266862      -4.272227267960460E-005
   2.44574780058651      -4.680821287524478E-005
   2.46334310850440      -4.311637435899472E-005
   2.48093841642229      -4.492948304500616E-005
   2.49853372434018      -3.894230373238923E-005
   2.51612903225806      -3.824267579898538E-005
   2.53372434017595      -2.991090877910652E-005
   2.55131964809384      -2.682917886663858E-005
   2.56891495601173      -1.646212825423732E-005
   2.58651026392962      -1.150957543835593E-005
   2.60410557184751       1.164941620427629E-007
   2.62170087976540       5.756856939837102E-006
   2.63929618768328       1.714595423099857E-005
   2.65689149560117       2.215326206847731E-005
   2.67448680351906       3.243612541392587E-005
   2.69208211143695       3.624113390748361E-005
   2.70967741935484       4.502344602925526E-005
   2.72727272727273       4.736514529554605E-005
   2.74486803519062       5.450190186123628E-005
   2.76246334310850       5.534178162971845E-005
   2.78005865102639       6.090685466112994E-005
   2.79765395894428       6.044474737279450E-005
   2.81524926686217       6.482675806812927E-005
   2.83284457478006       6.367068333259149E-005
   2.85043988269795       6.751499953064580E-005
   2.86803519061584       6.613260125420671E-005
   2.88563049853372       6.974250832370494E-005
   2.90322580645161       6.834685870704313E-005
   2.92082111436950       7.187793684913492E-005
   2.93841642228739       7.057745834807903E-005
   2.95601173020528       7.409963408868222E-005
   2.97360703812317       7.292576343358298E-005
   2.99120234604106       7.643305844725435E-005
   3.00879765395894       7.532830933739826E-005
   3.02639296187683       7.868935150950058E-005
   3.04398826979472       7.746381658951548E-005
   3.06158357771261       8.050402379669573E-005
   3.07917888563050       7.903182456442779E-005
   3.09677419354839       8.166050416921334E-005
   3.11436950146628       7.987118115563770E-005
   3.13196480938416       8.203682713549220E-005
   3.14956011730205       7.989468515715469E-005
   3.16715542521994       8.158049189139349E-005
   3.18475073313783       7.908903996376102E-005
   3.20234604105572       8.033017019282836E-005
   3.21994134897361       7.758813047515926E-005
   3.23753665689150       7.858716980112021E-005
   3.25513196480938       7.585109602294134E-005
   3.27272727272727       7.683045941920276E-005
   3.29032258064516       7.426782222335128E-005
   3.30791788856305       7.535726840555033E-005
   3.32551319648094       7.306399289180320E-005
   3.34310850439883       7.432918890067130E-005
   3.36070381231672       7.233782493827188E-005
   3.37829912023460       7.377553836227436E-005
   3.39589442815249       7.203632532001286E-005
   3.41348973607038       7.352043086594278E-005
   3.43108504398827       7.178179492866107E-005
   3.44868035190616       7.298675354031234E-005
   3.46627565982405       7.097049726043883E-005
   3.48387096774194       7.170447511524453E-005
   3.50146627565982       6.927570377052968E-005
   3.51906158357771       6.944620841236065E-005
   3.53665689149560       6.654780301630747E-005
   3.55425219941349       6.613317210599436E-005
   3.57184750733138       6.277914206804239E-005
   3.58944281524927       6.183629543195042E-005
   3.60703812316716       5.814464075142056E-005
   3.62463343108504       5.689576715807692E-005
   3.64222873900293       5.317374094899482E-005
   3.65982404692082       5.189894089234550E-005
   3.67741935483871       4.833098061500793E-005
   3.69501466275660       4.714527429050927E-005
   3.71260997067449       4.379934956687523E-005
   3.73020527859238       4.273175200529313E-005
   3.74780058651026       3.959875993034696E-005
   3.76539589442815       3.860230833768853E-005
   3.78299120234604       3.559040402079495E-005
   3.80058651026393       3.451609149416668E-005
   3.81818181818182       3.138399022318861E-005
   3.83577712609971       2.991210412392655E-005
   3.85337243401760       2.638913826883317E-005
   3.87096774193548       2.438660201801764E-005
   3.88856304985337       2.043727712639752E-005
   3.90615835777126       1.792636553677174E-005
   3.92375366568915       1.361680470866907E-005
   3.94134897360704       1.070385187152570E-005
   3.95894428152493       6.178334344548887E-006
   3.97653958944282       3.050089051294520E-006
   3.99413489736070      -1.455878699919547E-006
   4.01173020527859      -4.488156990806589E-006
   4.02932551319648      -8.588612733750938E-006
   4.04692082111437      -1.117670753542846E-005
   4.06451612903226      -1.467300415814183E-005
   4.08211143695015      -1.674164482958394E-005
   4.09970674486804      -1.962490089658462E-005
   4.11730205278592      -2.121044884039209E-005
   4.13489736070381      -2.355799884662659E-005
   4.15249266862170      -2.477571886664429E-005
   4.17008797653959      -2.674425939219562E-005
   4.18768328445748      -2.779707301427410E-005
   4.20527859237537      -2.965640016013877E-005
   4.22287390029326      -3.089900558101525E-005
   4.24046920821114      -3.301545399874621E-005
   4.25806451612903      -3.468294703108619E-005
   4.27565982404692      -3.714150248325314E-005
   4.29325513196481      -3.923862747363879E-005
   4.31085043988270      -4.199945131312850E-005
   4.32844574780059      -4.445014283947469E-005
   4.34604105571848      -4.740801116327957E-005
   4.36363636363636      -5.007888996376526E-005
   4.38123167155425      -5.307427572506404E-005
   4.39882697947214      -5.577626861513871E-005
   4.41642228739003      -5.859569904107092E-005
   4.43401759530792      -6.115912539950662E-005
   4.45161290322581      -6.377357449002791E-005
   4.46920821114370      -6.628380617511747E-005
   4.48680351906158      -6.881193051209956E-005
   4.50439882697947      -7.138979302162323E-005
   4.52199413489736      -7.395140078991045E-005
   4.53958944281525      -7.671151510163338E-005
   4.55718475073314      -7.941529258877769E-005
   4.57478005865103      -8.245632467554552E-005
   4.59237536656892      -8.538890792021693E-005
   4.60997067448680      -8.877279779044456E-005
   4.62756598240469      -9.192118649001968E-005
   4.64516129032258      -9.550845914877855E-005
   4.66275659824047      -9.865427135745642E-005
   4.68035190615836      -1.022251327784179E-004
   4.69794721407625      -1.051683688288081E-004
   4.71554252199414      -1.085346400608863E-004
   4.73313782991202      -1.110977916721388E-004
   4.75073313782991      -1.140897754360968E-004
   4.76832844574780      -1.161118963275711E-004
   4.78592375366569      -1.185762907255873E-004
   4.80351906158358      -1.199154876740680E-004
   4.82111436950147      -1.217491985532226E-004
   4.83870967741935      -1.224145303176670E-004
   4.85630498533724      -1.237525288452651E-004
   4.87390029325513      -1.239255400124295E-004
   4.89149560117302      -1.249408246722506E-004
   4.90909090909091      -1.247853133597747E-004
   4.92668621700880      -1.256321166670419E-004
   4.94428152492669      -1.252942548407233E-004
   4.96187683284458      -1.261085076748612E-004
   4.97947214076246      -1.257135761120944E-004
   4.99706744868035      -1.266049488786646E-004
   5.01466275659824      -1.262329271192319E-004
   5.03225806451613      -1.272047899198021E-004
   5.04985337243402      -1.267707696571785E-004
   5.06744868035191      -1.277091853012910E-004
   5.08504398826980      -1.271182475711873E-004
   5.10263929618768      -1.279467328189355E-004
   5.12023460410557      -1.271372648436216E-004
   5.13782991202346      -1.278058422945947E-004
   5.15542521994135      -1.267406098959715E-004
   5.17302052785924      -1.272242668394092E-004
   5.19061583577713      -1.258945017037096E-004
   5.20821114369502      -1.262091657745315E-004
   5.22580645161290      -1.246931877893640E-004
   5.24340175953079      -1.250022735337938E-004
   5.26099706744868      -1.235003662246449E-004
   5.27859237536657      -1.239772011042988E-004
   5.29618768328446      -1.226283158798135E-004
   5.31378299120235      -1.233838319782169E-004
   5.33137829912024      -1.222737611525061E-004
   5.34897360703812      -1.233660102636953E-004
   5.36656891495601      -1.225231404481393E-004
   5.38416422287390      -1.239420144809271E-004
   5.40175953079179      -1.233027620986433E-004
   5.41935483870968      -1.248775299220537E-004
   5.43695014662757      -1.241177778513230E-004
   5.45454545454546      -1.254604865866711E-004
   5.47214076246334      -1.242674297198620E-004
   5.48973607038123      -1.251543893733292E-004
   5.50733137829912      -1.233638199303024E-004
   5.52492668621701      -1.236763562681784E-004
   5.54252199413490      -1.212106251279434E-004
   5.56011730205279      -1.209085041954922E-004
   5.57771260997067      -1.177671888919783E-004
   5.59530791788856      -1.168926078997627E-004
   5.61290322580645      -1.131796675518613E-004
   5.63049853372434      -1.119135361286592E-004
   5.64809384164223      -1.078403243101166E-004
   5.66568914956012      -1.063496863803234E-004
   5.68328445747801      -1.020330035563956E-004
   5.70087976539589      -1.004076392006767E-004
   5.71847507331378      -9.592338517438372E-005
   5.73607038123167      -9.422808083460133E-005
   5.75366568914956      -8.963387939190690E-005
   5.77126099706745      -8.791852414703477E-005
   5.78885630498534      -8.325808765835587E-005
   5.80645161290323      -8.155583016780981E-005
   5.82404692082111      -7.684173947117841E-005
   5.84164222873900      -7.513469141818433E-005
   5.85923753665689      -7.033839978204809E-005
   5.87683284457478      -6.860955527214094E-005
   5.89442815249267      -6.373050096362573E-005
   5.91202346041056      -6.199056276167126E-005
   5.92961876832845      -5.705151070779733E-005
   5.94721407624634      -5.533366643267897E-005
   5.96480938416422      -5.038060915417234E-005
   5.98240469208211      -4.874375181895356E-005
   6.00000000000000      -4.385377556960133E-005
   6.01759530791789      -4.239642781974727E-005
   6.03519061583578      -3.767026743259825E-005
   6.05278592375367      -3.644712116513368E-005
   6.07038123167156      -3.188796737204161E-005
   6.08797653958944      -3.087753114168771E-005
   6.10557184750733      -2.645581385094203E-005
   6.12316715542522      -2.562264271169806E-005
   6.14076246334311      -2.130085972834080E-005
   6.15835777126100      -2.060497442105878E-005
   6.17595307917889      -1.634329438277208E-005
   6.19354838709677      -1.574391095293595E-005
   6.21114369501466      -1.150234639088718E-005
   6.22873900293255      -1.095867857893146E-005
   6.24633431085044      -6.700116641522369E-006
   6.26392961876833      -6.180778174205578E-006
   6.28152492668622      -1.882258006463980E-006
   6.29912023460411      -1.370648198355917E-006
   6.31671554252199       2.975850783103126E-006
   6.33431085043988       3.479774630175528E-006
   6.35190615835777       7.862957768776019E-006
   6.36950146627566       8.335827009378904E-006
   6.38709677419355       1.271465181890258E-005
   6.40469208211144       1.309041607369719E-005
   6.42228739002933       1.735919628921319E-005
   6.43988269794721       1.751551271139394E-005
   6.45747800586510       2.159195638394003E-005
   6.47507331378299       2.150669789059661E-005
   6.49266862170088       2.540162487015701E-005
   6.51026392961877       2.510466019001507E-005
   6.52785923753666       2.886006179060148E-005
   6.54545454545455       2.840372970260926E-005
   6.56304985337243       3.207827809136938E-005
   6.58064516129032       3.152720772341571E-005
   6.59824046920821       3.518764151636059E-005
   6.61583577712610       3.460553959650464E-005
   6.63343108504399       3.828724930650623E-005
   6.65102639296188       3.766833206853592E-005
   6.66862170087977       4.134478211960084E-005
   6.68621700879765       4.066608481118288E-005
   6.70381231671554       4.431836364229360E-005
   6.72140762463343       4.356461157523893E-005
   6.73900293255132       4.717744441270730E-005
   6.75659824046921       4.633319461374287E-005
   6.77419354838710       4.988641272525605E-005
   6.79178885630499       4.892464660545454E-005
   6.80938416422287       5.237186316505621E-005
   6.82697947214076       5.121092286979616E-005
   6.84457478005865       5.444724477994579E-005
   6.86217008797654       5.300884988945558E-005
   6.87976539589443       5.600086640350990E-005
   6.89736070381232       5.428542364206324E-005
   6.91495601173021       5.705611064345357E-005
   6.93255131964809       5.510774481716975E-005
   6.95014662756598       5.771875711124554E-005
   6.96774193548387       5.561777810789414E-005
   6.98533724340176       5.816652970517302E-005
   7.00293255131965       5.603141477649085E-005
   7.02052785923754       5.864927252642023E-005
   7.03812316715543       5.658191296943599E-005
   7.05571847507331       5.929658655401920E-005
   7.07331378299120       5.727578015774391E-005
   7.09090909090909       6.005482734296956E-005
   7.10850439882698       5.804875411445392E-005
   7.12609970674487       6.086073032977465E-005
   7.14369501466276       5.884069881790588E-005
   7.16129032258065       6.165772515882231E-005
   7.17888563049853       5.959751408615843E-005
   7.19648093841642       6.239110909298309E-005
   7.21407624633431       6.025215655599894E-005
   7.23167155425220       6.294572662801592E-005
   7.24926686217009       6.061167972091121E-005
   7.26686217008798       6.308719878497405E-005
   7.28445747800587       6.046801522649760E-005
   7.30205278592375       6.266121001946187E-005
   7.31964809384164       5.971719150243720E-005
   7.33724340175953       6.161089147034167E-005
   7.35483870967742       5.835023963897970E-005
   7.37243401759531       5.997881124028870E-005
   7.39002932551320       5.646839603035306E-005
   7.40762463343109       5.794192476642347E-005
   7.42521994134897       5.434472159737617E-005
   7.44281524926686       5.582994561004259E-005
   7.46041055718475       5.224932412271455E-005
   7.47800586510264       5.378483955255183E-005
   7.49560117302053       5.023393880535339E-005
   7.51319648093842       5.182217140861675E-005
   7.53079178885631       4.830058416842794E-005
   7.54838709677419       4.994120299215561E-005
   7.56598240469208       4.645427233761674E-005
   7.58357771260997       4.816092627074757E-005
   7.60117302052786       4.473903524480406E-005
   7.61876832844575       4.656616075267007E-005
   7.63636363636364       4.327191506613516E-005
   7.65395894428153       4.523881531571042E-005
   7.67155425219941       4.203723891446542E-005
   7.68914956011730       4.408039822639463E-005
   7.70674486803519       4.089796561166458E-005
   7.72434017595308       4.293777586244894E-005
   7.74193548387097       3.969478180837905E-005
   7.75953079178886       4.165302950908946E-005
   7.77712609970675       3.827873642525708E-005
   7.79472140762463       4.009558408220164E-005
   7.81231671554252       3.655683073501299E-005
   7.82991202346041       3.824980336920984E-005
   7.84750733137830       3.460816992116912E-005
   7.86510263929619       3.623135028015601E-005
   7.88269794721408       3.251191747074926E-005
   7.90029325513197       3.406946583790460E-005
   7.91788856304985       3.026649585646389E-005
   7.93548387096774       3.174593999412605E-005
   7.95307917888563       2.784634082098136E-005
   7.97067448680352       2.923685460207828E-005
   7.98826979472141       2.523984730865662E-005
   8.00586510263930       2.656202302578534E-005
   8.02346041055718       2.254019539092155E-005
   8.04105571847507       2.391909206347389E-005
   8.05865102639296       1.998910068371328E-005
   8.07624633431085       2.148267819296026E-005
   8.09384164222874       1.765617935443698E-005
   8.11143695014663       1.924472147314783E-005
   8.12903225806452       1.547879286257670E-005
   8.14662756598241       1.709901150804456E-005
   8.16422287390029       1.331498188547587E-005
   8.18181818181818       1.487445511144802E-005
   8.19941348973607       1.097205432555066E-005
   8.21700879765396       1.237969478248180E-005
   8.23460410557185       8.337342689696451E-006
   8.25219941348974       9.665527663736871E-006
   8.26979472140763       5.587698768731802E-006
   8.28739002932551       6.917537556764035E-006
   8.30498533724340       2.859755550407208E-006
   8.32258064516129       4.222713739348391E-006
   8.34017595307918       1.957761793384277E-007
   8.35777126099707       1.581090215087160E-006
   8.37536656891496      -2.445184164609942E-006
   8.39296187683285      -1.088892828026619E-006
   8.41055718475073      -5.184602379083594E-006
   8.42815249266862      -3.919939415819078E-006
   8.44574780058651      -8.088462746171352E-006
   8.46334310850440      -6.863202314869242E-006
   8.48093841642229      -1.104234985804111E-005
   8.49853372434018      -9.810336175412043E-006
   8.51612903225807      -1.397053733236380E-005
   8.53372434017595      -1.272171614975793E-005
   8.55131964809384      -1.687211377203665E-005
   8.56891495601173      -1.563830219137202E-005
   8.58651026392962      -1.983426426948341E-005
   8.60410557184751      -1.870131314210239E-005
   8.62170087976540      -2.304840379800967E-005
   8.63929618768329      -2.208213215076089E-005
   8.65689149560117      -2.655141824362364E-005
   8.67448680351906      -2.566638256974433E-005
   8.69208211143695      -3.016780185651587E-005
   8.70967741935484      -2.928563172872288E-005
   8.72727272727273      -3.375557623217101E-005
   8.74486803519062      -3.283364579379054E-005
   8.76246334310851      -3.725336313001233E-005
   8.78005865102639      -3.630526822811438E-005
   8.79765395894428      -4.072945108079774E-005
   8.81524926686217      -3.987641515504817E-005
   8.83284457478006      -4.448473680412114E-005
   8.85043988269795      -4.387363300574135E-005
   8.86803519061584      -4.871277648056496E-005
   8.88563049853373      -4.832449469185167E-005
   8.90322580645161      -5.334759372349003E-005
   8.92082111436950      -5.312368744451578E-005
   8.93841642228739      -5.826738700574019E-005
   8.95601173020528      -5.814757120639982E-005
   8.97360703812317      -6.335985090320193E-005
   8.99120234604106      -6.330980617631635E-005
   9.00879765395895      -6.858990240244162E-005
   9.02639296187683      -6.866962918978556E-005
   9.04398826979472      -7.411452714955245E-005
   9.06158357771261      -7.438883756138373E-005
   9.07917888563050      -8.000422978962402E-005
   9.09677419354839      -8.044524658161615E-005
   9.11436950146628      -8.618564075494826E-005
   9.13196480938416      -8.673984937410004E-005
   9.14956011730205      -9.254927784199621E-005
   9.16715542521994      -9.316664592032880E-005
   9.18475073313783      -9.900858845007995E-005
   9.20234604105572      -9.968399791001363E-005
   9.21994134897361      -1.056256554375786E-004
   9.23753665689150      -1.065275617917333E-004
   9.25513196480938      -1.127559842041457E-004
   9.27272727272727      -1.139937216895604E-004
   9.29032258064516      -1.205398281200764E-004
   9.30791788856305      -1.220955683086928E-004
   9.32551319648094      -1.289029333836918E-004
   9.34310850439883      -1.306906023040469E-004
   9.36070381231672      -1.376468293025785E-004
   9.37829912023460      -1.395337146097984E-004
   9.39589442815249      -1.464886895960033E-004
   9.41348973607038      -1.483219312276265E-004
   9.43108504398827      -1.551723624131775E-004
   9.44868035190616      -1.569430096785498E-004
   9.46627565982405      -1.637255440272604E-004
   9.48387096774194      -1.654546842329238E-004
   9.50146627565982      -1.721615778848070E-004
   9.51906158357771      -1.738185602749151E-004
   9.53665689149560      -1.803974640371295E-004
   9.55425219941349      -1.819118250412928E-004
   9.57184750733138      -1.882750880428458E-004
   9.58944281524927      -1.895462206684041E-004
   9.60703812316716      -1.955862080037354E-004
   9.62463343108504      -1.965462628764097E-004
   9.64222873900293      -2.023027572516894E-004
   9.65982404692082      -2.030808756031466E-004
   9.67741935483871      -2.086811037519935E-004
   9.69501466275660      -2.093661230390308E-004
   9.71260997067449      -2.148631183866688E-004
   9.73020527859238      -2.154753938848211E-004
   9.74780058651026      -2.208561015454844E-004
   9.76539589442815      -2.213499802203012E-004
   9.78299120234604      -2.265331969217909E-004
   9.80058651026393      -2.267893997783429E-004
   9.81818181818182      -2.316238369069905E-004
   9.83577712609971      -2.315369070562703E-004
   9.85337243401760      -2.360472775496188E-004
   9.87096774193548      -2.357319818187336E-004
   9.88856304985337      -2.400395635498640E-004
   9.90615835777126      -2.395997727299218E-004
   9.92375366568915      -2.437843654405819E-004
   9.94134897360704      -2.432723681665423E-004
   9.95894428152493      -2.473529575250933E-004
   9.97653958944282      -2.467490443560193E-004
   9.99413489736071      -2.506568472023606E-004
   10.0117302052786      -2.498229251935966E-004
   10.0293255131965      -2.533619083808891E-004
   10.0469208211144      -2.521522327161490E-004
   10.0645161290323      -2.553015793691785E-004
   10.0821114369501      -2.537757620022669E-004
   10.0997067448680      -2.566164856409641E-004
   10.1173020527859      -2.548584283080884E-004
   10.1348973607038      -2.574664221792436E-004
   10.1524926686217      -2.555367525806704E-004
   10.1700879765396      -2.579475338166083E-004
   10.1876832844575      -2.558467962182229E-004
   10.2052785923754      -2.580026208783110E-004
   10.2228739002933      -2.555898209332619E-004
   10.2404692082111      -2.573196003727266E-004
   10.2580645161290      -2.545188289239034E-004
   10.2756598240469      -2.558668925227393E-004
   10.2932551319648      -2.527820852433082E-004
   10.3108504398827      -2.538756296806696E-004
   10.3284457478006      -2.506444888019878E-004
   10.3460410557185      -2.516190057448449E-004
   10.3636363636364      -2.483655977544456E-004
   10.3812316715543      -2.493189289161999E-004
   10.3988269794721      -2.460953788972502E-004
   10.4164222873900      -2.469764355889069E-004
   10.4340175953079      -2.435671706219549E-004
   10.4516129032258      -2.440885848325986E-004
   10.4692082111437      -2.403005043629489E-004
   10.4868035190616      -2.403859877860019E-004
   10.5043988269795      -2.362153975670683E-004
   10.5219941348974      -2.359094886344713E-004
   10.5395894428153      -2.314360902117871E-004
   10.5571847507331      -2.308423024355383E-004
   10.5747800586510      -2.261829267297794E-004
   10.5923753665689      -2.254173408624898E-004
   10.6099706744868      -2.206537673143771E-004
   10.6275659824047      -2.196621221672102E-004
   10.6451612903226      -2.145551177414369E-004
   10.6627565982405      -2.130478155471908E-004
   10.6803519061584      -2.073962904990803E-004
   10.6979472140762      -2.052675456526085E-004
   10.7155425219941      -1.990377294263553E-004
   10.7331378299120      -1.963152227393839E-004
   10.7507331378299      -1.895903763798228E-004
   10.7683284457478      -1.864077154070493E-004
   10.7859237536657      -1.793686589831578E-004
   10.8035190615836      -1.759481532723021E-004
   10.8211143695015      -1.687998938364137E-004
   10.8387096774194      -1.651636791265582E-004
   10.8563049853372      -1.576883606124068E-004
   10.8739002932551      -1.535434793946528E-004
   10.8914956011730      -1.455001289066285E-004
   10.9090909090909      -1.406686619319918E-004
   10.9266862170088      -1.319439124518834E-004
   10.9442815249267      -1.263795292156100E-004
   10.9618768328446      -1.169998653478294E-004
   10.9794721407625      -1.108108305772272E-004
   10.9970674486804      -1.009830414099174E-004
   11.0146627565982      -9.450422816482268E-005
   11.0322580645161      -8.461151213438157E-005
   11.0498533724340      -7.803823310178148E-005
   11.0674486803519      -6.801820781766358E-005
   11.0850439882698      -6.117183748451999E-005
   11.1026392961877      -5.082711513270315E-005
   11.1202346041056      -4.351884765679247E-005
   11.1378299120235      -3.268701799038044E-005
   11.1554252199413      -2.479557728239930E-005
   11.1730205278592      -1.341592696700439E-005
   11.1906158357771      -4.965393688546455E-006
   11.2082111436950       6.791293194638282E-006
   11.2258064516129       1.539550033235945E-005
   11.2434017595308       2.698988503300842E-005
   11.2609970674487       3.535996988244418E-005
   11.2785923753666       4.665192846596540E-005
   11.2961876832845       5.479685211358608E-005
   11.3137829912023       6.587783521812359E-005
   11.3313782991202       7.394626659023929E-005
   11.3489736070381       8.500193936808033E-005
   11.3665689149560       9.320121819474136E-005
   11.3841642228739       1.044419810590496E-004
   11.4017595307918       1.129579667419878E-004
   11.4193548387097       1.244543260052736E-004
   11.4369501466276       1.331089871832979E-004
   11.4545454545455       1.445078362456201E-004
   11.4721407624633       1.530080310293241E-004
   11.4897360703812       1.641522879322690E-004
   11.5073313782991       1.724424108106891E-004
   11.5249266862170       1.833581808361614E-004
   11.5425219941349       1.915343015377340E-004
   11.5601173020528       2.023798998557564E-004
   11.5777126099707       2.106558753273044E-004
   11.5953079178886       2.216938483369566E-004
   11.6129032258065       2.303507000987421E-004
   11.6304985337243       2.416982786486905E-004
   11.6480938416422       2.504993416788757E-004
   11.6656891495601       2.616982924557610E-004
   11.6832844574780       2.702051064625518E-004
   11.7008797653959       2.809068359177792E-004
   11.7184750733138       2.888576722207136E-004
   11.7360703812317       2.988894094909368E-004
   11.7536656891496       3.062060730315266E-004
   11.7712609970675       3.155945940470677E-004
   11.7888563049853       3.224259981738786E-004
   11.8064516129032       3.314854790040720E-004
   11.8240469208211       3.383112275197582E-004
   11.8416422287390       3.474488973189715E-004
   11.8592375366569       3.543290731092276E-004
   11.8768328445748       3.633243560549994E-004
   11.8944281524927       3.699518924943017E-004
   11.9120234604106       3.784834638141826E-004
   11.9296187683284       3.845500801265877E-004
   11.9472140762463       3.923472463527631E-004
   11.9648093841642       3.976427183332981E-004
   11.9824046920821       4.045883824239033E-004
   12.0000000000000       4.091419706816740E-004
   12.0175953079179       4.155506830701512E-004
   12.0351906158358       4.200530673029929E-004
   12.0527859237537       4.266833580780376E-004
   12.0703812316716       4.315902839733074E-004
   12.0879765395894       4.386086840237020E-004
   12.1055718475073       4.439204002899699E-004
   12.1231671554252       4.512141458623763E-004
   12.1407624633431       4.567365897721802E-004
   12.1583577712610       4.640525673620163E-004
   12.1759530791789       4.694954492342671E-004
   12.1935483870968       4.765296734626392E-004
   12.2111436950147       4.816271027629678E-004
   12.2287390029326       4.882651604331396E-004
   12.2463343108504       4.930684810031355E-004
   12.2639296187683       4.993545658063678E-004
   12.2815249266862       5.037830322146873E-004
   12.2991202346041       5.095365645558385E-004
   12.3167155425220       5.133505980538088E-004
   12.3343108504399       5.183004662397372E-004
   12.3519061583578       5.212259518117293E-004
   12.3695014662757       5.251327308118574E-004
   12.3870967741935       5.270198394557781E-004
   12.4046920821114       5.299542304291927E-004
   12.4222873900293       5.314581395107938E-004
   12.4398826979472       5.348662885725667E-004
   12.4574780058651       5.375707976876483E-004
   12.4750733137830       5.424296264195856E-004
   12.4926686217009       5.466947651662567E-004
   12.5102639296188       5.529347764859771E-004
   12.5278592375367       5.583342757483563E-004
   12.5454545454545       5.652300192887711E-004
   12.5630498533724       5.707820001035055E-004
   12.5806451612903       5.771634008360824E-004
   12.5982404692082       5.816179654104932E-004
   12.6158357771261       5.866990471175364E-004
   12.6334310850440       5.912665684458785E-004
   12.6510263929619       5.985880444543615E-004
   12.6686217008798       6.070063311288208E-004
   12.6862170087977       6.189558177152307E-004
   12.7038123167155       6.321686722989510E-004
   12.7214076246334       6.482816858495095E-004
   12.7390029325513       6.643098090042153E-004
   12.7565982404692       6.808977078709198E-004
   12.7741935483871       6.939690549163202E-004
   12.7917888563050       7.025912379382384E-004
   12.8093841642229       7.000758298563197E-004
   12.8269794721408       6.854216596648798E-004
   12.8445747800587       6.593961848666366E-004
   12.8621700879765       6.283766432341398E-004
   12.8797653958944       5.959389756640913E-004
   12.8973607038123       5.696731113702910E-004
   12.9149560117302       5.541308178285270E-004
   12.9325513196481       5.574002703960102E-004
   12.9501466275660       5.843951013673299E-004
   12.9677419354839       6.431184692546055E-004
   12.9853372434018       7.380249859362240E-004
   13.0029325513196       8.753597741942243E-004
   13.0205278592375       1.047891775897262E-003
   13.0381231671554       1.234664627349723E-003
   13.0557184750733       1.414179969094846E-003
   13.0733137829912       1.569735034781301E-003
   13.0909090909091       1.684497675800023E-003
   13.1085043988270       1.746041694831311E-003
   13.1260997067449       1.741707773895920E-003
   13.1436950146628       1.663660002780436E-003
   13.1612903225806       1.504331911849360E-003
   13.1788856304985       1.262577334454711E-003
   13.1964809384164       9.396418610911631E-004
   13.2140762463343       5.544502611781664E-004
   13.2316715542522       1.430164513354324E-004
   13.2492668621701      -2.656855292185138E-004
   13.2668621700880      -6.515728653100270E-004
   13.2844574780059      -9.988146509895834E-004
   13.3020527859238      -1.296041917647445E-003
   13.3196480938416      -1.534648751416860E-003
   13.3372434017595      -1.709809666471100E-003
   13.3548387096774      -1.819311005955579E-003
   13.3724340175953      -1.865122538960750E-003
   13.3900293255132      -1.852788405194651E-003
   13.4076246334311      -1.796350073409105E-003
   13.4252199413490      -1.716970278240137E-003
   13.4428152492669      -1.628677970946067E-003
   13.4604105571848      -1.537402046548507E-003
   13.4780058651026      -1.447113218120682E-003
   13.4956011730205      -1.359371653707915E-003
   13.5131964809384      -1.274840425807484E-003
   13.5307917888563      -1.192937720400350E-003
   13.5483870967742      -1.112492859591223E-003
   13.5659824046921      -1.031655870021846E-003
   13.5835777126100      -9.481607830415797E-004
   13.6011730205279      -8.595816301017091E-004
   13.6187683284457      -7.654493759489775E-004
   13.6363636363636      -6.708140307562396E-004
   13.6539589442815      -5.801733881857827E-004
   13.6715542521994      -4.975841814926012E-004
   13.6891495601173      -4.258221134723237E-004
   13.7067448680352      -3.674438144871830E-004
   13.7243401759531      -3.236677205797493E-004
   13.7419354838710      -2.954709195265137E-004
   13.7595307917889      -2.822659823399113E-004
   13.7771260997067      -2.828448665468750E-004
   13.7947214076246      -2.937709200188500E-004
   13.8123167155425      -3.082977995415811E-004
   13.8299120234604      -3.165468362633046E-004
   13.8475073313783      -3.141282642490194E-004
   13.8651026392962      -2.982838095103867E-004
   13.8826979472141      -2.691408032891127E-004
   13.9002932551320      -2.266945540435308E-004
   13.9178885630499      -1.734792503457631E-004
   13.9354838709677      -1.115900207785046E-004
   13.9530791788856      -4.576137513790277E-005
   13.9706744868035       1.960465682843884E-005
   13.9882697947214       7.692087097634186E-005
   14.0058651026393       1.173539748881399E-004
   14.0234604105572       1.294300744789021E-004
   14.0410557184751       1.107272256845917E-004
   14.0586510263930       6.167916566448749E-005
   14.0762463343109      -1.413287948530201E-005
   14.0938416422287      -1.135039296301353E-004
   14.1114369501466      -2.304640203736233E-004
   14.1290322580645      -3.599669424992792E-004
   14.1466275659824      -4.941113806393732E-004
   14.1642228739003      -6.260694565403187E-004
   14.1818181818182      -7.457220995353307E-004
   14.1994134897361      -8.435877304462939E-004
   14.2170087976540      -9.067844624629280E-004
   14.2346041055718      -9.337254541828099E-004
   14.2521994134897      -9.266621662477457E-004
   14.2697947214076      -8.910383510661557E-004
   14.2873900293255      -8.311869551831244E-004
   14.3049853372434      -7.540175342318439E-004
   14.3225806451613      -6.648391615600800E-004
   14.3401759530792      -5.714704134080689E-004
   14.3577712609971      -4.798995546753010E-004
   14.3753665689150      -3.986396540466552E-004
   14.3929618768328      -3.342296718918199E-004
   14.4105571847507      -2.951870504139597E-004
   14.4281524926686      -2.795390429234362E-004
   14.4457478005865      -2.815887837299688E-004
   14.4633431085044      -2.934345499254281E-004
   14.4809384164223      -3.099921734837351E-004
   14.4985337243402      -3.240984844121936E-004
   14.5161290322581      -3.315586506002837E-004
   14.5337243401760      -3.261545177253466E-004
   14.5513196480938      -3.049053295554596E-004
   14.5689149560117      -2.630557720321619E-004
   14.5865102639296      -1.997133125099851E-004
   14.6041055718475      -1.137492601969817E-004
   14.6217008797654      -1.473615809375406E-005
   14.6392961876833       8.466386879990242E-005
   14.6568914956012       1.733058060633912E-004
   14.6744868035191       2.443817621220520E-004
   14.6920821114370       2.904891292774423E-004
   14.7096774193548       3.080919638445867E-004
   14.7272727272727       2.925694726121415E-004
   14.7448680351906       2.433406528612560E-004
   14.7624633431085       1.587608836093124E-004
   14.7800586510264       4.201952003368409E-005
   14.7976539589443      -1.038000026796557E-004
   14.8152492668622      -2.657144849721336E-004
   14.8328445747801      -4.284701359709835E-004
   14.8504398826979      -5.803772386336967E-004
   14.8680351906158      -7.150874942399573E-004
   14.8856304985337      -8.264478553388557E-004
   14.9032258064516      -9.118891943705404E-004
   14.9208211143695      -9.682837588410275E-004
   14.9384164222874      -9.958783251505488E-004
   14.9560117302053      -9.942532849502618E-004
   14.9736070381232      -9.666611042819758E-004
   14.9912023460411      -9.161441638399685E-004
   15.0087976539589      -8.518671859642992E-004
   15.0263929618768      -7.851497934564906E-004
   15.0439882697947      -7.258097981168015E-004
   15.0615835777126      -6.779047417193782E-004
   15.0791788856305      -6.458629353387619E-004
   15.0967741935484      -6.309142553210080E-004
   15.1143695014663      -6.350749908447897E-004
   15.1319648093842      -6.576294967202782E-004
   15.1495601173021      -6.985794075557862E-004
   15.1671554252199      -7.552562471341921E-004
   15.1847507331378      -8.252307657722460E-004
   15.2023460410557      -9.025724505023203E-004
   15.2199413489736      -9.791329232745683E-004
   15.2375366568915      -1.046206776888146E-003
   15.2551319648094      -1.100470139625326E-003
   15.2727272727273      -1.138219514116412E-003
   15.2903225806452      -1.158446029186501E-003
   15.3079178885631      -1.159329703224331E-003
   15.3255131964809      -1.141164196812859E-003
   15.3431085043988      -1.103485349516613E-003
   15.3607038123167      -1.047667140640604E-003
   15.3782991202346      -9.745585258688576E-004
   15.3958944281525      -8.867752304084020E-004
   15.4134897360704      -7.873277538471639E-004
   15.4310850439883      -6.811661384966512E-004
   15.4486803519062      -5.716027431774856E-004
   15.4662756598240      -4.623945185360031E-004
   15.4838709677419      -3.564559049922854E-004
   15.5014662756598      -2.573694999426208E-004
   15.5190615835777      -1.682371357981690E-004
   15.5366568914956      -9.276625430199892E-005
   15.5542521994135      -3.450189334587792E-005
   15.5718475073314       2.445419740595089E-006
   15.5894428152493       1.372312743527175E-005
   15.6070381231672      -5.876698102604272E-006
   15.6246334310850      -5.746679447532720E-005
   15.6422287390029      -1.343429746239211E-004
   15.6598240469208      -2.284882005233594E-004
   15.6774193548387      -3.312203874085071E-004
   15.6950146627566      -4.340515674129691E-004
   15.7126099706745      -5.278531720105779E-004
   15.7302052785924      -6.041579790310361E-004
   15.7478005865103      -6.538618479525512E-004
   15.7653958944282      -6.690135910905568E-004
   15.7829912023460      -6.413086740329981E-004
   15.8005865102639      -5.647710159219408E-004
   15.8181818181818      -4.407175705935226E-004
   15.8357771260997      -2.895168238564261E-004
   15.8533724340176      -1.286848318695678E-004
   15.8709677419355       2.457461192882916E-005
   15.8885630498534       1.575923041907469E-004
   15.9061583577713       2.571822628208754E-004
   15.9237536656892       3.147188064923302E-004
   15.9413489736070       3.211484998701093E-004
   15.9589442815249       2.726348274656750E-004
   15.9765395894428       1.660337765488695E-004
   15.9941348973607       5.379674722141930E-006
   16.0117302052786      -1.959901293064581E-004
   16.0293255131965      -4.047801877117864E-004
   16.0469208211144      -5.987362974955380E-004
   16.0645161290323      -7.601136989656094E-004
   16.0821114369501      -8.808306962798617E-004
   16.0997067448680      -9.517133705994408E-004
   16.1173020527859      -9.723132804776567E-004
   16.1348973607038      -9.399244516086667E-004
   16.1524926686217      -8.609592717985010E-004
   16.1700879765396      -7.395445536432322E-004
   16.1876832844575      -5.905562276756693E-004
   16.2052785923754      -4.302610796569153E-004
   16.2228739002933      -2.885785235319749E-004
   16.2404692082111      -1.759799503138847E-004
   16.2580645161290      -9.861671992005450E-005
   16.2756598240469      -5.250365038603436E-005
   16.2932551319648      -3.793461544157697E-005
   16.3108504398827      -4.595128677067187E-005
   16.3284457478006      -7.383057294698207E-005
   16.3460410557185      -1.093692098224403E-004
   16.3636363636364      -1.477279702216038E-004
   16.3812316715543      -1.740127150089656E-004
   16.3988269794721      -1.814461570887171E-004
   16.4164222873900      -1.550317149879688E-004
   16.4340175953079      -1.039281400629313E-004
   16.4516129032258      -3.187959691503148E-005
   16.4692082111437       4.697440776223216E-005
   16.4868035190616       1.299015657619562E-004
   16.5043988269795       2.032659065715709E-004
   16.5219941348974       2.658278023011952E-004
   16.5395894428153       3.048443846478213E-004
   16.5571847507331       3.210412367127217E-004
   16.5747800586510       3.033052129473930E-004
   16.5923753665689       2.554920426265084E-004
   16.6099706744868       1.719412937813415E-004
   16.6275659824047       7.189546895141758E-005
   16.6451612903226      -3.890215222002719E-005
   16.6627565982405      -1.429128758432723E-004
   16.6803519061584      -2.405959731635029E-004
   16.6979472140762      -3.174335131084339E-004
   16.7155425219941      -3.775237109084648E-004
   16.7331378299120      -4.085891999672352E-004
   16.7507331378299      -4.182030767384828E-004
   16.7683284457478      -3.966306329897622E-004
   16.7859237536657      -3.559239496257175E-004
   16.8035190615836      -2.916112876653033E-004
   16.8211143695015      -2.279417835388043E-004
   16.8387096774194      -1.686174169414786E-004
   16.8563049853372      -1.327923562882703E-004
   16.8739002932551      -1.148611766904502E-004
   16.8914956011730      -1.301178442564201E-004
   16.9090909090909      -1.684712555881311E-004
   16.9266862170088      -2.429983579182521E-004
   16.9442815249267      -3.398277491496529E-004
   16.9618768328446      -4.700020113192474E-004
   16.9794721407625      -6.154192379021518E-004
   16.9970674486804      -7.840127580934292E-004
   17.0146627565982      -9.497896806671433E-004
   17.0322580645161      -1.116869531540106E-003
   17.0498533724340      -1.264292128788022E-003
   17.0674486803519      -1.404927507820211E-003
   17.0850439882698      -1.520389071071382E-003
   17.1026392961877      -1.626806946483945E-003
   17.1202346041056      -1.706218794956118E-003
   17.1378299120235      -1.777185668631090E-003
   17.1554252199413      -1.821554050738577E-003
   17.1730205278592      -1.860055856626428E-003
   17.1906158357771      -1.874020170153485E-003
   17.2082111436950      -1.886234354807991E-003
   17.2258064516129      -1.875757918389748E-003
   17.2434017595308      -1.864459962499024E-003
   17.2609970674487      -1.828829501169759E-003
   17.2785923753666      -1.792967199634672E-003
   17.2961876832845      -1.732364537658325E-003
   17.3137829912023      -1.673663785005523E-003
   17.3313782991202      -1.591309416632345E-003
   17.3489736070381      -1.514870173203305E-003
   17.3665689149560      -1.417857997126753E-003
   17.3841642228739      -1.333537573840789E-003
   17.4017595307918      -1.235459737872078E-003
   17.4193548387097      -1.163109866933671E-003
   17.4369501466276      -1.087454967112489E-003
   17.4545454545455      -1.044311595873603E-003
   17.4721407624633      -9.968852157878521E-004
   17.4897360703812      -9.816577847693920E-004
   17.5073313782991      -9.566945249235213E-004
   17.5249266862170      -9.604113801136753E-004
   17.5425219941349      -9.456579597316752E-004
   17.5601173020528      -9.533774670448690E-004
   17.5777126099707      -9.304730137976737E-004
   17.5953079178886      -9.205745561009466E-004
   17.6129032258065      -8.629855202276144E-004
   17.6304985337243      -8.109036752870068E-004
   17.6480938416422      -7.095009489810889E-004
   17.6656891495601      -6.254316008141712E-004
   17.6832844574780      -4.985551432889051E-004
   17.7008797653959      -4.041788334755023E-004
   17.7184750733138      -2.740878775951017E-004
   17.7360703812317      -1.935787899293740E-004
   17.7536656891496      -8.385116789973630E-005
   17.7712609970675      -4.249965738313198E-005
   17.7888563049853       2.322958920335356E-005
   17.8064516129032       9.874741021006703E-008
   17.8240469208211       5.633194628487520E-006
   17.8416422287390      -8.152425838341975E-005
   17.8592375366569      -1.090156059024974E-004
   17.8768328445748      -2.289341213121128E-004
   17.8944281524927      -2.480811557586002E-004
   17.9120234604106      -3.672917426214818E-004
   17.9296187683284      -3.224110729595226E-004
   17.9472140762463      -4.016653713578607E-004
   17.9648093841642      -1.854699689691186E-004
   17.9824046920821      -1.654844023316278E-004
   18.0000000000000       7.618103244227939E-004
