  0.000000000000000E+000 -9.424017552941024E-004
  1.759530791788856E-002 -1.670189187165750E-003
  3.519061583577713E-002 -1.427579215981764E-003
  5.278592375366570E-002 -1.582993781119550E-003
  7.038123167155426E-002 -1.408089013422913E-003
  8.797653958944282E-002 -1.471627878075613E-003
  0.105571847507331      -1.333322554169382E-003
  0.123167155425220      -1.365294356508206E-003
  0.140762463343109      -1.250760210233194E-003
  0.158357771260997      -1.268790322214175E-003
  0.175953079178886      -1.171269012471601E-003
  0.193548387096774      -1.182458535526419E-003
  0.211143695014663      -1.098028138655089E-003
  0.228739002932551      -1.106063626404638E-003
  0.246334310850440      -1.032566713451758E-003
  0.263929618768328      -1.039698925328343E-003
  0.281524926686217      -9.756428484144505E-004
  0.299120234604106      -9.831448373507482E-004
  0.316715542521994      -9.273898606452130E-004
  0.334310850439883      -9.360181134324937E-004
  0.351906158357771      -8.876584737827742E-004
  0.369501466275660      -8.978463545995137E-004
  0.387096774193548      -8.561065046344479E-004
  0.404692082111437      -8.680346797011634E-004
  0.422287390029326      -8.321201306360452E-004
  0.439882697947214      -8.456003735245041E-004
  0.457478005865103      -8.145660164468016E-004
  0.475073313782991      -8.292610550130642E-004
  0.492668621700880      -8.022852036360089E-004
  0.510263929618768      -8.178513420928577E-004
  0.527859237536657      -7.941755056627941E-004
  0.545454545454546      -8.102152554761468E-004
  0.563049853372434      -7.890811407638118E-004
  0.580645161290323      -8.050959995198803E-004
  0.598240469208211      -7.856530859405589E-004
  0.615835777126100      -8.008762324677326E-004
  0.633431085043988      -7.818808280859815E-004
  0.651026392961877      -7.952322303508275E-004
  0.668621700879765      -7.756554685742358E-004
  0.686217008797654      -7.865485151645606E-004
  0.703812316715543      -7.658223101427423E-004
  0.721407624633431      -7.739879336884433E-004
  0.739002932551320      -7.518418711430555E-004
  0.756598240469208      -7.572787014955545E-004
  0.774193548387097      -7.337447478404906E-004
  0.791788856304985      -7.367789191725608E-004
  0.809384164222874      -7.123582693858028E-004
  0.826979472140763      -7.140358655710277E-004
  0.844574780058651      -6.899925992749352E-004
  0.862170087976540      -6.914976008749873E-004
  0.879765395894428      -6.685680042338009E-004
  0.897360703812317      -6.704652478341835E-004
  0.914956011730205      -6.489861166309742E-004
  0.932551319648094      -6.515500271374668E-004
  0.950146627565982      -6.316190530279914E-004
  0.967741935483871      -6.348959298300805E-004
  0.985337243401760      -6.163868815386899E-004
   1.00293255131965      -6.201594844987424E-004
   1.02052785923754      -6.026152252012480E-004
   1.03812316715543      -6.063792785029550E-004
   1.05571847507331      -5.894233145281924E-004
   1.07331378299120      -5.931054836896111E-004
   1.09090909090909      -5.767643208499249E-004
   1.10850439882698      -5.804965493152127E-004
   1.12609970674487      -5.649107113462613E-004
   1.14369501466276      -5.689005330939265E-004
   1.16129032258065      -5.542689832604140E-004
   1.17888563049853      -5.587653647176220E-004
   1.19648093841642      -5.453195710104703E-004
   1.21407624633431      -5.505669042833119E-004
   1.23167155425220      -5.383404939242141E-004
   1.24926686217009      -5.440491286382379E-004
   1.26686217008798      -5.324997111387970E-004
   1.28445747800587      -5.381286011388654E-004
   1.30205278592375      -5.267238376603756E-004
   1.31964809384164      -5.317922261300840E-004
   1.33724340175953      -5.200597305994028E-004
   1.35483870967742      -5.241476898675115E-004
   1.37243401759531      -5.116850387379836E-004
   1.39002932551320      -5.144552977542425E-004
   1.40762463343109      -5.009832751395089E-004
   1.42521994134897      -5.023857213371526E-004
   1.44281524926686      -4.881931508110314E-004
   1.46041055718475      -4.887607121042184E-004
   1.47800586510264      -4.743447864184563E-004
   1.49560117302053      -4.745026296345521E-004
   1.51319648093842      -4.602106514419775E-004
   1.53079178885631      -4.602641442799486E-004
   1.54838709677419      -4.463337710855381E-004
   1.56598240469208      -4.464757838871103E-004
   1.58357771260997      -4.330188049761286E-004
   1.60117302052786      -4.332786013870499E-004
   1.61876832844575      -4.201246885016248E-004
   1.63636363636364      -4.200446558679949E-004
   1.65395894428153      -4.065656433305860E-004
   1.67155425219941      -4.056369016340767E-004
   1.68914956011730      -3.914797027522582E-004
   1.70674486803519      -3.894768872634217E-004
   1.72434017595308      -3.745054197370358E-004
   1.74193548387097      -3.713956607366859E-004
   1.75953079178886      -3.556657892373654E-004
   1.77712609970675      -3.516266899182164E-004
   1.79472140762463      -3.354498115880561E-004
   1.81231671554252      -3.310440898484925E-004
   1.82991202346041      -3.153608180615427E-004
   1.84750733137830      -3.117405922129985E-004
   1.86510263929619      -2.974815923488296E-004
   1.88269794721408      -2.952515864676733E-004
   1.90029325513196      -2.827880917489800E-004
   1.91788856304985      -2.821602830530701E-004
   1.93548387096774      -2.715485023267366E-004
   1.95307917888563      -2.724394399029552E-004
   1.97067448680352      -2.634322857284710E-004
   1.98826979472141      -2.654163170887585E-004
   2.00586510263930      -2.573114603136856E-004
   2.02346041055718      -2.592520280361122E-004
   2.04105571847507      -2.505687343508302E-004
   2.05865102639296      -2.511824319088068E-004
   2.07624633431085      -2.411138455081621E-004
   2.09384164222874      -2.399393491611615E-004
   2.11143695014663      -2.282375780182132E-004
   2.12903225806452      -2.252169789789151E-004
   2.14662756598241      -2.119910212884387E-004
   2.16422287390029      -2.074137910427983E-004
   2.18181818181818      -1.931474892791050E-004
   2.19941348973607      -1.877578309314711E-004
   2.21700879765396      -1.736153422340256E-004
   2.23460410557185      -1.690725439040389E-004
   2.25219941348974      -1.567061134657724E-004
   2.26979472140762      -1.541566582479038E-004
   2.28739002932551      -1.442551938427992E-004
   2.30498533724340      -1.441157295950258E-004
   2.32258064516129      -1.368772884280718E-004
   2.34017595307918      -1.391577081492818E-004
   2.35777126099707      -1.343992391397332E-004
   2.37536656891496      -1.387147598576933E-004
   2.39296187683284      -1.358047539393480E-004
   2.41055718475073      -1.411491418952504E-004
   2.42815249266862      -1.385103446043678E-004
   2.44574780058651      -1.430163438002583E-004
   2.46334310850440      -1.391132531718279E-004
   2.48093841642229      -1.417651427994758E-004
   2.49853372434018      -1.359087274100857E-004
   2.51612903225806      -1.362416557770962E-004
   2.53372434017595      -1.281516417607195E-004
   2.55131964809384      -1.260614304164999E-004
   2.56891495601173      -1.158060822089246E-004
   2.58651026392962      -1.115579868428354E-004
   2.60410557184751      -9.965825499124959E-005
   2.62170087976540      -9.419497301545566E-005
   2.63929618768328      -8.200437726854251E-005
   2.65689149560117      -7.665566482389794E-005
   2.67448680351906      -6.513610602489129E-005
   2.69208211143695      -6.058270829148681E-005
   2.70967741935484      -5.024585269679211E-005
   2.72727272727273      -4.687248169588813E-005
   2.74486803519062      -3.799091999651891E-005
   2.76246334310850      -3.596917666068211E-005
   2.78005865102639      -2.860613105163364E-005
   2.79765395894428      -2.787983779151938E-005
   2.81524926686217      -2.179343054759005E-005
   2.83284457478006      -2.187533741607860E-005
   2.85043988269795      -1.647141753024643E-005
   2.86803519061584      -1.688932133939057E-005
   2.88563049853372      -1.184112632773356E-005
   2.90322580645161      -1.235499243306032E-005
   2.92082111436950      -7.476343254844225E-006
   2.93841642228739      -7.945606041248692E-006
   2.95601173020528      -3.131602185831833E-006
   2.97360703812317      -3.488499050118554E-006
   2.99120234604106       1.294300227726544E-006
   3.00879765395894       1.034301139349172E-006
   3.02639296187683       5.696575126587930E-006
   3.04398826979472       5.370556036265226E-006
   3.06158357771261       9.744194126244859E-006
   3.07917888563050       9.219447783793952E-006
   3.09677419354839       1.320284764741059E-005
   3.11436950146628       1.239398411676788E-005
   3.13196480938416       1.591820868514914E-005
   3.14956011730205       1.476819032699048E-005
   3.16715542521994       1.779207459275980E-005
   3.18475073313783       1.627490856110489E-005
   3.20234604105572       1.879822376168150E-005
   3.21994134897361       1.696790649426786E-005
   3.23753665689150       1.915025042034985E-005
   3.25513196480938       1.724088430927451E-005
   3.27272727272727       1.930663349239122E-005
   3.29032258064516       1.749950840293084E-005
   3.30791788856305       1.959983849165418E-005
   3.32551319648094       1.801740884770677E-005
   3.34310850439883       2.025018979627730E-005
   3.36070381231672       1.896167110955905E-005
   3.37829912023460       2.136630933949752E-005
   3.39589442815249       2.037044642083627E-005
   3.41348973607038       2.287839236640730E-005
   3.43108504398827       2.197925775234333E-005
   3.44868035190616       2.429441465107302E-005
   3.46627565982405       2.320957073193031E-005
   3.48387096774194       2.511943705536434E-005
   3.50146627565982       2.368619767756752E-005
   3.51906158357771       2.506644496064603E-005
   3.53665689149560       2.319149015134861E-005
   3.55425219941349       2.398114712661565E-005
   3.57184750733138       2.163497218575980E-005
   3.58944281524927       2.184374560381151E-005
   3.60703812316716       1.909091861396162E-005
   3.62463343108504       1.888746750771206E-005
   3.64222873900293       1.600193380156242E-005
   3.65982404692082       1.566752425985345E-005
   3.67741935483871       1.285518207705107E-005
   3.69501466275660       1.253318659186794E-005
   3.71260997067449       9.893306019041335E-006
   3.73020527859238       9.647144311143426E-006
   3.74780058651026       7.206768876343382E-006
   3.76539589442815       7.028018547773359E-006
   3.78299120234604       4.735220702267631E-006
   3.80058651026393       4.517030961576428E-006
   3.81818181818182       2.169693572732410E-006
   3.83577712609971       1.608317608591446E-006
   3.85337243401760      -1.088851411495909E-006
   3.87096774193548      -2.174273420483722E-006
   3.88856304985337      -5.308125544408220E-006
   3.90615835777126      -6.945365275928820E-006
   3.92375366568915      -1.049916059262075E-005
   3.94134897360704      -1.262962845380908E-005
   3.95894428152493      -1.650580518014503E-005
   3.97653958944282      -1.898733454010210E-005
   3.99413489736070      -2.299313837759773E-005
   4.01173020527859      -2.555194549307155E-005
   4.02932551319648      -2.931707522839362E-005
   4.04692082111437      -3.157864186478769E-005
   4.06451612903226      -3.484894538510511E-005
   4.08211143695015      -3.667724057406672E-005
   4.09970674486804      -3.938615619261361E-005
   4.11730205278592      -4.076140715217196E-005
   4.13489736070381      -4.293211224675004E-005
   4.15249266862170      -4.391658469048095E-005
   4.17008797653959      -4.565474519440393E-005
   4.18768328445748      -4.640190930588312E-005
   4.20527859237537      -4.793135264012977E-005
   4.22287390029326      -4.876418425005395E-005
   4.24046920821114      -5.045749906642487E-005
   4.25806451612903      -5.165489953457717E-005
   4.27565982404692      -5.365178929394552E-005
   4.29325513196481      -5.526838391337491E-005
   4.31085043988270      -5.757479169112589E-005
   4.32844574780059      -5.957579737884980E-005
   4.34604105571848      -6.212379051815865E-005
   4.36363636363636      -6.440798644938941E-005
   4.38123167155425      -6.706459544676150E-005
   4.39882697947214      -6.946106300907473E-005
   4.41642228739003      -7.201539821131673E-005
   4.43401759530792      -7.432821494023592E-005
   4.45161290322581      -7.670524000321311E-005
   4.46920821114370      -7.897931583768842E-005
   4.48680351906158      -8.127223050841898E-005
   4.50439882697947      -8.361315951054041E-005
   4.52199413489736      -8.593494219656839E-005
   4.53958944281525      -8.845738298275515E-005
   4.55718475073314      -9.092399570576827E-005
   4.57478005865103      -9.374096096675439E-005
   4.59237536656892      -9.646218173939850E-005
   4.60997067448680      -9.967113705088677E-005
   4.62756598240469      -1.026869173133996E-004
   4.64516129032258      -1.062065518072771E-004
   4.66275659824047      -1.093417853339779E-004
   4.68035190615836      -1.129765472754014E-004
   4.69794721407625      -1.160446087798219E-004
   4.71554252199414      -1.196119826515468E-004
   4.73313782991202      -1.224348783021526E-004
   4.75073313782991      -1.257583277013479E-004
   4.76832844574780      -1.281621571263396E-004
   4.78592375366569      -1.310677814022081E-004
   4.80351906158358      -1.328800090125358E-004
   4.82111436950147      -1.352163782441871E-004
   4.83870967741935      -1.363808554857602E-004
   4.85630498533724      -1.382205211407761E-004
   4.87390029325513      -1.388751650530431E-004
   4.89149560117302      -1.403617804949950E-004
   4.90909090909091      -1.406502719833856E-004
   4.92668621700880      -1.419249523492160E-004
   4.94428152492669      -1.419869886700394E-004
   4.96187683284458      -1.431851602835905E-004
   4.97947214076246      -1.431523176355754E-004
   4.99706744868035      -1.443973712370206E-004
   5.01466275659824      -1.443747567669741E-004
   5.03225806451613      -1.457061415802424E-004
   5.04985337243402      -1.456423071631204E-004
   5.06744868035191      -1.469641565827178E-004
   5.08504398826980      -1.467705087184904E-004
   5.10263929618768      -1.480062415018525E-004
   5.12023460410557      -1.476170192128581E-004
   5.13782991202346      -1.487086936729108E-004
   5.15542521994135      -1.480755036446197E-004
   5.17302052785924      -1.489830773570891E-004
   5.19061583577713      -1.480779612281328E-004
   5.20821114369502      -1.487910764291150E-004
   5.22580645161290      -1.476581264742944E-004
   5.24340175953079      -1.483084980127803E-004
   5.26099706744868      -1.471340957675681E-004
   5.27859237536657      -1.478983424158565E-004
   5.29618768328446      -1.468347724784127E-004
   5.31378299120235      -1.478438885255662E-004
   5.33137829912024      -1.470034739275632E-004
   5.34897360703812      -1.483480024175769E-004
   5.36656891495601      -1.477983556869473E-004
   5.38416422287390      -1.495147926712654E-004
   5.40175953079179      -1.492491935054034E-004
   5.41935483870968      -1.512353063570140E-004
   5.43695014662757      -1.509925874545129E-004
   5.45454545454546      -1.528875278531986E-004
   5.47214076246334      -1.523467800144515E-004
   5.48973607038123      -1.539029690997190E-004
   5.50733137829912      -1.528690488349100E-004
   5.52492668621701      -1.539315172214820E-004
   5.54252199413490      -1.522866046610831E-004
   5.56011730205279      -1.527712914463579E-004
   5.57771260997067      -1.504681410502883E-004
   5.59530791788856      -1.503670980742753E-004
   5.61290322580645      -1.474567105383555E-004
   5.63049853372434      -1.469030920029343E-004
   5.64809384164223      -1.435689966573397E-004
   5.66568914956012      -1.427210084774127E-004
   5.68328445747801      -1.390784542484759E-004
   5.70087976539589      -1.380256527596544E-004
   5.71847507331378      -1.341514397963493E-004
   5.73607038123167      -1.329602407643992E-004
   5.75366568914956      -1.289147107034196E-004
   5.77126099706745      -1.276386848982212E-004
   5.78885630498534      -1.234708284248029E-004
   5.80645161290323      -1.221505756255191E-004
   5.82404692082111      -1.178833786167873E-004
   5.84164222873900      -1.165103997547486E-004
   5.85923753665689      -1.121186324689399E-004
   5.87683284457478      -1.106730963758728E-004
   5.89442815249267      -1.061506870164229E-004
   5.91202346041056      -1.046361980304080E-004
   5.92961876832845      -9.999800188929403E-005
   5.94721407624634      -9.843917489254818E-005
   5.96480938416422      -9.372257336190770E-005
   5.98240469208211      -9.216986292325856E-005
   6.00000000000000      -8.744467387583180E-005
   6.01759530791789      -8.599328144043869E-005
   6.03519061583578      -8.136811423930607E-005
   6.05278592375367      -8.009202060714768E-005
   6.07038123167156      -7.559140926367162E-005
   6.08797653958944      -7.448667113579697E-005
   6.10557184750733      -7.009550909150105E-005
   6.12316715542522      -6.913849852987170E-005
   6.14076246334311      -6.482905553884558E-005
   6.15835777126100      -6.398750779815346E-005
   6.17595307917889      -5.972599954030952E-005
   6.19354838709677      -5.896340166921790E-005
   6.21114369501466      -5.471263069237308E-005
   6.22873900293255      -5.398901177699712E-005
   6.24633431085044      -4.971040228983900E-005
   6.26392961876833      -4.899052930987928E-005
   6.28152492668622      -4.465567855194538E-005
   6.29912023460411      -4.391599320678337E-005
   6.31671554252199      -3.950864236373741E-005
   6.33431085043988      -3.873940824712254E-005
   6.35190615835777      -3.425991593932597E-005
   6.36950146627566      -3.347215833058231E-005
   6.38709677419355      -2.894804192787488E-005
   6.40469208211144      -2.819306968176240E-005
   6.42228739002933      -2.371804353469208E-005
   6.43988269794721      -2.311868834671191E-005
   6.45747800586510      -1.879094503687446E-005
   6.47507331378299      -1.839053379957593E-005
   6.49266862170088      -1.421881442491772E-005
   6.51026392961877      -1.400463227194693E-005
   6.52785923753666      -9.961779392572735E-006
   6.54545454545455      -9.893676016210655E-006
   6.56304985337243      -5.930460355209777E-006
   6.58064516129032      -5.949894150813408E-006
   6.59824046920821      -2.001662612789341E-006
   6.61583577712610      -2.040689408027381E-006
   6.63343108504399       1.939742583192378E-006
   6.65102639296188       1.889319743754308E-006
   6.66862170087977       5.884918349715086E-006
   6.68621700879765       5.805655788095269E-006
   6.70381231671554       9.801367948620150E-006
   6.72140762463343       9.681396210182318E-006
   6.73900293255132       1.366539726926590E-005
   6.75659824046921       1.349334290942671E-005
   6.77419354838710       1.745050876040598E-005
   6.79178885630499       1.720600195546146E-005
   6.80938416422287       2.109897106224094E-005
   6.82697947214076       2.070899480562867E-005
   6.84457478005865       2.443189836175323E-005
   6.86217008797654       2.380409990789087E-005
   6.87976539589443       2.730286795329322E-005
   6.89736070381232       2.641594070473528E-005
   6.91495601173021       2.969191366764635E-005
   6.93255131964809       2.856909463761683E-005
   6.95014662756598       3.166427779462484E-005
   6.96774193548387       3.036817241365661E-005
   6.98533724340176       3.336502569457767E-005
   7.00293255131965       3.200369789127673E-005
   7.02052785923754       3.503304734741475E-005
   7.03812316715543       3.372367430447451E-005
   7.05571847507331       3.683745558869866E-005
   7.07331378299120       3.557933284145335E-005
   7.09090909090909       3.875944409034183E-005
   7.10850439882698       3.753156823745307E-005
   7.12609970674487       4.075506298164736E-005
   7.14369501466276       3.953588943319196E-005
   7.16129032258065       4.278133575841020E-005
   7.17888563049853       4.155127582668495E-005
   7.19648093841642       4.479803295295547E-005
   7.21407624633431       4.352992493237464E-005
   7.23167155425220       4.671602758361094E-005
   7.24926686217009       4.530280433660009E-005
   7.26686217008798       4.830746144717508E-005
   7.28445747800587       4.664717426286820E-005
   7.30205278592375       4.938905049672908E-005
   7.31964809384164       4.742126289752508E-005
   7.33724340175953       4.985948713596898E-005
   7.35483870967742       4.756627609079609E-005
   7.37243401759531       4.970713128062261E-005
   7.39002932551320       4.712582249269985E-005
   7.40762463343109       4.904948952983647E-005
   7.42521994134897       4.632029110767483E-005
   7.44281524926686       4.818976264013896E-005
   7.46041055718475       4.542899972960544E-005
   7.47800586510264       4.729841733237728E-005
   7.49560117302053       4.453110793026938E-005
   7.51319648093842       4.641165218982932E-005
   7.53079178885631       4.364339019346937E-005
   7.54838709677419       4.553830906375704E-005
   7.56598240469208       4.277583255879154E-005
   7.58357771260997       4.469833884982664E-005
   7.60117302052786       4.197026882864949E-005
   7.61876832844575       4.397476188417643E-005
   7.63636363636364       4.135323940071288E-005
   7.65395894428153       4.348003013968521E-005
   7.67155425219941       4.095303010196841E-005
   7.68914956011730       4.315704854288356E-005
   7.70674486803519       4.066478098960455E-005
   7.72434017595308       4.287577218459877E-005
   7.74193548387097       4.034348325979229E-005
   7.75953079178886       4.248370263681737E-005
   7.77712609970675       3.983622907598187E-005
   7.79472140762463       4.183594850604178E-005
   7.81231671554252       3.902320300205384E-005
   7.82991202346041       4.087862080150466E-005
   7.84750733137830       3.794694176996742E-005
   7.86510263929619       3.970825595663107E-005
   7.88269794721408       3.668442592752306E-005
   7.90029325513197       3.835799445304651E-005
   7.91788856304985       3.523740776380946E-005
   7.93548387096774       3.681016625738914E-005
   7.95307917888563       3.357670992721537E-005
   7.97067448680352       3.503182438415303E-005
   7.98826979472141       3.167484664390647E-005
   8.00586510263930       3.301773029495892E-005
   8.02346041055718       2.959070822404585E-005
   8.04105571847507       3.093527020474909E-005
   8.05865102639296       2.756181283751289E-005
   8.07624633431085       2.898491634582021E-005
   8.09384164222874       2.569789412350211E-005
   8.11143695014663       2.720061473395518E-005
   8.12903225806452       2.397629144766587E-005
   8.14662756598241       2.551202255243369E-005
   8.16422287390029       2.228479356554306E-005
   8.18181818181818       2.376924463430520E-005
   8.19941348973607       2.043960291895710E-005
   8.21700879765396       2.176954594165059E-005
   8.23460410557185       1.828855689194336E-005
   8.25219941348974       1.950904167833006E-005
   8.26979472140763       1.596873090839618E-005
   8.28739002932551       1.716085958215400E-005
   8.30498533724340       1.362291645589115E-005
   8.32258064516129       1.482807855895753E-005
   8.34017595307918       1.131526479263256E-005
   8.35777126099707       1.253567802349634E-005
   8.37536656891496       9.030385248803223E-006
   8.39296187683285       1.022552746044519E-005
   8.41055718475073       6.663142225803116E-006
   8.42815249266862       7.764193222972240E-006
   8.44574780058651       4.125076536402885E-006
   8.46334310850440       5.171150625981058E-006
   8.48093841642229       1.514103348464829E-006
   8.49853372434018       2.555120192248989E-006
   8.51612903225807      -1.082263645626816E-006
   8.53372434017595      -2.509784257448411E-008
   8.55131964809384      -3.638955314962208E-006
   8.56891495601173      -2.583485495545795E-006
   8.58651026392962      -6.215758561536597E-006
   8.60410557184751      -5.237346693064582E-006
   8.62170087976540      -8.994085094862381E-006
   8.63929618768329      -8.177358555400638E-006
   8.65689149560117      -1.205678695214203E-005
   8.67448680351906      -1.133472737194377E-005
   8.69208211143695      -1.525395624573457E-005
   8.70967741935484      -1.454722346767313E-005
   8.72727272727273      -1.843517207188447E-005
   8.74486803519062      -1.768792821596193E-005
   8.76246334310851      -2.150770775217814E-005
   8.78005865102639      -2.071085978439956E-005
   8.79765395894428      -2.449070133538427E-005
   8.81524926686217      -2.373814789819646E-005
   8.83284457478006      -2.764466776565580E-005
   8.85043988269795      -2.709672442551965E-005
   8.86803519061584      -3.120431969612090E-005
   8.88563049853373      -3.086707995725387E-005
   8.90322580645161      -3.514828999516168E-005
   8.92082111436950      -3.497707211424969E-005
   8.93841642228739      -3.937700217480099E-005
   8.95601173020528      -3.931442463523884E-005
   8.97360703812317      -4.377846187233420E-005
   8.99120234604106      -4.378154907690956E-005
   9.00879765395895      -4.829369698947432E-005
   9.02639296187683      -4.840525599757432E-005
   9.04398826979472      -5.305721387157409E-005
   9.06158357771261      -5.335310758928688E-005
   9.07917888563050      -5.816773515361171E-005
   9.09677419354839      -5.863502409362838E-005
   9.11436950146628      -6.357826883461534E-005
   9.13196480938416      -6.417045848722783E-005
   9.14956011730205      -6.918852832268848E-005
   9.16715542521994      -6.985190693243115E-005
   9.18475073313783      -7.489791718421623E-005
   9.20234604105572      -7.560800191820630E-005
   9.21994134897361      -8.072070901083766E-005
   9.23753665689150      -8.162330657358556E-005
   9.25513196480938      -8.699424132746618E-005
   9.27272727272727      -8.822590060385377E-005
   9.29032258064516      -9.392001797347310E-005
   9.30791788856305      -9.549739284519951E-005
   9.32551319648094      -1.014916900557757E-004
   9.34310850439883      -1.033593945084896E-004
   9.36070381231672      -1.095685257040233E-004
   9.37829912023460      -1.116154251448969E-004
   9.39589442815249      -1.179035958531132E-004
   9.41348973607038      -1.199783440028234E-004
   9.43108504398827      -1.262265736395587E-004
   9.44868035190616      -1.282985379982072E-004
   9.46627565982405      -1.345332260751750E-004
   9.48387096774194      -1.366252320869173E-004
   9.50146627565982      -1.428460667703371E-004
   9.51906158357771      -1.449368880121332E-004
   9.53665689149560      -1.511013513845481E-004
   9.55425219941349      -1.531288699480785E-004
   9.57184750733138      -1.591547350933174E-004
   9.58944281524927      -1.610183849815344E-004
   9.60703812316716      -1.667882109621039E-004
   9.62463343108504      -1.683927211826541E-004
   9.64222873900293      -1.739076881308639E-004
   9.65982404692082      -1.753544947866139E-004
   9.67741935483871      -1.807345685576065E-004
   9.69501466275660      -1.821176547781661E-004
   9.71260997067449      -1.874279431557653E-004
   9.73020527859238      -1.887839897352235E-004
   9.74780058651026      -1.940304064943531E-004
   9.76539589442815      -1.953334096280785E-004
   9.78299120234604      -2.004533438650467E-004
   9.80058651026393      -2.015980506555665E-004
   9.81818181818182      -2.064406920218334E-004
   9.83577712609971      -2.072963756227520E-004
   9.85337243401760      -2.118471059615141E-004
   9.87096774193548      -2.124999848408695E-004
   9.88856304985337      -2.168683885012910E-004
   9.90615835777126      -2.174219073801765E-004
   9.92375366568915      -2.216961822139610E-004
   9.94134897360704      -2.222177611866065E-004
   9.95894428152493      -2.264378884068898E-004
   9.97653958944282      -2.269330653731683E-004
   9.99413489736071      -2.310587405041222E-004
   10.0117302052786      -2.314166991062928E-004
   10.0293255131965      -2.352620181620071E-004
   10.0469208211144      -2.353165351565075E-004
   10.0645161290323      -2.388255748855429E-004
   10.0821114369501      -2.386074687960149E-004
   10.0997067448680      -2.418432382714693E-004
   10.1173020527859      -2.414269288533735E-004
   10.1348973607038      -2.444638655218393E-004
   10.1524926686217      -2.439155888996360E-004
   10.1700879765396      -2.468017970306500E-004
   10.1876832844575      -2.461408580073449E-004
   10.2052785923754      -2.488430678556922E-004
   10.2228739002933      -2.479487765874572E-004
   10.2404692082111      -2.502911514915081E-004
   10.2580645161290      -2.490542787230996E-004
   10.2756598240469      -2.510425259922208E-004
   10.2932551319648      -2.495370661401417E-004
   10.3108504398827      -2.512782280229362E-004
   10.3284457478006      -2.496312416375791E-004
   10.3460410557185      -2.512604894350612E-004
   10.3636363636364      -2.496063750521521E-004
   10.3812316715543      -2.512442367008403E-004
   10.3988269794721      -2.496721117916156E-004
   10.4164222873900      -2.513217981703875E-004
   10.4340175953079      -2.496695418759670E-004
   10.4516129032258      -2.510615662399361E-004
   10.4692082111437      -2.491163909178604E-004
   10.4868035190616      -2.501424803439717E-004
   10.5043988269795      -2.478684327020442E-004
   10.5219941348974      -2.485442925105374E-004
   10.5395894428153      -2.459975608338224E-004
   10.5571847507331      -2.464109242908479E-004
   10.5747800586510      -2.437024822618412E-004
   10.5923753665689      -2.439772614452732E-004
   10.6099706744868      -2.412180825079903E-004
   10.6275659824047      -2.413535241968748E-004
   10.6451612903226      -2.383524065374606E-004
   10.6627565982405      -2.380685990008007E-004
   10.6803519061584      -2.346011056612799E-004
   10.6979472140762      -2.337557736950102E-004
   10.7155425219941      -2.297462071914350E-004
   10.7331378299120      -2.283237551720717E-004
   10.7507331378299      -2.238135357976289E-004
   10.7683284457478      -2.219107409475751E-004
   10.7859237536657      -2.170525766879512E-004
   10.8035190615836      -2.148806689937134E-004
   10.8211143695015      -2.099031939605202E-004
   10.8387096774194      -2.075474840776018E-004
   10.8563049853372      -2.022939510040152E-004
   10.8739002932551      -1.994844834287320E-004
   10.8914956011730      -1.937050710558228E-004
   10.9090909090909      -1.902366210198176E-004
   10.9266862170088      -1.837768908931541E-004
   10.9442815249267      -1.795523756519577E-004
   10.9618768328446      -1.723805938604051E-004
   10.9794721407625      -1.674460838813315E-004
   10.9970674486804      -1.597062234991211E-004
   11.0146627565982      -1.543463904799701E-004
   11.0322580645161      -1.464185418430232E-004
   11.0498533724340      -1.408828286470020E-004
   11.0674486803519      -1.327695522500928E-004
   11.0850439882698      -1.269209953357511E-004
   11.1026392961877      -1.184428343168917E-004
   11.1202346041056      -1.120915392659611E-004
   11.1378299120235      -1.030673080929934E-004
   11.1554252199413      -9.605680765146066E-005
   11.1730205278592      -8.637389355105626E-005
   11.1906158357771      -7.865960029941491E-005
   11.2082111436950      -6.840129640077964E-005
   11.2258064516129      -6.030315082707444E-005
   11.2434017595308      -4.997814569042191E-005
   11.2609970674487      -4.192482663787717E-005
   11.2785923753666      -3.174187126583072E-005
   11.2961876832845      -2.378925058906203E-005
   11.3137829912023      -1.371251319876635E-005
   11.3313782991202      -5.756843496048242E-006
   11.3489736070381       4.367593769855293E-006
   11.3665689149560       1.251692102391855E-005
   11.3841642228739       2.290165912187486E-005
   11.4017595307918       3.145773807150432E-005
   11.4193548387097       4.223609948868615E-005
   11.4369501466276       5.110111272237416E-005
   11.4545454545455       6.196473486459373E-005
   11.4721407624633       7.083769014578222E-005
   11.4897360703812       8.159640155216100E-005
   11.5073313782991       9.038009817511073E-005
   11.5249266862170       1.010163754768840E-004
   11.5425219941349       1.097653263447562E-004
   11.5601173020528       1.204022727548256E-004
   11.5777126099707       1.293061091821712E-004
   11.5953079178886       1.402003256789929E-004
   11.6129032258065       1.495705616704166E-004
   11.6304985337243       1.609289452912767E-004
   11.6480938416422       1.706434506363502E-004
   11.6656891495601       1.820813172955186E-004
   11.6832844574780       1.917207671243903E-004
   11.7008797653959       2.028752699572399E-004
   11.7184750733138       2.121413882465721E-004
   11.7360703812317       2.227867388072137E-004
   11.7536656891496       2.315352880160279E-004
   11.7712609970675       2.416231743578523E-004
   11.7888563049853       2.499222989293491E-004
   11.8064516129032       2.596889380275035E-004
   11.8240469208211       2.679771500062154E-004
   11.8416422287390       2.778699761935129E-004
   11.8592375366569       2.863031742279406E-004
   11.8768328445748       2.961858026147488E-004
   11.8944281524927       3.045067093986992E-004
   11.9120234604106       3.140796997446133E-004
   11.9296187683284       3.219759087676402E-004
   11.9472140762463       3.309398515948689E-004
   11.9648093841642       3.381470829517537E-004
   11.9824046920821       3.463043687692182E-004
   12.0000000000000       3.527405293235850E-004
   12.0175953079179       3.602648867913189E-004
   12.0351906158358       3.665051618381104E-004
   12.0527859237537       3.741432314389411E-004
   12.0703812316716       3.807169259331598E-004
   12.0879765395894       3.887303754320613E-004
   12.1055718475073       3.957301606540312E-004
   12.1231671554252       4.040912191733367E-004
   12.1407624633431       4.113965605901230E-004
   12.1583577712610       4.199117223946243E-004
   12.1759530791789       4.272740646747284E-004
   12.1935483870968       4.356594270756314E-004
   12.2111436950147       4.428021411013884E-004
   12.2287390029326       4.509048022838068E-004
   12.2463343108504       4.578492365320729E-004
   12.2639296187683       4.657199104807790E-004
   12.2815249266862       4.724110065201451E-004
   12.2991202346041       4.798911901284570E-004
   12.3167155425220       4.860978485353719E-004
   12.3343108504399       4.929055324285375E-004
   12.3519061583578       4.983163642155901E-004
   12.3695014662757       5.041408839355197E-004
   12.3870967741935       5.084892259777728E-004
   12.4046920821114       5.132161313371613E-004
   12.4222873900293       5.168984632465449E-004
   12.4398826979472       5.217666987720024E-004
   12.4574780058651       5.263723003579062E-004
   12.4750733137830       5.325431315421883E-004
   12.4926686217009       5.386740655779277E-004
   12.5102639296188       5.463292304219108E-004
   12.5278592375367       5.537987594704767E-004
   12.5454545454545       5.624200159449999E-004
   12.5630498533724       5.703986776142597E-004
   12.5806451612903       5.788789857636601E-004
   12.5982404692082       5.860336497756053E-004
   12.6158357771261       5.932203594491581E-004
   12.6334310850440       6.001085751693721E-004
   12.6510263929619       6.090768657661176E-004
   12.6686217008798       6.195444758732852E-004
   12.6862170087977       6.332322174116013E-004
   12.7038123167155       6.490164326903342E-004
   12.7214076246334       6.679163301343858E-004
   12.7390029325513       6.881061551509915E-004
   12.7565982404692       7.096621146041786E-004
   12.7741935483871       7.296142550062308E-004
   12.7917888563050       7.464132516554971E-004
   12.8093841642229       7.540808919808057E-004
   12.8269794721408       7.495575121650997E-004
   12.8445747800587       7.328079065870201E-004
   12.8621700879765       7.083002897733776E-004
   12.8797653958944       6.795528009238444E-004
   12.8973607038123       6.528798719853226E-004
   12.9149560117302       6.333597307983843E-004
   12.9325513196481       6.284674432777650E-004
   12.9501466275660       6.443589038163344E-004
   12.9677419354839       6.893370959688320E-004
   12.9853372434018       7.702809265416029E-004
   13.0029325513196       8.957399632523125E-004
   13.0205278592375       1.064511812314816E-003
   13.0381231671554       1.259365403720769E-003
   13.0557184750733       1.460791047406091E-003
   13.0733137829912       1.651970154751360E-003
   13.0909090909091       1.815956809729372E-003
   13.1085043988270       1.938508543773229E-003
   13.1260997067449       2.005378392526169E-003
   13.1436950146628       2.005471406764841E-003
   13.1612903225806       1.928149876771906E-003
   13.1788856304985       1.767285919207934E-003
   13.1964809384164       1.518924274543982E-003
   13.2140762463343       1.193671261069519E-003
   13.2316715542522       8.229348393605118E-004
   13.2492668621701       4.349215482554554E-004
   13.2668621700880       5.086030093011118E-005
   13.2844574780059      -3.119909030389447E-004
   13.3020527859238      -6.398588771898288E-004
   13.3196480938416      -9.217273152857918E-004
   13.3372434017595      -1.149614310470660E-003
   13.3548387096774      -1.318195813398947E-003
   13.3724340175953      -1.425697767383902E-003
   13.3900293255132      -1.473923079526574E-003
   13.4076246334311      -1.472572230364911E-003
   13.4252199413490      -1.440712276335191E-003
   13.4428152492669      -1.393040464379674E-003
   13.4604105571848      -1.336598777127955E-003
   13.4780058651026      -1.276289758218316E-003
   13.4956011730205      -1.214630480724194E-003
   13.5131964809384      -1.153088057239044E-003
   13.5307917888563      -1.091787222868283E-003
   13.5483870967742      -1.030141953728889E-003
   13.5659824046921      -9.666583572380076E-004
   13.5835777126100      -8.992773993061567E-004
   13.6011730205279      -8.252719704700789E-004
   13.6187683284457      -7.432329635953078E-004
   13.6363636363636      -6.570451634616574E-004
   13.6539589442815      -5.712029411926260E-004
   13.6715542521994      -4.896672065998541E-004
   13.6891495601173      -4.158151589090721E-004
   13.7067448680352      -3.524821874882778E-004
   13.7243401759531      -3.018487904644211E-004
   13.7419354838710      -2.654192582364483E-004
   13.7595307917889      -2.438748988786967E-004
   13.7771260997067      -2.367680033057403E-004
   13.7947214076246      -2.422702103142286E-004
   13.8123167155425      -2.546648547130404E-004
   13.8299120234604      -2.646300310804182E-004
   13.8475073313783      -2.664264854674604E-004
   13.8651026392962      -2.567183757076760E-004
   13.8826979472141      -2.340796772190858E-004
   13.9002932551320      -1.979362269921988E-004
   13.9178885630499      -1.492223569047436E-004
   13.9354838709677      -8.954498158609795E-005
   13.9530791788856      -2.205481460539926E-005
   13.9706744868035       4.917956583053778E-005
   13.9882697947214       1.180385103478934E-004
   14.0058651026393       1.756031317613314E-004
   14.0234604105572       2.101788332942338E-004
   14.0410557184751       2.163223057033177E-004
   14.0586510263930       1.932226499952075E-004
   14.0762463343109       1.419193174892451E-004
   14.0938416422287       6.482786016162336E-005
   14.1114369501466      -3.430582066813506E-005
   14.1290322580645      -1.508388954124699E-004
   14.1466275659824      -2.787795243100920E-004
   14.1642228739003      -4.112608589315888E-004
   14.1818181818182      -5.396122424995697E-004
   14.1994134897361      -6.535592849212298E-004
   14.2170087976540      -7.399269745516490E-004
   14.2346041055718      -7.930894581227526E-004
   14.2521994134897      -8.139864879533594E-004
   14.2697947214076      -8.050608921475321E-004
   14.2873900293255      -7.702507046318845E-004
   14.3049853372434      -7.140675964691944E-004
   14.3225806451613      -6.420304387907144E-004
   14.3401759530792      -5.600556555394903E-004
   14.3577712609971      -4.749499935708451E-004
   14.3753665689150      -3.939362851670059E-004
   14.3929618768328      -3.252316322703608E-004
   14.4105571847507      -2.775720143574523E-004
   14.4281524926686      -2.531673497726043E-004
   14.4457478005865      -2.469671142101885E-004
   14.4633431085044      -2.536109461341824E-004
   14.4809384164223      -2.672170824488519E-004
   14.4985337243402      -2.823984830222714E-004
   14.5161290322581      -2.933958848460311E-004
   14.5337243401760      -2.952020336916098E-004
   14.5513196480938      -2.825721343189156E-004
   14.5689149560117      -2.513463912518305E-004
   14.5865102639296      -1.974848096138950E-004
   14.6041055718475      -1.192831436413762E-004
   14.6217008797654      -2.157611912954337E-005
   14.6392961876833       8.267526706955755E-005
   14.6568914956012       1.840860759788517E-004
   14.6744868035191       2.736493514836928E-004
   14.6920821114370       3.449499863764443E-004
   14.7096774193548       3.915066344451165E-004
   14.7272727272727       4.092260300567600E-004
   14.7448680351906       3.939924336698641E-004
   14.7624633431085       3.442709220728918E-004
   14.7800586510264       2.590762066431231E-004
   14.7976539589443       1.410051578806107E-004
   14.8152492668622      -2.047673773940495E-006
   14.8328445747801      -1.538153529366044E-004
   14.8504398826979      -3.042085933282493E-004
   14.8680351906158      -4.438603293710112E-004
   14.8856304985337      -5.677078155648930E-004
   14.9032258064516      -6.697164169583967E-004
   14.9208211143695      -7.476468327131429E-004
   14.9384164222874      -7.979584342246480E-004
   14.9560117302053      -8.209750549463961E-004
   14.9736070381232      -8.158492956578362E-004
   14.9912023460411      -7.861874980077555E-004
   15.0087976539589      -7.366141402775835E-004
   15.0263929618768      -6.798879806727835E-004
   15.0439882697947      -6.237694308687734E-004
   15.0615835777126      -5.756772109324166E-004
   15.0791788856305      -5.383051481252863E-004
   15.0967741935484      -5.165031655195341E-004
   15.1143695014663      -5.106180402088713E-004
   15.1319648093842      -5.237542039607268E-004
   15.1495601173021      -5.542773918872560E-004
   15.1671554252199      -6.035354413383622E-004
   15.1847507331378      -6.675117011666029E-004
   15.2023460410557      -7.445499460481765E-004
   15.2199413489736      -8.246346386593641E-004
   15.2375366568915      -9.017848054536468E-004
   15.2551319648094      -9.689832827264122E-004
   15.2727272727273      -1.024896958701290E-003
   15.2903225806452      -1.064637844988098E-003
   15.3079178885631      -1.088772373651892E-003
   15.3255131964809      -1.093577084536372E-003
   15.3431085043988      -1.081017758508928E-003
   15.3607038123167      -1.048322125531285E-003
   15.3782991202346      -9.988137567512338E-004
   15.3958944281525      -9.308165453733869E-004
   15.4134897360704      -8.498355708157126E-004
   15.4310850439883      -7.567309806219963E-004
   15.4486803519062      -6.580573434050985E-004
   15.4662756598240      -5.537770380451146E-004
   15.4838709677419      -4.502951595257363E-004
   15.5014662756598      -3.474324099477781E-004
   15.5190615835777      -2.520170892921830E-004
   15.5366568914956      -1.640555983735141E-004
   15.5542521994135      -9.111700601582867E-005
   15.5718475073314      -3.378165869382071E-005
   15.5894428152493      -9.126992694142577E-007
   15.6070381231672       5.087459464209632E-006
   15.6246334310850      -2.347245816323973E-005
   15.6422287390029      -7.840454440299426E-005
   15.6598240469208      -1.575140169372745E-004
   15.6774193548387      -2.491501961640381E-004
   15.6950146627566      -3.498693718842296E-004
   15.7126099706745      -4.466289611159274E-004
   15.7302052785924      -5.353411914907533E-004
   15.7478005865103      -6.020024262026649E-004
   15.7653958944282      -6.422049099927839E-004
   15.7829912023460      -6.413561409485245E-004
   15.8005865102639      -5.953220913258749E-004
   15.8181818181818      -4.955228206591098E-004
   15.8357771260997      -3.623475273983013E-004
   15.8533724340176      -2.068420926034319E-004
   15.8709677419355      -5.026737164429236E-005
   15.8885630498534       9.925850301190314E-005
   15.9061583577713       2.227722170991143E-004
   15.9237536656892       3.150320705315889E-004
   15.9413489736070       3.597962382676304E-004
   15.9589442815249       3.555069905783914E-004
   15.9765395894428       2.902577091145895E-004
   15.9941348973607       1.688397287895615E-004
   16.0117302052786      -6.951187360922970E-006
   16.0293255131965      -2.023706129551039E-004
   16.0469208211144      -4.002025921433681E-004
   16.0645161290323      -5.755995442412666E-004
   16.0821114369501      -7.237951360181649E-004
   16.0997067448680      -8.274150018578426E-004
   16.1173020527859      -8.887896376122454E-004
   16.1348973607038      -8.963599659364203E-004
   16.1524926686217      -8.590803024398221E-004
   16.1700879765396      -7.717795974862737E-004
   16.1876832844575      -6.518331740469676E-004
   16.2052785923754      -5.060714484639028E-004
   16.2228739002933      -3.698379843660595E-004
   16.2404692082111      -2.505175150463605E-004
   16.2580645161290      -1.635179867392396E-004
   16.2756598240469      -1.011321208486471E-004
   16.2932551319648      -7.244669142478211E-005
   16.3108504398827      -6.399457543605281E-005
   16.3284457478006      -8.142140824697314E-005
   16.3460410557185      -1.071688472252295E-004
   16.3636363636364      -1.442169870140302E-004
   16.3812316715543      -1.711754719460316E-004
   16.3988269794721      -1.879841278182548E-004
   16.4164222873900      -1.701450595218441E-004
   16.4340175953079      -1.301194210635835E-004
   16.4516129032258      -6.219257608442963E-005
   16.4692082111437       1.359228833263537E-005
   16.4868035190616       1.026649014375676E-004
   16.5043988269795       1.842023058736249E-004
   16.5219941348974       2.644717397796604E-004
   16.5395894428153       3.225070259109585E-004
   16.5571847507331       3.659680345574696E-004
   16.5747800586510       3.744009828095167E-004
   16.5923753665689       3.577943758110423E-004
   16.6099706744868       2.991722481367995E-004
   16.6275659824047       2.229203199484432E-004
   16.6451612903226       1.252658205870577E-004
   16.6627565982405       3.220106525305509E-005
   16.6803519061584      -6.501383049489189E-005
   16.6979472140762      -1.423666268104084E-004
   16.7155425219941      -2.118539450285677E-004
   16.7331378299120      -2.509083967474791E-004
   16.7507331378299      -2.747591382967896E-004
   16.7683284457478      -2.625942795407101E-004
   16.7859237536657      -2.338198762015305E-004
   16.8035190615836      -1.717946588917633E-004
   16.8211143695015      -1.080586228925491E-004
   16.8387096774194      -3.625969419205971E-005
   16.8563049853372       1.348291546984748E-005
   16.8739002932551       5.591708910981341E-005
   16.8914956011730       6.403268277367080E-005
   16.9090909090909       5.708684858440477E-005
   16.9266862170088       9.724151450002494E-006
   16.9442815249267      -5.485179267267193E-005
   16.9618768328446      -1.604815550140648E-004
   16.9794721407625      -2.794997601152421E-004
   16.9970674486804      -4.331595019812391E-004
   17.0146627565982      -5.853809205194697E-004
   17.0322580645161      -7.520521356885391E-004
   17.0498533724340      -8.991852644392656E-004
   17.0674486803519      -1.051143374273825E-003
   17.0850439882698      -1.176113113025503E-003
   17.1026392961877      -1.302259670407946E-003
   17.1202346041056      -1.397786149245134E-003
   17.1378299120235      -1.493884235697431E-003
   17.1554252199413      -1.558144929922732E-003
   17.1730205278592      -1.624602959346639E-003
   17.1906158357771      -1.659928359861277E-003
   17.2082111436950      -1.701095538137495E-003
   17.2258064516129      -1.712405333604797E-003
   17.2434017595308      -1.730757826688362E-003
   17.2609970674487      -1.716915501218503E-003
   17.2785923753666      -1.710414716598053E-003
   17.2961876832845      -1.670149704307348E-003
   17.3137829912023      -1.638840785345756E-003
   17.3313782991202      -1.573457224931578E-003
   17.3489736070381      -1.520404304349108E-003
   17.3665689149560      -1.434787533341912E-003
   17.3841642228739      -1.367578283195575E-003
   17.4017595307918      -1.272929352626434E-003
   17.4193548387097      -1.209485011711942E-003
   17.4369501466276      -1.129359432107636E-003
   17.4545454545455      -1.089950314560349E-003
   17.4721407624633      -1.034442590796312E-003
   17.4897360703812      -1.022029298143192E-003
   17.5073313782991      -9.892383745288727E-004
   17.5249266862170      -9.984874982967018E-004
   17.5425219941349      -9.793420986102396E-004
   17.5601173020528      -9.981850223853943E-004
   17.5777126099707      -9.765288987364369E-004
   17.5953079178886      -9.849350297399238E-004
   17.6129032258065      -9.341479716204410E-004
   17.6304985337243      -9.041736615712257E-004
   17.6480938416422      -8.079435167194452E-004
   17.6656891495601      -7.423703639041801E-004
   17.6832844574780      -6.130358231735915E-004
   17.7008797653959      -5.293570376066792E-004
   17.7184750733138      -3.858029810007900E-004
   17.7360703812317      -3.062860569443610E-004
   17.7536656891496      -1.707525280474337E-004
   17.7712609970675      -1.210619119633214E-004
   17.7888563049853      -1.818885417941457E-005
   17.8064516129032      -2.745238743213740E-005
   17.8240469208211       2.045193397473447E-005
   17.8416422287390      -5.796072422962385E-005
   17.8592375366569      -4.642866167294765E-005
   17.8768328445748      -1.707163026447339E-004
   17.8944281524927      -1.566463555389533E-004
   17.9120234604106      -2.984446420276983E-004
   17.9296187683284      -2.226633408122382E-004
   17.9472140762463      -3.469960532320428E-004
   17.9648093841642      -8.294733158386417E-005
   17.9824046920821      -1.363406353301451E-004
   18.0000000000000       1.009903518934124E-003
