  0.000000000000000E+000 -1.548873606654544E-003
  1.759530791788856E-002 -9.348102446843349E-005
  3.519061583577713E-002 -1.640038544043085E-004
  5.278592375366570E-002  2.710816575237082E-004
  7.038123167155426E-002  2.022319602557928E-004
  8.797653958944282E-002  4.378292123786419E-004
  0.105571847507331       3.728932189298991E-004
  0.123167155425220       5.256870635264899E-004
  0.140762463343109       4.647283964284468E-004
  0.158357771260997       5.730669288006837E-004
  0.175953079178886       5.156788818763223E-004
  0.193548387096774       5.966185069969151E-004
  0.211143695014663       5.423044310153165E-004
  0.228739002932551       6.048752973268109E-004
  0.246334310850440       5.534521848714202E-004
  0.263929618768328       6.033280047481244E-004
  0.281524926686217       5.548770470231066E-004
  0.299120234604106       5.958182890838308E-004
  0.316715542521994       5.504560589001370E-004
  0.334310850439883       5.851033674028621E-004
  0.351906158357771       5.429842691674527E-004
  0.369501466275660       5.733006331269332E-004
  0.387096774193548       5.346183442408761E-004
  0.404692082111437       5.621427359190597E-004
  0.422287390029326       5.271167900994495E-004
  0.439882697947214       5.529956785667856E-004
  0.457478005865103       5.216344185397587E-004
  0.475073313782991       5.465793001652099E-004
  0.492668621700880       5.187948650222493E-004
  0.510263929618768       5.433307558397173E-004
  0.527859237536657       5.190215111377177E-004
  0.545454545454546       5.435390984741505E-004
  0.563049853372434       5.225858049414356E-004
  0.580645161290323       5.473606179322388E-004
  0.598240469208211       5.296072371853273E-004
  0.615835777126100       5.547520034537262E-004
  0.633431085043988       5.397288086885153E-004
  0.651026392961877       5.647209165198753E-004
  0.668621700879765       5.514704838911872E-004
  0.686217008797654       5.756191915220783E-004
  0.703812316715543       5.632573279859353E-004
  0.721407624633431       5.859216570070030E-004
  0.739002932551320       5.736371750691789E-004
  0.756598240469208       5.942178896209517E-004
  0.774193548387097       5.812736549988381E-004
  0.791788856304985       5.992330119448809E-004
  0.809384164222874       5.850178089825773E-004
  0.826979472140763       6.001612455405383E-004
  0.844574780058651       5.848732603846808E-004
  0.862170087976540       5.978988979845094E-004
  0.879765395894428       5.821622432079878E-004
  0.897360703812317       5.937294336791000E-004
  0.914956011730205       5.780490772885651E-004
  0.932551319648094       5.887097101962217E-004
  0.950146627565982       5.735019111356818E-004
  0.967741935483871       5.837073311793662E-004
  0.985337243401760       5.692861505838039E-004
   1.00293255131965       5.793453844000269E-004
   1.02052785923754       5.657832892567995E-004
   1.03812316715543       5.755741817887883E-004
   1.05571847507331       5.625335310249515E-004
   1.07331378299120       5.718441428622231E-004
   1.09090909090909       5.591679382462997E-004
   1.10850439882698       5.679743693758207E-004
   1.12609970674487       5.556504208464083E-004
   1.14369501466276       5.640494936033549E-004
   1.16129032258065       5.521862124247563E-004
   1.17888563049853       5.603979968591251E-004
   1.19648093841642       5.492528421107422E-004
   1.21407624633431       5.576987860130290E-004
   1.23167155425220       5.477459444214100E-004
   1.24926686217009       5.568171445356927E-004
   1.26686217008798       5.481493379920517E-004
   1.28445747800587       5.577922147135442E-004
   1.30205278592375       5.502306620016187E-004
   1.31964809384164       5.602337336267605E-004
   1.33724340175953       5.534806910922708E-004
   1.35483870967742       5.635244593712717E-004
   1.37243401759531       5.571793961330893E-004
   1.39002932551320       5.668327693895395E-004
   1.40762463343109       5.603598579696163E-004
   1.42521994134897       5.690699307572877E-004
   1.44281524926686       5.620445913817392E-004
   1.46041055718475       5.697095348728290E-004
   1.47800586510264       5.622073753327014E-004
   1.49560117302053       5.689953104619045E-004
   1.51319648093842       5.612008195331646E-004
   1.53079178885631       5.673455425761909E-004
   1.54838709677419       5.594959587382674E-004
   1.56598240469208       5.652746014730330E-004
   1.58357771260997       5.576479249678369E-004
   1.60117302052786       5.633766191940387E-004
   1.61876832844575       5.562575798083482E-004
   1.63636363636364       5.620593069500946E-004
   1.65395894428153       5.552465645096664E-004
   1.67155425219941       5.607533701776431E-004
   1.68914956011730       5.538366567258502E-004
   1.70674486803519       5.586578077072851E-004
   1.72434017595308       5.512394784809317E-004
   1.74193548387097       5.550016015118457E-004
   1.75953079178886       5.467079855037640E-004
   1.77712609970675       5.490690111316257E-004
   1.79472140762463       5.395715307435263E-004
   1.81231671554252       5.402816387236882E-004
   1.82991202346041       5.295910965204996E-004
   1.84750733137830       5.291357563750761E-004
   1.86510263929619       5.180103770406816E-004
   1.88269794721408       5.171664007095191E-004
   1.90029325513196       5.063112461067011E-004
   1.91788856304985       5.057458981319276E-004
   1.93548387096774       4.957726024567947E-004
   1.95307917888563       4.960612116205468E-004
   1.97067448680352       4.874836281176032E-004
   1.98826979472141       4.890868124020793E-004
   2.00586510263930       4.822590215150071E-004
   2.02346041055718       4.852521093114687E-004
   2.04105571847507       4.796726030567788E-004
   2.05865102639296       4.831071342580003E-004
   2.07624633431085       4.777735653195533E-004
   2.09384164222874       4.807683821700967E-004
   2.11143695014663       4.748762389837654E-004
   2.12903225806452       4.767069813688252E-004
   2.14662756598241       4.695918900331471E-004
   2.16422287390029       4.696710862997900E-004
   2.18181818181818       4.608169522588456E-004
   2.19941348973607       4.587366087885281E-004
   2.21700879765396       4.479521229515473E-004
   2.23460410557185       4.440865621433794E-004
   2.25219941348974       4.323710343936362E-004
   2.26979472140762       4.279213411246570E-004
   2.28739002932551       4.163650844236811E-004
   2.30498533724340       4.123231641436929E-004
   2.32258064516129       4.018315413942927E-004
   2.34017595307918       3.990378828788377E-004
   2.35777126099707       3.903764059860599E-004
   2.37536656891496       3.895284273991480E-004
   2.39296187683284       3.833024303809436E-004
   2.41055718475073       3.848646697192065E-004
   2.42815249266862       3.810955382513652E-004
   2.44574780058651       3.843886083350281E-004
   2.46334310850440       3.819588757553164E-004
   2.48093841642229       3.858716830184576E-004
   2.49853372434018       3.837704497540011E-004
   2.51612903225806       3.873692302101500E-004
   2.53372434017595       3.847182013191710E-004
   2.55131964809384       3.871843234372960E-004
   2.56891495601173       3.832148575005799E-004
   2.58651026392962       3.838439124738769E-004
   2.60410557184751       3.779255149121209E-004
   2.62170087976540       3.763091882623614E-004
   2.63929618768328       3.685248326198950E-004
   2.65689149560117       3.652364843325851E-004
   2.67448680351906       3.562856893054902E-004
   2.69208211143695       3.519722074353727E-004
   2.70967741935484       3.424520031452037E-004
   2.72727272727273       3.376795509799072E-004
   2.74486803519062       3.281230619826761E-004
   2.76246334310850       3.234017204576433E-004
   2.78005865102639       3.142879277741313E-004
   2.79765395894428       3.100696130092487E-004
   2.81524926686217       3.017847365854321E-004
   2.83284457478006       2.982696702310905E-004
   2.85043988269795       2.907404407433330E-004
   2.86803519061584       2.877209294286225E-004
   2.88563049853372       2.807365153836968E-004
   2.90322580645161       2.780256690741180E-004
   2.92082111436950       2.714091194667615E-004
   2.93841642228739       2.688435436073100E-004
   2.95601173020528       2.624366298324873E-004
   2.97360703812317       2.598688145594585E-004
   2.99120234604106       2.535277596930945E-004
   3.00879765395894       2.508252843198780E-004
   3.02639296187683       2.444475602466122E-004
   3.04398826979472       2.415876896538244E-004
   3.06158357771261       2.352205690941979E-004
   3.07917888563050       2.322803013506370E-004
   3.09677419354839       2.260016894486733E-004
   3.11436950146628       2.230657547511949E-004
   3.13196480938416       2.169620207059989E-004
   3.14956011730205       2.141250191493545E-004
   3.16715542521994       2.082943737076113E-004
   3.18475073313783       2.056655343045623E-004
   3.20234604105572       2.002263946148224E-004
   3.21994134897361       1.979333521765379E-004
   3.23753665689150       1.929649668109522E-004
   3.25513196480938       1.909886344709826E-004
   3.27272727272727       1.863946204431902E-004
   3.29032258064516       1.846165956820681E-004
   3.30791788856305       1.802654317429315E-004
   3.32551319648094       1.785488306021033E-004
   3.34310850439883       1.742946998590447E-004
   3.36070381231672       1.724904962358326E-004
   3.37829912023460       1.681765813385479E-004
   3.39589442815249       1.661249717334624E-004
   3.41348973607038       1.615886031673522E-004
   3.43108504398827       1.591848622634910E-004
   3.44868035190616       1.544485993167094E-004
   3.46627565982405       1.518213184701360E-004
   3.48387096774194       1.470398017402883E-004
   3.50146627565982       1.443470495891180E-004
   3.51906158357771       1.396761641035755E-004
   3.53665689149560       1.370757261534279E-004
   3.55425219941349       1.326703994895264E-004
   3.57184750733138       1.303183792612460E-004
   3.58944281524927       1.263310199221088E-004
   3.60703812316716       1.243781573990890E-004
   3.62463343108504       1.209175506428509E-004
   3.64222873900293       1.193630388644878E-004
   3.65982404692082       1.163113956677713E-004
   3.67741935483871       1.150009887712964E-004
   3.69501466275660       1.122066769550766E-004
   3.71260997067449       1.109969690338524E-004
   3.73020527859238       1.083209036524130E-004
   3.74780058651026       1.070819101319640E-004
   3.76539589442815       1.044006536038843E-004
   3.78299120234604       1.030221923082736E-004
   3.80058651026393       1.002406280378749E-004
   3.81818181818182       9.867652776299538E-005
   3.83577712609971       9.586679662828681E-005
   3.85337243401760       9.431979507299422E-005
   3.87096774193548       9.171407870132844E-005
   3.88856304985337       9.038951120612785E-005
   3.90615835777126       8.816446573477679E-005
   3.92375366568915       8.721846136517244E-005
   3.94134897360704       8.550751724090487E-005
   3.95894428152493       8.505403545908534E-005
   3.97653958944282       8.394565385756997E-005
   3.99413489736070       8.404621523481466E-005
   4.01173020527859       8.355096359572765E-005
   4.02932551319648       8.410407216725574E-005
   4.04692082111437       8.397982372840943E-005
   4.06451612903226       8.469644637151282E-005
   4.08211143695015       8.468556176851015E-005
   4.09970674486804       8.534695754254511E-005
   4.11730205278592       8.525512132591981E-005
   4.13489736070381       8.569126254995881E-005
   4.15249266862170       8.536840451096185E-005
   4.17008797653959       8.545366496221167E-005
   4.18768328445748       8.479911294930902E-005
   4.20527859237537       8.447342234092139E-005
   4.22287390029326       8.351522874233363E-005
   4.24046920821114       8.295285855219616E-005
   4.25806451612903       8.195081392643230E-005
   4.27565982404692       8.139006495540697E-005
   4.29325513196481       8.053119258164699E-005
   4.31085043988270       8.012531486040005E-005
   4.32844574780059       7.953102326480582E-005
   4.34604105571848       7.937439981470405E-005
   4.36363636363636       7.910816138563221E-005
   4.38123167155425       7.923241129195801E-005
   4.39882697947214       7.928204113130687E-005
   4.41642228739003       7.960632824468014E-005
   4.43401759530792       7.980073498556441E-005
   4.45161290322581       8.013792139561654E-005
   4.46920821114370       8.035829785357967E-005
   4.48680351906158       8.065986933941144E-005
   4.50439882697947       8.089712211958449E-005
   4.52199413489736       8.118522202607720E-005
   4.53958944281525       8.148523901535643E-005
   4.55718475073314       8.183058674910611E-005
   4.57478005865103       8.228661211672749E-005
   4.59237536656892       8.281064529111746E-005
   4.60997067448680       8.358063714338552E-005
   4.62756598240469       8.447638119241915E-005
   4.64516129032258       8.572157026508202E-005
   4.66275659824047       8.706223878168093E-005
   4.68035190615836       8.878371339294455E-005
   4.69794721407625       9.053758679583285E-005
   4.71554252199414       9.267943282765531E-005
   4.73313782991202       9.477181431555332E-005
   4.75073313782991       9.723860647845741E-005
   4.76832844574780       9.955462735746175E-005
   4.78592375366569       1.022058351661624E-004
   4.80351906158358       1.045718113322935E-004
   4.82111436950147       1.071829820550135E-004
   4.83870967741935       1.093567797923277E-004
   4.85630498533724       1.117477505715299E-004
   4.87390029325513       1.136390158269617E-004
   4.89149560117302       1.157697183774075E-004
   4.90909090909091       1.173693711438056E-004
   4.92668621700880       1.192531672816332E-004
   4.94428152492669       1.205962855306760E-004
   4.96187683284458       1.222865375336127E-004
   4.97947214076246       1.234477281703125E-004
   4.99706744868035       1.250406013890372E-004
   5.01466275659824       1.261468440187111E-004
   5.03225806451613       1.277794055910126E-004
   5.04985337243402       1.289222336957690E-004
   5.06744868035191       1.306165375155859E-004
   5.08504398826980       1.317816691380317E-004
   5.10263929618768       1.335068071628403E-004
   5.12023460410557       1.346541877439672E-004
   5.13782991202346       1.363605078612333E-004
   5.15542521994135       1.374336873864801E-004
   5.17302052785924       1.390551774497283E-004
   5.19061583577713       1.399791473735349E-004
   5.20821114369502       1.414242052734045E-004
   5.22580645161290       1.421028447266090E-004
   5.24340175953079       1.433191457469612E-004
   5.26099706744868       1.437816177484187E-004
   5.27859237536657       1.448517538831580E-004
   5.29618768328446       1.452043468308066E-004
   5.31378299120235       1.462484406861967E-004
   5.33137829912024       1.466253187656733E-004
   5.34897360703812       1.477885876264803E-004
   5.36656891495601       1.483481525654381E-004
   5.38416422287390       1.498009723155836E-004
   5.40175953079179       1.507302774409881E-004
   5.41935483870968       1.526597849955118E-004
   5.43695014662757       1.540634509041594E-004
   5.45454545454546       1.564151274175356E-004
   5.47214076246334       1.581380415073293E-004
   5.48973607038123       1.607340849274640E-004
   5.50733137829912       1.625963469779975E-004
   5.52492668621701       1.652553761082327E-004
   5.54252199413490       1.670778690555729E-004
   5.56011730205279       1.696223662524927E-004
   5.57771260997067       1.712326516246126E-004
   5.59530791788856       1.734951750456038E-004
   5.61290322580645       1.747405530916096E-004
   5.63049853372434       1.766190769609749E-004
   5.64809384164223       1.774839283880856E-004
   5.66568914956012       1.790152017842137E-004
   5.68328445747801       1.795428312458694E-004
   5.70087976539589       1.807640483367776E-004
   5.71847507331378       1.809901845818210E-004
   5.73607038123167       1.819352480767354E-004
   5.75366568914956       1.818949557968425E-004
   5.77126099706745       1.825993778827430E-004
   5.78885630498534       1.823316511184302E-004
   5.80645161290323       1.828382671748913E-004
   5.82404692082111       1.823887040163404E-004
   5.84164222873900       1.827270260854983E-004
   5.85923753665689       1.820981936972098E-004
   5.87683284457478       1.822525128204026E-004
   5.89442815249267       1.814253594833054E-004
   5.91202346041056       1.813752639406351E-004
   5.92961876832845       1.803312850481768E-004
   5.94721407624634       1.800600503040168E-004
   5.96480938416422       1.787876457565806E-004
   5.98240469208211       1.782896192268604E-004
   6.00000000000000       1.767950291668352E-004
   6.01759530791789       1.761000730760055E-004
   6.03519061583578       1.744559250067182E-004
   6.05278592375367       1.736601861741023E-004
   6.07038123167156       1.719488705044576E-004
   6.08797653958944       1.711102324228855E-004
   6.10557184750733       1.693746959459088E-004
   6.12316715542522       1.685237124188399E-004
   6.14076246334311       1.667859643449548E-004
   6.15835777126100       1.659358676832719E-004
   6.17595307917889       1.642029249934218E-004
   6.19354838709677       1.633536420072565E-004
   6.21114369501466       1.616201869300632E-004
   6.22873900293255       1.607586447056490E-004
   6.24633431085044       1.590045861865242E-004
   6.26392961876833       1.581041015303470E-004
   6.28152492668622       1.563002293918203E-004
   6.29912023460411       1.553284885016788E-004
   6.31671554252199       1.534411978503183E-004
   6.33431085043988       1.523623836943251E-004
   6.35190615835777       1.503558441719680E-004
   6.36950146627566       1.491337791915841E-004
   6.38709677419355       1.469746328846475E-004
   6.40469208211144       1.455816458290580E-004
   6.42228739002933       1.432687726175556E-004
   6.43988269794721       1.417568341372583E-004
   6.45747800586510       1.393829316812389E-004
   6.47507331378299       1.378395595322916E-004
   6.49266862170088       1.354723995804365E-004
   6.51026392961877       1.339484579262682E-004
   6.52785923753666       1.316251885283417E-004
   6.54545454545455       1.301435964029995E-004
   6.56304985337243       1.278741966633915E-004
   6.58064516129032       1.264298336566529E-004
   6.59824046920821       1.241932455680458E-004
   6.61583577712610       1.227424575933813E-004
   6.63343108504399       1.204781304221801E-004
   6.65102639296188       1.189689105768625E-004
   6.66862170087977       1.166501640522290E-004
   6.68621700879765       1.150693362858101E-004
   6.70381231671554       1.126876015383652E-004
   6.72140762463343       1.110268009530718E-004
   6.73900293255132       1.085735530336859E-004
   6.75659824046921       1.068219808662614E-004
   6.77419354838710       1.042846986454007E-004
   6.79178885630499       1.024265959514797E-004
   6.80938416422287       9.978852456864734E-005
   6.82697947214076       9.782281236333163E-005
   6.84457478005865       9.512796293432246E-005
   6.86217008797654       9.313636991926701E-005
   6.87976539589443       9.047262225431661E-005
   6.89736070381232       8.853308183995535E-005
   6.91495601173021       8.596880875104247E-005
   6.93255131964809       8.413817377022472E-005
   6.95014662756598       8.171836672273460E-005
   6.96774193548387       8.002662194252829E-005
   6.98533724340176       7.776388209375690E-005
   7.00293255131965       7.619785198761699E-005
   7.02052785923754       7.403657726528750E-005
   7.03812316715543       7.249339757509635E-005
   7.05571847507331       7.032791382597825E-005
   7.07331378299120       6.873624211790232E-005
   7.09090909090909       6.652305942525046E-005
   7.10850439882698       6.485241671792951E-005
   7.12609970674487       6.256964798176159E-005
   7.14369501466276       6.080209628802030E-005
   7.16129032258065       5.843411711823327E-005
   7.17888563049853       5.655264074381556E-005
   7.19648093841642       5.407882326238623E-005
   7.21407624633431       5.205349156434484E-005
   7.23167155425220       4.944716241538834E-005
   7.24926686217009       4.728731036891789E-005
   7.26686217008798       4.460357541671926E-005
   7.28445747800587       4.238715954172668E-005
   7.30205278592375       3.971281951532937E-005
   7.31964809384164       3.753037907777742E-005
   7.33724340175953       3.495788638709034E-005
   7.35483870967742       3.290056721243399E-005
   7.37243401759531       3.051770468340421E-005
   7.39002932551320       2.866542172171907E-005
   7.40762463343109       2.653571911969412E-005
   7.42521994134897       2.490366914672591E-005
   7.44281524926686       2.297005921683322E-005
   7.46041055718475       2.146529320887965E-005
   7.47800586510264       1.965209370682507E-005
   7.49560117302053       1.822321691760637E-005
   7.51319648093842       1.649521961445902E-005
   7.53079178885631       1.511855210620875E-005
   7.54838709677419       1.346118409349331E-005
   7.56598240469208       1.212803746654308E-005
   7.58357771260997       1.053610745598086E-005
   7.60117302052786       9.239396108260483E-006
   7.61876832844575       7.689528929394533E-006
   7.63636363636364       6.366887072919490E-006
   7.65395894428153       4.771998565314106E-006
   7.67155425219941       3.351710492847059E-006
   7.68914956011730       1.668860147299514E-006
   7.70674486803519       1.298348085408217E-007
   7.72434017595308      -1.643043812889681E-006
   7.74193548387097      -3.286259884191977E-006
   7.75953079178886      -5.118331807888705E-006
   7.77712609970675      -6.819546845554306E-006
   7.79472140762463      -8.648497071285892E-006
   7.81231671554252      -1.032983902805191E-005
   7.82991202346041      -1.208171437468731E-005
   7.84750733137830      -1.370955396390379E-005
   7.86510263929619      -1.538983249048628E-005
   7.88269794721408      -1.697862536461381E-005
   7.90029325513197      -1.859501713515069E-005
   7.91788856304985      -2.014440283249168E-005
   7.93548387096774      -2.168726960476244E-005
   7.95307917888563      -2.317821647892170E-005
   7.97067448680352      -2.461819084029571E-005
   7.98826979472141      -2.601091159529948E-005
   8.00586510263930      -2.729698055328523E-005
   8.02346041055718      -2.854677549785000E-005
   8.04105571847507      -2.968489815588597E-005
   8.05865102639296      -3.086143468473807E-005
   8.07624633431085      -3.194171362577177E-005
   8.09384164222874      -3.312474824805674E-005
   8.11143695014663      -3.421243997315362E-005
   8.12903225806452      -3.545165364314044E-005
   8.14662756598241      -3.657861756003242E-005
   8.16422287390029      -3.788593949017960E-005
   8.18181818181818      -3.903984428031113E-005
   8.19941348973607      -4.037196786203104E-005
   8.21700879765396      -4.146461266657984E-005
   8.23460410557185      -4.270436770837516E-005
   8.25219941348974      -4.365689524827149E-005
   8.26979472140763      -4.479444605393969E-005
   8.28739002932551      -4.563423792207577E-005
   8.30498533724340      -4.670972121882283E-005
   8.32258064516129      -4.748117232486404E-005
   8.34017595307918      -4.853818834623097E-005
   8.35777126099707      -4.927985501510878E-005
   8.37536656891496      -5.034745358216105E-005
   8.39296187683285      -5.107319143296128E-005
   8.41055718475073      -5.213731090156096E-005
   8.42815249266862      -5.279208903693199E-005
   8.44574780058651      -5.378432191190321E-005
   8.46334310850440      -5.433454410349248E-005
   8.48093841642229      -5.526207085503580E-005
   8.49853372434018      -5.573526389017758E-005
   8.51612903225807      -5.663485731272113E-005
   8.53372434017595      -5.707154587612150E-005
   8.55131964809384      -5.798283864074749E-005
   8.56891495601173      -5.841696256601158E-005
   8.58651026392962      -5.936217027564748E-005
   8.60410557184751      -5.979233535517373E-005
   8.62170087976540      -6.072072505867823E-005
   8.63929618768329      -6.104388496308711E-005
   8.65689149560117      -6.186043960378326E-005
   8.67448680351906      -6.203794577003031E-005
   8.69208211143695      -6.274835134450461E-005
   8.70967741935484      -6.281174945338590E-005
   8.72727272727273      -6.346600025730376E-005
   8.74486803519062      -6.347827061412092E-005
   8.76246334310851      -6.414810245165954E-005
   8.78005865102639      -6.418482322484770E-005
   8.79765395894428      -6.494315090789781E-005
   8.81524926686217      -6.505323015379358E-005
   8.83284457478006      -6.587200706266493E-005
   8.85043988269795      -6.594257220349040E-005
   8.86803519061584      -6.669741439462243E-005
   8.88563049853373      -6.664079756289642E-005
   8.90322580645161      -6.727730677074444E-005
   8.92082111436950      -6.706510944244956E-005
   8.93841642228739      -6.757690553341905E-005
   8.95601173020528      -6.722240850726006E-005
   8.97360703812317      -6.764009745981739E-005
   8.99120234604106      -6.718946383863971E-005
   9.00879765395895      -6.757022526066925E-005
   9.02639296187683      -6.706340566187778E-005
   9.04398826979472      -6.738818696934583E-005
   9.06158357771261      -6.675883506000815E-005
   9.07917888563050      -6.696293442638168E-005
   9.09677419354839      -6.616854788445567E-005
   9.11436950146628      -6.622989767229807E-005
   9.13196480938416      -6.526834503979797E-005
   9.14956011730205      -6.520408977491640E-005
   9.16715542521994      -6.411212219132405E-005
   9.18475073313783      -6.397866165287976E-005
   9.20234604105572      -6.283366917201795E-005
   9.21994134897361      -6.271314776920309E-005
   9.23753665689150      -6.153499731594762E-005
   9.25513196480938      -6.133917192119668E-005
   9.27272727272727      -5.998680746912855E-005
   9.29032258064516      -5.958128166529122E-005
   9.30791788856305      -5.793864748422323E-005
   9.32551319648094      -5.722723778838729E-005
   9.34310850439883      -5.522062662333372E-005
   9.36070381231672      -5.415416400072815E-005
   9.37829912023460      -5.176336495906652E-005
   9.39589442815249      -5.035615389917489E-005
   9.41348973607038      -4.764485190305216E-005
   9.43108504398827      -4.600519806188879E-005
   9.44868035190616      -4.306583222059856E-005
   9.46627565982405      -4.122462596177819E-005
   9.48387096774194      -3.804937387748722E-005
   9.50146627565982      -3.598920470460514E-005
   9.51906158357771      -3.256255054859047E-005
   9.53665689149560      -3.027530266526821E-005
   9.55425219941349      -2.660215969665539E-005
   9.57184750733138      -2.411083398336937E-005
   9.58944281524927      -2.023979653131403E-005
   9.60703812316716      -1.763299570751537E-005
   9.62463343108504      -1.370279906477746E-005
   9.64222873900293      -1.111756240857119E-005
   9.65982404692082      -7.187887898816879E-006
   9.67741935483871      -4.607845383191617E-006
   9.69501466275660      -6.313528065687301E-007
   9.71260997067449       2.002210822053402E-006
   9.73020527859238       6.086836557028339E-006
   9.74780058651026       8.831448137318523E-006
   9.76539589442815       1.307091308567785E-005
   9.78299120234604       1.595466969774162E-005
   9.80058651026393       2.034422925991835E-005
   9.81818181818182       2.329823185076294E-005
   9.83577712609971       2.769118024949789E-005
   9.85337243401760       3.056980778016857E-005
   9.87096774193548       3.489851494457745E-005
   9.88856304985337       3.770035807083753E-005
   9.90615835777126       4.199872780605207E-005
   9.92375366568915       4.478103029765292E-005
   9.94134897360704       4.912038242935430E-005
   9.95894428152493       5.196285618110229E-005
   9.97653958944282       5.642303136764086E-005
   9.99413489736071       5.939750688447530E-005
   10.0117302052786       6.401737872362137E-005
   10.0293255131965       6.707494238792266E-005
   10.0469208211144       7.171247547207799E-005
   10.0645161290323       7.470859230740223E-005
   10.0821114369501       7.927648223725370E-005
   10.0997067448680       8.217328833233601E-005
   10.1173020527859       8.666698361385320E-005
   10.1348973607038       8.948686337110771E-005
   10.1524926686217       9.394910433804984E-005
   10.1700879765396       9.675075763124841E-005
   10.1876832844575       1.012491429683990E-004
   10.2052785923754       1.040977293896319E-004
   10.2228739002933       1.086479238486275E-004
   10.2404692082111       1.114538550409440E-004
   10.2580645161290       1.158996241788181E-004
   10.2756598240469       1.185369304891803E-004
   10.2932551319648       1.228095945535137E-004
   10.3108504398827       1.252560193936389E-004
   10.3284457478006       1.293734961816778E-004
   10.3460410557185       1.316849245272485E-004
   10.3636363636364       1.357385529440342E-004
   10.3812316715543       1.380420795822496E-004
   10.3988269794721       1.421940798106277E-004
   10.4164222873900       1.446749161125607E-004
   10.4340175953079       1.490412168274692E-004
   10.4516129032258       1.516544264688095E-004
   10.4692082111437       1.560890229926637E-004
   10.4868035190616       1.586905942570906E-004
   10.5043988269795       1.630782933907840E-004
   10.5219941348974       1.655857541563631E-004
   10.5395894428153       1.698785948432681E-004
   10.5571847507331       1.722828956941895E-004
   10.5747800586510       1.765147040095308E-004
   10.5923753665689       1.789009262896774E-004
   10.6099706744868       1.832232256904969E-004
   10.6275659824047       1.857792812099376E-004
   10.6451612903226       1.902851676236880E-004
   10.6627565982405       1.929406747948107E-004
   10.6803519061584       1.974722614392424E-004
   10.6979472140762       2.000589928558858E-004
   10.7155425219941       2.044571792232238E-004
   10.7331378299120       2.068361962046056E-004
   10.7507331378299       2.109903115351997E-004
   10.7683284457478       2.130905039508678E-004
   10.7859237536657       2.169817061210211E-004
   10.8035190615836       2.188654497205800E-004
   10.8211143695015       2.226798296228906E-004
   10.8387096774194       2.246072353288240E-004
   10.8563049853372       2.284987424997684E-004
   10.8739002932551       2.304494236533911E-004
   10.8914956011730       2.342990574614503E-004
   10.9090909090909       2.361103751268601E-004
   10.9266862170088       2.397301745218436E-004
   10.9442815249267       2.412052346180636E-004
   10.9618768328446       2.444001158623561E-004
   10.9794721407625       2.453624578341071E-004
   10.9970674486804       2.479941274252324E-004
   11.0146627565982       2.484054656536799E-004
   11.0322580645161       2.506315832092764E-004
   11.0498533724340       2.507853053814707E-004
   11.0674486803519       2.528321718812574E-004
   11.0850439882698       2.528186346238443E-004
   11.1026392961877       2.546794898215897E-004
   11.1202346041056       2.544237860101366E-004
   11.1378299120235       2.559679430368028E-004
   11.1554252199413       2.552944295745428E-004
   11.1730205278592       2.563081962780325E-004
   11.1906158357771       2.549748418299115E-004
   11.2082111436950       2.552055293365447E-004
   11.2258064516129       2.530622555094129E-004
   11.2434017595308       2.526173299427052E-004
   11.2609970674487       2.499745860313872E-004
   11.2785923753666       2.491656667217925E-004
   11.2961876832845       2.462594125460440E-004
   11.3137829912023       2.452538461150737E-004
   11.3313782991202       2.421875921570376E-004
   11.3489736070381       2.410240542556752E-004
   11.3665689149560       2.377709776862751E-004
   11.3841642228739       2.363500660162233E-004
   11.4017595307918       2.327265157067963E-004
   11.4193548387097       2.307775646097114E-004
   11.4369501466276       2.265476124411216E-004
   11.4545454545455       2.240375117915253E-004
   11.4721407624633       2.193400350666418E-004
   11.4897360703812       2.164466380834343E-004
   11.5073313782991       2.114498167001479E-004
   11.5249266862170       2.083153886081806E-004
   11.5425219941349       2.031249128197807E-004
   11.5601173020528       1.998056618508435E-004
   11.5777126099707       1.944135048243708E-004
   11.5953079178886       1.908125234258725E-004
   11.6129032258065       1.849768551966465E-004
   11.6304985337243       1.806964039365572E-004
   11.6480938416422       1.740706176357078E-004
   11.6656891495601       1.690091114243966E-004
   11.6832844574780       1.616883789399538E-004
   11.7008797653959       1.560298629126505E-004
   11.7184750733138       1.482465153011367E-004
   11.7360703812317       1.422488219742619E-004
   11.7536656891496       1.342708835246619E-004
   11.7712609970675       1.281929806425449E-004
   11.7888563049853       1.202506113190806E-004
   11.8064516129032       1.142441711165340E-004
   11.8240469208211       1.062831310548842E-004
   11.8416422287390       1.000206774382283E-004
   11.8592375366569       9.165044986219860E-005
   11.8768328445748       8.490221652479369E-005
   11.8944281524927       7.605830225919983E-005
   11.9120234604106       6.887080081316029E-005
   11.9296187683284       5.969234406684316E-005
   11.9472140762463       5.228193001729127E-005
   11.9648093841642       4.305589854500183E-005
   11.9824046920821       3.577095410606328E-005
   12.0000000000000       2.690176790980867E-005
   12.0175953079179       2.014117423954925E-005
   12.0351906158358       1.178179872338991E-005
   12.0527859237537       5.287151874187490E-006
   12.0703812316716      -3.014198666182300E-006
   12.0879765395894      -9.656409775036067E-006
   12.1055718475073      -1.823467809784640E-005
   12.1231671554252      -2.528494119697240E-005
   12.1407624633431      -3.432400819249073E-005
   12.1583577712610      -4.188947375434593E-005
   12.1759530791789      -5.141387208520077E-005
   12.1935483870968      -5.943185522835524E-005
   12.2111436950147      -6.927836836277951E-005
   12.2287390029326      -7.754232494306156E-005
   12.2463343108504      -8.760207486392741E-005
   12.2639296187683      -9.613560750452085E-005
   12.2815249266862      -1.064524121670372E-004
   12.2991202346041      -1.152446784083510E-004
   12.3167155425220      -1.257322190688647E-004
   12.3343108504399      -1.346109219117352E-004
   12.3519061583578      -1.449962919306694E-004
   12.3695014662757      -1.535747999471111E-004
   12.3870967741935      -1.633364082574654E-004
   12.4046920821114      -1.709263370425980E-004
   12.4222873900293      -1.793363567584381E-004
   12.4398826979472      -1.857192357310521E-004
   12.4574780058651      -1.934046962030074E-004
   12.4750733137830      -1.996263070600750E-004
   12.4926686217009      -2.075962811960103E-004
   12.5102639296188      -2.145238078768671E-004
   12.5278592375367      -2.234547401720771E-004
   12.5454545454545      -2.315198547918632E-004
   12.5630498533724      -2.415315724714515E-004
   12.5806451612903      -2.504399627733699E-004
   12.5982404692082      -2.606542334699137E-004
   12.6158357771261      -2.686489490087619E-004
   12.6334310850440      -2.770405947200049E-004
   12.6510263929619      -2.837404028211882E-004
   12.6686217008798      -2.921573252662610E-004
   12.6862170087977      -3.005187347525324E-004
   12.7038123167155      -3.122401472242656E-004
   12.7214076246334      -3.255806001479358E-004
   12.7390029325513      -3.437199613283427E-004
   12.7565982404692      -3.646923587056225E-004
   12.7741935483871      -3.910318970249317E-004
   12.7917888563050      -4.199403601273971E-004
   12.8093841642229      -4.513897385862708E-004
   12.8269794721408      -4.771613149736661E-004
   12.8445747800587      -4.946708807286667E-004
   12.8621700879765      -4.993318110433648E-004
   12.8797653958944      -4.925244295922916E-004
   12.8973607038123      -4.725453857439845E-004
   12.9149560117302      -4.433797616103585E-004
   12.9325513196481      -4.060225512347479E-004
   12.9501466275660      -3.673068613612282E-004
   12.9677419354839      -3.316303000069246E-004
   12.9853372434018      -3.100932794631470E-004
   13.0029325513196      -3.139217283055563E-004
   13.0205278592375      -3.630240060304106E-004
   13.0381231671554      -4.628935741184708E-004
   13.0557184750733      -6.124339022725680E-004
   13.0733137829912      -8.044222060892748E-004
   13.0909090909091      -1.031760562838624E-003
   13.1085043988270      -1.282574717387760E-003
   13.1260997067449      -1.545930877064204E-003
   13.1436950146628      -1.806403167320359E-003
   13.1612903225806      -2.049563495603748E-003
   13.1788856304985      -2.256242669093834E-003
   13.1964809384164      -2.407612962459812E-003
   13.2140762463343      -2.480144420706845E-003
   13.2316715542522      -2.471241024484554E-003
   13.2492668621701      -2.389565135941024E-003
   13.2668621700880      -2.247527253741322E-003
   13.2844574780059      -2.056653384962269E-003
   13.3020527859238      -1.830514983455866E-003
   13.3196480938416      -1.581370887233916E-003
   13.3372434017595      -1.322939402206208E-003
   13.3548387096774      -1.067487054328146E-003
   13.3724340175953      -8.281545795976482E-004
   13.3900293255132      -6.163943063820519E-004
   13.4076246334311      -4.426414269483493E-004
   13.4252199413490      -3.058620607212648E-004
   13.4428152492669      -1.979140367373556E-004
   13.4604105571848      -1.120992118368813E-004
   13.4780058651026      -4.342833784485350E-005
   13.4956011730205       1.241484863196529E-005
   13.5131964809384       5.857618236081414E-005
   13.5307917888563       9.755050732428036E-005
   13.5483870967742       1.309009561512772E-004
   13.5659824046921       1.592829256526297E-004
   13.5835777126100       1.823838055771087E-004
   13.6011730205279       1.981482532476125E-004
   13.6187683284457       2.026735133125478E-004
   13.6363636363636       1.937038307172568E-004
   13.6539589442815       1.728864320608413E-004
   13.6715542521994       1.415858494777429E-004
   13.6891495601173       1.030183614691593E-004
   13.7067448680352       5.934560849116042E-005
   13.7243401759531       1.449998149367759E-005
   13.7419354838710      -2.906769640121216E-005
   13.7595307917889      -6.701415942404767E-005
   13.7771260997067      -9.690602103476812E-005
   13.7947214076246      -1.142941235051516E-004
   13.8123167155425      -1.179965088603629E-004
   13.8299120234604      -1.100873307836541E-004
   13.8475073313783      -9.724899994081919E-005
   13.8651026392962      -8.285673981653583E-005
   13.8826979472141      -7.250142092726996E-005
   13.9002932551320      -6.839825912854919E-005
   13.9178885630499      -7.532166883635295E-005
   13.9354838709677      -9.431992234009479E-005
   13.9530791788856      -1.292001525231889E-004
   13.9706744868035      -1.794816111712485E-004
   13.9882697947214      -2.473585299281051E-004
   14.0058651026393      -3.289530103023389E-004
   14.0234604105572      -4.185507848371944E-004
   14.0410557184751      -5.039818737916986E-004
   14.0586510263930      -5.806532047472050E-004
   14.0762463343109      -6.406786149488160E-004
   14.0938416422287      -6.823169617966064E-004
   14.1114369501466      -6.998633797656899E-004
   14.1290322580645      -6.937858000010160E-004
   14.1466275659824      -6.603608730521136E-004
   14.1642228739003      -6.024532607680959E-004
   14.1818181818182      -5.189907448194247E-004
   14.1994134897361      -4.167668182621329E-004
   14.2170087976540      -3.023939499315601E-004
   14.2346041055718      -1.915673922383520E-004
   14.2521994134897      -8.843392269840076E-005
   14.2697947214076      -1.866745842371259E-006
   14.2873900293255       6.829498969558508E-005
   14.3049853372434       1.160550625957620E-004
   14.3225806451613       1.442517138427901E-004
   14.3401759530792       1.491325188770108E-004
   14.3577712609971       1.361060330328603E-004
   14.3753665689150       1.040132057873233E-004
   14.3929618768328       6.172573487873588E-005
   14.4105571847507       1.377340086210772E-005
   14.4281524926686      -2.503798273812574E-005
   14.4457478005865      -5.440980676863257E-005
   14.4633431085044      -6.816099012738823E-005
   14.4809384164223      -7.117937847551412E-005
   14.4985337243402      -5.986586959707904E-005
   14.5161290322581      -4.162981210622635E-005
   14.5337243401760      -1.461563220153403E-005
   14.5513196480938       1.163259794459227E-005
   14.5689149560117       3.725081509417033E-005
   14.5865102639296       5.022693946909183E-005
   14.6041055718475       4.777262687928281E-005
   14.6217008797654       1.614510590655207E-005
   14.6392961876833      -3.861032212120095E-005
   14.6568914956012      -1.184639407533673E-004
   14.6744868035191      -2.126297455398344E-004
   14.6920821114370      -3.217031306951261E-004
   14.7096774193548      -4.334331345034000E-004
   14.7272727272727      -5.478232655775200E-004
   14.7448680351906      -6.516188596078130E-004
   14.7624633431085      -7.444702277103254E-004
   14.7800586510264      -8.122636146777913E-004
   14.7976539589443      -8.543439357028755E-004
   14.8152492668622      -8.571596983544617E-004
   14.8328445747801      -8.305545233993001E-004
   14.8504398826979      -7.734115775780453E-004
   14.8680351906158      -6.994201687979769E-004
   14.8856304985337      -6.071118399759093E-004
   14.9032258064516      -5.103035796524966E-004
   14.9208211143695      -4.070461102997215E-004
   14.9384164222874      -3.112096665874522E-004
   14.9560117302053      -2.202803354682200E-004
   14.9736070381232      -1.480680402964610E-004
   14.9912023460411      -9.131423966856147E-005
   15.0087976539589      -6.305898704500718E-005
   15.0263929618768      -5.342226728217733E-005
   15.0439882697947      -6.596467900975486E-005
   15.0615835777126      -8.662760924074861E-005
   15.0791788856305      -1.199713386079636E-004
   15.0967741935484      -1.521262738089885E-004
   15.1143695014663      -1.883972384580617E-004
   15.1319648093842      -2.149627405100470E-004
   15.1495601173021      -2.378269809918413E-004
   15.1671554252199      -2.432338543483757E-004
   15.1847507331378      -2.380019546193620E-004
   15.2023460410557      -2.087460278059591E-004
   15.2199413489736      -1.656605245973327E-004
   15.2375366568915      -1.022428827082511E-004
   15.2551319648094      -3.349825425845210E-005
   15.2727272727273       4.780801063144904E-005
   15.2903225806452       1.269241940493953E-004
   15.3079178885631       2.119175206556563E-004
   15.3255131964809       2.880537088029179E-004
   15.3431085043988       3.641192814747010E-004
   15.3607038123167       4.253394786690036E-004
   15.3782991202346       4.812069029905692E-004
   15.3958944281525       5.169106580445666E-004
   15.4134897360704       5.429024753264523E-004
   15.4310850439883       5.460697573734085E-004
   15.4486803519062       5.397713210585980E-004
   15.4662756598240       5.115082269330581E-004
   15.4838709677419       4.754098136200085E-004
   15.5014662756598       4.190305346907990E-004
   15.5190615835777       3.574633334654750E-004
   15.5366568914956       2.785451937994419E-004
   15.5542521994135       1.986704971935479E-004
   15.5718475073314       1.064875963223785E-004
   15.5894428152493       2.055416793718306E-005
   15.6070381231672      -6.729850483019935E-005
   15.6246334310850      -1.320735762845068E-004
   15.6422287390029      -1.818965290535155E-004
   15.6598240469208      -1.984003441592382E-004
   15.6774193548387      -1.961180532139258E-004
   15.6950146627566      -1.598094421228584E-004
   15.7126099706745      -1.077514358168005E-004
   15.7302052785924      -2.720202268990266E-005
   15.7478005865103       5.986057758080826E-005
   15.7653958944282       1.632386844706060E-004
   15.7829912023460       2.560529906586287E-004
   15.8005865102639       3.425053229731520E-004
   15.8181818181818       3.860537752027609E-004
   15.8357771260997       3.947661681808829E-004
   15.8533724340176       3.515777019975222E-004
   15.8709677419355       2.784445579805550E-004
   15.8885630498534       1.635423246181256E-004
   15.9061583577713       3.365568574932043E-005
   15.9237536656892      -1.203026809417586E-004
   15.9413489736070      -2.679318003324057E-004
   15.9589442815249      -4.161216256272861E-004
   15.9765395894428      -5.309704866053699E-004
   15.9941348973607      -6.168680656116943E-004
   16.0117302052786      -6.361981103624935E-004
   16.0293255131965      -6.077307928829124E-004
   16.0469208211144      -5.216375987544088E-004
   16.0645161290323      -4.114453023477458E-004
   16.0821114369501      -2.679905879392456E-004
   16.0997067448680      -1.254113133589272E-004
   16.1173020527859       2.657064870548906E-005
   16.1348973607038       1.540185358504629E-004
   16.1524926686217       2.691359637020635E-004
   16.1700879765396       3.391205368625061E-004
   16.1876832844575       3.794929164204899E-004
   16.2052785923754       3.619188382334816E-004
   16.2228739002933       3.189945740076855E-004
   16.2404692082111       2.435936467282130E-004
   16.2580645161290       1.727490919924772E-004
   16.2756598240469       9.097893117017189E-005
   16.2932551319648       3.115990752500930E-005
   16.3108504398827      -2.719680758778570E-005
   16.3284457478006      -5.405428577229353E-005
   16.3460410557185      -7.442236844529393E-005
   16.3636363636364      -6.120549380155848E-005
   16.3812316715543      -4.481776427497697E-005
   16.3988269794721      -3.114651718527893E-006
   16.4164222873900       2.213105549381606E-005
   16.4340175953079       4.677482722987922E-005
   16.4516129032258       3.693916500270108E-005
   16.4692082111437       2.033381301608318E-005
   16.4868035190616      -3.244723948009078E-005
   16.5043988269795      -8.906727885679880E-005
   16.5219941348974      -1.770759203631845E-004
   16.5395894428153      -2.606001880253806E-004
   16.5571847507331      -3.658387529397331E-004
   16.5747800586510      -4.533799160285675E-004
   16.5923753665689      -5.476876821310653E-004
   16.6099706744868      -6.041472403807268E-004
   16.6275659824047      -6.497342387371384E-004
   16.6451612903226      -6.511581218979760E-004
   16.6627565982405      -6.470979731047906E-004
   16.6803519061584      -6.063678698111738E-004
   16.6979472140762      -5.703251522992881E-004
   16.7155425219941      -5.077294629840433E-004
   16.7331378299120      -4.620140904449948E-004
   16.7507331378299      -4.014246785996325E-004
   16.7683284457478      -3.713140890138370E-004
   16.7859237536657      -3.392262995357611E-004
   16.8035190615836      -3.524657781579890E-004
   16.8211143695015      -3.738591360892780E-004
   16.8387096774194      -4.395630503463281E-004
   16.8563049853372      -5.007998926434609E-004
   16.8739002932551      -5.941333948172795E-004
   16.8914956011730      -6.695435750619479E-004
   16.9090909090909      -7.655257704047509E-004
   16.9266862170088      -8.308536638876685E-004
   16.9442815249267      -9.062014819723386E-004
   16.9618768328446      -9.392227653085558E-004
   16.9794721407625      -9.732009592994984E-004
   16.9970674486804      -9.551026929336852E-004
   17.0146627565982      -9.334119129118710E-004
   17.0322580645161      -8.623976015715664E-004
   17.0498533724340      -7.994186194529274E-004
   17.0674486803519      -6.961469270893271E-004
   17.0850439882698      -6.103860293742256E-004
   17.1026392961877      -4.904265038762211E-004
   17.1202346041056      -3.954330775119614E-004
   17.1378299120235      -2.704540020727904E-004
   17.1554252199413      -1.763176640616268E-004
   17.1730205278592      -5.464821958446186E-005
   17.1906158357771       3.199357774046474E-005
   17.2082111436950       1.461592248450603E-004
   17.2258064516129       2.239801704657991E-004
   17.2434017595308       3.308086423650537E-004
   17.2609970674487       3.980731220918784E-004
   17.2785923753666       4.935671811095148E-004
   17.2961876832845       5.450293302683904E-004
   17.3137829912023       6.237173736633470E-004
   17.3313782991202       6.536321978109934E-004
   17.3489736070381       7.100916334887999E-004
   17.3665689149560       7.132052871161298E-004
   17.3841642228739       7.430880340383481E-004
   17.4017595307918       7.161299511844573E-004
   17.4193548387097       7.204527788611323E-004
   17.4369501466276       6.733556795096428E-004
   17.4545454545455       6.705040918946710E-004
   17.4721407624633       6.215962069153864E-004
   17.4897360703812       6.268277596322215E-004
   17.5073313782991       5.880698043578147E-004
   17.5249266862170       6.111754101328985E-004
   17.5425219941349       5.892903406879307E-004
   17.5601173020528       6.347237205595062E-004
   17.5777126099707       6.302413775547594E-004
   17.5953079178886       6.948767632491574E-004
   17.6129032258065       6.963392989364489E-004
   17.6304985337243       7.571803149456672E-004
   17.6480938416422       7.337191257128936E-004
   17.6656891495601       7.670627847344337E-004
   17.6832844574780       7.036711391974024E-004
   17.7008797653959       7.027187388296648E-004
   17.7184750733138       5.958989758435581E-004
   17.7360703812317       5.634699437835796E-004
   17.7536656891496       4.179398880471661E-004
   17.7712609970675       3.659061050310353E-004
   17.7888563049853       1.952340207318510E-004
   17.8064516129032       1.484014245241204E-004
   17.8240469208211      -1.765876954551205E-005
   17.8416422287390      -1.927584280103311E-005
   17.8592375366569      -1.595166404169511E-004
   17.8768328445748      -9.858252410599481E-005
   17.8944281524927      -2.206632692704106E-004
   17.9120234604106      -9.162477704450683E-005
   17.9296187683284      -2.315071116735056E-004
   17.9472140762463      -3.432342157720427E-005
   17.9648093841642      -3.086332036243807E-004
   17.9824046920821      -4.570537718945852E-005
   18.0000000000000      -1.257031286625628E-003
