  0.000000000000000E+000  2.415755019883476E-002
  1.759530791788856E-002  1.546694042082768E-002
  3.519061583577713E-002  1.493470624724050E-002
  5.278592375366570E-002  1.183775972249754E-002
  7.038123167155426E-002  1.142487019701272E-002
  8.797653958944282E-002  9.485924833103858E-003
  0.105571847507331       9.138434066785215E-003
  0.123167155425220       7.712063430984799E-003
  0.140762463343109       7.410647246468459E-003
  0.158357771260997       6.280581469047351E-003
  0.175953079178886       6.017992706769949E-003
  0.193548387096774       5.087900514624591E-003
  0.211143695014663       4.863681910791004E-003
  0.228739002932551       4.086284449752853E-003
  0.246334310850440       3.904424608731634E-003
  0.263929618768328       3.253017297077852E-003
  0.281524926686217       3.115572943858275E-003
  0.299120234604106       2.572359936325375E-003
  0.316715542521994       2.480622784680573E-003
  0.334310850439883       2.033458445195619E-003
  0.351906158357771       1.988321142864936E-003
  0.369501466275660       1.628438869038253E-003
  0.387096774193548       1.630341560628429E-003
  0.404692082111437       1.350859418662254E-003
  0.422287390029326       1.399088298927298E-003
  0.439882697947214       1.192379035380060E-003
  0.457478005865103       1.283216556150927E-003
  0.475073313782991       1.141133681761489E-003
  0.492668621700880       1.270728358497436E-003
  0.510263929618768       1.186220013478828E-003
  0.527859237536657       1.350816515076956E-003
  0.545454545454546       1.317460870075207E-003
  0.563049853372434       1.513225528138238E-003
  0.580645161290323       1.524931369320127E-003
  0.598240469208211       1.747793617490344E-003
  0.615835777126100       1.798476062162864E-003
  0.633431085043988       2.044091612196259E-003
  0.651026392961877       2.128341703319029E-003
  0.668621700879765       2.393380930760472E-003
  0.686217008797654       2.506874877906482E-003
  0.703812316715543       2.788373940453749E-003
  0.721407624633431       2.927086554686530E-003
  0.739002932551320       3.222096259296650E-003
  0.756598240469208       3.382095847848656E-003
  0.774193548387097       3.687535835222891E-003
  0.791788856304985       3.864791658593151E-003
  0.809384164222874       4.177159577869541E-003
  0.826979472140763       4.366598681391141E-003
  0.844574780058651       4.680173505680583E-003
  0.862170087976540       4.874675531766152E-003
  0.879765395894428       5.183066743390969E-003
  0.897360703812317       5.375971887830592E-003
  0.914956011730205       5.673246167883545E-003
  0.932551319648094       5.858257472122088E-003
  0.950146627565982       6.138695296909202E-003
  0.967741935483871       6.309711799380804E-003
  0.985337243401760       6.567666882965694E-003
   1.00293255131965       6.718604644848896E-003
   1.02052785923754       6.948500917213900E-003
   1.03812316715543       7.074565094076996E-003
   1.05571847507331       7.273988655219478E-003
   1.07331378299120       7.373839392368081E-003
   1.09090909090909       7.542249194842292E-003
   1.10850439882698       7.615323149919652E-003
   1.12609970674487       7.752679174975250E-003
   1.14369501466276       7.798895116842792E-003
   1.16129032258065       7.905602013102945E-003
   1.17888563049853       7.925364769648920E-003
   1.19648093841642       8.002345783628061E-003
   1.21407624633431       7.996755931500080E-003
   1.23167155425220       8.045761738794951E-003
   1.24926686217009       8.016381987603773E-003
   1.26686217008798       8.038771577388908E-003
   1.28445747800587       7.986440505752550E-003
   1.30205278592375       7.983093451193702E-003
   1.31964809384164       7.908448358073599E-003
   1.33724340175953       7.880136339126334E-003
   1.35483870967742       7.783775672083892E-003
   1.37243401759531       7.731260049742715E-003
   1.39002932551320       7.613820857004088E-003
   1.40762463343109       7.537951615143056E-003
   1.42521994134897       7.400557913470761E-003
   1.44281524926686       7.303584632463165E-003
   1.46041055718475       7.149271135309007E-003
   1.47800586510264       7.034603081442680E-003
   1.49560117302053       6.866591952853247E-003
   1.51319648093842       6.737512806956942E-003
   1.53079178885631       6.558927688309119E-003
   1.54838709677419       6.418624739372427E-003
   1.56598240469208       6.232496459404271E-003
   1.58357771260997       6.084036654972000E-003
   1.60117302052786       5.893227113025459E-003
   1.61876832844575       5.739145406969843E-003
   1.63636363636364       5.544769304360091E-003
   1.65395894428153       5.384669273549795E-003
   1.67155425219941       5.185694534597319E-003
   1.68914956011730       5.018855569398622E-003
   1.70674486803519       4.814752883297835E-003
   1.72434017595308       4.640983096032925E-003
   1.74193548387097       4.431751407741723E-003
   1.75953079178886       4.251426741106746E-003
   1.77712609970675       4.037739726958911E-003
   1.79472140762463       3.852096310914475E-003
   1.81231671554252       3.636052333319367E-003
   1.82991202346041       3.449377266560138E-003
   1.84750733137830       3.237529482706608E-003
   1.86510263929619       3.056927195084555E-003
   1.88269794721408       2.855429286409300E-003
   1.90029325513196       2.686279076078394E-003
   1.91788856304985       2.499843558021284E-003
   1.93548387096774       2.346384331945640E-003
   1.95307917888563       2.178686941436816E-003
   1.97067448680352       2.044125532939266E-003
   1.98826979472141       1.897728318852328E-003
   2.00586510263930       1.783855737790063E-003
   2.02346041055718       1.658738922042363E-003
   2.04105571847507       1.562898328053489E-003
   2.05865102639296       1.454776785048342E-003
   2.07624633431085       1.373079529111920E-003
   2.09384164222874       1.278781995605323E-003
   2.11143695014663       1.208599479510052E-003
   2.12903225806452       1.125851780249148E-003
   2.14662756598241       1.065307477177679E-003
   2.16422287390029       9.925383262762511E-004
   2.18181818181818       9.404862574666857E-004
   2.19941348973607       8.769906866106421E-004
   2.21700879765396       8.336161629250126E-004
   2.23460410557185       7.808202566211888E-004
   2.25219941348974       7.482099315478664E-004
   2.26979472140762       7.075916881710542E-004
   2.28739002932551       6.864686834548705E-004
   2.30498533724340       6.581793507163409E-004
   2.32258064516129       6.483069557499409E-004
   2.34017595307918       6.316878610045549E-004
   2.35777126099707       6.320547888478736E-004
   2.37536656891496       6.256335940392398E-004
   2.39296187683284       6.342898160803493E-004
   2.41055718475073       6.352808000492480E-004
   2.42815249266862       6.482482225897601E-004
   2.44574780058651       6.519713339796779E-004
   2.46334310850440       6.652684646148899E-004
   2.48093841642229       6.687886941342129E-004
   2.49853372434018       6.801995852865140E-004
   2.51612903225806       6.817258424942726E-004
   2.53372434017595       6.898674220532540E-004
   2.55131964809384       6.883305825589100E-004
   2.56891495601173       6.925013095079722E-004
   2.58651026392962       6.875395534524201E-004
   2.60410557184751       6.878824010459247E-004
   2.62170087976540       6.804014759440647E-004
   2.63929618768328       6.787169625696737E-004
   2.65689149560117       6.706140620478284E-004
   2.67448680351906       6.682578048050887E-004
   2.69208211143695       6.603685300355395E-004
   2.70967741935484       6.579025914416847E-004
   2.72727272727273       6.505278654295374E-004
   2.74486803519062       6.480692052255744E-004
   2.76246334310850       6.410977663683292E-004
   2.78005865102639       6.383354835068910E-004
   2.79765395894428       6.311599645780788E-004
   2.81524926686217       6.270431398889789E-004
   2.83284457478006       6.178363494511816E-004
   2.85043988269795       6.100922356556832E-004
   2.86803519061584       5.967875994867966E-004
   2.88563049853372       5.837984368431671E-004
   2.90322580645161       5.650421705139608E-004
   2.92082111436950       5.456798296720961E-004
   2.93841642228739       5.204944576128308E-004
   2.95601173020528       4.939574557778852E-004
   2.97360703812317       4.616727590403026E-004
   2.99120234604106       4.274683316360938E-004
   3.00879765395894       3.877752149774948E-004
   3.02639296187683       3.460665105232108E-004
   3.04398826979472       2.998364003835787E-004
   3.06158357771261       2.520295768659803E-004
   3.07917888563050       2.007412894412091E-004
   3.09677419354839       1.483061856431229E-004
   3.11436950146628       9.342523113639817E-005
   3.13196480938416       3.788121710390863E-005
   3.14956011730205      -1.903321729737259E-005
   3.16715542521994      -7.602944367901279E-005
   3.18475073313783      -1.332238032446891E-004
   3.20234604105572      -1.897205066175816E-004
   3.21994134897361      -2.449630304865066E-004
   3.23753665689150      -2.985546091874447E-004
   3.25513196480938      -3.498199037505655E-004
   3.27272727272727      -3.990506208575325E-004
   3.29032258064516      -4.452695767714261E-004
   3.30791788856305      -4.892759411904096E-004
   3.32551319648094      -5.297799438764302E-004
   3.34310850439883      -5.680381821645852E-004
   3.36070381231672      -6.024756037184076E-004
   3.37829912023460      -6.347872671769206E-004
   3.39589442815249      -6.631730547854762E-004
   3.41348973607038      -6.898475178005674E-004
   3.43108504398827      -7.129277716429583E-004
   3.44868035190616      -7.348449514203841E-004
   3.46627565982405      -7.532243866268375E-004
   3.48387096774194      -7.706276066950564E-004
   3.50146627565982      -7.843497298107360E-004
   3.51906158357771      -7.971154737452153E-004
   3.53665689149560      -8.059356180708850E-004
   3.55425219941349      -8.136746974180629E-004
   3.57184750733138      -8.170758459393381E-004
   3.58944281524927      -8.190915057511986E-004
   3.60703812316716      -8.161408635808978E-004
   3.62463343108504      -8.111423258913983E-004
   3.64222873900293      -8.004627376202018E-004
   3.65982404692082      -7.874612757226698E-004
   3.67741935483871      -7.685838711244778E-004
   3.69501466275660      -7.473932355437604E-004
   3.71260997067449      -7.203286381219770E-004
   3.73020527859238      -6.911000890942987E-004
   3.74780058651026      -6.561473000994338E-004
   3.76539589442815      -6.192996120721371E-004
   3.78299120234604      -5.770266083527611E-004
   3.80058651026393      -5.332777098620427E-004
   3.81818181818182      -4.846547794546308E-004
   3.83577712609971      -4.352537161248901E-004
   3.85337243401760      -3.816360011466162E-004
   3.87096774193548      -3.277932063641918E-004
   3.88856304985337      -2.702742200452165E-004
   3.90615835777126      -2.130147332294174E-004
   3.92375366568915      -1.526012553023879E-004
   3.94134897360704      -9.290936560508733E-005
   3.95894428152493      -3.059575549260962E-005
   3.97653958944282       3.053285436791863E-005
   3.99413489736070       9.371528077347923E-005
   4.01173020527859       1.552048627787040E-004
   4.02932551319648       2.181223051755310E-004
   4.04692082111437       2.789258076578034E-004
   4.06451612903226       3.407006990779873E-004
   4.08211143695015       4.000872674505130E-004
   4.09970674486804       4.600501672141495E-004
   4.11730205278592       5.174098737218378E-004
   4.13489736070381       5.749842945461459E-004
   4.15249266862170       6.297900621686681E-004
   4.17008797653959       6.844805083664641E-004
   4.18768328445748       7.362918814235338E-004
   4.20527859237537       7.877132333540597E-004
   4.22287390029326       8.362880409280554E-004
   4.24046920821114       8.843833807174209E-004
   4.25806451612903       9.297680418783820E-004
   4.27565982404692       9.745190875614381E-004
   4.29325513196481       1.016622662252342E-003
   4.31085043988270       1.057871757485273E-003
   4.32844574780059       1.096493414660735E-003
   4.34604105571848       1.133980646104287E-003
   4.36363636363636       1.168814295033677E-003
   4.38123167155425       1.202160615614050E-003
   4.39882697947214       1.232749307670308E-003
   4.41642228739003       1.261352582608545E-003
   4.43401759530792       1.286995768870825E-003
   4.45161290322581       1.310269244635884E-003
   4.46920821114370       1.330651619385636E-003
   4.48680351906158       1.348453865502943E-003
   4.50439882697947       1.363540908000963E-003
   4.52199413489736       1.375904057042849E-003
   4.53958944281525       1.385798749030166E-003
   4.55718475073314       1.392877780007922E-003
   4.57478005865103       1.397802512197273E-003
   4.59237536656892       1.399878882095155E-003
   4.60997067448680       1.400217590846170E-003
   4.62756598240469       1.397855895963943E-003
   4.64516129032258       1.394402547108479E-003
   4.66275659824047       1.388470147342797E-003
   4.68035190615836       1.382046506484029E-003
   4.69794721407625       1.373302253290330E-003
   4.71554252199414       1.364640771301055E-003
   4.73313782991202       1.353785876276548E-003
   4.75073313782991       1.343574748036743E-003
   4.76832844574780       1.331274371312266E-003
   4.78592375366569       1.320170401523016E-003
   4.80351906158358       1.307061673553150E-003
   4.82111436950147       1.295706421355286E-003
   4.83870967741935       1.282457281469108E-003
   4.85630498533724       1.271571922660231E-003
   4.87390029325513       1.258912114240342E-003
   4.89149560117302       1.249219247118422E-003
   4.90909090909091       1.237848036897187E-003
   4.92668621700880       1.230033176249482E-003
   4.94428152492669       1.220607587129115E-003
   4.96187683284458       1.215306095986030E-003
   4.97947214076246       1.208420476541297E-003
   4.99706744868035       1.206182974698639E-003
   5.01466275659824       1.202267561751131E-003
   5.03225806451613       1.203186375550059E-003
   5.04985337243402       1.201869958044533E-003
   5.06744868035191       1.205382547699627E-003
   5.08504398826980       1.206145633405337E-003
   5.10263929618768       1.211809771119204E-003
   5.12023460410557       1.214257858422666E-003
   5.13782991202346       1.221728719275568E-003
   5.15542521994135       1.225553367965576E-003
   5.17302052785924       1.234568239507975E-003
   5.19061583577713       1.239546071895501E-003
   5.20821114369502       1.249947222997143E-003
   5.22580645161290       1.256063146300854E-003
   5.24340175953079       1.268078172797586E-003
   5.26099706744868       1.275712013051767E-003
   5.27859237536657       1.289726935881786E-003
   5.29618768328446       1.299219813857415E-003
   5.31378299120235       1.315552564579853E-003
   5.33137829912024       1.327194717981629E-003
   5.34897360703812       1.346116924249216E-003
   5.36656891495601       1.360151172641311E-003
   5.38416422287390       1.381879339680907E-003
   5.40175953079179       1.398474466526170E-003
   5.41935483870968       1.423037919429683E-003
   5.43695014662757       1.441812488255383E-003
   5.45454545454546       1.468359288326306E-003
   5.47214076246334       1.488289459057122E-003
   5.48973607038123       1.515841807661736E-003
   5.50733137829912       1.535992763916330E-003
   5.52492668621701       1.563654130859862E-003
   5.54252199413490       1.583153372274616E-003
   5.56011730205279       1.610077224626469E-003
   5.57771260997067       1.628092369430550E-003
   5.59530791788856       1.653461155095356E-003
   5.61290322580645       1.669166594237701E-003
   5.63049853372434       1.692117305780690E-003
   5.64809384164223       1.704609564336905E-003
   5.66568914956012       1.724266206297662E-003
   5.68328445747801       1.732727689394440E-003
   5.70087976539589       1.748331481799818E-003
   5.71847507331378       1.752049815616513E-003
   5.73607038123167       1.762939128442047E-003
   5.75366568914956       1.761299096781420E-003
   5.77126099706745       1.766914105436663E-003
   5.78885630498534       1.759413030671051E-003
   5.80645161290323       1.759333365289251E-003
   5.82404692082111       1.745691407253548E-003
   5.84164222873900       1.739823607486547E-003
   5.85923753665689       1.720034879504123E-003
   5.87683284457478       1.708349755315760E-003
   5.89442815249267       1.682348773406050E-003
   5.91202346041056       1.664773060665291E-003
   5.92961876832845       1.632484713548165E-003
   5.94721407624634       1.608953098880065E-003
   5.96480938416422       1.570323500853171E-003
   5.98240469208211       1.540803375647944E-003
   6.00000000000000       1.495824901054522E-003
   6.01759530791789       1.460346899177023E-003
   6.03519061583578       1.409067990263465E-003
   6.05278592375367       1.367653707349713E-003
   6.07038123167156       1.310056721783078E-003
   6.08797653958944       1.262684442080579E-003
   6.10557184750733       1.198761136532384E-003
   6.12316715542522       1.145448223395702E-003
   6.14076246334311       1.075247581385581E-003
   6.15835777126100       1.016086713311074E-003
   6.17595307917889       9.397566074936387E-004
   6.19354838709677       8.749732778234472E-004
   6.21114369501466       7.928800254192741E-004
   6.22873900293255       7.232028209130365E-004
   6.24633431085044       6.365602979857084E-004
   6.26392961876833       5.634239786040103E-004
   6.28152492668622       4.736008807701692E-004
   6.29912023460411       3.982831042067518E-004
   6.31671554252199       3.065066399151217E-004
   6.33431085043988       2.302063276074690E-004
   6.35190615835777       1.376626254780977E-004
   6.36950146627566       6.157095664721335E-005
   6.38709677419355      -3.052454113681957E-005
   6.40469208211144      -1.051262091264549E-004
   6.42228739002933      -1.953588843599622E-004
   6.43988269794721      -2.669699279832713E-004
   6.45747800586510      -3.539782163450952E-004
   6.47507331378299      -4.214840625383681E-004
   6.49266862170088      -5.043226260384528E-004
   6.51026392961877      -5.668847183047794E-004
   6.52785923753666      -6.448005922762194E-004
   6.54545454545455      -7.017365947492735E-004
   6.56304985337243      -7.741087995159850E-004
   6.58064516129032      -8.248499546647494E-004
   6.59824046920821      -8.911525438177155E-004
   6.61583577712610      -9.352012627566721E-004
   6.63343108504399      -9.949765934008810E-004
   6.65102639296188      -1.031975770529020E-003
   6.66862170087977      -1.084995476639840E-003
   6.68621700879765      -1.114816970970134E-003
   6.70381231671554      -1.161029128525822E-003
   6.72140762463343      -1.183691476776264E-003
   6.73900293255132      -1.223181868369254E-003
   6.75659824046921      -1.238838821790827E-003
   6.77419354838710      -1.271829860388864E-003
   6.79178885630499      -1.280777773047617E-003
   6.80938416422287      -1.307648672488715E-003
   6.82697947214076      -1.310304241026025E-003
   6.84457478005865      -1.331365508706861E-003
   6.86217008797654      -1.327879021099877E-003
   6.87976539589443      -1.343219658417132E-003
   6.89736070381232      -1.333703002950840E-003
   6.91495601173021      -1.343473508819033E-003
   6.93255131964809      -1.328125965791785E-003
   6.95014662756598      -1.332580346472367E-003
   6.96774193548387      -1.311721863636788E-003
   6.98533724340176      -1.311256498199730E-003
   7.00293255131965      -1.285387315704314E-003
   7.02052785923754      -1.280622687278967E-003
   7.03812316715543      -1.250365311516124E-003
   7.05571847507331      -1.241714635021661E-003
   7.07331378299120      -1.207275553999882E-003
   7.09090909090909      -1.194871320390698E-003
   7.10850439882698      -1.156373032559421E-003
   7.12609970674487      -1.140344346337830E-003
   7.14369501466276      -1.097941031949585E-003
   7.16129032258065      -1.078476293742909E-003
   7.17888563049853      -1.032409800928716E-003
   7.19648093841642      -1.009821486623655E-003
   7.21407624633431      -9.605192283191794E-004
   7.23167155425220      -9.353033479721320E-004
   7.24926686217009      -8.831253197749571E-004
   7.26686217008798      -8.553978952013452E-004
   7.28445747800587      -8.003265938106034E-004
   7.30205278592375      -7.700281719899590E-004
   7.31964809384164      -7.119988193072000E-004
   7.33724340175953      -6.790748680334065E-004
   7.35483870967742      -6.180653599489404E-004
   7.37243401759531      -5.825430414846372E-004
   7.39002932551320      -5.186620288494619E-004
   7.40762463343109      -4.807945364841807E-004
   7.42521994134897      -4.146087785816635E-004
   7.44281524926686      -3.753103450691193E-004
   7.46041055718475      -3.077912918183286E-004
   7.47800586510264      -2.678353914445961E-004
   7.49560117302053      -1.995910297921385E-004
   7.51319648093842      -1.594860112179474E-004
   7.53079178885631      -9.096001080017064E-005
   7.54838709677419      -5.110274488885402E-005
   7.56598240469208       1.733059964813799E-005
   7.58357771260997       5.657183893572626E-005
   7.60117302052786       1.245114369070652E-004
   7.61876832844575       1.626081466874246E-004
   7.63636363636364       2.292512610708722E-004
   7.65395894428153       2.652276155847536E-004
   7.67155425219941       3.296825051393337E-004
   7.68914956011730       3.628123333476021E-004
   7.70674486803519       4.244652359480240E-004
   7.72434017595308       4.542266775016759E-004
   7.74193548387097       5.126232896687865E-004
   7.75953079178886       5.386228266578783E-004
   7.77712609970675       5.934087223733406E-004
   7.79472140762463       6.153196631231653E-004
   7.81231671554252       6.661415698924248E-004
   7.82991202346041       6.835089434570891E-004
   7.84750733137830       7.298455728478526E-004
   7.86510263929619       7.422640169200812E-004
   7.88269794721408       7.838943314551842E-004
   7.90029325513197       7.913004563079226E-004
   7.91788856304985       8.282855119255868E-004
   7.93548387096774       8.308634814774525E-004
   7.95307917888563       8.634999608253717E-004
   7.97067448680352       8.616681853243533E-004
   7.98826979472141       8.904954539583403E-004
   8.00586510263930       8.849431802611775E-004
   8.02346041055718       9.107379959427631E-004
   8.04105571847507       9.020627135694789E-004
   8.05865102639296       9.250323441377034E-004
   8.07624633431085       9.132237772385419E-004
   8.09384164222874       9.333393351669723E-004
   8.11143695014663       9.184088920407869E-004
   8.12903225806452       9.357297198812374E-004
   8.14662756598241       9.178069763964732E-004
   8.16422287390029       9.325374929222802E-004
   8.18181818181818       9.119284620065092E-004
   8.19941348973607       9.244966854744086E-004
   8.21700879765396       9.018040394842710E-004
   8.23460410557185       9.128636283810976E-004
   8.25219941348974       8.884924727504235E-004
   8.26979472140763       8.981167014547468E-004
   8.28739002932551       8.719979080069389E-004
   8.30498533724340       8.800748843545615E-004
   8.32258064516129       8.520953140785111E-004
   8.34017595307918       8.585221735003158E-004
   8.35777126099707       8.286142990174061E-004
   8.37536656891496       8.333674464469605E-004
   8.39296187683285       8.015817882222795E-004
   8.41055718475073       8.048192828573733E-004
   8.42815249266862       7.714085732608262E-004
   8.44574780058651       7.732604675125905E-004
   8.46334310850440       7.380887410170356E-004
   8.48093841642229       7.382383994320042E-004
   8.49853372434018       7.009442012539560E-004
   8.51612903225807       6.990193092398020E-004
   8.53372434017595       6.592518328055623E-004
   8.55131964809384       6.549342935959080E-004
   8.56891495601173       6.124412939155242E-004
   8.58651026392962       6.055660991899542E-004
   8.60410557184751       5.603446052762076E-004
   8.62170087976540       5.512116233183941E-004
   8.63929618768329       5.039125061546981E-004
   8.65689149560117       4.931808121664598E-004
   8.67448680351906       4.441862432072930E-004
   8.69208211143695       4.319994170340273E-004
   8.70967741935484       3.813253768507274E-004
   8.72727272727273       3.676004263962671E-004
   8.74486803519062       3.151033526243913E-004
   8.76246334310851       2.996446463665621E-004
   8.78005865102639       2.451080977319514E-004
   8.79765395894428       2.276907668904381E-004
   8.81524926686217       1.709617931045569E-004
   8.83284457478006       1.516690107708576E-004
   8.85043988269795       9.312149507223225E-005
   8.86803519061584       7.238270489823673E-005
   8.88563049853373       1.235574896776348E-005
   8.90322580645161      -9.583116686401550E-006
   8.92082111436950      -7.089920576778378E-005
   8.93841642228739      -9.389815551222228E-005
   8.95601173020528      -1.563880313345899E-004
   8.97360703812317      -1.803512288807628E-004
   8.99120234604106      -2.439062883392331E-004
   9.00879765395895      -2.686686448137448E-004
   9.02639296187683      -3.328452146422550E-004
   9.04398826979472      -3.575102375223134E-004
   9.06158357771261      -4.211615691738640E-004
   9.07917888563050      -4.446778701420771E-004
   9.09677419354839      -5.069032222277851E-004
   9.11436950146628      -5.284896931727256E-004
   9.13196480938416      -5.885960071051095E-004
   9.14956011730205      -6.076444578436580E-004
   9.16715542521994      -6.650837918022985E-004
   9.18475073313783      -6.811038712761712E-004
   9.20234604105572      -7.354066042470595E-004
   9.21994134897361      -7.478530186750586E-004
   9.23753665689150      -7.981757599573678E-004
   9.25513196480938      -8.059417123160677E-004
   9.27272727272727      -8.511983118500445E-004
   9.29032258064516      -8.533776388597641E-004
   9.30791788856305      -8.928124737924968E-004
   9.32551319648094      -8.888003705352476E-004
   9.34310850439883      -9.219428411963683E-004
   9.36070381231672      -9.114175290288479E-004
   9.37829912023460      -9.380903536246270E-004
   9.39589442815249      -9.210486616023872E-004
   9.41348973607038      -9.414682499103378E-004
   9.43108504398827      -9.184639040714240E-004
   9.44868035190616      -9.334534441464153E-004
   9.46627565982405      -9.053755667166961E-004
   9.48387096774194      -9.157913741346482E-004
   9.50146627565982      -8.835222144069945E-004
   9.51906158357771      -8.902969077609619E-004
   9.53665689149560      -8.548554251027823E-004
   9.55425219941349      -8.591021515787551E-004
   9.57184750733138      -8.217346836622279E-004
   9.58944281524927      -8.248539811329392E-004
   9.60703812316716      -7.872076753067678E-004
   9.62463343108504      -7.911125622800460E-004
   9.64222873900293      -7.550543443645336E-004
   9.65982404692082      -7.611199798486241E-004
   9.67741935483871      -7.275913367187598E-004
   9.69501466275660      -7.365788699666664E-004
   9.71260997067449      -7.062845418771894E-004
   9.73020527859238      -7.188701113861378E-004
   9.74780058651026      -6.925057580770315E-004
   9.76539589442815      -7.094205488456010E-004
   9.78299120234604      -6.878051759234612E-004
   9.80058651026393      -7.100030525389252E-004
   9.81818181818182      -6.943233614008953E-004
   9.83577712609971      -7.229916812537421E-004
   9.85337243401760      -7.138898259918460E-004
   9.87096774193548      -7.489854423760290E-004
   9.88856304985337      -7.460653126972685E-004
   9.90615835777126      -7.870062761773189E-004
   9.92375366568915      -7.895667521214087E-004
   9.94134897360704      -8.355498845583676E-004
   9.95894428152493      -8.427196640134683E-004
   9.97653958944282      -8.928088268928623E-004
   9.99413489736071      -9.036163685811384E-004
   10.0117302052786      -9.568080352928958E-004
   10.0293255131965      -9.701782927512685E-004
   10.0469208211144      -1.025173904668074E-003
   10.0645161290323      -1.039575673282682E-003
   10.0821114369501      -1.094708898493153E-003
   10.0997067448680      -1.108427499409194E-003
   10.1173020527859      -1.161937892030361E-003
   10.1348973607038      -1.173191522081470E-003
   10.1524926686217      -1.223270856449557E-003
   10.1700879765396      -1.230249492002061E-003
   10.1876832844575      -1.275084277561096E-003
   10.2052785923754      -1.276011922684573E-003
   10.2228739002933      -1.313976059110668E-003
   10.2404692082111      -1.307590606732807E-003
   10.2580645161290      -1.337717498614063E-003
   10.2756598240469      -1.323091101742290E-003
   10.2932551319648      -1.344366554693065E-003
   10.3108504398827      -1.320437114883426E-003
   10.3284457478006      -1.331752435003488E-003
   10.3460410557185      -1.297393188179953E-003
   10.3636363636364      -1.297601110893937E-003
   10.3812316715543      -1.251675705596188E-003
   10.3988269794721      -1.239660788715466E-003
   10.4164222873900      -1.181198483116672E-003
   10.4340175953079      -1.156434814354501E-003
   10.4516129032258      -1.085475304689462E-003
   10.4692082111437      -1.048174740021251E-003
   10.4868035190616      -9.648285105466180E-004
   10.5043988269795      -9.149785673055286E-004
   10.5219941348974      -8.191527194786085E-004
   10.5395894428153      -7.565808870197483E-004
   10.5571847507331      -6.480492590997631E-004
   10.5747800586510      -5.724713771565331E-004
   10.5923753665689      -4.509177393789605E-004
   10.6099706744868      -3.620060346534382E-004
   10.6275659824047      -2.273839202300882E-004
   10.6451612903226      -1.257501616612068E-004
   10.6627565982405       2.077566036115330E-005
   10.6803519061584       1.338773501304917E-004
   10.6979472140762       2.911250894916111E-004
   10.7155425219941       4.145877928626982E-004
   10.7331378299120       5.815007412546023E-004
   10.7507331378299       7.143243715874322E-004
   10.7683284457478       8.899348135984755E-004
   10.7859237536657       1.031187010200729E-003
   10.8035190615836       1.214557813501511E-003
   10.8211143695015       1.363025787200026E-003
   10.8387096774194       1.551897604700696E-003
   10.8563049853372       1.704064385796688E-003
   10.8739002932551       1.894431772841491E-003
   10.8914956011730       2.046380408073480E-003
   10.9090909090909       2.234428365762062E-003
   10.9266862170088       2.382443825752869E-003
   10.9442815249267       2.564527657704299E-003
   10.9618768328446       2.705038291321471E-003
   10.9794721407625       2.877625243700371E-003
   10.9970674486804       3.007124038691978E-003
   11.0146627565982       3.166584473591759E-003
   11.0322580645161       3.280876181486104E-003
   11.0498533724340       3.422206946206930E-003
   11.0674486803519       3.516027537667156E-003
   11.0850439882698       3.634182795147238E-003
   11.1026392961877       3.702770381820996E-003
   11.1202346041056       3.793220736271672E-003
   11.1378299120235       3.832281575324215E-003
   11.1554252199413       3.890950400459903E-003
   11.1730205278592       3.896643178751636E-003
   11.1906158357771       3.919917312339515E-003
   11.2082111436950       3.888900945017348E-003
   11.2258064516129       3.873954206686205E-003
   11.2434017595308       3.804369843802984E-003
   11.2609970674487       3.750260611075517E-003
   11.2785923753666       3.641644265990178E-003
   11.2961876832845       3.548165074721710E-003
   11.3137829912023       3.400614434801151E-003
   11.3313782991202       3.268195121744637E-003
   11.3489736070381       3.082543641427322E-003
   11.3665689149560       2.912479660679132E-003
   11.3841642228739       2.690619130004525E-003
   11.4017595307918       2.485617556279240E-003
   11.4193548387097       2.231846068424884E-003
   11.4369501466276       1.998701444674696E-003
   11.4545454545455       1.721371490826078E-003
   11.4721407624633       1.468010043334187E-003
   11.4897360703812       1.174219891019185E-003
   11.5073313782991       9.073004379484993E-004
   11.5249266862170       6.034968308973461E-004
   11.5425219941349       3.293945216750838E-004
   11.5601173020528       2.202188608342870E-005
   11.5777126099707      -2.526019248728082E-004
   11.5953079178886      -5.564361521149912E-004
   11.6129032258065      -8.234672335994686E-004
   11.6304985337243      -1.113943527520255E-003
   11.6480938416422      -1.362923966015290E-003
   11.6656891495601      -1.630977971624151E-003
   11.6832844574780      -1.854649746448167E-003
   11.7008797653959      -2.094182914066336E-003
   11.7184750733138      -2.287272978931901E-003
   11.7360703812317      -2.493668138278960E-003
   11.7536656891496      -2.652125448555595E-003
   11.7712609970675      -2.821799312999514E-003
   11.7888563049853      -2.942445049328006E-003
   11.8064516129032      -3.072481823758544E-003
   11.8240469208211      -3.152634110417437E-003
   11.8416422287390      -3.241048714465102E-003
   11.8592375366569      -3.280060456387868E-003
   11.8768328445748      -3.327450778587121E-003
   11.8944281524927      -3.326790422861297E-003
   11.9120234604106      -3.335345777786529E-003
   11.9296187683284      -3.297916247180386E-003
   11.9472140762463      -3.271245766575260E-003
   11.9648093841642      -3.201413251729213E-003
   11.9824046920821      -3.144704779452741E-003
   12.0000000000000      -3.048657254381447E-003
   12.0175953079179      -2.969415785456560E-003
   12.0351906158358      -2.855646600619099E-003
   12.0527859237537      -2.761760772337300E-003
   12.0703812316716      -2.636823120451844E-003
   12.0879765395894      -2.534198686676631E-003
   12.1055718475073      -2.403933626976963E-003
   12.1231671554252      -2.298535879892051E-003
   12.1407624633431      -2.169194110291325E-003
   12.1583577712610      -2.067669009448313E-003
   12.1759530791789      -1.946472708495154E-003
   12.1935483870968      -1.856822478040517E-003
   12.2111436950147      -1.753076608784382E-003
   12.2287390029326      -1.685524210166506E-003
   12.2463343108504      -1.607636922835839E-003
   12.2639296187683      -1.566826597362967E-003
   12.2815249266862      -1.516890375605055E-003
   12.2991202346041      -1.503848350225196E-003
   12.3167155425220      -1.482302497428898E-003
   12.3343108504399      -1.497056929941726E-003
   12.3519061583578      -1.503673454677243E-003
   12.3695014662757      -1.545839299980762E-003
   12.3870967741935      -1.580208981616102E-003
   12.4046920821114      -1.649519389056539E-003
   12.4222873900293      -1.711195237234946E-003
   12.4398826979472      -1.805080621000459E-003
   12.4574780058651      -1.887897255779797E-003
   12.4750733137830      -1.997837422701780E-003
   12.4926686217009      -2.092537891191044E-003
   12.5102639296188      -2.208916581140619E-003
   12.5278592375367      -2.305655336133021E-003
   12.5454545454545      -2.418484116583700E-003
   12.5630498533724      -2.507236660112962E-003
   12.5806451612903      -2.606570702345078E-003
   12.5982404692082      -2.677683906605186E-003
   12.6158357771261      -2.755138937155226E-003
   12.6334310850440      -2.804876154304760E-003
   12.6510263929619      -2.863003291970285E-003
   12.6686217008798      -2.896487826800190E-003
   12.6862170087977      -2.939600532774861E-003
   12.7038123167155      -2.960029896086069E-003
   12.7214076246334      -2.990409553932105E-003
   12.7390029325513      -2.999251348945822E-003
   12.7565982404692      -3.017568204691617E-003
   12.7741935483871      -3.014695577521208E-003
   12.7917888563050      -3.019947387059188E-003
   12.8093841642229      -3.003271926476490E-003
   12.8269794721408      -2.992458198181725E-003
   12.8445747800587      -2.959607747849849E-003
   12.8621700879765      -2.932208606496913E-003
   12.8797653958944      -2.883924855823516E-003
   12.8973607038123      -2.841004958446129E-003
   12.9149560117302      -2.778410724288167E-003
   12.9325513196481      -2.721038896022374E-003
   12.9501466275660      -2.645093983687991E-003
   12.9677419354839      -2.574054958740953E-003
   12.9853372434018      -2.485332085403882E-003
   13.0029325513196      -2.400902480891201E-003
   13.0205278592375      -2.299610070760634E-003
   13.0381231671554      -2.203063592604867E-003
   13.0557184750733      -2.092441251964807E-003
   13.0733137829912      -1.988125843960944E-003
   13.0909090909091      -1.872600395818726E-003
   13.1085043988270      -1.764764804974790E-003
   13.1260997067449      -1.648357006461556E-003
   13.1436950146628      -1.540714131342420E-003
   13.1612903225806      -1.426775417737692E-003
   13.1788856304985      -1.322196226261069E-003
   13.1964809384164      -1.212976191139625E-003
   13.2140762463343      -1.112649460864070E-003
   13.2316715542522      -1.007902474381619E-003
   13.2492668621701      -9.110686813976804E-004
   13.2668621700880      -8.109324919106392E-004
   13.2844574780059      -7.186970577257265E-004
   13.3020527859238      -6.247560241990487E-004
   13.3196480938416      -5.389106279947980E-004
   13.3372434017595      -4.530344132345506E-004
   13.3548387096774      -3.753925642833898E-004
   13.3724340175953      -2.992182435173873E-004
   13.3900293255132      -2.310567392180492E-004
   13.4076246334311      -1.651115660919407E-004
   13.4252199413490      -1.054261717466708E-004
   13.4428152492669      -4.744137155958061E-005
   13.4604105571848       5.454621677658533E-006
   13.4780058651026       5.550342318636764E-005
   13.4956011730205       1.004192261155012E-004
   13.5131964809384       1.405400794511160E-004
   13.5307917888563       1.748529815314853E-004
   13.5483870967742       2.018842765438242E-004
   13.5659824046921       2.219754006615783E-004
   13.5835777126100       2.318843912916005E-004
   13.6011730205279       2.333788204664523E-004
   13.6187683284457       2.219690200950893E-004
   13.6363636363636       2.027924159119074E-004
   13.6539589442815       1.712240651036837E-004
   13.6715542521994       1.340152628968246E-004
   13.6891495601173       8.467072093870953E-005
   13.7067448680352       3.132962685240472E-005
   13.7243401759531      -3.437783296928840E-005
   13.7419354838710      -1.029198761634698E-004
   13.7595307917889      -1.845811776165692E-004
   13.7771260997067      -2.684768634397118E-004
   13.7947214076246      -3.669116288895136E-004
   13.8123167155425      -4.677060490053690E-004
   13.8299120234604      -5.832918649876535E-004
   13.8475073313783      -6.966147463158325E-004
   13.8651026392962      -8.202522354711949E-004
   13.8826979472141      -9.353027293884326E-004
   13.9002932551320      -1.056078579008804E-003
   13.9178885630499      -1.162052397762966E-003
   13.9354838709677      -1.269421246443952E-003
   13.9530791788856      -1.356152497285579E-003
   13.9706744868035      -1.440517863795022E-003
   13.9882697947214      -1.499217282910837E-003
   14.0058651026393      -1.553263309695628E-003
   14.0234604105572      -1.580826925164643E-003
   14.0410557184751      -1.608986570272834E-003
   14.0586510263930      -1.614902256658730E-003
   14.0762463343109      -1.626049238492386E-003
   14.0938416422287      -1.616891888259206E-003
   14.1114369501466      -1.615934995755723E-003
   14.1290322580645      -1.595167235978758E-003
   14.1466275659824      -1.584241722442511E-003
   14.1642228739003      -1.552645257552703E-003
   14.1818181818182      -1.531070364445635E-003
   14.1994134897361      -1.486164440974369E-003
   14.2170087976540      -1.449069499576237E-003
   14.2346041055718      -1.385053002012356E-003
   14.2521994134897      -1.330050722832024E-003
   14.2697947214076      -1.249283078658883E-003
   14.2873900293255      -1.181195442018026E-003
   14.3049853372434      -1.089468552078619E-003
   14.3225806451613      -1.014647566090242E-003
   14.3401759530792      -9.186011872921078E-004
   14.3577712609971      -8.438063040553689E-004
   14.3753665689150      -7.500871674557899E-004
   14.3929618768328      -6.816102606556742E-004
   14.4105571847507      -5.953685225367390E-004
   14.4281524926686      -5.348846126239312E-004
   14.4457478005865      -4.531892878367400E-004
   14.4633431085044      -3.963747849196488E-004
   14.4809384164223      -3.166831922764897E-004
   14.4985337243402      -2.630277435390879E-004
   14.5161290322581      -1.863908120136924E-004
   14.5337243401760      -1.383984012773569E-004
   14.5513196480938      -6.873079306189900E-005
   14.5689149560117      -3.182469476107913E-005
   14.5865102639296       2.375977073249413E-005
   14.6041055718475       4.019616490676664E-005
   14.6217008797654       6.977736092195985E-005
   14.6392961876833       5.448743745319606E-005
   14.6568914956012       5.242802314243155E-005
   14.6744868035191       5.171318278365588E-006
   14.6920821114370      -2.647993072191401E-005
   14.7096774193548      -1.026628849664180E-004
   14.7272727272727      -1.602197390653786E-004
   14.7448680351906      -2.612689850410670E-004
   14.7624633431085      -3.404430779835675E-004
   14.7800586510264      -4.620427500713218E-004
   14.7976539589443      -5.586784483038091E-004
   14.8152492668622      -6.976221155981008E-004
   14.8328445747801      -8.117878953134339E-004
   14.8504398826979      -9.724426604633348E-004
   14.8680351906158      -1.110037176701726E-003
   14.8856304985337      -1.297518297008409E-003
   14.9032258064516      -1.462702231660116E-003
   14.9208211143695      -1.680445449720117E-003
   14.9384164222874      -1.875991766934168E-003
   14.9560117302053      -2.126166643029664E-003
   14.9736070381232      -2.353609142579773E-003
   14.9912023460411      -2.637084040853379E-003
   15.0087976539589      -2.896270581038481E-003
   15.0263929618768      -3.209269595082575E-003
   15.0439882697947      -3.489043902277618E-003
   15.0615835777126      -3.814377870287372E-003
   15.0791788856305      -4.096194616107232E-003
   15.0967741935484      -4.415856567690180E-003
   15.1143695014663      -4.682073929925954E-003
   15.1319648093842      -4.978755550542919E-003
   15.1495601173021      -5.212357221475390E-003
   15.1671554252199      -5.469391140337500E-003
   15.1847507331378      -5.654109829717239E-003
   15.2023460410557      -5.855866625327020E-003
   15.2199413489736      -5.978928864016988E-003
   15.2375366568915      -6.121940454566734E-003
   15.2551319648094      -6.191377846574162E-003
   15.2727272727273      -6.288375553591555E-003
   15.2903225806452      -6.316433522139845E-003
   15.3079178885631      -6.378874827594929E-003
   15.3255131964809      -6.376333875946699E-003
   15.3431085043988      -6.414425866394305E-003
   15.3607038123167      -6.390906093551986E-003
   15.3782991202346      -6.413700890697885E-003
   15.3958944281525      -6.377589276752008E-003
   15.4134897360704      -6.392537388785565E-003
   15.4310850439883      -6.349405182392215E-003
   15.4486803519062      -6.360005916695767E-003
   15.4662756598240      -6.312537463312017E-003
   15.4838709677419      -6.321691128999705E-003
   15.5014662756598      -6.272957197841963E-003
   15.5190615835777      -6.283801437646475E-003
   15.5366568914956      -6.236903160880882E-003
   15.5542521994135      -6.252507192451916E-003
   15.5718475073314      -6.210416712015001E-003
   15.5894428152493      -6.233690513098779E-003
   15.6070381231672      -6.199237388540085E-003
   15.6246334310850      -6.232954429839056E-003
   15.6422287390029      -6.208490914751767E-003
   15.6598240469208      -6.254249922349510E-003
   15.6774193548387      -6.240585924149553E-003
   15.6950146627566      -6.298626014239110E-003
   15.7126099706745      -6.295391042259105E-003
   15.7302052785924      -6.364725402606991E-003
   15.7478005865103      -6.370156404916457E-003
   15.7653958944282      -6.448143479800492E-003
   15.7829912023460      -6.458383887264663E-003
   15.8005865102639      -6.539459102916977E-003
   15.8181818181818      -6.545783543482231E-003
   15.8357771260997      -6.617802600830908E-003
   15.8533724340176      -6.608579652400072E-003
   15.8709677419355      -6.664112799430063E-003
   15.8885630498534      -6.635333096064734E-003
   15.9061583577713      -6.672478338722934E-003
   15.9237536656892      -6.623790133323130E-003
   15.9413489736070      -6.643564066205705E-003
   15.9589442815249      -6.577164412675332E-003
   15.9765395894428      -6.582965281394010E-003
   15.9941348973607      -6.503402715893736E-003
   16.0117302052786      -6.501055154421225E-003
   16.0293255131965      -6.413558253633570E-003
   16.0469208211144      -6.404231585276465E-003
   16.0645161290323      -6.305606204267089E-003
   16.0821114369501      -6.284764535342768E-003
   16.0997067448680      -6.170680191950452E-003
   16.1173020527859      -6.134550642347512E-003
   16.1348973607038      -6.001859187320329E-003
   16.1524926686217      -5.948187777964476E-003
   16.1700879765396      -5.795670371769512E-003
   16.1876832844575      -5.724733682936108E-003
   16.2052785923754      -5.554951547320815E-003
   16.2228739002933      -5.474105207990938E-003
   16.2404692082111      -5.300133067396014E-003
   16.2580645161290      -5.223731189789942E-003
   16.2756598240469      -5.056402684384648E-003
   16.2932551319648      -4.992007990156007E-003
   16.3108504398827      -4.836666751892068E-003
   16.3284457478006      -4.787931241141657E-003
   16.3460410557185      -4.646628220252404E-003
   16.3636363636364      -4.614210895077926E-003
   16.3812316715543      -4.486047691296714E-003
   16.3988269794721      -4.467455100104407E-003
   16.4164222873900      -4.347780128042897E-003
   16.4340175953079      -4.337355236059155E-003
   16.4516129032258      -4.222449659683576E-003
   16.4692082111437      -4.219653117111906E-003
   16.4868035190616      -4.110375126779566E-003
   16.5043988269795      -4.116537639079621E-003
   16.5219941348974      -4.014183673662394E-003
   16.5395894428153      -4.030554758919499E-003
   16.5571847507331      -3.935973787325483E-003
   16.5747800586510      -3.963004227582198E-003
   16.5923753665689      -3.875783737527685E-003
   16.6099706744868      -3.911698181243160E-003
   16.6275659824047      -3.826953696184656E-003
   16.6451612903226      -3.864215523993021E-003
   16.6627565982405      -3.774578412670948E-003
   16.6803519061584      -3.808132930015461E-003
   16.6979472140762      -3.710157708660029E-003
   16.7155425219941      -3.737901262559834E-003
   16.7331378299120      -3.630365449507583E-003
   16.7507331378299      -3.652169986765929E-003
   16.7683284457478      -3.535732588798482E-003
   16.7859237536657      -3.553451561464018E-003
   16.8035190615836      -3.431134736570491E-003
   16.8211143695015      -3.450472863207698E-003
   16.8387096774194      -3.331455664060409E-003
   16.8563049853372      -3.363716841103748E-003
   16.8739002932551      -3.258149774895221E-003
   16.8914956011730      -3.312227469078765E-003
   16.9090909090909      -3.227796628342183E-003
   16.9266862170088      -3.310791508530950E-003
   16.9442815249267      -3.253581416732659E-003
   16.9618768328446      -3.371028722396241E-003
   16.9794721407625      -3.345355090391671E-003
   16.9970674486804      -3.500616186739823E-003
   17.0146627565982      -3.507092083704362E-003
   17.0322580645161      -3.695710377189181E-003
   17.0498533724340      -3.724134682017505E-003
   17.0674486803519      -3.935486802028070E-003
   17.0850439882698      -3.976907820295543E-003
   17.1026392961877      -4.204183970243886E-003
   17.1202346041056      -4.252674372104737E-003
   17.1378299120235      -4.491500467787670E-003
   17.1554252199413      -4.543258551631300E-003
   17.1730205278592      -4.791353189537673E-003
   17.1906158357771      -4.844662888551359E-003
   17.2082111436950      -5.102193044386582E-003
   17.2258064516129      -5.157273933927874E-003
   17.2434017595308      -5.422932354047906E-003
   17.2609970674487      -5.473957633891828E-003
   17.2785923753666      -5.740465306750899E-003
   17.2961876832845      -5.778986200760494E-003
   17.3137829912023      -6.038753286894183E-003
   17.3313782991202      -6.056473206611773E-003
   17.3489736070381      -6.302486817782928E-003
   17.3665689149560      -6.291818855571143E-003
   17.3841642228739      -6.518266469215781E-003
   17.4017595307918      -6.473206600742752E-003
   17.4193548387097      -6.677900632577954E-003
   17.4369501466276      -6.599983280642165E-003
   17.4545454545455      -6.790443781818097E-003
   17.4721407624633      -6.685760914878573E-003
   17.4897360703812      -6.868433229036228E-003
   17.5073313782991      -6.740267682340242E-003
   17.5249266862170      -6.919834042269594E-003
   17.5425219941349      -6.769643645008122E-003
   17.5601173020528      -6.949656064073014E-003
   17.5777126099707      -6.777230077917339E-003
   17.5953079178886      -6.960188032803827E-003
   17.6129032258065      -6.763025407828287E-003
   17.6304985337243      -6.948322465767966E-003
   17.6480938416422      -6.717735716550812E-003
   17.6656891495601      -6.900921307780429E-003
   17.6832844574780      -6.626146314617516E-003
   17.7008797653959      -6.804235664757676E-003
   17.7184750733138      -6.473626739465443E-003
   17.7360703812317      -6.645139703480930E-003
   17.7536656891496      -6.244929228114596E-003
   17.7712609970675      -6.410296167790544E-003
   17.7888563049853      -5.923021717126218E-003
   17.8064516129032      -6.086045620567026E-003
   17.8240469208211      -5.491129098663551E-003
   17.8416422287390      -5.670632833709825E-003
   17.8592375366569      -4.945242565201383E-003
   17.8768328445748      -5.169711194100144E-003
   17.8944281524927      -4.250745937289442E-003
   17.9120234604106      -4.550453016111461E-003
   17.9296187683284      -3.269772683140976E-003
   17.9472140762463      -3.684079091025938E-003
   17.9648093841642      -1.488398010490967E-003
   17.9824046920821      -2.088749190872793E-003
   18.0000000000000       5.092540805601610E-003
