  0.000000000000000E+000 -1.133956881742869E-003
  1.759530791788856E-002  1.013225481023994E-005
  3.519061583577713E-002 -1.297441859835496E-004
  5.278592375366570E-002  2.005025683602729E-004
  7.038123167155426E-002  9.757377763343944E-005
  8.797653958944282E-002  2.776229502441911E-004
  0.105571847507331       1.949515526893882E-004
  0.123167155425220       3.151508190463315E-004
  0.140762463343109       2.458379394479651E-004
  0.158357771260997       3.349338380675447E-004
  0.175953079178886       2.752786973169585E-004
  0.193548387096774       3.457476337531039E-004
  0.211143695014663       2.934435029068275E-004
  0.228739002932551       3.516241050748520E-004
  0.246334310850440       3.049763215943022E-004
  0.263929618768328       3.543669270217317E-004
  0.281524926686217       3.121191817995620E-004
  0.299120234604106       3.548621769023976E-004
  0.316715542521994       3.160804089774185E-004
  0.334310850439883       3.535627790493768E-004
  0.351906158357771       3.175291435389142E-004
  0.369501466275660       3.506926568970930E-004
  0.387096774193548       3.168497760028976E-004
  0.404692082111437       3.463726750880684E-004
  0.422287390029326       3.143303558962560E-004
  0.439882697947214       3.408511156028990E-004
  0.457478005865103       3.104906710182921E-004
  0.475073313782991       3.346278828312083E-004
  0.492668621700880       3.058918827052431E-004
  0.510263929618768       3.281481126571830E-004
  0.527859237536657       3.010082816967868E-004
  0.545454545454546       3.218109605136218E-004
  0.563049853372434       2.962704173921181E-004
  0.580645161290323       3.160001123074393E-004
  0.598240469208211       2.920999631700565E-004
  0.615835777126100       3.111298184641389E-004
  0.633431085043988       2.889949191049540E-004
  0.651026392961877       3.077244209571311E-004
  0.668621700879765       2.874810785564493E-004
  0.686217008797654       3.062137772003809E-004
  0.703812316715543       2.879293503790678E-004
  0.721407624633431       3.068917055665849E-004
  0.739002932551320       2.905906372663090E-004
  0.756598240469208       3.099382585026043E-004
  0.774193548387097       2.955914719127006E-004
  0.791788856304985       3.153909197011690E-004
  0.809384164222874       3.028595386079461E-004
  0.826979472140763       3.229004074326374E-004
  0.844574780058651       3.115862289898980E-004
  0.862170087976540       3.312468042067581E-004
  0.879765395894428       3.204807750479972E-004
  0.897360703812317       3.392656006067690E-004
  0.914956011730205       3.285218353622505E-004
  0.932551319648094       3.460388636543314E-004
  0.950146627565982       3.348965864656239E-004
  0.967741935483871       3.508510595075554E-004
  0.985337243401760       3.390070463156177E-004
   1.00293255131965       3.532468743319726E-004
   1.02052785923754       3.406839033687336E-004
   1.03812316715543       3.536268124921609E-004
   1.05571847507331       3.410043481470936E-004
   1.07331378299120       3.533633931081565E-004
   1.09090909090909       3.412308565854046E-004
   1.10850439882698       3.535188645651244E-004
   1.12609970674487       3.422725414002863E-004
   1.14369501466276       3.548629796704178E-004
   1.16129032258065       3.447664601239410E-004
   1.17888563049853       3.578839282504520E-004
   1.19648093841642       3.490244340805390E-004
   1.21407624633431       3.626038436409885E-004
   1.23167155425220       3.544716373101919E-004
   1.24926686217009       3.676184149051905E-004
   1.26686217008798       3.592239385509443E-004
   1.28445747800587       3.711402768990324E-004
   1.30205278592375       3.618000700382388E-004
   1.31964809384164       3.719395148286157E-004
   1.33724340175953       3.611797811484968E-004
   1.35483870967742       3.691930659392596E-004
   1.37243401759531       3.567484713307073E-004
   1.39002932551320       3.625232913196198E-004
   1.40762463343109       3.484603354038367E-004
   1.42521994134897       3.525219634310555E-004
   1.44281524926686       3.379184990206959E-004
   1.46041055718475       3.415856696666548E-004
   1.47800586510264       3.275539993550823E-004
   1.49560117302053       3.317356909445776E-004
   1.51319648093842       3.190142995481616E-004
   1.53079178885631       3.243352199728638E-004
   1.54838709677419       3.134084942186161E-004
   1.56598240469208       3.202416810913400E-004
   1.58357771260997       3.113213760856978E-004
   1.60117302052786       3.197012420842703E-004
   1.61876832844575       3.124280886118672E-004
   1.63636363636364       3.213553608122997E-004
   1.65395894428153       3.142638701158127E-004
   1.67155425219941       3.223821848096290E-004
   1.68914956011730       3.143690367743748E-004
   1.70674486803519       3.207739773116830E-004
   1.72434017595308       3.110708940846044E-004
   1.74193548387097       3.151385731616051E-004
   1.75953079178886       3.032416998954020E-004
   1.77712609970675       3.046224590389614E-004
   1.79472140762463       2.903428724421785E-004
   1.81231671554252       2.891483755859284E-004
   1.82991202346041       2.732064647103387E-004
   1.84750733137830       2.708431979074202E-004
   1.86510263929619       2.547973418596146E-004
   1.88269794721408       2.526099610005841E-004
   1.90029325513196       2.375865964707145E-004
   1.91788856304985       2.365644848401774E-004
   1.93548387096774       2.234202654355225E-004
   1.95307917888563       2.243125044492083E-004
   1.97067448680352       2.136704677342547E-004
   1.98826979472141       2.169764504100825E-004
   2.00586510263930       2.091466762712761E-004
   2.02346041055718       2.147854147986239E-004
   2.04105571847507       2.090447060487875E-004
   2.05865102639296       2.158959248556560E-004
   2.07624633431085       2.111640385151283E-004
   2.09384164222874       2.183138822156254E-004
   2.11143695014663       2.137726427889614E-004
   2.12903225806452       2.204887624262573E-004
   2.14662756598241       2.154663993592311E-004
   2.16422287390029       2.211449632599152E-004
   2.18181818181818       2.150940023209494E-004
   2.19941348973607       2.192636130003194E-004
   2.21700879765396       2.118370269037831E-004
   2.23460410557185       2.144595784554098E-004
   2.25219941348974       2.059632866870672E-004
   2.26979472140762       2.074787156596086E-004
   2.28739002932551       1.983184255894727E-004
   2.30498533724340       1.991057949166986E-004
   2.32258064516129       1.896369693410189E-004
   2.34017595307918       1.900444959369838E-004
   2.35777126099707       1.806026782830314E-004
   2.37536656891496       1.809659620323360E-004
   2.39296187683284       1.718809916832631E-004
   2.41055718475073       1.725359729614059E-004
   2.42815249266862       1.640957602422411E-004
   2.44574780058651       1.651961327496143E-004
   2.46334310850440       1.574029801348337E-004
   2.48093841642229       1.588889287535525E-004
   2.49853372434018       1.516594517429633E-004
   2.51612903225806       1.534367551130861E-004
   2.53372434017595       1.466592236898363E-004
   2.55131964809384       1.486061320371901E-004
   2.56891495601173       1.421403996376952E-004
   2.58651026392962       1.441032038586095E-004
   2.60410557184751       1.377685268307828E-004
   2.62170087976540       1.395496171026021E-004
   2.63929618768328       1.331814363449741E-004
   2.65689149560117       1.347212101737117E-004
   2.67448680351906       1.283381565160972E-004
   2.69208211143695       1.296893369533122E-004
   2.70967741935484       1.233558364183051E-004
   2.72727272727273       1.245968568287189E-004
   2.74486803519062       1.183968011536514E-004
   2.76246334310850       1.196216906546420E-004
   2.78005865102639       1.136522854038950E-004
   2.79765395894428       1.149664941998048E-004
   2.81524926686217       1.093267150221286E-004
   2.83284457478006       1.107711380038300E-004
   2.85043988269795       1.053808340857472E-004
   2.86803519061584       1.067997735161635E-004
   2.88563049853372       1.014888727341583E-004
   2.90322580645161       1.027208133166984E-004
   2.92082111436950       9.733121974794745E-005
   2.93841642228739       9.822692965652047E-005
   2.95601173020528       9.261379473394749E-005
   2.97360703812317       9.303881805551046E-005
   2.99120234604106       8.707482748592079E-005
   3.00879765395894       8.691979830624739E-005
   3.02639296187683       8.054665886468821E-005
   3.04398826979472       7.985906923974248E-005
   3.06158357771261       7.320342743787115E-005
   3.07917888563050       7.212830856801340E-005
   3.09677419354839       6.532562781361936E-005
   3.11436950146628       6.399719466154709E-005
   3.13196480938416       5.717836728068433E-005
   3.14956011730205       5.573064421349597E-005
   3.16715542521994       4.903073588480086E-005
   3.18475073313783       4.760725780932384E-005
   3.20234604105572       4.118051525123706E-005
   3.21994134897361       3.997136932433153E-005
   3.23753665689150       3.406251922793284E-005
   3.25513196480938       3.334122599890148E-005
   3.27272727272727       2.819411655845689E-005
   3.29032258064516       2.816777969972036E-005
   3.30791788856305       2.395803891567906E-005
   3.32551319648094       2.477760045111243E-005
   3.34310850439883       2.162777298143874E-005
   3.36070381231672       2.338913729263190E-005
   3.37829912023460       2.135943753818030E-005
   3.39589442815249       2.408102273679056E-005
   3.41348973607038       2.310473129122706E-005
   3.43108504398827       2.653005896463786E-005
   3.44868035190616       2.613779690817473E-005
   3.46627565982405       2.974941878077120E-005
   3.48387096774194       2.948881565819863E-005
   3.50146627565982       3.289969969604071E-005
   3.51906158357771       3.242885885126720E-005
   3.53665689149560       3.534005332739527E-005
   3.55425219941349       3.439800165427878E-005
   3.57184750733138       3.659181005139193E-005
   3.58944281524927       3.500667658213342E-005
   3.60703812316716       3.638147959785618E-005
   3.62463343108504       3.419343856243573E-005
   3.64222873900293       3.498857181728549E-005
   3.65982404692082       3.252901250717544E-005
   3.67741935483871       3.303398815879672E-005
   3.69501466275660       3.052961983394451E-005
   3.71260997067449       3.093412894725300E-005
   3.73020527859238       2.854252921403171E-005
   3.74780058651026       2.897956764018337E-005
   3.76539589442815       2.680759918787658E-005
   3.78299120234604       2.736028030130983E-005
   3.80058651026393       2.545991339410350E-005
   3.81818181818182       2.613629905853946E-005
   3.83577712609971       2.445833322491867E-005
   3.85337243401760       2.519399336626529E-005
   3.87096774193548       2.370314986692187E-005
   3.88856304985337       2.449522071819461E-005
   3.90615835777126       2.320497935816786E-005
   3.92375366568915       2.408138292580677E-005
   3.94134897360704       2.302924188786446E-005
   3.95894428152493       2.403947822272031E-005
   3.97653958944282       2.328500147866473E-005
   3.99413489736070       2.450397002550577E-005
   4.01173020527859       2.414277532399090E-005
   4.02932551319648       2.568809432615749E-005
   4.04692082111437       2.581731731083955E-005
   4.06451612903226       2.773261482162774E-005
   4.08211143695015       2.834988744746676E-005
   4.09970674486804       3.060938067434359E-005
   4.11730205278592       3.166892972098326E-005
   4.13489736070381       3.421093303377283E-005
   4.15249266862170       3.563228094008618E-005
   4.17008797653959       3.835836322312882E-005
   4.18768328445748       4.001852117094680E-005
   4.20527859237537       4.277245775459087E-005
   4.22287390029326       4.445785056689885E-005
   4.24046920821114       4.698678785198133E-005
   4.25806451612903       4.847499221041197E-005
   4.27565982404692       5.062711433855801E-005
   4.29325513196481       5.181289263427869E-005
   4.31085043988270       5.351485914056276E-005
   4.32844574780059       5.434941746187002E-005
   4.34604105571848       5.557762776540661E-005
   4.36363636363636       5.606039779635478E-005
   4.38123167155425       5.684283501718406E-005
   4.39882697947214       5.703493503640855E-005
   4.41642228739003       5.749149798456585E-005
   4.43401759530792       5.758764084770118E-005
   4.45161290322581       5.793526061803823E-005
   4.46920821114370       5.809817935474694E-005
   4.48680351906158       5.844479456455103E-005
   4.50439882697947       5.874704428368485E-005
   4.52199413489736       5.914127034867369E-005
   4.53958944281525       5.960886140836046E-005
   4.55718475073314       6.005804855658713E-005
   4.57478005865103       6.067705700738484E-005
   4.59237536656892       6.114659447182145E-005
   4.60997067448680       6.185249153720927E-005
   4.62756598240469       6.226251004771635E-005
   4.64516129032258       6.301528282858712E-005
   4.66275659824047       6.340435685886600E-005
   4.68035190615836       6.428972463373200E-005
   4.69794721407625       6.476080783194645E-005
   4.71554252199414       6.588810920021634E-005
   4.73313782991202       6.655642848569265E-005
   4.75073313782991       6.804232889821424E-005
   4.76832844574780       6.902693522010145E-005
   4.78592375366569       7.098903225069548E-005
   4.80351906158358       7.240638712527021E-005
   4.82111436950147       7.493453706377722E-005
   4.83870967741935       7.678754690235020E-005
   4.85630498533724       7.977389261418504E-005
   4.87390029325513       8.190905006253520E-005
   4.89149560117302       8.519880895002630E-005
   4.90909090909091       8.746536016714795E-005
   4.92668621700880       9.090808392181537E-005
   4.94428152492669       9.315707223914945E-005
   4.96187683284458       9.660181268478354E-005
   4.97947214076246       9.868103855391847E-005
   4.99706744868035       1.019695499459728E-004
   5.01466275659824       1.037136569210476E-004
   5.03225806451613       1.066907453242624E-004
   5.04985337243402       1.080005108937313E-004
   5.06744868035191       1.106265784233217E-004
   5.08504398826980       1.114946857947454E-004
   5.10263929618768       1.137760900717775E-004
   5.12023460410557       1.142218044995576E-004
   5.13782991202346       1.161872813730891E-004
   5.15542521994135       1.162508678127416E-004
   5.17302052785924       1.179503119906084E-004
   5.19061583577713       1.176948805318496E-004
   5.20821114369502       1.192063029779383E-004
   5.22580645161290       1.187234783577636E-004
   5.24340175953079       1.201205026952317E-004
   5.26099706744868       1.194434385809515E-004
   5.27859237536657       1.207285469056828E-004
   5.29618768328446       1.198506807361907E-004
   5.31378299120235       1.210116250286267E-004
   5.33137829912024       1.199191804347180E-004
   5.34897360703812       1.209396535961205E-004
   5.36656891495601       1.196170751860197E-004
   5.38416422287390       1.204810156497706E-004
   5.40175953079179       1.189156674167573E-004
   5.41935483870968       1.196236379686247E-004
   5.43695014662757       1.178662677816132E-004
   5.45454545454546       1.185292320341231E-004
   5.47214076246334       1.167158578431084E-004
   5.48973607038123       1.174639365207111E-004
   5.50733137829912       1.157190785033546E-004
   5.52492668621701       1.166695399527414E-004
   5.54252199413490       1.151054502188987E-004
   5.56011730205279       1.163626230946170E-004
   5.57771260997067       1.150764912764084E-004
   5.59530791788856       1.167254012382050E-004
   5.61290322580645       1.157791521784022E-004
   5.63049853372434       1.178014760548921E-004
   5.64809384164223       1.170605867137796E-004
   5.66568914956012       1.192609602117790E-004
   5.68328445747801       1.185397591780320E-004
   5.70087976539589       1.207515362505134E-004
   5.71847507331378       1.198998780235713E-004
   5.73607038123167       1.219855900136999E-004
   5.75366568914956       1.208806332679428E-004
   5.77126099706745       1.227305161713184E-004
   5.78885630498534       1.212798312657182E-004
   5.80645161290323       1.228231079272384E-004
   5.82404692082111       1.210059293305742E-004
   5.84164222873900       1.222945429012102E-004
   5.85923753665689       1.202076760690081E-004
   5.87683284457478       1.213302632131675E-004
   5.89442815249267       1.190459269170686E-004
   5.91202346041056       1.200632432440197E-004
   5.92961876832845       1.176358863700714E-004
   5.94721407624634       1.185955717262577E-004
   5.96480938416422       1.160692168914777E-004
   5.98240469208211       1.170098522077752E-004
   6.00000000000000       1.144197236168120E-004
   6.01759530791789       1.153658434269946E-004
   6.03519061583578       1.127110904384891E-004
   6.05278592375367       1.136277162457340E-004
   6.07038123167156       1.108616164118302E-004
   6.08797653958944       1.117042285950540E-004
   6.10557184750733       1.087883077925117E-004
   6.12316715542522       1.095219627185346E-004
   6.14076246334311       1.064274676430811E-004
   6.15835777126100       1.070281253007873E-004
   6.17595307917889       1.037395564899260E-004
   6.19354838709677       1.042004711711502E-004
   6.21114369501466       1.007300495714351E-004
   6.22873900293255       1.010964035807822E-004
   6.24633431085044       9.751993085153574E-005
   6.26392961876833       9.786248098615576E-005
   6.28152492668622       9.422987275317306E-005
   6.29912023460411       9.458086392885090E-005
   6.31671554252199       9.091452215434730E-005
   6.33431085043988       9.128636658350542E-005
   6.35190615835777       8.759225583076395E-005
   6.36950146627566       8.798289810663107E-005
   6.38709677419355       8.425347230472843E-005
   6.40469208211144       8.464712705522096E-005
   6.42228739002933       8.086177066527263E-005
   6.43988269794721       8.124007504346117E-005
   6.45747800586510       7.739474980648631E-005
   6.47507331378299       7.776246037657277E-005
   6.49266862170088       7.386565498957572E-005
   6.51026392961877       7.423080009508347E-005
   6.52785923753666       7.029212408951733E-005
   6.54545454545455       7.066378972764080E-005
   6.56304985337243       6.669445163233882E-005
   6.58064516129032       6.708460372133193E-005
   6.59824046920821       6.310117668702169E-005
   6.61583577712610       6.353384094411128E-005
   6.63343108504399       5.957561843832578E-005
   6.65102639296188       6.009344594779096E-005
   6.66862170087977       5.619209930520565E-005
   6.68621700879765       5.681104189816833E-005
   6.70381231671554       5.297331852651182E-005
   6.72140762463343       5.369069958508054E-005
   6.73900293255132       4.990755949486858E-005
   6.75659824046921       5.070610762411230E-005
   6.77419354838710       4.695427531588374E-005
   6.79178885630499       4.780216843508702E-005
   6.80938416422287       4.404261779608460E-005
   6.82697947214076       4.490162472320574E-005
   6.84457478005865       4.112418657980427E-005
   6.86217008797654       4.201628124512446E-005
   6.87976539589443       3.825728161564190E-005
   6.89736070381232       3.921716636108861E-005
   6.91495601173021       3.550977259528196E-005
   6.93255131964809       3.656608761666426E-005
   6.95014662756598       3.293586321551902E-005
   6.96774193548387       3.410814329976376E-005
   6.98533724340176       3.056972135875880E-005
   7.00293255131965       3.186350053145439E-005
   7.02052785923754       2.841037323790888E-005
   7.03812316715543       2.980211678579025E-005
   7.05571847507331       2.640589389663108E-005
   7.07331378299120       2.787126428724454E-005
   7.09090909090909       2.451318281679584E-005
   7.10850439882698       2.603330840931875E-005
   7.12609970674487       2.269496789873965E-005
   7.14369501466276       2.424853347744835E-005
   7.16129032258065       2.090683486751233E-005
   7.17888563049853       2.246548890020966E-005
   7.19648093841642       1.908720921090585E-005
   7.21407624633431       2.060729984438952E-005
   7.23167155425220       1.714540354004933E-005
   7.24926686217009       1.859423158840963E-005
   7.26686217008798       1.504126979044353E-005
   7.28445747800587       1.642388492357701E-005
   7.30205278592375       1.279079315151915E-005
   7.31964809384164       1.411925058333370E-005
   7.33724340175953       1.041988471225244E-005
   7.35483870967742       1.170659786947082E-005
   7.37243401759531       7.952872527295038E-006
   7.39002932551320       9.205819848304816E-006
   7.40762463343109       5.401307165286920E-006
   7.42521994134897       6.619738814426899E-006
   7.44281524926686       2.777848301713407E-006
   7.46041055718475       4.000113582189392E-006
   7.47800586510264       1.776477103141677E-007
   7.49560117302053       1.465033617707262E-006
   7.51319648093842      -2.273797734735215E-006
   7.53079178885631      -8.577670447685211E-007
   7.54838709677419      -4.449512904099740E-006
   7.56598240469208      -2.844971542744610E-006
   7.58357771260997      -6.233340840905537E-006
   7.60117302052786      -4.393170234632186E-006
   7.61876832844575      -7.551576353185406E-006
   7.63636363636364      -5.495845472163206E-006
   7.65395894428153      -8.482578982511297E-006
   7.67155425219941      -6.271943827091222E-006
   7.68914956011730      -9.131974176909952E-006
   7.70674486803519      -6.802097014898515E-006
   7.72434017595308      -9.562915241256106E-006
   7.74193548387097      -7.137259256687402E-006
   7.75953079178886      -9.817891233594899E-006
   7.77712609970675      -7.314923379414594E-006
   7.79472140762463      -9.933561402768474E-006
   7.81231671554252      -7.379226432598994E-006
   7.82991202346041      -9.977436301456773E-006
   7.84750733137830      -7.424643110609726E-006
   7.86510263929619      -1.004267156521737E-005
   7.88269794721408      -7.512414849871293E-006
   7.90029325513197      -1.015492301067300E-005
   7.91788856304985      -7.641065985856323E-006
   7.93548387096774      -1.029061897128833E-005
   7.95307917888563      -7.767254319398649E-006
   7.97067448680352      -1.038803407888038E-005
   7.98826979472141      -7.811603199999681E-006
   8.00586510263930      -1.035037433025168E-005
   8.02346041055718      -7.671428926471465E-006
   8.04105571847507      -1.011199728672650E-005
   8.05865102639296      -7.360643283797590E-006
   8.07624633431085      -9.749880355594167E-006
   8.09384164222874      -6.970401564159045E-006
   8.11143695014663      -9.345684459341421E-006
   8.12903225806452      -6.570053518543800E-006
   8.14662756598241      -8.955687732269594E-006
   8.16422287390029      -6.201999341649796E-006
   8.18181818181818      -8.607381162227492E-006
   8.19941348973607      -5.877166097021262E-006
   8.21700879765396      -8.292687409476098E-006
   8.23460410557185      -5.571621444713379E-006
   8.25219941348974      -7.987439068069119E-006
   8.26979472140763      -5.273772397213328E-006
   8.28739002932551      -7.687259955112249E-006
   8.30498533724340      -4.975154670752227E-006
   8.32258064516129      -7.374007925560567E-006
   8.34017595307918      -4.645309690534317E-006
   8.35777126099707      -7.002574759999342E-006
   8.37536656891496      -4.221696188744694E-006
   8.39296187683285      -6.489169350999792E-006
   8.41055718475073      -3.592359432644868E-006
   8.42815249266862      -5.699109170723783E-006
   8.44574780058651      -2.648355380768401E-006
   8.46334310850440      -4.605973270837931E-006
   8.48093841642229      -1.440902912737178E-006
   8.49853372434018      -3.294146523100654E-006
   8.51612903225807      -6.091276084209396E-008
   8.53372434017595      -1.853107895197992E-006
   8.55131964809384       1.408288116495304E-006
   8.56891495601173      -3.555782387461501E-007
   8.58651026392962       2.909773991523357E-006
   8.60410557184751       1.165979115916229E-006
   8.62170087976540       4.454259497950422E-006
   8.63929618768329       2.781223077570432E-006
   8.65689149560117       6.144520312819105E-006
   8.67448680351906       4.572777577525739E-006
   8.69208211143695       8.023344819207419E-006
   8.70967741935484       6.557504887774440E-006
   8.72727272727273       1.009442340721924E-005
   8.74486803519062       8.732568254716669E-006
   8.76246334310851       1.235363292662970E-005
   8.78005865102639       1.109777352684628E-005
   8.79765395894428       1.481149768998269E-005
   8.81524926686217       1.368757869477367E-005
   8.83284457478006       1.754171481750383E-005
   8.85043988269795       1.659848739333141E-005
   8.86803519061584       2.061438649221798E-005
   8.88563049853373       1.984917626333072E-005
   8.90322580645161       2.400934283552086E-005
   8.92082111436950       2.339629335428205E-005
   8.93841642228739       2.766783912192508E-005
   8.95601173020528       2.717077363177128E-005
   8.97360703812317       3.151514273143833E-005
   8.99120234604106       3.109745749159078E-005
   9.00879765395895       3.548543141538217E-005
   9.02639296187683       3.514643022199810E-005
   9.04398826979472       3.961442416043792E-005
   9.06158357771261       3.940169893819465E-005
   9.07917888563050       4.397816064200799E-005
   9.09677419354839       4.390123364916204E-005
   9.11436950146628       4.858111839103161E-005
   9.13196480938416       4.862425047919286E-005
   9.14956011730205       5.338155172608512E-005
   9.16715542521994       5.351126947016209E-005
   9.18475073313783       5.830515414221363E-005
   9.20234604105572       5.847682283314448E-005
   9.21994134897361       6.326976687009354E-005
   9.23753665689150       6.348435424817111E-005
   9.25513196480938       6.832097463385611E-005
   9.27272727272727       6.863360571255739E-005
   9.29032258064516       7.355552470661524E-005
   9.30791788856305       7.399553056372375E-005
   9.32551319648094       7.901972905695464E-005
   9.34310850439883       7.959376540640669E-005
   9.36070381231672       8.471566244128857E-005
   9.37829912023460       8.540944227729607E-005
   9.39589442815249       9.060389568371884E-005
   9.41348973607038       9.138522137992589E-005
   9.43108504398827       9.663436009136559E-005
   9.44868035190616       9.752823030144072E-005
   9.46627565982405       1.028854981871696E-004
   9.48387096774194       1.039445828744405E-004
   9.50146627565982       1.094502817950981E-004
   9.51906158357771       1.107030362771630E-004
   9.53665689149560       1.163717107224311E-004
   9.55425219941349       1.178187298663452E-004
   9.57184750733138       1.236339574813639E-004
   9.58944281524927       1.252400609953274E-004
   9.60703812316716       1.311394771783593E-004
   9.62463343108504       1.328116068837702E-004
   9.64222873900293       1.386977523843903E-004
   9.65982404692082       1.403759904161681E-004
   9.67741935483871       1.462250819945933E-004
   9.69501466275660       1.478998869286968E-004
   9.71260997067449       1.537053525396530E-004
   9.73020527859238       1.553704255724787E-004
   9.74780058651026       1.611222131252007E-004
   9.76539589442815       1.627623588510633E-004
   9.78299120234604       1.684362063148353E-004
   9.80058651026393       1.700148934909672E-004
   9.81818181818182       1.755567265292937E-004
   9.83577712609971       1.770225425047555E-004
   9.85337243401760       1.824211438119160E-004
   9.87096774193548       1.838059375891665E-004
   9.88856304985337       1.891089507854321E-004
   9.90615835777126       1.904639719359392E-004
   9.92375366568915       1.957210352913033E-004
   9.94134897360704       1.970918263024072E-004
   9.95894428152493       2.023403851323300E-004
   9.97653958944282       2.037529479624446E-004
   9.99413489736071       2.090009673381123E-004
   10.0117302052786       2.104305693476186E-004
   10.0293255131965       2.155985552917949E-004
   10.0469208211144       2.169364884569560E-004
   10.0645161290323       2.219444879662125E-004
   10.0821114369501       2.231563544822029E-004
   10.0997067448680       2.279970299939193E-004
   10.1173020527859       2.290921950267840E-004
   10.1348973607038       2.337857627434501E-004
   10.1524926686217       2.347921907639332E-004
   10.1700879765396       2.393701478055655E-004
   10.1876832844575       2.403197657908307E-004
   10.2052785923754       2.448066514081594E-004
   10.2228739002933       2.456980168406649E-004
   10.2404692082111       2.500512160696866E-004
   10.2580645161290       2.508279272286897E-004
   10.2756598240469       2.550126297233841E-004
   10.2932551319648       2.556650452191456E-004
   10.3108504398827       2.596878002790133E-004
   10.3284457478006       2.602355107513878E-004
   10.3460410557185       2.641253108396846E-004
   10.3636363636364       2.646049031283245E-004
   10.3812316715543       2.684022856742043E-004
   10.3988269794721       2.688545560823006E-004
   10.4164222873900       2.725843498014827E-004
   10.4340175953079       2.729820274080109E-004
   10.4516129032258       2.765615916474330E-004
   10.4692082111437       2.768190958177072E-004
   10.4868035190616       2.801905445293057E-004
   10.5043988269795       2.802755116021660E-004
   10.5219941348974       2.834272958648542E-004
   10.5395894428153       2.833474549004905E-004
   10.5571847507331       2.863050762693237E-004
   10.5747800586510       2.861036586744654E-004
   10.5923753665689       2.889276651881351E-004
   10.6099706744868       2.886825744266230E-004
   10.6275659824047       2.914398978119466E-004
   10.6451612903226       2.911540215606985E-004
   10.6627565982405       2.937815088632999E-004
   10.6803519061584       2.933755534710631E-004
   10.6979472140762       2.958046357958171E-004
   10.7155425219941       2.952238490466784E-004
   10.7331378299120       2.974146101803601E-004
   10.7507331378299       2.966357867437277E-004
   10.7683284457478       2.985834218639209E-004
   10.7859237536657       2.976234649040022E-004
   10.8035190615836       2.993726400421995E-004
   10.8211143695015       2.983070056321482E-004
   10.8387096774194       2.999279053280987E-004
   10.8563049853372       2.987685094441357E-004
   10.8739002932551       3.002200835176153E-004
   10.8914956011730       2.989101437247396E-004
   10.9090909090909       3.001348548505818E-004
   10.9266862170088       2.986212883571801E-004
   10.9442815249267       2.995745356631005E-004
   10.9618768328446       2.978250500024926E-004
   10.9794721407625       2.984918096877951E-004
   10.9970674486804       2.965160153140530E-004
   11.0146627565982       2.969485832082611E-004
   11.0322580645161       2.948503829258692E-004
   11.0498533724340       2.951536463058177E-004
   11.0674486803519       2.929836212621895E-004
   11.0850439882698       2.931607170833889E-004
   11.1026392961877       2.908986737417781E-004
   11.1202346041056       2.909164807239191E-004
   11.1378299120235       2.885220313146637E-004
   11.1554252199413       2.883372315365463E-004
   11.1730205278592       2.857685982440389E-004
   11.1906158357771       2.853461826630443E-004
   11.2082111436950       2.825869182813397E-004
   11.2258064516129       2.819557932656209E-004
   11.2434017595308       2.790837476123121E-004
   11.2609970674487       2.783220193421002E-004
   11.2785923753666       2.753777343942555E-004
   11.2961876832845       2.744943336548574E-004
   11.3137829912023       2.714661676470621E-004
   11.3313782991202       2.704335913377916E-004
   11.3489736070381       2.672814407749610E-004
   11.3665689149560       2.660497853265861E-004
   11.3841642228739       2.627166181046437E-004
   11.4017595307918       2.612261201073817E-004
   11.4193548387097       2.576706705596587E-004
   11.4369501466276       2.559511288388915E-004
   11.4545454545455       2.522842222796514E-004
   11.4721407624633       2.504651785682171E-004
   11.4897360703812       2.467941585571921E-004
   11.5073313782991       2.449610900824860E-004
   11.5249266862170       2.413514774404991E-004
   11.5425219941349       2.395510977025179E-004
   11.5601173020528       2.360302881437656E-004
   11.5777126099707       2.342698007164899E-004
   11.5953079178886       2.308218054002367E-004
   11.6129032258065       2.290562736169536E-004
   11.6304985337243       2.256230807420194E-004
   11.6480938416422       2.238345603792641E-004
   11.6656891495601       2.204579315441620E-004
   11.6832844574780       2.187172575447160E-004
   11.7008797653959       2.154725283491718E-004
   11.7184750733138       2.138535973483954E-004
   11.7360703812317       2.108092756977939E-004
   11.7536656891496       2.093726881414032E-004
   11.7712609970675       2.065773513619093E-004
   11.7888563049853       2.053554568868123E-004
   11.8064516129032       2.028133589566868E-004
   11.8240469208211       2.017625443279500E-004
   11.8416422287390       1.993924053358505E-004
   11.8592375366569       1.984519910570200E-004
   11.8768328445748       1.962432099146292E-004
   11.8944281524927       1.954367539917272E-004
   11.9120234604106       1.934318291481624E-004
   11.9296187683284       1.928160457590894E-004
   11.9472140762463       1.910810786850010E-004
   11.9648093841642       1.907290473350039E-004
   11.9824046920821       1.893395297145417E-004
   12.0000000000000       1.893242806905219E-004
   12.0175953079179       1.883268274082940E-004
   12.0351906158358       1.886154264481711E-004
   12.0527859237537       1.878928295809295E-004
   12.0703812316716       1.883589098993613E-004
   12.0879765395894       1.878188843460475E-004
   12.1055718475073       1.884023095601654E-004
   12.1231671554252       1.880116195984673E-004
   12.1407624633431       1.887050754615936E-004
   12.1583577712610       1.884809096268363E-004
   12.1759530791789       1.893272991612742E-004
   12.1935483870968       1.893385026230764E-004
   12.2111436950147       1.904340676254986E-004
   12.2287390029326       1.907662296200407E-004
   12.2463343108504       1.921191718276360E-004
   12.2639296187683       1.927052978175776E-004
   12.2815249266862       1.942391251949735E-004
   12.2991202346041       1.950266716375680E-004
   12.3167155425220       1.967201405249600E-004
   12.3343108504399       1.977235166544301E-004
   12.3519061583578       1.996345912469248E-004
   12.3695014662757       2.009637203968828E-004
   12.3870967741935       2.032698252520977E-004
   12.4046920821114       2.052008161299986E-004
   12.4222873900293       2.082879742599518E-004
   12.4398826979472       2.111410093466955E-004
   12.4574780058651       2.150247330614422E-004
   12.4750733137830       2.185422505584823E-004
   12.4926686217009       2.228582092254362E-004
   12.5102639296188       2.266331481866486E-004
   12.5278592375367       2.309551065120900E-004
   12.5454545454545       2.345592046885679E-004
   12.5630498533724       2.384740375715026E-004
   12.5806451612903       2.415288878560828E-004
   12.5982404692082       2.447239763195289E-004
   12.6158357771261       2.470702554993386E-004
   12.6334310850440       2.496969546090583E-004
   12.6510263929619       2.517383050195887E-004
   12.6686217008798       2.541832791193943E-004
   12.6862170087977       2.561849463169496E-004
   12.7038123167155       2.586487454277535E-004
   12.7214076246334       2.607929294585460E-004
   12.7390029325513       2.634823455748340E-004
   12.7565982404692       2.660438958836012E-004
   12.7741935483871       2.693746262648444E-004
   12.7917888563050       2.730143086978212E-004
   12.8093841642229       2.782093913397966E-004
   12.8269794721408       2.852112376930296E-004
   12.8445747800587       2.951139010365999E-004
   12.8621700879765       3.073687884586828E-004
   12.8797653958944       3.223284537078843E-004
   12.8973607038123       3.390406411941126E-004
   12.9149560117302       3.573775208039900E-004
   12.9325513196481       3.760379316275647E-004
   12.9501466275660       3.944152480108134E-004
   12.9677419354839       4.108010920735265E-004
   12.9853372434018       4.239875605768643E-004
   13.0029325513196       4.315595168507868E-004
   13.0205278592375       4.324133826147711E-004
   13.0381231671554       4.282185724220880E-004
   13.0557184750733       4.223900562954339E-004
   13.0733137829912       4.177957687057838E-004
   13.0909090909091       4.179476351169810E-004
   13.1085043988270       4.257177848517597E-004
   13.1260997067449       4.443882440110225E-004
   13.1436950146628       4.765019789628168E-004
   13.1612903225806       5.247674023394740E-004
   13.1788856304985       5.908108493556910E-004
   13.1964809384164       6.758424508851881E-004
   13.2140762463343       7.766691194339126E-004
   13.2316715542522       8.811743053408297E-004
   13.2492668621701       9.773603105536130E-004
   13.2668621700880       1.055503353528406E-003
   13.2844574780059       1.107653622197900E-003
   13.3020527859238       1.127139165598103E-003
   13.3196480938416       1.108886784818625E-003
   13.3372434017595       1.049119454798468E-003
   13.3548387096774       9.459505757563624E-004
   13.3724340175953       7.994243759308397E-004
   13.3900293255132       6.125238138309004E-004
   13.4076246334311       3.943771804387375E-004
   13.4252199413490       1.659500658667330E-004
   13.4428152492669      -5.324054337855438E-005
   13.4604105571848      -2.509087982135698E-004
   13.4780058651026      -4.182754062414276E-004
   13.4956011730205      -5.491402273260904E-004
   13.5131964809384      -6.400205745103297E-004
   13.5307917888563      -6.891900818979039E-004
   13.5483870967742      -6.977951499768909E-004
   13.5659824046921      -6.687571297654648E-004
   13.5835777126100      -6.089225558491291E-004
   13.6011730205279      -5.287893523904483E-004
   13.6187683284457      -4.477175619919412E-004
   13.6363636363636      -3.802194560175874E-004
   13.6539589442815      -3.312448363406915E-004
   13.6715542521994      -3.026703577341845E-004
   13.6891495601173      -2.937589449262078E-004
   13.7067448680352      -3.022030089125453E-004
   13.7243401759531      -3.242387830796795E-004
   13.7419354838710      -3.547691921107701E-004
   13.7595307917889      -3.876477815790356E-004
   13.7771260997067      -4.152909705054070E-004
   13.7947214076246      -4.290627419810433E-004
   13.8123167155425      -4.187769687841135E-004
   13.8299120234604      -3.832820415180785E-004
   13.8475073313783      -3.284391552790905E-004
   13.8651026392962      -2.609112836557702E-004
   13.8826979472141      -1.871288503768046E-004
   13.9002932551320      -1.135211436364016E-004
   13.9178885630499      -4.595773097344661E-005
   13.9354838709677       9.954830844056933E-006
   13.9530791788856       4.947120327250308E-005
   13.9706744868035       6.852907179609351E-005
   13.9882697947214       6.454170876265451E-005
   14.0058651026393       3.762510155748211E-005
   14.0234604105572      -4.004271120874980E-006
   14.0410557184751      -4.911271055272176E-005
   14.0586510263930      -9.058608097325534E-005
   14.0762463343109      -1.230767384665659E-004
   14.0938416422287      -1.429894523383028E-004
   14.1114369501466      -1.479496993570668E-004
   14.1290322580645      -1.368871594819909E-004
   14.1466275659824      -1.099355076690238E-004
   14.1642228739003      -6.854172270438808E-005
   14.1818181818182      -1.577562387569217E-005
   14.1994134897361       4.321433011973182E-005
   14.2170087976540       9.943556440097843E-005
   14.2346041055718       1.457816120178541E-004
   14.2521994134897       1.805281101707255E-004
   14.2697947214076       2.028695806212531E-004
   14.2873900293255       2.137625455173480E-004
   14.3049853372434       2.140792374168381E-004
   14.3225806451613       2.059824013343350E-004
   14.3401759530792       1.912674550015678E-004
   14.3577712609971       1.728943509867219E-004
   14.3753665689150       1.532812642203030E-004
   14.3929618768328       1.360076896160087E-004
   14.4105571847507       1.237982557312127E-004
   14.4281524926686       1.177466671278617E-004
   14.4457478005865       1.158670555441063E-004
   14.4633431085044       1.173699920827914E-004
   14.4809384164223       1.204764754058770E-004
   14.4985337243402       1.247951508252159E-004
   14.5161290322581       1.288201572864991E-004
   14.5337243401760       1.325785387523065E-004
   14.5513196480938       1.348640808424753E-004
   14.5689149560117       1.361864531751626E-004
   14.5865102639296       1.357418483276423E-004
   14.6041055718475       1.347985421476470E-004
   14.6217008797654       1.332789164072134E-004
   14.6392961876833       1.322916032026327E-004
   14.6568914956012       1.304301933477442E-004
   14.6744868035191       1.282269481597491E-004
   14.6920821114370       1.239749331597621E-004
   14.7096774193548       1.181920956923920E-004
   14.7272727272727       1.090480078496689E-004
   14.7448680351906       9.718626144737022E-005
   14.7624633431085       8.074878404243491E-005
   14.7800586510264       6.063631870210673E-005
   14.7976539589443       3.512739118969460E-005
   14.8152492668622       5.962377172138378E-006
   14.8328445747801      -2.710610936053937E-005
   14.8504398826979      -6.143559123014227E-005
   14.8680351906158      -9.780782923706518E-005
   14.8856304985337      -1.338759027949654E-004
   14.9032258064516      -1.708297709369292E-004
   14.9208211143695      -2.064135248672904E-004
   14.9384164222874      -2.421383034431545E-004
   14.9560117302053      -2.757818119164363E-004
   14.9736070381232      -3.091538607413503E-004
   14.9912023460411      -3.400545761234479E-004
   15.0087976539589      -3.706797900637395E-004
   15.0263929618768      -3.995778155793191E-004
   15.0439882697947      -4.303328794876762E-004
   15.0615835777126      -4.617846349103951E-004
   15.0791788856305      -4.975508790343793E-004
   15.0967741935484      -5.362228236455175E-004
   15.1143695014663      -5.814643574458698E-004
   15.1319648093842      -6.315736784667348E-004
   15.1495601173021      -6.901772681052450E-004
   15.1671554252199      -7.551261568054922E-004
   15.1847507331378      -8.297318009916261E-004
   15.2023460410557      -9.107278039056618E-004
   15.2199413489736      -9.974416448300868E-004
   15.2375366568915      -1.078003478578857E-003
   15.2551319648094      -1.148392658014694E-003
   15.2727272727273      -1.198792686474342E-003
   15.2903225806452      -1.227403499792664E-003
   15.3079178885631      -1.226149970269393E-003
   15.3255131964809      -1.195292917720503E-003
   15.3431085043988      -1.128751467764187E-003
   15.3607038123167      -1.029436896516236E-003
   15.3782991202346      -8.945384576978745E-004
   15.3958944281525      -7.318528605659901E-004
   15.4134897360704      -5.499958557400549E-004
   15.4310850439883      -3.787775726842467E-004
   15.4486803519062      -2.336847886846706E-004
   15.4662756598240      -1.340337307580994E-004
   15.4838709677419      -8.526840314320023E-005
   15.5014662756598      -9.986826154481967E-005
   15.5190615835777      -1.766504975136800E-004
   15.5366568914956      -3.219703409970756E-004
   15.5542521994135      -5.275735292379518E-004
   15.5718475073314      -7.919266946037291E-004
   15.5894428152493      -1.096252884473867E-003
   15.6070381231672      -1.420572671764388E-003
   15.6246334310850      -1.714235452270452E-003
   15.6422287390029      -1.948185236125180E-003
   15.6598240469208      -2.098232955586916E-003
   15.6774193548387      -2.159923969147433E-003
   15.6950146627566      -2.122410499095073E-003
   15.7126099706745      -1.993511352590951E-003
   15.7302052785924      -1.772347379587221E-003
   15.7478005865103      -1.477864053738380E-003
   15.7653958944282      -1.119911587693283E-003
   15.7829912023460      -7.316556030714079E-004
   15.8005865102639      -3.412788466334770E-004
   15.8181818181818      -1.280417367654897E-005
   15.8357771260997       2.225073781768542E-004
   15.8533724340176       3.466622466901970E-004
   15.8709677419355       3.658250124000312E-004
   15.8885630498534       2.785037477346560E-004
   15.9061583577713       1.039003138619282E-004
   15.9237536656892      -1.501610129409714E-004
   15.9413489736070      -4.547838511477680E-004
   15.9589442815249      -7.940473960364431E-004
   15.9765395894428      -1.129113438456607E-003
   15.9941348973607      -1.434067452034774E-003
   16.0117302052786      -1.654723666452466E-003
   16.0293255131965      -1.779054143054938E-003
   16.0469208211144      -1.805286807585913E-003
   16.0645161290323      -1.758121889429959E-003
   16.0821114369501      -1.644629872143298E-003
   16.0997067448680      -1.494202319269976E-003
   16.1173020527859      -1.316059160109302E-003
   16.1348973607038      -1.141712673986069E-003
   16.1524926686217      -9.806897247526152E-004
   16.1700879765396      -8.651293341205544E-004
   16.1876832844575      -8.032223187634043E-004
   16.2052785923754      -8.245382087794001E-004
   16.2228739002933      -9.154930236726318E-004
   16.2404692082111      -1.065578876909746E-003
   16.2580645161290      -1.242201560350567E-003
   16.2756598240469      -1.441191368444500E-003
   16.2932551319648      -1.634313399762033E-003
   16.3108504398827      -1.822449750090847E-003
   16.3284457478006      -1.980690710118348E-003
   16.3460410557185      -2.114692153189873E-003
   16.3636363636364      -2.203135294356515E-003
   16.3812316715543      -2.257547434681963E-003
   16.3988269794721      -2.262534802896485E-003
   16.4164222873900      -2.243425799974873E-003
   16.4340175953079      -2.199423689800729E-003
   16.4516129032258      -2.154693364252928E-003
   16.4692082111437      -2.097535464103012E-003
   16.4868035190616      -2.047158440076520E-003
   16.5043988269795      -1.987349010477313E-003
   16.5219941348974      -1.935401538553897E-003
   16.5395894428153      -1.871996942654424E-003
   16.5571847507331      -1.813311345756865E-003
   16.5747800586510      -1.737337053689979E-003
   16.5923753665689      -1.659325036764733E-003
   16.6099706744868      -1.554494215922638E-003
   16.6275659824047      -1.442509561705581E-003
   16.6451612903226      -1.307345883787637E-003
   16.6627565982405      -1.175141248785775E-003
   16.6803519061584      -1.029172757378499E-003
   16.6979472140762      -8.961990790151225E-004
   16.7155425219941      -7.579691075572421E-004
   16.7331378299120      -6.415984446626182E-004
   16.7507331378299      -5.269270729017907E-004
   16.7683284457478      -4.410782104180328E-004
   16.7859237536657      -3.612880619617059E-004
   16.8035190615836      -3.132942626638932E-004
   16.8211143695015      -2.668356898384080E-004
   16.8387096774194      -2.415878775974366E-004
   16.8563049853372      -2.066104758863600E-004
   16.8739002932551      -1.870590159303391E-004
   16.8914956011730      -1.532448735961127E-004
   16.9090909090909      -1.338669156472624E-004
   16.9266862170088      -9.970705629702708E-005
   16.9442815249267      -8.286168056562389E-005
   16.9618768328446      -5.462107753243380E-005
   16.9794721407625      -5.113344626618711E-005
   16.9970674486804      -4.528267254659510E-005
   17.0146627565982      -8.053973445894064E-005
   17.0322580645161      -1.294229060077083E-004
   17.0498533724340      -2.275850293430029E-004
   17.0674486803519      -3.367883283415123E-004
   17.0850439882698      -4.904226281842041E-004
   17.1026392961877      -6.455252545202886E-004
   17.1202346041056      -8.352221867467782E-004
   17.1378299120235      -1.012366219410119E-003
   17.1554252199413      -1.210216503514768E-003
   17.1730205278592      -1.377165936327116E-003
   17.1906158357771      -1.546298129810030E-003
   17.2082111436950      -1.659812365635565E-003
   17.2258064516129      -1.755980778948907E-003
   17.2434017595308      -1.790210090335056E-003
   17.2609970674487      -1.817128292712192E-003
   17.2785923753666      -1.792892802588423E-003
   17.2961876832845      -1.776565391306285E-003
   17.3137829912023      -1.722186632133600E-003
   17.3313782991202      -1.692785765487072E-003
   17.3489736070381      -1.639437599880752E-003
   17.3665689149560      -1.629109938501369E-003
   17.3841642228739      -1.609164471358099E-003
   17.4017595307918      -1.650370105164232E-003
   17.4193548387097      -1.690930494538638E-003
   17.4369501466276      -1.790152246762884E-003
   17.4545454545455      -1.869544882038791E-003
   17.4721407624633      -1.993347313413941E-003
   17.4897360703812      -2.079032528239249E-003
   17.5073313782991      -2.197732178668816E-003
   17.5249266862170      -2.261925215237681E-003
   17.5425219941349      -2.350422125607073E-003
   17.5601173020528      -2.369945532070196E-003
   17.5777126099707      -2.408332307288280E-003
   17.5953079178886      -2.366092490122852E-003
   17.6129032258065      -2.343984302963546E-003
   17.6304985337243      -2.243020866648164E-003
   17.6480938416422      -2.181311032073478E-003
   17.6656891495601      -2.047553675512881E-003
   17.6832844574780      -1.969947296131787E-003
   17.7008797653959      -1.822221899856338E-003
   17.7184750733138      -1.746680984637123E-003
   17.7360703812317      -1.599403002713654E-003
   17.7536656891496      -1.540876903256178E-003
   17.7712609970675      -1.405194527862160E-003
   17.7888563049853      -1.376488491215308E-003
   17.8064516129032      -1.259985132501114E-003
   17.8240469208211      -1.270439285615682E-003
   17.8416422287390      -1.173681250609262E-003
   17.8592375366569      -1.231160664011351E-003
   17.8768328445748      -1.155227578789413E-003
   17.8944281524927      -1.278170858782221E-003
   17.9120234604106      -1.227316335164023E-003
   17.9296187683284      -1.456018513081368E-003
   17.9472140762463      -1.438343069951685E-003
   17.9648093841642      -1.888149949179240E-003
   17.9824046920821      -1.921875280303558E-003
   18.0000000000000      -3.360867321248052E-003
