  0.000000000000000E+000  3.221943784492483E-003
  1.759530791788856E-002  1.595952601511750E-003
  3.519061583577713E-002  1.676410394782789E-003
  5.278592375366570E-002  1.169356860936158E-003
  7.038123167155426E-002  1.232084936702669E-003
  8.797653958944282E-002  9.422781788602900E-004
  0.105571847507331       9.948033604600314E-004
  0.123167155425220       7.955035531827370E-004
  0.140762463343109       8.409771709313726E-004
  0.158357771260997       6.905838936422481E-004
  0.175953079178886       7.307062040581582E-004
  0.193548387096774       6.105814880777668E-004
  0.211143695014663       6.464026461278995E-004
  0.228739002932551       5.466811272006984E-004
  0.246334310850440       5.790141122219101E-004
  0.263929618768328       4.940048038626086E-004
  0.281524926686217       5.235382342416140E-004
  0.299120234604106       4.496799646199107E-004
  0.316715542521994       4.769699085803108E-004
  0.334310850439883       4.119125939271511E-004
  0.351906158357771       4.374278572049839E-004
  0.369501466275660       3.795665973886602E-004
  0.387096774193548       4.037186013779748E-004
  0.404692082111437       3.519368444774780E-004
  0.422287390029326       3.750895788084700E-004
  0.439882697947214       3.285215934904667E-004
  0.457478005865103       3.508394309987506E-004
  0.475073313782991       3.086823546157472E-004
  0.492668621700880       3.302253040296845E-004
  0.510263929618768       2.918113835918166E-004
  0.527859237536657       3.126019138437152E-004
  0.545454545454546       2.773666788565972E-004
  0.563049853372434       2.973957973663707E-004
  0.580645161290323       2.648477008509618E-004
  0.598240469208211       2.840741865508225E-004
  0.615835777126100       2.537591779387459E-004
  0.633431085043988       2.720645930961383E-004
  0.651026392961877       2.434838398955245E-004
  0.668621700879765       2.606737195559146E-004
  0.686217008797654       2.333632313876605E-004
  0.703812316715543       2.492527107371964E-004
  0.721407624633431       2.227954621743203E-004
  0.739002932551320       2.372028339352527E-004
  0.756598240469208       2.112159277842925E-004
  0.774193548387097       2.239599507916106E-004
  0.791788856304985       1.980871202731856E-004
  0.809384164222874       2.089896554830486E-004
  0.826979472140763       1.829881906245387E-004
  0.844574780058651       1.921988361895069E-004
  0.862170087976540       1.663181097611804E-004
  0.879765395894428       1.743017788962997E-004
  0.897360703812317       1.488928140446555E-004
  0.914956011730205       1.561198694786549E-004
  0.932551319648094       1.315495388573378E-004
  0.950146627565982       1.384930073817666E-004
  0.967741935483871       1.151426151843447E-004
  0.985337243401760       1.222791636997921E-004
   1.00293255131965       1.005444462397507E-004
   1.02052785923754       1.082982012692556E-004
   1.03812316715543       8.826875919351689E-005
   1.05571847507331       9.643304078353499E-005
   1.07331378299120       7.764275731732528E-005
   1.09090909090909       8.579587536794937E-005
   1.10850439882698       6.776206159758152E-005
   1.12609970674487       7.548385876718040E-005
   1.14369501466276       5.773298965356377E-005
   1.16129032258065       6.460904432177939E-005
   1.17888563049853       4.668144012406611E-005
   1.19648093841642       5.231138555162601E-005
   1.21407624633431       3.380226503056388E-005
   1.23167155425220       3.807745373245608E-005
   1.24926686217009       1.929301641566861E-005
   1.26686217008798       2.286481358017967E-005
   1.28445747800587       4.463056100086349E-006
   1.30205278592375       8.005416859536485E-006
   1.31964809384164      -9.394767528013216E-006
   1.33724340175953      -5.245521743956205E-006
   1.35483870967742      -2.106015181326537E-005
   1.37243401759531      -1.570889131777736E-005
   1.39002932551320      -2.940050090924146E-005
   1.40762463343109      -2.232669156524947E-005
   1.42521994134897      -3.363562934259845E-005
   1.44281524926686      -2.509034723863690E-005
   1.46041055718475      -3.478269804864487E-005
   1.47800586510264      -2.563160823207389E-005
   1.49560117302053      -3.455474962479566E-005
   1.51319648093842      -2.558474815115769E-005
   1.53079178885631      -3.451717685849337E-005
   1.54838709677419      -2.645428894906499E-005
   1.56598240469208      -3.611264057840147E-005
   1.58357771260997      -2.961707368501892E-005
   1.60117302052786      -4.063522915745083E-005
   1.61876832844575      -3.616463519895979E-005
   1.63636363636364      -4.851580236611430E-005
   1.65395894428153      -4.537458737468974E-005
   1.67155425219941      -5.809728606420544E-005
   1.68914956011730      -5.532298711504696E-005
   1.70674486803519      -6.751292054994687E-005
   1.72434017595308      -6.421696066869703E-005
   1.74193548387097      -7.502893794601609E-005
   1.75953079178886      -7.037724727602174E-005
   1.77712609970675      -7.901958733935332E-005
   1.79472140762463      -7.223761606782172E-005
   1.81231671554252      -7.802097734511993E-005
   1.82991202346041      -6.876964147190284E-005
   1.84750733137830      -7.206939862345907E-005
   1.86510263929619      -6.122184513293660E-005
   1.88269794721408      -6.302610626935137E-005
   1.90029325513196      -5.153170401704285E-005
   1.91788856304985      -5.278384080168405E-005
   1.93548387096774      -4.156059992957867E-005
   1.95307917888563      -4.317833645166988E-005
   1.97067448680352      -3.312277622483001E-005
   1.98826979472141      -3.600356521275080E-005
   2.00586510263930      -2.799024377660464E-005
   2.02346041055718      -3.286891996708904E-005
   2.04105571847507      -2.713702928534339E-005
   2.05865102639296      -3.369502399853683E-005
   2.07624633431085      -2.967488651876557E-005
   2.09384164222874      -3.733203757824122E-005
   2.11143695014663      -3.443045904085865E-005
   2.12903225806452      -4.259705461278115E-005
   2.14662756598241      -4.020907447322408E-005
   2.16422287390029      -4.828009153842599E-005
   2.18181818181818      -4.578111694620693E-005
   2.19941348973607      -5.312307231472188E-005
   2.21700879765396      -4.986812525087217E-005
   2.23460410557185      -5.598550850535095E-005
   2.25219941348974      -5.178480147232798E-005
   2.26979472140762      -5.673382647242523E-005
   2.28739002932551      -5.171266213160164E-005
   2.30498533724340      -5.565276828172612E-005
   2.32258064516129      -4.998584031552896E-005
   2.34017595307918      -5.311892936049022E-005
   2.35777126099707      -4.702235772952429E-005
   2.37536656891496      -4.959411257159678E-005
   2.39296187683284      -4.333519172338793E-005
   2.41055718475073      -4.566134910614392E-005
   2.42815249266862      -3.958277275247869E-005
   2.44574780058651      -4.196100765146545E-005
   2.46334310850440      -3.623675072321944E-005
   2.48093841642229      -3.875970673699221E-005
   2.49853372434018      -3.343583673256065E-005
   2.51612903225806      -3.612764816808428E-005
   2.53372434017595      -3.119935637808975E-005
   2.55131964809384      -3.403848065058926E-005
   2.56891495601173      -2.945637634379719E-005
   2.58651026392962      -3.237302287885100E-005
   2.60410557184751      -2.802761925568298E-005
   2.62170087976540      -3.086752341017116E-005
   2.63929618768328      -2.657405131750701E-005
   2.65689149560117      -2.920358420453827E-005
   2.67448680351906      -2.489664775299212E-005
   2.69208211143695      -2.729891826982510E-005
   2.70967741935484      -2.298267834724869E-005
   2.72727272727273      -2.518680945483030E-005
   2.74486803519062      -2.090405343423608E-005
   2.76246334310850      -2.297471789193563E-005
   2.78005865102639      -1.880464784304627E-005
   2.79765395894428      -2.084760297401558E-005
   2.81524926686217      -1.692091461919320E-005
   2.83284457478006      -1.906881597664996E-005
   2.85043988269795      -1.543684964267937E-005
   2.86803519061584      -1.765179724234102E-005
   2.88563049853372      -1.422624189983540E-005
   2.90322580645161      -1.640429366359653E-005
   2.92082111436950      -1.306388812584373E-005
   2.93841642228739      -1.507627803712404E-005
   2.95601173020528      -1.167837602610579E-005
   2.97360703812317      -1.337582802163130E-005
   2.99120234604106      -9.756379833611661E-006
   3.00879765395894      -1.096371680567498E-005
   3.02639296187683      -6.948521559597534E-006
   3.04398826979472      -7.557843131125758E-006
   3.06158357771261      -3.123488897149654E-006
   3.07917888563050      -3.162277478761619E-006
   3.09677419354839       1.653168367003521E-006
   3.11436950146628       2.135644018454869E-006
   3.13196480938416       7.279542071934972E-006
   3.14956011730205       8.221622080778452E-006
   3.16715542521994       1.362959657211075E-005
   3.18475073313783       1.495749973003858E-005
   3.20234604105572       2.055067973830016E-005
   3.21994134897361       2.216039632117432E-005
   3.23753665689150       2.778097793744871E-005
   3.25513196480938       2.944895668570165E-005
   3.27272727272727       3.485506331179067E-005
   3.29032258064516       3.634199036415507E-005
   3.30791788856305       4.130259384028518E-005
   3.32551319648094       4.237875788755579E-005
   3.34310850439883       4.667032517598459E-005
   3.36070381231672       4.711264817614532E-005
   3.37829912023460       5.051805997509870E-005
   3.39589442815249       5.011050281774823E-005
   3.41348973607038       5.243222150915609E-005
   3.43108504398827       5.108556538323792E-005
   3.44868035190616       5.245608882583571E-005
   3.46627565982405       5.045892573546173E-005
   3.48387096774194       5.120341594490336E-005
   3.50146627565982       4.887384655316503E-005
   3.51906158357771       4.930904625676990E-005
   3.53665689149560       4.695765003441534E-005
   3.55425219941349       4.739261797886915E-005
   3.57184750733138       4.532138927771924E-005
   3.58944281524927       4.605455474081722E-005
   3.60703812316716       4.454855410994829E-005
   3.62463343108504       4.580065641579492E-005
   3.64222873900293       4.490880261154539E-005
   3.65982404692082       4.656577960420719E-005
   3.67741935483871       4.612194393950927E-005
   3.69501466275660       4.803013009741816E-005
   3.71260997067449       4.788822464793230E-005
   3.73020527859238       4.991236048925285E-005
   3.74780058651026       4.994316383835589E-005
   3.76539589442815       5.196478448244901E-005
   3.78299120234604       5.205751423914073E-005
   3.80058651026393       5.398090405714544E-005
   3.81818181818182       5.406452429744860E-005
   3.83577712609971       5.587419846794824E-005
   3.85337243401760       5.597759528081592E-005
   3.87096774193548       5.770719476625248E-005
   3.88856304985337       5.784487693946318E-005
   3.90615835777126       5.949775848398020E-005
   3.92375366568915       5.966049040972634E-005
   3.94134897360704       6.121974393616150E-005
   3.95894428152493       6.137878917269686E-005
   3.97653958944282       6.280652548163369E-005
   3.99413489736070       6.290821854821075E-005
   4.01173020527859       6.412944528873268E-005
   4.02932551319648       6.405984548931307E-005
   4.04692082111437       6.494279271178742E-005
   4.06451612903226       6.458942616533401E-005
   4.08211143695015       6.505708189144905E-005
   4.09970674486804       6.436398639317971E-005
   4.11730205278592       6.437903112073423E-005
   4.13489736070381       6.332210850219757E-005
   4.15249266862170       6.287705280531359E-005
   4.17008797653959       6.146279744987927E-005
   4.18768328445748       6.058439920254477E-005
   4.20527859237537       5.886433460573315E-005
   4.22287390029326       5.765930790202138E-005
   4.24046920821114       5.581136759129991E-005
   4.25806451612903       5.449048392243784E-005
   4.27565982404692       5.269907162891708E-005
   4.29325513196481       5.141798674371582E-005
   4.31085043988270       4.981709070656212E-005
   4.32844574780059       4.869514354475243E-005
   4.34604105571848       4.738763033363832E-005
   4.36363636363636       4.651467200509950E-005
   4.38123167155425       4.557243288688956E-005
   4.39882697947214       4.500166875901691E-005
   4.41642228739003       4.443721867234822E-005
   4.43401759530792       4.410392941686078E-005
   4.45161290322581       4.377906947031515E-005
   4.46920821114370       4.354125028649985E-005
   4.48680351906158       4.334032686256725E-005
   4.50439882697947       4.310639284407252E-005
   4.52199413489736       4.295369337329368E-005
   4.53958944281525       4.266535920843844E-005
   4.55718475073314       4.251677801277652E-005
   4.57478005865103       4.214885021027587E-005
   4.59237536656892       4.199831366973699E-005
   4.60997067448680       4.157821854273591E-005
   4.62756598240469       4.149329014302938E-005
   4.64516129032258       4.109724158496680E-005
   4.66275659824047       4.110557864793409E-005
   4.68035190615836       4.071059834568598E-005
   4.69794721407625       4.075797217672355E-005
   4.71554252199414       4.029190165548741E-005
   4.73313782991202       4.028835102620204E-005
   4.75073313782991       3.964794975547602E-005
   4.76832844574780       3.947402850090470E-005
   4.78592375366569       3.852534454665937E-005
   4.80351906158358       3.802495643770899E-005
   4.82111436950147       3.659585381388919E-005
   4.83870967741935       3.562763968364484E-005
   4.85630498533724       3.366894341975356E-005
   4.87390029325513       3.225567519218817E-005
   4.89149560117302       2.981978742177094E-005
   4.90909090909091       2.802660512636274E-005
   4.92668621700880       2.519150353030803E-005
   4.94428152492669       2.310521641007142E-005
   4.96187683284458       1.996945112805518E-005
   4.97947214076246       1.769879076935979E-005
   4.99706744868035       1.438707506961294E-005
   5.01466275659824       1.207857363136999E-005
   5.03225806451613       8.760473142054415E-006
   5.04985337243402       6.567584415556077E-006
   5.06744868035191       3.354107192461334E-006
   5.08504398826980       1.352739138742662E-006
   5.10263929618768      -1.697653731907250E-006
   5.12023460410557      -3.464401118648611E-006
   5.13782991202346      -6.319524642838706E-006
   5.15542521994135      -7.832550498153207E-006
   5.17302052785924      -1.048415289188398E-005
   5.19061583577713      -1.175026901785085E-005
   5.20821114369502      -1.422311371097949E-005
   5.22580645161290      -1.529457595625852E-005
   5.24340175953079      -1.765073198689865E-005
   5.26099706744868      -1.857091144010950E-005
   5.27859237536657      -2.082506736192608E-005
   5.29618768328446      -2.159451286808251E-005
   5.31378299120235      -2.373690053705987E-005
   5.33137829912024      -2.434004267494816E-005
   5.34897360703812      -2.634772336573809E-005
   5.36656891495601      -2.675704431408392E-005
   5.38416422287390      -2.859491759144510E-005
   5.40175953079179      -2.876844696525754E-005
   5.41935483870968      -3.038693363327626E-005
   5.43695014662757      -3.029752930294294E-005
   5.45454545454546      -3.172333209499999E-005
   5.47214076246334      -3.144377014061693E-005
   5.48973607038123      -3.276570429203431E-005
   5.50733137829912      -3.239470233102726E-005
   5.52492668621701      -3.371752589796702E-005
   5.54252199413490      -3.336786392049492E-005
   5.56011730205279      -3.481007251250728E-005
   5.57771260997067      -3.460916221458195E-005
   5.59530791788856      -3.630623069252126E-005
   5.61290322580645      -3.640095941782954E-005
   5.63049853372434      -3.847139973903352E-005
   5.64809384164223      -3.888716746395744E-005
   5.66568914956012      -4.126286010454368E-005
   5.68328445747801      -4.189693247218798E-005
   5.70087976539589      -4.446577287089636E-005
   5.71847507331378      -4.520256326248059E-005
   5.73607038123167      -4.784458059406969E-005
   5.75366568914956      -4.856300785265198E-005
   5.77126099706745      -5.115440738137766E-005
   5.78885630498534      -5.173088511397545E-005
   5.80645161290323      -5.414714481421447E-005
   5.82404692082111      -5.447619161534495E-005
   5.84164222873900      -5.666724301470265E-005
   5.85923753665689      -5.676241311065771E-005
   5.87683284457478      -5.876463193486422E-005
   5.89442815249267      -5.866352436429443E-005
   5.91202346041056      -6.051257788612471E-005
   5.92961876832845      -6.025160431476802E-005
   5.94721407624634      -6.198287487949657E-005
   5.96480938416422      -6.159904422892889E-005
   5.98240469208211      -6.324960592477077E-005
   6.00000000000000      -6.278327010743395E-005
   6.01759530791789      -6.439415308479445E-005
   6.03519061583578      -6.387583177883772E-005
   6.05278592375367      -6.544725763321520E-005
   6.07038123167156      -6.485440632933625E-005
   6.08797653958944      -6.635435663210854E-005
   6.10557184750733      -6.565300677878561E-005
   6.12316715542522      -6.704457015352539E-005
   6.14076246334311      -6.619778395258016E-005
   6.15835777126100      -6.744259107869530E-005
   6.17595307917889      -6.641357441774158E-005
   6.19354838709677      -6.747554572322376E-005
   6.21114369501466      -6.623525298772396E-005
   6.22873900293255      -6.710775258557453E-005
   6.24633431085044      -6.568781940472880E-005
   6.26392961876833      -6.642097087828150E-005
   6.28152492668622      -6.486794318199861E-005
   6.29912023460411      -6.549801737096560E-005
   6.31671554252199      -6.384206075132405E-005
   6.33431085043988      -6.439189797666160E-005
   6.35190615835777      -6.265087633295437E-005
   6.36950146627566      -6.313137763140357E-005
   6.38709677419355      -6.131082832780521E-005
   6.40469208211144      -6.171880885334560E-005
   6.42228739002933      -5.980663177720103E-005
   6.43988269794721      -6.012328061919009E-005
   6.45747800586510      -5.810685854933513E-005
   6.47507331378299      -5.832738082012763E-005
   6.49266862170088      -5.620711004415741E-005
   6.51026392961877      -5.633250361063429E-005
   6.52785923753666      -5.411113392169564E-005
   6.54545454545455      -5.414366153180028E-005
   6.56304985337243      -5.182478346873680E-005
   6.58064516129032      -5.176773287627050E-005
   6.59824046920821      -4.935685841135516E-005
   6.61583577712610      -4.921963512283250E-005
   6.63343108504399      -4.674090936624603E-005
   6.65102639296188      -4.656119503072339E-005
   6.66862170087977      -4.405410899378592E-005
   6.68621700879765      -4.386284928676095E-005
   6.70381231671554      -4.135188312669968E-005
   6.72140762463343      -4.116607276738988E-005
   6.73900293255132      -3.866254386021847E-005
   6.75659824046921      -3.848571381670134E-005
   6.77419354838710      -3.598626624745315E-005
   6.79178885630499      -3.580497656272835E-005
   6.80938416422287      -3.328378605927243E-005
   6.82697947214076      -3.305863311825537E-005
   6.84457478005865      -3.048441726228078E-005
   6.86217008797654      -3.021008542104316E-005
   6.87976539589443      -2.759932814050087E-005
   6.89736070381232      -2.729964022082834E-005
   6.91495601173021      -2.468069330069397E-005
   6.93255131964809      -2.438520220995871E-005
   6.95014662756598      -2.178924635199606E-005
   6.96774193548387      -2.152818018918124E-005
   6.98533724340176      -1.898515439779217E-005
   7.00293255131965      -1.878516752446617E-005
   7.02052785923754      -1.631548376727890E-005
   7.03812316715543      -1.618176188456851E-005
   7.05571847507331      -1.377888740273646E-005
   7.07331378299120      -1.370215199088704E-005
   7.09090909090909      -1.135972964191319E-005
   7.10850439882698      -1.133353103466950E-005
   7.12609970674487      -9.045487210314099E-006
   7.14369501466276      -9.061605188607022E-006
   7.16129032258065      -6.818159402703484E-006
   7.17888563049853      -6.862378741333606E-006
   7.19648093841642      -4.644445011049778E-006
   7.21407624633431      -4.686285201640148E-006
   7.23167155425220      -2.450144744979800E-006
   7.24926686217009      -2.444096283732931E-006
   7.26686217008798      -1.599847751957637E-007
   7.28445747800587      -8.983396028063550E-008
   7.30205278592375       2.250080908783107E-006
   7.31964809384164       2.388278290446986E-006
   7.33724340175953       4.784274122675826E-006
   7.35483870967742       4.989847881417637E-006
   7.37243401759531       7.440283400111135E-006
   7.39002932551320       7.713661899428341E-006
   7.40762463343109       1.022328786608346E-005
   7.42521994134897       1.057870944569605E-005
   7.44281524926686       1.316104005785919E-005
   7.46041055718475       1.359530064703943E-005
   7.47800586510264       1.622611173147023E-005
   7.49560117302053       1.670311864957355E-005
   7.51319648093842       1.933723972387382E-005
   7.53079178885631       1.980549321637361E-005
   7.54838709677419       2.238478755091834E-005
   7.56598240469208       2.278142488474999E-005
   7.58357771260997       2.523754279456671E-005
   7.60117302052786       2.549042207630406E-005
   7.61876832844575       2.775255173633689E-005
   7.63636363636364       2.781888075929750E-005
   7.65395894428153       2.988802460455533E-005
   7.67155425219941       2.979230085222681E-005
   7.68914956011730       3.169229531387985E-005
   7.70674486803519       3.145532388950902E-005
   7.72434017595308       3.320302117078990E-005
   7.74193548387097       3.283917268262148E-005
   7.75953079178886       3.444562541170092E-005
   7.77712609970675       3.396433528947110E-005
   7.79472140762463       3.543704730162741E-005
   7.81231671554252       3.484831998148684E-005
   7.82991202346041       3.621019677196916E-005
   7.84750733137830       3.555706724157744E-005
   7.86510263929619       3.685594137206104E-005
   7.88269794721408       3.617761402103380E-005
   7.90029325513197       3.744124802002568E-005
   7.91788856304985       3.675639218393254E-005
   7.93548387096774       3.799348442081990E-005
   7.95307917888563       3.730159657720779E-005
   7.97067448680352       3.850061210797164E-005
   7.98826979472141       3.777868192286325E-005
   8.00586510263930       3.890027430145104E-005
   8.02346041055718       3.809405282478966E-005
   8.04105571847507       3.909211011831494E-005
   8.05865102639296       3.819234267660420E-005
   8.07624633431085       3.908653034127234E-005
   8.09384164222874       3.812291117150359E-005
   8.11143695014663       3.894510244644498E-005
   8.12903225806452       3.795043344286962E-005
   8.14662756598241       3.873181837791396E-005
   8.16422287390029       3.773538700244188E-005
   8.18181818181818       3.850113225427066E-005
   8.19941348973607       3.752319911020466E-005
   8.21700879765396       3.828452132172445E-005
   8.23460410557185       3.732743021230797E-005
   8.25219941348974       3.808535462140768E-005
   8.26979472140763       3.715657720613212E-005
   8.28739002932551       3.792150422072782E-005
   8.30498533724340       3.703120829127764E-005
   8.32258064516129       3.781031111467104E-005
   8.34017595307918       3.696182733897368E-005
   8.35777126099707       3.775219200055070E-005
   8.37536656891496       3.693482500555168E-005
   8.39296187683285       3.771404612817494E-005
   8.41055718475073       3.688625587080591E-005
   8.42815249266862       3.758803380478487E-005
   8.44574780058651       3.668492949083592E-005
   8.46334310850440       3.727835276048662E-005
   8.48093841642229       3.630235385748637E-005
   8.49853372434018       3.680613926574704E-005
   8.51612903225807       3.578566913605331E-005
   8.53372434017595       3.623424065984822E-005
   8.55131964809384       3.520804766683563E-005
   8.56891495601173       3.564187029520968E-005
   8.58651026392962       3.465058216838419E-005
   8.60410557184751       3.510614213968306E-005
   8.62170087976540       3.417026140468479E-005
   8.63929618768329       3.463533769999011E-005
   8.65689149560117       3.372060201061961E-005
   8.67448680351906       3.416533987942419E-005
   8.69208211143695       3.325468299481738E-005
   8.70967741935484       3.367016360729767E-005
   8.72727272727273       3.276108426035426E-005
   8.74486803519062       3.314890804383899E-005
   8.76246334310851       3.224613925968351E-005
   8.78005865102639       3.261178995553372E-005
   8.79765395894428       3.171946369766145E-005
   8.81524926686217       3.205735997180298E-005
   8.83284457478006       3.114603656058281E-005
   8.85043988269795       3.140721792787079E-005
   8.86803519061584       3.043490839761466E-005
   8.88563049853373       3.059530382342578E-005
   8.90322580645161       2.955240874843997E-005
   8.92082111436950       2.961337089306677E-005
   8.93841642228739       2.851099591489731E-005
   8.95601173020528       2.849197117256397E-005
   8.97360703812317       2.735738129362179E-005
   8.99120234604106       2.729229240178085E-005
   9.00879765395895       2.616439912238364E-005
   9.02639296187683       2.608146082173921E-005
   9.04398826979472       2.495467824509835E-005
   9.06158357771261       2.481959494849712E-005
   9.07917888563050       2.365835369088502E-005
   9.09677419354839       2.344580994772691E-005
   9.11436950146628       2.223487813610012E-005
   9.13196480938416       2.193930842398883E-005
   9.14956011730205       2.068313122346564E-005
   9.16715542521994       2.031915880726250E-005
   9.18475073313783       1.904355111753590E-005
   9.20234604105572       1.864979582222349E-005
   9.21994134897361       1.740378715899504E-005
   9.23753665689150       1.701445638177993E-005
   9.25513196480938       1.579111154046287E-005
   9.27272727272727       1.537096221529566E-005
   9.29032258064516       1.413131152360110E-005
   9.30791788856305       1.364471355723400E-005
   9.32551319648094       1.235835092779693E-005
   9.34310850439883       1.178145719349242E-005
   9.36070381231672       1.043244538975299E-005
   9.37829912023460       9.758860045779195E-006
   9.39589442815249       8.352725186986515E-006
   9.41348973607038       7.604073545575560E-006
   9.43108504398827       6.168336743209338E-006
   9.44868035190616       5.346230034688634E-006
   9.46627565982405       3.846208196765871E-006
   9.48387096774194       2.899471607336696E-006
   9.50146627565982       1.281896221797682E-006
   9.51906158357771       1.592750622335659E-007
   9.53665689149560      -1.622708046933361E-006
   9.55425219941349      -2.961421015431301E-006
   9.57184750733138      -4.938835585022463E-006
   9.58944281524927      -6.512019954556539E-006
   9.60703812316716      -8.682784773714467E-006
   9.62463343108504      -1.045297745679123E-005
   9.64222873900293      -1.274939912262019E-005
   9.65982404692082      -1.465543738209424E-005
   9.67741935483871      -1.704383005774011E-005
   9.69501466275660      -1.906970083110861E-005
   9.71260997067449      -2.154238994738339E-005
   9.73020527859238      -2.368466063131094E-005
   9.74780058651026      -2.623943798349331E-005
   9.76539589442815      -2.849422112922658E-005
   9.78299120234604      -3.112235203718011E-005
   9.80058651026393      -3.347069434404475E-005
   9.81818181818182      -3.613277665461782E-005
   9.83577712609971      -3.851595798510632E-005
   9.85337243401760      -4.116713259371460E-005
   9.87096774193548      -4.357682787112130E-005
   9.88856304985337      -4.623492890932911E-005
   9.90615835777126      -4.870263356229508E-005
   9.92375366568915      -5.140836806435765E-005
   9.94134897360704      -5.398041049617604E-005
   9.95894428152493      -5.678350877290963E-005
   9.97653958944282      -5.950960239027072E-005
   9.99413489736071      -6.245635142440378E-005
   10.0117302052786      -6.536801142710628E-005
   10.0293255131965      -6.844559367846288E-005
   10.0469208211144      -7.147569718650613E-005
   10.0645161290323      -7.460531123930058E-005
   10.0821114369501      -7.769819190826699E-005
   10.0997067448680      -8.084740159758423E-005
   10.1173020527859      -8.398697014157716E-005
   10.1348973607038      -8.715365413095617E-005
   10.1524926686217      -9.034926363021682E-005
   10.1700879765396      -9.355315527600454E-005
   10.1876832844575      -9.683287892282882E-005
   10.2052785923754      -1.001084094812562E-004
   10.2228739002933      -1.034983007135673E-004
   10.2404692082111      -1.068374741509327E-004
   10.2580645161290      -1.102960924270163E-004
   10.2756598240469      -1.136560258627422E-004
   10.2932551319648      -1.171545150936699E-004
   10.3108504398827      -1.205199637625891E-004
   10.3284457478006      -1.240551886713752E-004
   10.3460410557185      -1.274352184772324E-004
   10.3636363636364      -1.310276070626236E-004
   10.3812316715543      -1.344546137821422E-004
   10.3988269794721      -1.381480833399037E-004
   10.4164222873900      -1.416732109423538E-004
   10.4340175953079      -1.454925053647207E-004
   10.4516129032258      -1.490826134319926E-004
   10.4692082111437      -1.529592660419470E-004
   10.4868035190616      -1.565480896708533E-004
   10.5043988269795      -1.604270935721284E-004
   10.5219941348974      -1.639726496915416E-004
   10.5395894428153      -1.678254844752431E-004
   10.5571847507331      -1.713149247121332E-004
   10.5747800586510      -1.751459353784085E-004
   10.5923753665689      -1.786049461884993E-004
   10.6099706744868      -1.824685634359474E-004
   10.6275659824047      -1.859747106574940E-004
   10.6451612903226      -1.899225387238311E-004
   10.6627565982405      -1.934665978863156E-004
   10.6803519061584      -1.974494948592778E-004
   10.6979472140762      -2.009723638307409E-004
   10.7155425219941      -2.049296072628516E-004
   10.7331378299120      -2.083738872278429E-004
   10.7507331378299      -2.122540148380262E-004
   10.7683284457478      -2.155785715194422E-004
   10.7859237536657      -2.193543611749003E-004
   10.8035190615836      -2.225553898505197E-004
   10.8211143695015      -2.262607272453624E-004
   10.8387096774194      -2.294018152670284E-004
   10.8563049853372      -2.330784002351580E-004
   10.8739002932551      -2.361540058412852E-004
   10.8914956011730      -2.397663485975357E-004
   10.9090909090909      -2.427275993726378E-004
   10.9266862170088      -2.462182986219249E-004
   10.9442815249267      -2.490047819371671E-004
   10.9618768328446      -2.523128815155628E-004
   10.9794721407625      -2.548685782912209E-004
   10.9970674486804      -2.579477412837560E-004
   11.0146627565982      -2.602539412346045E-004
   11.0322580645161      -2.631408821395673E-004
   11.0498533724340      -2.652769807214239E-004
   11.0674486803519      -2.680366991798926E-004
   11.0850439882698      -2.700325969652710E-004
   11.1026392961877      -2.726688942369819E-004
   11.1202346041056      -2.745110708077729E-004
   11.1378299120235      -2.769958197960226E-004
   11.1554252199413      -2.786454772920443E-004
   11.1730205278592      -2.809305174512023E-004
   11.1906158357771      -2.823339391533477E-004
   11.2082111436950      -2.843644923917540E-004
   11.2258064516129      -2.854919101499998E-004
   11.2434017595308      -2.872902383826735E-004
   11.2609970674487      -2.881981547298351E-004
   11.2785923753666      -2.898113522355212E-004
   11.2961876832845      -2.905260802688809E-004
   11.3137829912023      -2.919619687510765E-004
   11.3313782991202      -2.924755408638787E-004
   11.3489736070381      -2.937096538563101E-004
   11.3665689149560      -2.939823657024544E-004
   11.3841642228739      -2.949575957976290E-004
   11.4017595307918      -2.949139383566333E-004
   11.4193548387097      -2.955401647881348E-004
   11.4369501466276      -2.951212485027472E-004
   11.4545454545455      -2.954159642489240E-004
   11.4721407624633      -2.946929965235057E-004
   11.4897360703812      -2.947356602008868E-004
   11.5073313782991      -2.937851786555006E-004
   11.5249266862170      -2.936451726106058E-004
   11.5425219941349      -2.925285490669140E-004
   11.5601173020528      -2.922556098274598E-004
   11.5777126099707      -2.910092705469331E-004
   11.5953079178886      -2.906204999423031E-004
   11.6129032258065      -2.892318856443593E-004
   11.6304985337243      -2.886779815508480E-004
   11.6480938416422      -2.870991784030682E-004
   11.6656891495601      -2.863735248330428E-004
   11.6832844574780      -2.846361703288779E-004
   11.7008797653959      -2.837877642874348E-004
   11.7184750733138      -2.819515531133894E-004
   11.7360703812317      -2.810452273195549E-004
   11.7536656891496      -2.791786927484668E-004
   11.7712609970675      -2.782820435499390E-004
   11.7888563049853      -2.764499217761332E-004
   11.8064516129032      -2.756152618514840E-004
   11.8240469208211      -2.738348522236282E-004
   11.8416422287390      -2.730246977332501E-004
   11.8592375366569      -2.712381081690025E-004
   11.8768328445748      -2.704167378676251E-004
   11.8944281524927      -2.686175666439584E-004
   11.9120234604106      -2.677982230822615E-004
   11.9296187683284      -2.660181835976309E-004
   11.9472140762463      -2.652475924770377E-004
   11.9648093841642      -2.635495048569669E-004
   11.9824046920821      -2.629046815571998E-004
   12.0000000000000      -2.613822679708725E-004
   12.0175953079179      -2.609644345789874E-004
   12.0351906158358      -2.596795704179348E-004
   12.0527859237537      -2.594626075429458E-004
   12.0703812316716      -2.583360927874037E-004
   12.0879765395894      -2.582373327885445E-004
   12.1055718475073      -2.571984627401170E-004
   12.1231671554252      -2.571594811737093E-004
   12.1407624633431      -2.561662304290348E-004
   12.1583577712610      -2.561619605041089E-004
   12.1759530791789      -2.552118420964589E-004
   12.1935483870968      -2.552656753687834E-004
   12.2111436950147      -2.544217932648970E-004
   12.2287390029326      -2.546257668864459E-004
   12.2463343108504      -2.539481416288088E-004
   12.2639296187683      -2.542863884962589E-004
   12.2815249266862      -2.537160881322162E-004
   12.2991202346041      -2.541216924124705E-004
   12.3167155425220      -2.535994859205927E-004
   12.3343108504399      -2.540274124723583E-004
   12.3519061583578      -2.535336672771447E-004
   12.3695014662757      -2.539993089199828E-004
   12.3870967741935      -2.536037417561657E-004
   12.4046920821114      -2.542684193373452E-004
   12.4222873900293      -2.542954070682948E-004
   12.4398826979472      -2.555922908667121E-004
   12.4574780058651      -2.563489759921004E-004
   12.4750733137830      -2.583413087483374E-004
   12.4926686217009      -2.597299952021541E-004
   12.5102639296188      -2.622212072075052E-004
   12.5278592375367      -2.639706146031014E-004
   12.5454545454545      -2.666276788614284E-004
   12.5630498533724      -2.683550533562722E-004
   12.5806451612903      -2.707533103112422E-004
   12.5982404692082      -2.720052127989235E-004
   12.6158357771261      -2.737067910920260E-004
   12.6334310850440      -2.742330812805989E-004
   12.6510263929619      -2.752799108687331E-004
   12.6686217008798      -2.752528026343581E-004
   12.6862170087977      -2.757771254780583E-004
   12.7038123167155      -2.752732044236256E-004
   12.7214076246334      -2.753100138974851E-004
   12.7390029325513      -2.743416158595709E-004
   12.7565982404692      -2.738987889362738E-004
   12.7741935483871      -2.725080925908674E-004
   12.7917888563050      -2.717179952647006E-004
   12.8093841642229      -2.703359123205150E-004
   12.8269794721408      -2.705862318461810E-004
   12.8445747800587      -2.718584491246541E-004
   12.8621700879765      -2.760448834533044E-004
   12.8797653958944      -2.820845854571348E-004
   12.8973607038123      -2.914365119074469E-004
   12.9149560117302      -3.027034034207326E-004
   12.9325513196481      -3.168916706371616E-004
   12.9501466275660      -3.321892703698646E-004
   12.9677419354839      -3.489935562336201E-004
   12.9853372434018      -3.647949643885650E-004
   13.0029325513196      -3.787188235681326E-004
   13.0205278592375      -3.867446309390264E-004
   13.0381231671554      -3.892884742785811E-004
   13.0557184750733      -3.865714973611076E-004
   13.0733137829912      -3.814495691430350E-004
   13.0909090909091      -3.753811303610873E-004
   13.1085043988270      -3.721019879341220E-004
   13.1260997067449      -3.738906698924803E-004
   13.1436950146628      -3.851370740067919E-004
   13.1612903225806      -4.088566598305175E-004
   13.1788856304985      -4.500821905103586E-004
   13.1964809384164      -5.126580441492573E-004
   13.2140762463343      -6.014404627289178E-004
   13.2316715542522      -7.114730600392376E-004
   13.2492668621701      -8.349517023273953E-004
   13.2668621700880      -9.628016512256097E-004
   13.2844574780059      -1.087247831035993E-003
   13.3020527859238      -1.199631535241539E-003
   13.3196480938416      -1.292580652531445E-003
   13.3372434017595      -1.358160684468298E-003
   13.3548387096774      -1.389755883252183E-003
   13.3724340175953      -1.380706881295592E-003
   13.3900293255132      -1.325982860838981E-003
   13.4076246334311      -1.222787151349494E-003
   13.4252199413490      -1.080209209531853E-003
   13.4428152492669      -9.139375671377178E-004
   13.4604105571848      -7.368438646492174E-004
   13.4780058651026      -5.599172120577208E-004
   13.4956011730205      -3.927048627441610E-004
   13.5131964809384      -2.433525264902264E-004
   13.5307917888563      -1.186555161165370E-004
   13.5483870967742      -2.398702913177164E-005
   13.5659824046921       3.701144631770748E-005
   13.5835777126100       6.279641391502710E-005
   13.6011730205279       5.537811292176670E-005
   13.6187683284457       2.525527159494789E-005
   13.6363636363636      -1.170313613966822E-005
   13.6539589442815      -4.723915461257927E-005
   13.6715542521994      -7.453987086977304E-005
   13.6891495601173      -9.074883307340504E-005
   13.7067448680352      -9.305005860510906E-005
   13.7243401759531      -8.194575691881523E-005
   13.7419354838710      -5.768752365893743E-005
   13.7595307917889      -2.389401727814888E-005
   13.7771260997067       1.583468287849587E-005
   13.7947214076246       5.383400331481070E-005
   13.8123167155425       8.022081288523508E-005
   13.8299120234604       8.562883213033670E-005
   13.8475073313783       7.088066342235924E-005
   13.8651026392962       3.675697815974232E-005
   13.8826979472141      -1.184316778307373E-005
   13.9002932551320      -7.221828263804234E-005
   13.9178885630499      -1.379107254617652E-004
   13.9354838709677      -2.053066194376378E-004
   13.9530791788856      -2.670458603365746E-004
   13.9706744868035      -3.191013024707830E-004
   13.9882697947214      -3.536632931923299E-004
   14.0058651026393      -3.671118252534615E-004
   14.0234604105572      -3.575280625850538E-004
   14.0410557184751      -3.340306508319865E-004
   14.0586510263930      -3.007547318413702E-004
   14.0762463343109      -2.655227242479681E-004
   14.0938416422287      -2.308393153328766E-004
   14.1114369501466      -2.032598294642808E-004
   14.1290322580645      -1.837774568414862E-004
   14.1466275659824      -1.776084719311055E-004
   14.1642228739003      -1.839768678008484E-004
   14.1818181818182      -2.061850579470063E-004
   14.1994134897361      -2.405168488005234E-004
   14.2170087976540      -2.846438047117954E-004
   14.2346041055718      -3.280417968848616E-004
   14.2521994134897      -3.697703054338524E-004
   14.2697947214076      -4.038984199044652E-004
   14.2873900293255      -4.323761526872277E-004
   14.3049853372434      -4.509980430495566E-004
   14.3225806451613      -4.633282751685671E-004
   14.3401759530792      -4.662740546665038E-004
   14.3577712609971      -4.647346624124375E-004
   14.3753665689150      -4.566219648274902E-004
   14.3929618768328      -4.482655489794360E-004
   14.4105571847507      -4.391079398983576E-004
   14.4281524926686      -4.357806437266213E-004
   14.4457478005865      -4.342570022135527E-004
   14.4633431085044      -4.384831988379930E-004
   14.4809384164223      -4.434412263536901E-004
   14.4985337243402      -4.530423514052803E-004
   14.5161290322581      -4.619564468065972E-004
   14.5337243401760      -4.743139025930192E-004
   14.5513196480938      -4.846479020750546E-004
   14.5689149560117      -4.974631948818938E-004
   14.5865102639296      -5.073213813781658E-004
   14.6041055718475      -5.194184492384984E-004
   14.6217008797654      -5.290152940060383E-004
   14.6392961876833      -5.421036115822137E-004
   14.6568914956012      -5.530718852931542E-004
   14.6744868035191      -5.674173523457015E-004
   14.6920821114370      -5.789249088429724E-004
   14.7096774193548      -5.930604923053303E-004
   14.7272727272727      -6.031659173711847E-004
   14.7448680351906      -6.147891854665282E-004
   14.7624633431085      -6.208861441128597E-004
   14.7800586510264      -6.271453428124927E-004
   14.7976539589443      -6.261711562521660E-004
   14.8152492668622      -6.240236436804430E-004
   14.8328445747801      -6.142006234416461E-004
   14.8504398826979      -6.043487894252939E-004
   14.8680351906158      -5.879617287385326E-004
   14.8856304985337      -5.728672113478203E-004
   14.9032258064516      -5.522003981349749E-004
   14.9208211143695      -5.339994717989449E-004
   14.9384164222874      -5.110526562297614E-004
   14.9560117302053      -4.916336779707590E-004
   14.9736070381232      -4.682022962086787E-004
   14.9912023460411      -4.493109485277175E-004
   15.0087976539589      -4.271660213547257E-004
   15.0263929618768      -4.102340132709987E-004
   15.0439882697947      -3.892742177088235E-004
   15.0615835777126      -3.721402582242430E-004
   15.0791788856305      -3.489257169713775E-004
   15.0967741935484      -3.275491112131390E-004
   15.1143695014663      -2.975308691935980E-004
   15.1319648093842      -2.668608661926068E-004
   15.1495601173021      -2.244470541871463E-004
   15.1671554252199      -1.782944375113379E-004
   15.1847507331378      -1.165732198365519E-004
   15.2023460410557      -4.706028446220423E-005
   15.2199413489736       4.140879509170936E-005
   15.2375366568915       1.339390214896645E-004
   15.2551319648094       2.351510513517732E-004
   15.2727272727273       3.282512184568700E-004
   15.2903225806452       4.180136640650952E-004
   15.3079178885631       4.872202992057977E-004
   15.3255131964809       5.410822617088194E-004
   15.3431085043988       5.622120634415752E-004
   15.3607038123167       5.565381550365381E-004
   15.3782991202346       5.069534137031619E-004
   15.3958944281525       4.208341628519196E-004
   15.4134897360704       2.852859219227089E-004
   15.4310850439883       1.271688319504491E-004
   15.4486803519062      -4.822264304585155E-005
   15.4662756598240      -2.119167335370344E-004
   15.4838709677419      -3.626633494567403E-004
   15.5014662756598      -4.739464150551828E-004
   15.5190615835777      -5.477254341217761E-004
   15.5366568914956      -5.599901664743850E-004
   15.5542521994135      -5.164664482900823E-004
   15.5718475073314      -3.968819218044906E-004
   15.5894428152493      -2.129234017155490E-004
   15.6070381231672       4.521496479888221E-005
   15.6246334310850       3.353412120572057E-004
   15.6422287390029       6.368037290836548E-004
   15.6598240469208       9.082121882593640E-004
   15.6774193548387       1.143970009475293E-003
   15.6950146627566       1.311340395933425E-003
   15.7126099706745       1.413525160980014E-003
   15.7302052785924       1.424678988295255E-003
   15.7478005865103       1.356581780277066E-003
   15.7653958944282       1.191385580722525E-003
   15.7829912023460       9.525288642862561E-004
   15.8005865102639       6.371438983833088E-004
   15.8181818181818       3.022437451124256E-004
   15.8357771260997      -2.191125589683032E-005
   15.8533724340176      -2.900326789906129E-004
   15.8709677419355      -5.013212047180810E-004
   15.8885630498534      -6.264225952643570E-004
   15.9061583577713      -6.780055423701643E-004
   15.9237536656892      -6.365202624097699E-004
   15.9413489736070      -5.256318949339397E-004
   15.9589442815249      -3.351989838437468E-004
   15.9765395894428      -1.014141169283673E-004
   15.9941348973607       1.727044904859336E-004
   16.0117302052786       4.259195532614315E-004
   16.0293255131965       6.391133237222520E-004
   16.0469208211144       7.762295699700923E-004
   16.0645161290323       8.553794100550440E-004
   16.0821114369501       8.574462574331912E-004
   16.0997067448680       8.111089987340254E-004
   16.1173020527859       7.041965117546060E-004
   16.1348973607038       5.724514934910404E-004
   16.1524926686217       4.086857239129974E-004
   16.1700879765396       2.549270894073001E-004
   16.1876832844575       1.090215349373977E-004
   16.2052785923754       2.118581530254793E-005
   16.2228739002933      -1.369993108176748E-005
   16.2404692082111       2.582233669749334E-005
   16.2580645161290       1.044065483764935E-004
   16.2756598240469       2.374374388788085E-004
   16.2932551319648       3.873281493382714E-004
   16.3108504398827       5.696567112507512E-004
   16.3284457478006       7.460187519368532E-004
   16.3460410557185       9.333018582715094E-004
   16.3636363636364       1.093069551657702E-003
   16.3812316715543       1.244606267949200E-003
   16.3988269794721       1.350941342310820E-003
   16.4164222873900       1.439786574548906E-003
   16.4340175953079       1.490111922624569E-003
   16.4516129032258       1.539494287098644E-003
   16.4692082111437       1.562373241274112E-003
   16.4868035190616       1.593607993608788E-003
   16.5043988269795       1.603870496020679E-003
   16.5219941348974       1.626853230929453E-003
   16.5395894428153       1.630053099769864E-003
   16.5571847507331       1.646265326534733E-003
   16.5747800586510       1.639666059521705E-003
   16.5923753665689       1.641747951413339E-003
   16.6099706744868       1.611669008880879E-003
   16.6275659824047       1.580462443565653E-003
   16.6451612903226       1.511918984361864E-003
   16.6627565982405       1.445174653835982E-003
   16.6803519061584       1.345390599533214E-003
   16.6979472140762       1.254190484762224E-003
   16.7155425219941       1.136213753935757E-003
   16.7331378299120       1.034996856122801E-003
   16.7507331378299       9.141480582256590E-004
   16.7683284457478       8.188676242195538E-004
   16.7859237536657       7.113334477454304E-004
   16.8035190615836       6.379582000503090E-004
   16.8211143695015       5.559871436901474E-004
   16.8387096774194       5.055045788082878E-004
   16.8563049853372       4.378643087931438E-004
   16.8739002932551       3.959781491846502E-004
   16.8914956011730       3.307108398889946E-004
   16.9090909090909       2.879590801616128E-004
   16.9266862170088       2.178992553827709E-004
   16.9442815249267       1.696450343779704E-004
   16.9618768328446       9.287267443903697E-005
   16.9794721407625       4.070378380538382E-005
   16.9970674486804      -3.659534774655560E-005
   17.0146627565982      -7.785976461408276E-005
   17.0322580645161      -1.280431695673778E-004
   17.0498533724340      -1.258423291756120E-004
   17.0674486803519      -1.254319632783913E-004
   17.0850439882698      -6.745460039329509E-005
   17.1026392961877      -1.175731635291422E-005
   17.1202346041056       1.009485282709424E-004
   17.1378299120235       2.054773977192941E-004
   17.1554252199413       3.612805733800434E-004
   17.1730205278592       4.971643788119319E-004
   17.1906158357771       6.719465871889279E-004
   17.2082111436950       8.049202445662906E-004
   17.2258064516129       9.525315221005939E-004
   17.2434017595308       1.037181593394666E-003
   17.2609970674487       1.131623693877345E-003
   17.2785923753666       1.161220256659955E-003
   17.2961876832845       1.206048078302567E-003
   17.3137829912023       1.190197702475016E-003
   17.3313782991202       1.200307031680020E-003
   17.3489736070381       1.158183945329350E-003
   17.3665689149560       1.157311168925929E-003
   17.3841642228739       1.116959457556587E-003
   17.4017595307918       1.138914358645759E-003
   17.4193548387097       1.139030482393883E-003
   17.4369501466276       1.216156295774329E-003
   17.4545454545455       1.266144564197817E-003
   17.4721407624633       1.389026951481131E-003
   17.4897360703812       1.472126280187565E-003
   17.5073313782991       1.621765251191720E-003
   17.5249266862170       1.716690305381475E-003
   17.5425219941349       1.871055690969354E-003
   17.5601173020528       1.954149037566177E-003
   17.5777126099707       2.089427667959260E-003
   17.5953079178886       2.135407830433199E-003
   17.6129032258065       2.227151585688549E-003
   17.6304985337243       2.217295941908788E-003
   17.6480938416422       2.263349493720324E-003
   17.6656891495601       2.206629447142395E-003
   17.6832844574780       2.220583610353692E-003
   17.7008797653959       2.128855058704294E-003
   17.7184750733138       2.124337804783171E-003
   17.7360703812317       2.008893927386007E-003
   17.7536656891496       1.999762753948914E-003
   17.7712609970675       1.871259961855380E-003
   17.7888563049853       1.871972213306476E-003
   17.8064516129032       1.740094972497432E-003
   17.8240469208211       1.765041877919358E-003
   17.8416422287390       1.634169387052184E-003
   17.8592375366569       1.695674377010234E-003
   17.8768328445748       1.567011242372049E-003
   17.8944281524927       1.687083949388453E-003
   17.9120234604106       1.563260576981504E-003
   17.9296187683284       1.789506920424898E-003
   17.9472140762463       1.675001230273196E-003
   17.9648093841642       2.146309116955319E-003
   17.9824046920821       2.050247123049245E-003
   18.0000000000000       3.715739521253383E-003
