  0.000000000000000E+000 -4.186613486557653E-003
  1.759530791788856E-002 -2.275136355202833E-003
  3.519061583577713E-002 -2.340417109358714E-003
  5.278592375366570E-002 -1.734837889603066E-003
  7.038123167155426E-002 -1.787945793110522E-003
  8.797653958944282E-002 -1.438682654244564E-003
  0.105571847507331      -1.484432900963637E-003
  0.123167155425220      -1.242922101689237E-003
  0.140762463343109      -1.283363458641479E-003
  0.158357771260997      -1.100520879292764E-003
  0.175953079178886      -1.136767284629829E-003
  0.193548387096774      -9.904606624688928E-004
  0.211143695014663      -1.023193441444490E-003
  0.228739002932551      -9.016136206462758E-004
  0.246334310850440      -9.313888901112255E-004
  0.263929618768328      -8.276625739635445E-004
  0.281524926686217      -8.550112478011847E-004
  0.299120234604106      -7.648184329033059E-004
  0.316715542521994      -7.901966797477739E-004
  0.334310850439883      -7.106752323505663E-004
  0.351906158357771      -7.344914640488136E-004
  0.369501466275660      -6.636832127664704E-004
  0.387096774193548      -6.863209094981319E-004
  0.404692082111437      -6.228700922426158E-004
  0.422287390029326      -6.447050855143832E-004
  0.439882697947214      -5.876026287534093E-004
  0.457478005865103      -6.088286968710621E-004
  0.475073313782991      -5.571531073238131E-004
  0.492668621700880      -5.778387737629103E-004
  0.510263929618768      -5.308200978038908E-004
  0.527859237536657      -5.509907292654261E-004
  0.545454545454546      -5.079795477041471E-004
  0.563049853372434      -5.276268062474100E-004
  0.580645161290323      -4.880609948369894E-004
  0.598240469208211      -5.071440799140856E-004
  0.615835777126100      -4.705124412629200E-004
  0.633431085043988      -4.889113531318206E-004
  0.651026392961877      -4.546511003024072E-004
  0.668621700879765      -4.721411481264041E-004
  0.686217008797654      -4.397066496143155E-004
  0.703812316715543      -4.560561958921663E-004
  0.721407624633431      -4.249414310087572E-004
  0.739002932551320      -4.399081406237574E-004
  0.756598240469208      -4.096306213682286E-004
  0.774193548387097      -4.229538725319834E-004
  0.791788856304985      -3.930375180181921E-004
  0.809384164222874      -4.044220760476151E-004
  0.826979472140763      -3.744510153034871E-004
  0.844574780058651      -3.838935589715258E-004
  0.862170087976540      -3.539896080852408E-004
  0.879765395894428      -3.618992454830548E-004
  0.897360703812317      -3.323706504450088E-004
  0.914956011730205      -3.392148445438239E-004
  0.932551319648094      -3.104290467072759E-004
  0.950146627565982      -3.167162739206502E-004
  0.967741935483871      -2.890957233212084E-004
  0.985337243401760      -2.953812696834611E-004
   1.00293255131965      -2.694195004560773E-004
   1.02052785923754      -2.762873099484247E-004
   1.03812316715543      -2.522556058600369E-004
   1.05571847507331      -2.596543604166604E-004
   1.07331378299120      -2.371578750600933E-004
   1.09090909090909      -2.446988746980606E-004
   1.10850439882698      -2.232490721926580E-004
   1.12609970674487      -2.304915769657007E-004
   1.14369501466276      -2.095636306956630E-004
   1.16129032258065      -2.160280860648570E-004
   1.17888563049853      -1.950641813557823E-004
   1.19648093841642      -2.002286056900711E-004
   1.21407624633431      -1.786456622894032E-004
   1.23167155425220      -1.821829355820545E-004
   1.24926686217009      -1.600914044710612E-004
   1.26686217008798      -1.625574254005526E-004
   1.28445747800587      -1.405875611214360E-004
   1.30205278592375      -1.426757724396792E-004
   1.31964809384164      -1.214911089543852E-004
   1.33724340175953      -1.239155792236203E-004
   1.35483870967742      -1.041997358259069E-004
   1.37243401759531      -1.076896649372672E-004
   1.39002932551320      -9.014389969983416E-005
   1.40762463343109      -9.543989673344036E-005
   1.42521994134897      -8.060182567564428E-005
   1.44281524926686      -8.772835573434806E-005
   1.46041055718475      -7.499420144595065E-005
   1.47800586510264      -8.314026513155000E-005
   1.49560117302053      -7.165351258571367E-005
   1.51319648093842      -7.998836784800201E-005
   1.53079178885631      -6.888997444068733E-005
   1.54838709677419      -7.657962424752336E-005
   1.56598240469208      -6.500956270053226E-005
   1.58357771260997      -7.121724006086843E-005
   1.60117302052786      -5.831347354033068E-005
   1.61876832844575      -6.228574640469827E-005
   1.63636363636364      -4.774237445721262E-005
   1.65395894428153      -4.993606122529484E-005
   1.67155425219941      -3.461332914792536E-005
   1.68914956011730      -3.597761943387053E-005
   1.70674486803519      -2.081230117921730E-005
   1.72434017595308      -2.230975947228557E-005
   1.74193548387097      -8.253757388643507E-006
   1.75953079178886      -1.086292517505327E-005
   1.77712609970675       1.110988685266323E-006
   1.79472140762463      -3.615150041353682E-006
   1.81231671554252       5.285428820469534E-006
   1.82991202346041      -2.276818390339261E-006
   1.84750733137830       3.580611857616073E-006
   1.86510263929619      -6.152987828066503E-006
   1.88269794721408      -2.440271643958866E-006
   1.90029325513196      -1.342476280508609E-005
   1.91788856304985      -1.089633326614997E-005
   1.93548387096774      -2.216040229321070E-005
   1.95307917888563      -1.980728191551794E-005
   1.97067448680352      -3.032751094791546E-005
   1.98826979472141      -2.708118941746423E-005
   2.00586510263930      -3.575454896359015E-005
   2.02346041055718      -3.056743053117472E-005
   2.04105571847507      -3.680718367979600E-005
   2.05865102639296      -2.972538694305456E-005
   2.07624633431085      -3.394046424854717E-005
   2.09384164222874      -2.544612385803814E-005
   2.11143695014663      -2.817108713359337E-005
   2.12903225806452      -1.882421173711436E-005
   2.14662756598241      -2.066222581157096E-005
   2.16422287390029      -1.109014321778359E-005
   2.18181818181818      -1.271635366841103E-005
   2.19941348973607      -3.633830177510622E-006
   2.21700879765396      -5.824435755029736E-006
   2.23460410557185       2.089211892176424E-006
   2.25219941348974      -1.042822134940058E-006
   2.26979472140762       5.620796269606889E-006
   2.28739002932551       1.575478079232015E-006
   2.30498533724340       7.075261338322792E-006
   2.32258064516129       2.232957947376608E-006
   2.34017595307918       6.726515489786811E-006
   2.35777126099707       1.269595975281555E-006
   2.37536656891496       4.981376703614683E-006
   2.39296187683284      -8.328656703952692E-007
   2.41055718475073       2.421333266682126E-006
   2.42815249266862      -3.369491115740565E-006
   2.44574780058651      -2.059587102643950E-007
   2.46334310850440      -5.726527597435624E-006
   2.48093841642229      -2.499912454049291E-006
   2.49853372434018      -7.654449352459860E-006
   2.51612903225806      -4.296399861264927E-006
   2.53372434017595      -9.051571177834693E-006
   2.55131964809384      -5.549060646643421E-006
   2.56891495601173      -9.924983671746142E-006
   2.58651026392962      -6.322404242933954E-006
   2.60410557184751      -1.041043710330059E-005
   2.62170087976540      -6.857158420367423E-006
   2.63929618768328      -1.086252229653253E-005
   2.65689149560117      -7.529016481182781E-006
   2.67448680351906      -1.155310547250265E-005
   2.69208211143695      -8.483794534326537E-006
   2.70967741935484      -1.254516908708755E-005
   2.72727272727273      -9.728025774781886E-006
   2.74486803519062      -1.379711071156655E-005
   2.76246334310850      -1.117498473403209E-005
   2.78005865102639      -1.517504191373322E-005
   2.79765395894428      -1.263629676049343E-005
   2.81524926686217      -1.641765393908107E-005
   2.83284457478006      -1.378766069058691E-005
   2.85043988269795      -1.724559107030065E-005
   2.86803519061584      -1.451791396224574E-005
   2.88563049853372      -1.771224621084760E-005
   2.90322580645161      -1.497202436493463E-005
   2.92082111436950      -1.801376886103320E-005
   2.93841642228739      -1.538585556756577E-005
   2.95601173020528      -1.842117933269470E-005
   2.97360703812317      -1.606487890894650E-005
   2.99120234604106      -1.927664967791820E-005
   3.00879765395894      -1.739708968571859E-005
   3.02639296187683      -2.100811538590517E-005
   3.04398826979472      -1.977391641829261E-005
   3.06158357771261      -2.386326592517327E-005
   3.07917888563050      -2.328851174588035E-005
   3.09677419354839      -2.785182978569744E-005
   3.11436950146628      -2.791577665984460E-005
   3.13196480938416      -3.292632981421671E-005
   3.14956011730205      -3.359051366768018E-005
   3.16715542521994      -3.900632644162488E-005
   3.18475073313783      -4.021838226829942E-005
   3.20234604105572      -4.598362149456513E-005
   3.21994134897361      -4.766496483253369E-005
   3.23753665689150      -5.364543596365180E-005
   3.25513196480938      -5.558087412437865E-005
   3.27272727272727      -6.152605452165936E-005
   3.29032258064516      -6.345587694695782E-005
   3.30791788856305      -6.910670495234601E-005
   3.32551319648094      -7.076499479484572E-005
   3.34310850439883      -7.585429041960152E-005
   3.36070381231672      -7.696509241666147E-005
   3.37829912023460      -8.121274254135532E-005
   3.39589442815249      -8.148269212710111E-005
   3.41348973607038      -8.459115496442007E-005
   3.43108504398827      -8.380595651618275E-005
   3.44868035190616      -8.579323634541097E-005
   3.46627565982405      -8.417004649815045E-005
   3.48387096774194      -8.532687454871085E-005
   3.50146627565982      -8.316949810936889E-005
   3.51906158357771      -8.381371823747457E-005
   3.53665689149560      -8.144643323281360E-005
   3.55425219941349      -8.191359674899768E-005
   3.57184750733138      -7.967722203589716E-005
   3.58944281524927      -8.031928743011830E-005
   3.60703812316716      -7.857166547141711E-005
   3.62463343108504      -7.970694028177444E-005
   3.64222873900293      -7.859813082954571E-005
   3.65982404692082      -8.018373036375229E-005
   3.67741935483871      -7.958451172403064E-005
   3.69501466275660      -8.148688168538654E-005
   3.71260997067449      -8.126139388845985E-005
   3.73020527859238      -8.334872311704154E-005
   3.74780058651026      -8.336505939440862E-005
   3.76539589442815      -8.551150532892267E-005
   3.78299120234604      -8.564636467819342E-005
   3.80058651026393      -8.773905729659135E-005
   3.81818181818182      -8.789897825400014E-005
   3.83577712609971      -8.990213775266598E-005
   3.85337243401760      -9.010726973691376E-005
   3.87096774193548      -9.205703577439057E-005
   3.88856304985337      -9.232757404112536E-005
   3.90615835777126      -9.423403619659385E-005
   3.92375366568915      -9.456724984948621E-005
   3.94134897360704      -9.642012982297049E-005
   3.95894428152493      -9.679314695204887E-005
   3.97653958944282      -9.856009241181929E-005
   3.99413489736070      -9.892352002272624E-005
   4.01173020527859      -1.005321002764773E-004
   4.02932551319648      -1.007659978766811E-004
   4.04692082111437      -1.020640413468565E-004
   4.06451612903226      -1.020251432508123E-004
   4.08211143695015      -1.029037176320415E-004
   4.09970674486804      -1.025047940561949E-004
   4.11730205278592      -1.028961465500647E-004
   4.13489736070381      -1.020826491396573E-004
   4.15249266862170      -1.019492354060453E-004
   4.17008797653959      -1.006971874715490E-004
   4.18768328445748      -1.000352001831248E-004
   4.20527859237537      -9.836430501247348E-005
   4.22287390029326      -9.725132586367985E-005
   4.24046920821114      -9.532513835088801E-005
   4.25806451612903      -9.398033317866392E-005
   4.27565982404692      -9.200459495707334E-005
   4.29325513196481      -9.060917093662771E-005
   4.31085043988270      -8.874551741167883E-005
   4.32844574780059      -8.744893003864329E-005
   4.34604105571848      -8.583227203548885E-005
   4.36363636363636      -8.475904393651504E-005
   4.38123167155425      -8.349842909275205E-005
   4.39882697947214      -8.274271905904115E-005
   4.41642228739003      -8.189537660267624E-005
   4.43401759530792      -8.143242040730970E-005
   4.45161290322581      -8.087952767196540E-005
   4.46920821114370      -8.056765645618686E-005
   4.48680351906158      -8.018601857908834E-005
   4.50439882697947      -7.992379727204819E-005
   4.52199413489736      -7.962611473978224E-005
   4.53958944281525      -7.934306694323629E-005
   4.55718475073314      -7.907245658595915E-005
   4.57478005865103      -7.873110925733590E-005
   4.59237536656892      -7.847001133698827E-005
   4.60997067448680      -7.808994608679132E-005
   4.62756598240469      -7.790987217128679E-005
   4.64516129032258      -7.758951025322833E-005
   4.66275659824047      -7.754797373151464E-005
   4.68035190615836      -7.728953171190290E-005
   4.69794721407625      -7.735033447920239E-005
   4.71554252199414      -7.709433327667909E-005
   4.73313782991202      -7.717471737791051E-005
   4.75073313782991      -7.681999207742361E-005
   4.76832844574780      -7.679654842121683E-005
   4.78592375366569      -7.619851201321220E-005
   4.80351906158358      -7.589469932619446E-005
   4.82111436950147      -7.484401161781003E-005
   4.83870967741935      -7.406132098330673E-005
   4.85630498533724      -7.244855749558337E-005
   4.87390029325513      -7.116240664949502E-005
   4.89149560117302      -6.900458996637006E-005
   4.90909090909091      -6.725157174692545E-005
   4.92668621700880      -6.460369493579035E-005
   4.94428152492669      -6.245190894158522E-005
   4.96187683284458      -5.939809629716811E-005
   4.97947214076246      -5.694572487690204E-005
   4.99706744868035      -5.360478955040941E-005
   5.01466275659824      -5.099924499135671E-005
   5.03225806451613      -4.755533649031256E-005
   5.04985337243402      -4.497826021051055E-005
   5.06744868035191      -4.157411524781180E-005
   5.08504398826980      -3.912976645918239E-005
   5.10263929618768      -3.584963583238213E-005
   5.12023460410557      -3.360494719004261E-005
   5.13782991202346      -3.050357208957306E-005
   5.15542521994135      -2.849872205658090E-005
   5.17302052785924      -2.560424003361653E-005
   5.19061583577713      -2.385058025239434E-005
   5.20821114369502      -2.115404812184603E-005
   5.22580645161290      -1.960822094243198E-005
   5.24340175953079      -1.704574953405685E-005
   5.26099706744868      -1.565597798299733E-005
   5.27859237536657      -1.320572748102888E-005
   5.29618768328446      -1.196710352189030E-005
   5.31378299120235      -9.636856922358820E-006
   5.33137829912024      -8.564880566355883E-006
   5.34897360703812      -6.379746897141235E-006
   5.36656891495601      -5.506310096427588E-006
   5.38416422287390      -3.508811365937677E-006
   5.40175953079179      -2.887429358277960E-006
   5.41935483870968      -1.146855698557235E-006
   5.43695014662757      -8.338801442984850E-007
   5.45454545454546       6.468928767730531E-007
   5.47214076246334       7.043257464243655E-007
   5.48973607038123       2.002952546269456E-006
   5.50733137829912       1.898595304332361E-006
   5.52492668621701       3.119993618525940E-006
   5.54252199413490       2.971976596907573E-006
   5.56011730205279       4.245216713282721E-006
   5.57771260997067       4.197848558770531E-006
   5.59530791788856       5.683024702644441E-006
   5.61290322580645       5.920999913764158E-006
   5.63049853372434       7.792506252608906E-006
   5.64809384164223       8.402459644756388E-006
   5.66568914956012       1.063817452307478E-005
   5.68328445747801       1.154602363127245E-005
   5.70087976539589       1.405177687826109E-005
   5.71847507331378       1.515255773731432E-005
   5.73607038123167       1.781264116897376E-005
   5.75366568914956       1.898389417719295E-005
   5.77126099706745       2.166734192290976E-005
   5.78885630498534       2.277227014748968E-005
   5.80645161290323       2.533326249666971E-005
   5.82404692082111       2.623483735061562E-005
   5.84164222873900       2.858743180752602E-005
   5.85923753665689       2.927206508334892E-005
   5.87683284457478       3.143706912725881E-005
   5.89442815249267       3.193306940230082E-005
   5.91202346041056       3.394008759208416E-005
   5.92961876832845       3.428036412741394E-005
   5.94721407624634       3.616323912206320E-005
   5.96480938416422       3.638524399952044E-005
   5.98240469208211       3.818343609286440E-005
   6.00000000000000       3.833249945662380E-005
   6.01759530791789       4.009618336719709E-005
   6.03519061583578       4.021713669225737E-005
   6.05278592375367       4.196110241742286E-005
   6.07038123167156       4.204110280075723E-005
   6.08797653958944       4.373832337970847E-005
   6.10557184750733       4.374543737250687E-005
   6.12316715542522       4.535852434396646E-005
   6.14076246334311       4.525314651965859E-005
   6.15835777126100       4.673877342134648E-005
   6.17595307917889       4.647681013842449E-005
   6.19354838709677       4.778878870372279E-005
   6.21114369501466       4.732733269165392E-005
   6.22873900293255       4.844243628596139E-005
   6.24633431085044       4.780060214119319E-005
   6.26392961876833       4.876487722083576E-005
   6.28152492668622       4.799065051021585E-005
   6.29912023460411       4.884368059561771E-005
   6.31671554252199       4.797144623733615E-005
   6.33431085043988       4.874070378867741E-005
   6.35190615835777       4.779314179458646E-005
   6.36950146627566       4.849421294960286E-005
   6.38709677419355       4.748122669847180E-005
   6.40469208211144       4.811449168614003E-005
   6.42228739002933       4.702545479243974E-005
   6.43988269794721       4.756979883894632E-005
   6.45747800586510       4.638721573732764E-005
   6.47507331378299       4.683309054994271E-005
   6.49266862170088       4.555349587851312E-005
   6.51026392961877       4.589844103063758E-005
   6.52785923753666       4.452132553298771E-005
   6.54545454545455       4.476430796610981E-005
   6.56304985337243       4.328979405949487E-005
   6.58064516129032       4.343022110717746E-005
   6.59824046920821       4.185926909278302E-005
   6.61583577712610       4.190094618243213E-005
   6.63343108504399       4.025262091373752E-005
   6.65102639296188       4.023205057742454E-005
   6.66862170087977       3.854891011326838E-005
   6.68621700879765       3.850194058023777E-005
   6.70381231671554       3.681389762287954E-005
   6.72140762463343       3.676309816777549E-005
   6.73900293255132       3.508690361234858E-005
   6.75659824046921       3.504083042853159E-005
   6.77419354838710       3.337737194290245E-005
   6.79178885630499       3.332555611681222E-005
   6.80938416422287       3.164927836573873E-005
   6.82697947214076       3.154627692779755E-005
   6.84457478005865       2.981273084810355E-005
   6.86217008797654       2.963905460851606E-005
   6.87976539589443       2.785452489485771E-005
   6.89736070381232       2.762746371980764E-005
   6.91495601173021       2.581625338575506E-005
   6.93255131964809       2.556340681545263E-005
   6.95014662756598       2.375654156152741E-005
   6.96774193548387       2.350969505839271E-005
   6.98533724340176       2.174030206042278E-005
   7.00293255131965       2.153110750152788E-005
   7.02052785923754       1.982630959664557E-005
   7.03812316715543       1.966657217335221E-005
   7.05571847507331       1.802372920706901E-005
   7.07331378299120       1.790570373081165E-005
   7.09090909090909       1.631930707324705E-005
   7.10850439882698       1.623737298704220E-005
   7.12609970674487       1.470218966334318E-005
   7.14369501466276       1.464906918492652E-005
   7.16129032258065       1.315624911342382E-005
   7.17888563049853       1.311861520480107E-005
   7.19648093841642       1.164963629740675E-005
   7.21407624633431       1.159640616940956E-005
   7.23167155425220       1.010253046441904E-005
   7.24926686217009       9.977293162541441E-006
   7.26686217008798       8.415599959154926E-006
   7.28445747800587       8.190289706636271E-006
   7.30205278592375       6.542589004537931E-006
   7.31964809384164       6.204138780093000E-006
   7.33724340175953       4.461969234410847E-006
   7.35483870967742       4.003758898566733E-006
   7.37243401759531       2.162080306633786E-006
   7.39002932551320       1.577494990877957E-006
   7.40762463343109      -3.748868168609865E-007
   7.42521994134897      -1.109107517268718E-006
   7.44281524926686      -3.199597405629436E-006
   7.46041055718475      -4.096087820262296E-006
   7.47800586510264      -6.313963376078044E-006
   7.49560117302053      -7.346705181335537E-006
   7.51319648093842      -9.654030057838393E-006
   7.53079178885631      -1.077584782424582E-005
   7.54838709677419      -1.311594481569476E-005
   7.56598240469208      -1.426217982908230E-005
   7.58357771260997      -1.656128676356770E-005
   7.60117302052786      -1.764954730288129E-005
   7.61876832844575      -1.981965534025445E-005
   7.63636363636364      -2.078418549123380E-005
   7.65395894428153      -2.280655853303365E-005
   7.67155425219941      -2.366025760686235E-005
   7.68914956011730      -2.555223837770357E-005
   7.70674486803519      -2.631144743034514E-005
   7.72434017595308      -2.808661757919939E-005
   7.74193548387097      -2.876283053502634E-005
   7.75953079178886      -3.042950683523398E-005
   7.77712609970675      -3.102895600267033E-005
   7.79472140762463      -3.259069461981456E-005
   7.81231671554252      -3.311774458037392E-005
   7.82991202346041      -3.459135917799833E-005
   7.84750733137830      -3.508665702315304E-005
   7.86510263929619      -3.652339998810148E-005
   7.88269794721408      -3.703255379160467E-005
   7.90029325513197      -3.846749198986376E-005
   7.91788856304985      -3.901645963425661E-005
   7.93548387096774      -4.046532450730915E-005
   7.95307917888563      -4.105975028314962E-005
   7.97067448680352      -4.251595756827759E-005
   7.98826979472141      -4.313567212950463E-005
   8.00586510263930      -4.455917918485111E-005
   8.02346041055718      -4.514130555214949E-005
   8.04105571847507      -4.646804595878532E-005
   8.05865102639296      -4.698348531431945E-005
   8.07624633431085      -4.821910030345231E-005
   8.09384164222874      -4.868868314420895E-005
   8.11143695014663      -4.985953048876201E-005
   8.12903225806452      -5.031287385863507E-005
   8.14662756598241      -5.144896650912376E-005
   8.16422287390029      -5.191559476462258E-005
   8.18181818181818      -5.304364372241245E-005
   8.19941348973607      -5.354608645679112E-005
   8.21700879765396      -5.467965353574041E-005
   8.23460410557185      -5.522049389445707E-005
   8.25219941348974      -5.635862078065779E-005
   8.26979472140763      -5.694320826333139E-005
   8.28739002932551      -5.809569831987750E-005
   8.30498533724340      -5.873466510330060E-005
   8.32258064516129      -5.991015091559712E-005
   8.34017595307918      -6.060874997151618E-005
   8.35777126099707      -6.180668090457893E-005
   8.37536656891496      -6.255635620977423E-005
   8.39296187683285      -6.375593794148284E-005
   8.41055718475073      -6.451415258812397E-005
   8.42815249266862      -6.563990441340213E-005
   8.44574780058651      -6.632107681040110E-005
   8.46334310850440      -6.731780878007787E-005
   8.48093841642229      -6.790419382269930E-005
   8.49853372434018      -6.877553517334476E-005
   8.51612903225807      -6.928411958447779E-005
   8.53372434017595      -7.005658336207091E-005
   8.55131964809384      -7.052124152301908E-005
   8.56891495601173      -7.123370244144628E-005
   8.58651026392962      -7.169657902961452E-005
   8.60410557184751      -7.239090696794514E-005
   8.62170087976540      -7.288099382453449E-005
   8.63929618768329      -7.355167530974691E-005
   8.65689149560117      -7.403377132341924E-005
   8.67448680351906      -7.464479637860251E-005
   8.69208211143695      -7.509471603346812E-005
   8.70967741935484      -7.563077583009570E-005
   8.72727272727273      -7.604041926591204E-005
   8.74486803519062      -7.649887978881641E-005
   8.76246334310851      -7.686999782965278E-005
   8.78005865102639      -7.725514853806625E-005
   8.79765395894428      -7.759243102066806E-005
   8.81524926686217      -7.790133143320625E-005
   8.83284457478006      -7.817606605380250E-005
   8.85043988269795      -7.835342140981849E-005
   8.86803519061584      -7.851118311671128E-005
   8.88563049853373      -7.851969538924709E-005
   8.90322580645161      -7.853857882234287E-005
   8.92082111436950      -7.836896096247453E-005
   8.93841642228739      -7.825110735613423E-005
   8.95601173020528      -7.791619482579274E-005
   8.97360703812317      -7.768475965171662E-005
   8.99120234604106      -7.721786010855235E-005
   9.00879765395895      -7.691591826226566E-005
   9.02639296187683      -7.635547463133067E-005
   9.04398826979472      -7.598796800989243E-005
   9.06158357771261      -7.530344302346292E-005
   9.07917888563050      -7.483179609284391E-005
   9.09677419354839      -7.399251836587836E-005
   9.11436950146628      -7.339529089732924E-005
   9.13196480938416      -7.238978054824727E-005
   9.14956011730205      -7.166614240729665E-005
   9.16715542521994      -7.050540154267608E-005
   9.18475073313783      -6.967971657483100E-005
   9.20234604105572      -6.840498177965182E-005
   9.21994134897361      -6.753610862551861E-005
   9.23753665689150      -6.619990162739451E-005
   9.25513196480938      -6.529893773849902E-005
   9.27272727272727      -6.387662315850593E-005
   9.29032258064516      -6.290897910735105E-005
   9.30791788856305      -6.136634926830485E-005
   9.32551319648094      -6.030091029510552E-005
   9.34310850439883      -5.861251477412226E-005
   9.36070381231672      -5.743114400995426E-005
   9.37829912023460      -5.558897838967713E-005
   9.39589442815249      -5.429683572925881E-005
   9.41348973607038      -5.232653382888521E-005
   9.43108504398827      -5.096336794262334E-005
   9.44868035190616      -4.888422421281644E-005
   9.46627565982405      -4.742870908962683E-005
   9.48387096774194      -4.519585374028294E-005
   9.50146627565982      -4.359578268360657E-005
   9.51906158357771      -4.115565972534740E-005
   9.53665689149560      -3.935884365383662E-005
   9.55425219941349      -3.666377054503021E-005
   9.57184750733138      -3.462960780927352E-005
   9.58944281524927      -3.165033070682554E-005
   9.60703812316716      -2.936911162750317E-005
   9.62463343108504      -2.613533022400129E-005
   9.64222873900293      -2.367795434583371E-005
   9.65982404692082      -2.026416612987410E-005
   9.67741935483871      -1.767865766737571E-005
   9.69501466275660      -1.411272071229130E-005
   9.71260997067449      -1.141613311413383E-005
   9.73020527859238      -7.709131241152835E-006
   9.74780058651026      -4.909498145538857E-006
   9.76539589442815      -1.070013009545380E-006
   9.78299120234604       1.820365769572355E-006
   9.80058651026393       5.769844036879531E-006
   9.81818181818182       8.705506315005530E-006
   9.83577712609971       1.269091265959967E-005
   9.85337243401760       1.560302277981158E-005
   9.87096774193548       1.959219052941611E-005
   9.88856304985337       2.248020975917651E-005
   9.90615835777126       2.649080837885553E-005
   9.92375366568915       2.938607710071164E-005
   9.94134897360704       3.345892828183017E-005
   9.95894428152493       3.640995911568975E-005
   9.97653958944282       4.059762595324125E-005
   9.99413489736071       4.365846473230613E-005
   10.0117302052786       4.800561072654108E-005
   10.0293255131965       5.117796997068507E-005
   10.0469208211144       5.562126398045132E-005
   10.0645161290323       5.881661745339873E-005
   10.0821114369501       6.328486086634220E-005
   10.0997067448680       6.645550801642674E-005
   10.1173020527859       7.091839642984650E-005
   10.1348973607038       7.405006760236114E-005
   10.1524926686217       7.850695663507801E-005
   10.1700879765396       8.161252256946286E-005
   10.1876832844575       8.608803388192977E-005
   10.2052785923754       8.920377314862530E-005
   10.2228739002933       9.373187221053404E-005
   10.2404692082111       9.685924684951658E-005
   10.2580645161290       1.014004310712226E-004
   10.2756598240469       1.044910066366912E-004
   10.2932551319648       1.090079981864401E-004
   10.3108504398827       1.120381334074702E-004
   10.3284457478006       1.165199462193797E-004
   10.3460410557185       1.194926866508157E-004
   10.3636363636364       1.239558853092667E-004
   10.3812316715543       1.269034249948311E-004
   10.3988269794721       1.313965469809570E-004
   10.4164222873900       1.343835637591264E-004
   10.4340175953079       1.389536077690647E-004
   10.4516129032258       1.419668255409909E-004
   10.4692082111437       1.465529214641886E-004
   10.4868035190616       1.495250962887257E-004
   10.5043988269795       1.540670223525976E-004
   10.5219941348974       1.569490955330418E-004
   10.5395894428153       1.614101668738458E-004
   10.5571847507331       1.641814667052036E-004
   10.5747800586510       1.685592483508307E-004
   10.5923753665689       1.712415913925767E-004
   10.6099706744868       1.755927611749182E-004
   10.6275659824047       1.782803458294645E-004
   10.6451612903226       1.826866230630339E-004
   10.6627565982405       1.853995636414280E-004
   10.6803519061584       1.898304874263222E-004
   10.6979472140762       1.925203322121348E-004
   10.7155425219941       1.969202700680214E-004
   10.7331378299120       1.995308484223345E-004
   10.7507331378299       2.038461896715312E-004
   10.7683284457478       2.063320693876372E-004
   10.7859237536657       2.105295344701493E-004
   10.8035190615836       2.128809472858990E-004
   10.8211143695015       2.169936321132409E-004
   10.8387096774194       2.192880547860973E-004
   10.8563049853372       2.233832051682899E-004
   10.8739002932551       2.256394645263080E-004
   10.8914956011730       2.296988478814255E-004
   10.9090909090909       2.318798944001407E-004
   10.9266862170088       2.358527523266343E-004
   10.9442815249267       2.379005154184365E-004
   10.9618768328446       2.417236634411419E-004
   10.9794721407625       2.435758588680460E-004
   10.9970674486804       2.471921020418079E-004
   11.0146627565982       2.488156629512175E-004
   11.0322580645161       2.522518027411777E-004
   11.0498533724340       2.537323236034756E-004
   11.0674486803519       2.570715250867882E-004
   11.0850439882698       2.584586855058519E-004
   11.1026392961877       2.617217247627019E-004
   11.1202346041056       2.630161835851899E-004
   11.1378299120235       2.661855011519651E-004
   11.1554252199413       2.673555169122904E-004
   11.1730205278592       2.703855052345088E-004
   11.1906158357771       2.713751406760899E-004
   11.2082111436950       2.742017711388808E-004
   11.2258064516129       2.749658498772811E-004
   11.2434017595308       2.775987143529419E-004
   11.2609970674487       2.781933872600218E-004
   11.2785923753666       2.806877671529672E-004
   11.2961876832845       2.811498504625846E-004
   11.3137829912023       2.835235199467337E-004
   11.3313782991202       2.838538936117034E-004
   11.3489736070381       2.860887061376535E-004
   11.3665689149560       2.862509689557614E-004
   11.3841642228739       2.882882709328995E-004
   11.4017595307918       2.881985044479137E-004
   11.4193548387097       2.899266098900163E-004
   11.4369501466276       2.894903688741535E-004
   11.4545454545455       2.908918510363823E-004
   11.4721407624633       2.901598918476295E-004
   11.4897360703812       2.913049087807011E-004
   11.5073313782991       2.903509551742307E-004
   11.5249266862170       2.913101188553187E-004
   11.5425219941349       2.902000148938793E-004
   11.5601173020528       2.910294488977056E-004
   11.5777126099707       2.898074906606950E-004
   11.5953079178886       2.905321881617168E-004
   11.6129032258065       2.891913294953549E-004
   11.6304985337243       2.897563367933890E-004
   11.6480938416422       2.882289488395438E-004
   11.6656891495601       2.886039898297872E-004
   11.6832844574780       2.869038908855964E-004
   11.7008797653959       2.871259345097628E-004
   11.7184750733138       2.853058290236353E-004
   11.7360703812317       2.854368217015159E-004
   11.7536656891496       2.835667139606123E-004
   11.7712609970675       2.836795963283128E-004
   11.7888563049853       2.818340846135674E-004
   11.8064516129032       2.819957273117738E-004
   11.8240469208211       2.802091975761163E-004
   11.8416422287390       2.803908119436185E-004
   11.8592375366569       2.785998374172575E-004
   11.8768328445748       2.787525851318620E-004
   11.8944281524927       2.769380361729759E-004
   11.9120234604106       2.770640796545936E-004
   11.9296187683284       2.752493863463298E-004
   11.9472140762463       2.753902313259579E-004
   11.9648093841642       2.736373445795643E-004
   11.9824046920821       2.738743231875017E-004
   12.0000000000000       2.722892353526429E-004
   12.0175953079179       2.727487601395221E-004
   12.0351906158358       2.714322052331895E-004
   12.0527859237537       2.721232033894453E-004
   12.0703812316716       2.710139401780021E-004
   12.0879765395894       2.718585441711161E-004
   12.1055718475073       2.708843528345443E-004
   12.1231671554252       2.718183237928508E-004
   12.1407624633431       2.709291382106575E-004
   12.1583577712610       2.719179046808488E-004
   12.1759530791789       2.711022050135124E-004
   12.1935483870968       2.721619394454013E-004
   12.2111436950147       2.714828241734546E-004
   12.2287390029326       2.727225696695167E-004
   12.2463343108504       2.722731382219939E-004
   12.2639296187683       2.737065039417951E-004
   12.2815249266862       2.734429681025639E-004
   12.2991202346041       2.750063340461347E-004
   12.3167155425220       2.748649289164165E-004
   12.3343108504399       2.765021395461799E-004
   12.3519061583578       2.764474667610184E-004
   12.3695014662757       2.781546332366449E-004
   12.3870967741935       2.782362844276933E-004
   12.4046920821114       2.801585680876591E-004
   12.4222873900293       2.807152473400020E-004
   12.4398826979472       2.833703370434953E-004
   12.4574780058651       2.848489165801937E-004
   12.4750733137830       2.884333124763903E-004
   12.4926686217009       2.908388467854723E-004
   12.5102639296188       2.952318840950825E-004
   12.5278592375367       2.983440546396064E-004
   12.5454545454545       3.032381748546308E-004
   12.5630498533724       3.066732129680397E-004
   12.5806451612903       3.116126620761519E-004
   12.5982404692082       3.148505110014606E-004
   12.6158357771261       3.192822132701928E-004
   12.6334310850440       3.219203791232446E-004
   12.6510263929619       3.257559983843900E-004
   12.6686217008798       3.278893877161443E-004
   12.6862170087977       3.312082000960094E-004
   12.7038123167155       3.328596992338827E-004
   12.7214076246334       3.356318419750789E-004
   12.7390029325513       3.367305952222032E-004
   12.7565982404692       3.388547685538143E-004
   12.7741935483871       3.392984642531347E-004
   12.7917888563050       3.407140700067181E-004
   12.8093841642229       3.406675724859429E-004
   12.8269794721408       3.425104461682438E-004
   12.8445747800587       3.446595764527729E-004
   12.8621700879765       3.502662399343720E-004
   12.8797653958944       3.573638776952148E-004
   12.8973607038123       3.686331048561124E-004
   12.9149560117302       3.817945534353011E-004
   12.9325513196481       3.990114689874117E-004
   12.9501466275660       4.175793061018519E-004
   12.9677419354839       4.389416284099057E-004
   12.9853372434018       4.596092785450223E-004
   13.0029325513196       4.794676595528989E-004
   13.0205278592375       4.928104022934594E-004
   13.0381231671554       4.998369524351028E-004
   13.0557184750733       4.992126319266346E-004
   13.0733137829912       4.941833174158870E-004
   13.0909090909091       4.851388507574305E-004
   13.1085043988270       4.765810462083885E-004
   13.1260997067449       4.701456258031803E-004
   13.1436950146628       4.713866386910651E-004
   13.1612903225806       4.831889198307917E-004
   13.1788856304985       5.123507833875841E-004
   13.1964809384164       5.634646330982593E-004
   13.2140762463343       6.448319312192648E-004
   13.2316715542522       7.535936340868292E-004
   13.2492668621701       8.836101180587581E-004
   13.2668621700880       1.025451417165905E-003
   13.2844574780059       1.171590553462718E-003
   13.3020527859238       1.312105761756130E-003
   13.3196480938416       1.439029433844530E-003
   13.3372434017595       1.542442595965721E-003
   13.3548387096774       1.614330712450041E-003
   13.3724340175953       1.645234455130275E-003
   13.3900293255132       1.627676844951180E-003
   13.4076246334311       1.554470844609615E-003
   13.4252199413490       1.431554601662055E-003
   13.4428152492669       1.273676417496889E-003
   13.4604105571848       1.094827672653104E-003
   13.4780058651026       9.068372239364430E-004
   13.4956011730205       7.211192052496093E-004
   13.5131964809384       5.473232735023314E-004
   13.5307917888563       3.945310712192328E-004
   13.5483870967742       2.700776834293434E-004
   13.5659824046921       1.802013173864950E-004
   13.5835777126100       1.287956323751937E-004
   13.6011730205279       1.167339125259547E-004
   13.6187683284457       1.352519040292697E-004
   13.6363636363636       1.672072859338879E-004
   13.6539589442815       2.022009858735505E-004
   13.6715542521994       2.315693765699202E-004
   13.6891495601173       2.505909752445292E-004
   13.7067448680352       2.548185733706170E-004
   13.7243401759531       2.432399338574499E-004
   13.7419354838710       2.147941518705937E-004
   13.7595307917889       1.720612115782510E-004
   13.7771260997067       1.178739757702910E-004
   13.7947214076246       5.969095305573707E-005
   13.8123167155425       8.396915752294953E-006
   13.8299120234604      -2.326877361548441E-005
   13.8475073313783      -3.368217547938679E-005
   13.8651026392962      -2.168179174582471E-005
   13.8826979472141       8.755767582643251E-006
   13.9002932551320       5.596894866546667E-005
   13.9178885630499       1.135659972017914E-004
   13.9354838709677       1.782903832062917E-004
   13.9530791788856       2.420704463792683E-004
   13.9706744868035       3.005102628569738E-004
   13.9882697947214       3.441372309563515E-004
   14.0058651026393       3.676489055975700E-004
   14.0234604105572       3.659471339477496E-004
   14.0410557184751       3.474444509649073E-004
   14.0586510263930       3.157364870650907E-004
   14.0762463343109       2.794437615478009E-004
   14.0938416422287       2.410889328039600E-004
   14.1114369501466       2.085363241309276E-004
   14.1290322580645       1.830531202570457E-004
   14.1466275659824       1.714803243581619E-004
   14.1642228739003       1.734598158312471E-004
   14.1818181818182       1.941419275474167E-004
   14.1994134897361       2.302943050461499E-004
   14.2170087976540       2.811589468885957E-004
   14.2346041055718       3.346108875598866E-004
   14.2521994134897       3.894055595981442E-004
   14.2697947214076       4.377588463265232E-004
   14.2873900293255       4.815910860872037E-004
   14.3049853372434       5.149859736472344E-004
   14.3225806451613       5.417325885670945E-004
   14.3401759530792       5.571766056083312E-004
   14.3577712609971       5.667231084588510E-004
   14.3753665689150       5.669322490661670E-004
   14.3929618768328       5.650236761813945E-004
   14.4105571847507       5.596379400758305E-004
   14.4281524926686       5.593744889366917E-004
   14.4457478005865       5.597246212621514E-004
   14.4633431085044       5.661794816175279E-004
   14.4809384164223       5.727498533703605E-004
   14.4985337243402       5.847325135195946E-004
   14.5161290322581       5.956005376406285E-004
   14.5337243401760       6.108110669368484E-004
   14.5513196480938       6.235399903703375E-004
   14.5689149560117       6.396032413870872E-004
   14.5865102639296       6.520783346388103E-004
   14.6041055718475       6.674936974574504E-004
   14.6217008797654       6.796656088019073E-004
   14.6392961876833       6.962971159000329E-004
   14.6568914956012       7.104268010238371E-004
   14.6744868035191       7.292528250825515E-004
   14.6920821114370       7.450638727835608E-004
   14.7096774193548       7.650150159923545E-004
   14.7272727272727       7.808109988262213E-004
   14.7448680351906       7.996757663515223E-004
   14.7624633431085       8.127775303203323E-004
   14.7800586510264       8.274458817129445E-004
   14.7976539589443       8.343034649563727E-004
   14.8152492668622       8.409017911924344E-004
   14.8328445747801       8.385722115962199E-004
   14.8504398826979       8.367500540228041E-004
   14.8680351906158       8.269388032844199E-004
   14.8856304985337       8.189329164813057E-004
   14.9032258064516       8.038732484780670E-004
   14.9208211143695       7.918827979355922E-004
   14.9384164222874       7.737253233688737E-004
   14.9560117302053       7.598678658504895E-004
   14.9736070381232       7.407154112085814E-004
   14.9912023460411       7.271365995358030E-004
   15.0087976539589       7.093163304618278E-004
   15.0263929618768       6.982816072819689E-004
   15.0439882697947       6.826876284332432E-004
   15.0615835777126       6.728073326508683E-004
   15.0791788856305       6.563635569243083E-004
   15.0967741935484       6.436303912282191E-004
   15.1143695014663       6.215337779470917E-004
   15.1319648093842       6.003424097616122E-004
   15.1495601173021       5.660997236828129E-004
   15.1671554252199       5.289343509807396E-004
   15.1847507331378       4.737304304815151E-004
   15.2023460410557       4.098925647200987E-004
   15.2199413489736       3.217713606159686E-004
   15.2375366568915       2.255893650699490E-004
   15.2551319648094       1.136048126075068E-004
   15.2727272727273       5.435763516988268E-006
   15.2903225806452      -1.060887373427533E-004
   15.3079178885631      -2.001325577463575E-004
   15.3255131964809      -2.837563163932318E-004
   15.3431085043988      -3.351795513330011E-004
   15.3607038123167      -3.615431579319922E-004
   15.3782991202346      -3.403112899616530E-004
   15.3958944281525      -2.789545431044727E-004
   15.4134897360704      -1.568291506626488E-004
   15.4310850439883      -7.513028155777535E-007
   15.4486803519062       1.872567194023502E-004
   15.4662756598240       3.739287596882923E-004
   15.4838709677419       5.594470733382681E-004
   15.5014662756598       7.116261404869818E-004
   15.5190615835777       8.328712124270250E-004
   15.5366568914956       8.924011131732086E-004
   15.5542521994135       8.954798226689174E-004
   15.5718475073314       8.138609409465875E-004
   15.5894428152493       6.575717158338779E-004
   15.6070381231672       4.067347194221868E-004
   15.6246334310850       1.030174720223623E-004
   15.6422287390029      -2.344640446401476E-004
   15.6598240469208      -5.565324596836568E-004
   15.6774193548387      -8.568504653662152E-004
   15.6950146627566      -1.093847583774613E-003
   15.7126099706745      -1.269372220748899E-003
   15.7302052785924      -1.348144716125606E-003
   15.7478005865103      -1.340291433387000E-003
   15.7653958944282      -1.218129595206915E-003
   15.7829912023460      -1.003356728438857E-003
   15.8005865102639      -6.831426786190288E-004
   15.8181818181818      -3.159565498671831E-004
   15.8357771260997       6.552801647931406E-005
   15.8533724340176       4.038297563590977E-004
   15.8709677419355       6.950983885535085E-004
   15.8885630498534       8.987125347395155E-004
   15.9061583577713       1.025389812671555E-003
   15.9237536656892       1.045180391356596E-003
   15.9413489736070       9.810324007761848E-004
   15.9589442815249       8.135350625598983E-004
   15.9765395894428       5.799605902956277E-004
   15.9941348973607       2.761097133841085E-004
   16.0117302052786      -3.047121685506343E-005
   16.0293255131965      -3.157256181360122E-004
   16.0469208211144      -5.288175539159479E-004
   16.0645161290323      -6.854783377197383E-004
   16.0821114369501      -7.558721522136987E-004
   16.0997067448680      -7.691218504501499E-004
   16.1173020527859      -7.045276378080300E-004
   16.1348973607038      -6.005223378620932E-004
   16.1524926686217      -4.433986347920556E-004
   16.1700879765396      -2.803191151173806E-004
   16.1876832844575      -1.052236958460486E-004
   16.2052785923754       2.214545303252663E-005
   16.2228739002933       1.038908926578503E-004
   16.2404692082111       1.058012450978222E-004
   16.2580645161290       6.544355077239106E-005
   16.2756598240469      -4.057105734887406E-005
   16.2932551319648      -1.699418998070456E-004
   16.3108504398827      -3.445422218008611E-004
   16.3284457478006      -5.197314697326932E-004
   16.3460410557185      -7.175560038625173E-004
   16.3636363636364      -8.920601774133676E-004
   16.3812316715543      -1.066623827568703E-003
   16.3988269794721      -1.195283676447218E-003
   16.4164222873900      -1.308453715715666E-003
   16.4340175953079      -1.377226064318728E-003
   16.4516129032258      -1.445950596462057E-003
   16.4692082111437      -1.483004361853961E-003
   16.4868035190616      -1.530618516248198E-003
   16.5043988269795      -1.553402974270406E-003
   16.5219941348974      -1.592602529070785E-003
   16.5395894428153      -1.609405511200639E-003
   16.5571847507331      -1.644172482679487E-003
   16.5747800586510      -1.654314855277895E-003
   16.5923753665689      -1.678663211566261E-003
   16.6099706744868      -1.668457432800928E-003
   16.6275659824047      -1.660191975536058E-003
   16.6451612903226      -1.608405004469726E-003
   16.6627565982405      -1.558745002996681E-003
   16.6803519061584      -1.467948424003213E-003
   16.6979472140762      -1.384986201356949E-003
   16.7155425219941      -1.266394416398569E-003
   16.7331378299120      -1.163740904973598E-003
   16.7507331378299      -1.032770326371460E-003
   16.7683284457478      -9.274164594762543E-004
   16.7859237536657      -8.023098379407255E-004
   16.8035190615836      -7.136008900207293E-004
   16.8211143695015      -6.116418401314285E-004
   16.8387096774194      -5.460100205534577E-004
   16.8563049853372      -4.591398516688385E-004
   16.8739002932551      -4.027226686270298E-004
   16.8914956011730      -3.180544603132192E-004
   16.9090909090909      -2.598227506244364E-004
   16.9266862170088      -1.681777473649231E-004
   16.9442815249267      -1.011854752904368E-004
   16.9618768328446       1.894928080345515E-006
   16.9794721407625       7.872373466547780E-005
   16.9970674486804       1.897641143486714E-004
   17.0146627565982       2.638220296237149E-004
   17.0322580645161       3.544979541519384E-004
   17.0498533724340       3.877291266226906E-004
   17.0674486803519       4.264703145032138E-004
   17.0850439882698       3.986307931762153E-004
   17.1026392961877       3.735720313003770E-004
   17.1202346041056       2.792091735700922E-004
   17.1378299120235       1.910260956291179E-004
   17.1554252199413       3.675458148133110E-005
   17.1730205278592      -1.011424996643330E-004
   17.1906158357771      -2.940918639145917E-004
   17.2082111436950      -4.482679125026282E-004
   17.2258064516129      -6.297663315758584E-004
   17.2434017595308      -7.442838793566447E-004
   17.2609970674487      -8.752291591190713E-004
   17.2785923753666      -9.322467627277445E-004
   17.2961876832845      -1.007607679056892E-003
   17.3137829912023      -1.009895065383923E-003
   17.3313782991202      -1.039321242971839E-003
   17.3489736070381      -1.002268504837981E-003
   17.3665689149560      -1.007304977270003E-003
   17.3841642228739      -9.585141616136951E-004
   17.4017595307918      -9.749458952694421E-004
   17.4193548387097      -9.591698299567879E-004
   17.4369501466276      -1.030543077275779E-003
   17.4545454545455      -1.069436582189784E-003
   17.4721407624633      -1.195205811401686E-003
   17.4897360703812      -1.277499764793272E-003
   17.5073313782991      -1.442194921256467E-003
   17.5249266862170      -1.548491172196459E-003
   17.5425219941349      -1.730702360167723E-003
   17.5601173020528      -1.836592006998434E-003
   17.5777126099707      -2.010530591121429E-003
   17.5953079178886      -2.087136849889691E-003
   17.6129032258065      -2.222713325656725E-003
   17.6304985337243      -2.243075766696395E-003
   17.6480938416422      -2.330013845536851E-003
   17.6656891495601      -2.297455109064386E-003
   17.6832844574780      -2.346322363789731E-003
   17.7008797653959      -2.270664890629150E-003
   17.7184750733138      -2.294114217070717E-003
   17.7360703812317      -2.185940466837013E-003
   17.7536656891496      -2.198018498237042E-003
   17.7712609970675      -2.068160674117101E-003
   17.7888563049853      -2.084527805077458E-003
   17.8064516129032      -1.943696382396783E-003
   17.8240469208211      -1.981180407440588E-003
   17.8416422287390      -1.835158528688530E-003
   17.8592375366569      -1.908404308821126E-003
   17.8768328445748      -1.758452532348203E-003
   17.8944281524927      -1.892216945351656E-003
   17.9120234604106      -1.740506703616462E-003
   17.9296187683284      -1.988272673104402E-003
   17.9472140762463      -1.838245270185174E-003
   17.9648093841642      -2.356963865169540E-003
   17.9824046920821      -2.215098610567404E-003
   18.0000000000000      -4.084877607262036E-003
