  0.000000000000000E+000 -8.943928166978497E-004
  1.759530791788856E-002 -1.016373339374297E-003
  3.519061583577713E-002 -9.162012841573718E-004
  5.278592375366570E-002 -9.268289346604057E-004
  7.038123167155426E-002 -8.573082889429110E-004
  8.797653958944282E-002 -8.553051792761495E-004
  0.105571847507331      -8.019872797005578E-004
  0.123167155425220      -7.978321007567936E-004
  0.140762463343109      -7.549165324345037E-004
  0.158357771260997      -7.510668092471770E-004
  0.175953079178886      -7.155420624140618E-004
  0.193548387096774      -7.127186650220518E-004
  0.211143695014663      -6.828067349247114E-004
  0.228739002932551      -6.812407434417666E-004
  0.246334310850440      -6.558097252628867E-004
  0.263929618768328      -6.555325278010123E-004
  0.281524926686217      -6.337609477057846E-004
  0.299120234604106      -6.346952673810585E-004
  0.316715542521994      -6.159519520682783E-004
  0.334310850439883      -6.179701928420191E-004
  0.351906158357771      -6.017402954043960E-004
  0.369501466275660      -6.046774344812738E-004
  0.387096774193548      -5.905063142167667E-004
  0.404692082111437      -5.941442669750414E-004
  0.422287390029326      -5.815527608282698E-004
  0.439882697947214      -5.855474636659982E-004
  0.457478005865103      -5.740344863321629E-004
  0.475073313782991      -5.780949054063674E-004
  0.492668621700880      -5.672957576417781E-004
  0.510263929618768      -5.712097283436140E-004
  0.527859237536657      -5.608400455964005E-004
  0.545454545454546      -5.644422199256282E-004
  0.563049853372434      -5.542781742876374E-004
  0.580645161290323      -5.574441617483219E-004
  0.598240469208211      -5.473189144660263E-004
  0.615835777126100      -5.499803482491633E-004
  0.633431085043988      -5.398297411417395E-004
  0.651026392961877      -5.420300288279071E-004
  0.668621700879765      -5.318633708958892E-004
  0.686217008797654      -5.336471191141856E-004
  0.703812316715543      -5.234645964444145E-004
  0.721407624633431      -5.248687159928489E-004
  0.739002932551320      -5.146749478746242E-004
  0.756598240469208      -5.157394326719508E-004
  0.774193548387097      -5.055509650540392E-004
  0.791788856304985      -5.063288229348490E-004
  0.809384164222874      -4.961921181266603E-004
  0.826979472140763      -4.967940999682064E-004
  0.844574780058651      -4.868341876255183E-004
  0.862170087976540      -4.873948995917898E-004
  0.879765395894428      -4.776849501271171E-004
  0.897360703812317      -4.782587755685594E-004
  0.914956011730205      -4.688052407250729E-004
  0.932551319648094      -4.693833004626018E-004
  0.950146627565982      -4.601273232821473E-004
  0.967741935483871      -4.606229333770714E-004
  0.985337243401760      -4.514088874125711E-004
   1.00293255131965      -4.515910246195040E-004
   1.02052785923754      -4.419972351930055E-004
   1.03812316715543      -4.412330466291302E-004
   1.05571847507331      -4.305935854548326E-004
   1.07331378299120      -4.284217369428192E-004
   1.09090909090909      -4.164546380886881E-004
   1.10850439882698      -4.127358594150023E-004
   1.12609970674487      -3.994115082031837E-004
   1.14369501466276      -3.942404923781076E-004
   1.16129032258065      -3.797698750785530E-004
   1.17888563049853      -3.735117108742018E-004
   1.19648093841642      -3.584429488340879E-004
   1.21407624633431      -3.519831893975510E-004
   1.23167155425220      -3.376708794576389E-004
   1.24926686217009      -3.325249307914878E-004
   1.26686217008798      -3.201162522700275E-004
   1.28445747800587      -3.170056758473315E-004
   1.30205278592375      -3.069383226301186E-004
   1.31964809384164      -3.060958134208723E-004
   1.33724340175953      -2.984090713422148E-004
   1.35483870967742      -2.996928261043272E-004
   1.37243401759531      -2.940400902382599E-004
   1.39002932551320      -2.968719988467248E-004
   1.40762463343109      -2.923179218937135E-004
   1.42521994134897      -2.952154702581653E-004
   1.44281524926686      -2.899249454829318E-004
   1.46041055718475      -2.913644016927909E-004
   1.47800586510264      -2.843927496012453E-004
   1.49560117302053      -2.838196055068355E-004
   1.51319648093842      -2.748606159426884E-004
   1.53079178885631      -2.721849584812205E-004
   1.54838709677419      -2.613435825445320E-004
   1.56598240469208      -2.568745333978351E-004
   1.58357771260997      -2.446837064701279E-004
   1.60117302052786      -2.392513501159623E-004
   1.61876832844575      -2.270123469807772E-004
   1.63636363636364      -2.223909238508536E-004
   1.65395894428153      -2.117678969159248E-004
   1.67155425219941      -2.090523351718309E-004
   1.68914956011730      -2.006939278046361E-004
   1.70674486803519      -2.002729597941743E-004
   1.72434017595308      -1.943623934416205E-004
   1.74193548387097      -1.962431465976784E-004
   1.75953079178886      -1.926139557089847E-004
   1.77712609970675      -1.964498348531950E-004
   1.79472140762463      -1.945427354374490E-004
   1.81231671554252      -1.994584362175221E-004
   1.82991202346041      -1.979845021187193E-004
   1.84750733137830      -2.025812758050879E-004
   1.86510263929619      -2.004757462253356E-004
   1.88269794721408      -2.040627649632649E-004
   1.90029325513196      -2.008437350479955E-004
   1.91788856304985      -2.030760842482797E-004
   1.93548387096774      -1.985061354216667E-004
   1.95307917888563      -1.992416511107473E-004
   1.97067448680352      -1.932658570304576E-004
   1.98826979472141      -1.925401433286290E-004
   2.00586510263930      -1.853000577560429E-004
   2.02346041055718      -1.834025891411499E-004
   2.04105571847507      -1.753088706887436E-004
   2.05865102639296      -1.726426831968467E-004
   2.07624633431085      -1.640168017712368E-004
   2.09384164222874      -1.608589591596278E-004
   2.11143695014663      -1.519648311464750E-004
   2.12903225806452      -1.485801068639966E-004
   2.14662756598241      -1.396922706433944E-004
   2.16422287390029      -1.363754921222796E-004
   2.18181818181818      -1.278209129899155E-004
   2.19941348973607      -1.249542179191397E-004
   2.21700879765396      -1.172202081819454E-004
   2.23460410557185      -1.153923722197108E-004
   2.25219941348974      -1.089881506675015E-004
   2.26979472140762      -1.084905901678115E-004
   2.28739002932551      -1.035356862171709E-004
   2.30498533724340      -1.043793470741491E-004
   2.32258064516129      -1.007936580921745E-004
   2.34017595307918      -1.028136168030127E-004
   2.35777126099707      -1.003443292526399E-004
   2.37536656891496      -1.031899824850762E-004
   2.39296187683284      -1.013667218042169E-004
   2.41055718475073      -1.043802173019034E-004
   2.42815249266862      -1.022953322660627E-004
   2.44574780058651      -1.045199121739283E-004
   2.46334310850440      -1.014805862508784E-004
   2.48093841642229      -1.025204041490142E-004
   2.49853372434018      -9.830281284071918E-005
   2.51612903225806      -9.804953274640894E-005
   2.53372434017595      -9.264236284214211E-005
   2.55131964809384      -9.117427807035501E-005
   2.56891495601173      -8.474510177287815E-005
   2.58651026392962      -8.232809273516943E-005
   2.60410557184751      -7.527056306370714E-005
   2.62170087976540      -7.247958325216779E-005
   2.63929618768328      -6.547738209937576E-005
   2.65689149560117      -6.286728967938606E-005
   2.67448680351906      -5.624887784489073E-005
   2.69208211143695      -5.401331792918263E-005
   2.70967741935484      -4.789856600821603E-005
   2.72727272727273      -4.610211163415711E-005
   2.74486803519062      -4.050976847696196E-005
   2.76246334310850      -3.912956917866350E-005
   2.78005865102639      -3.399483957492137E-005
   2.79765395894428      -3.291938623345359E-005
   2.81524926686217      -2.806695570734263E-005
   2.83284457478006      -2.707694167851456E-005
   2.85043988269795      -2.234321813000638E-005
   2.86803519061584      -2.138829914344041E-005
   2.88563049853372      -1.679645840092748E-005
   2.90322580645161      -1.593685479820536E-005
   2.92082111436950      -1.157410862084496E-005
   2.93841642228739      -1.092146907650523E-005
   2.95601173020528      -6.923780858369111E-006
   2.97360703812317      -6.641951166376147E-006
   2.99120234604106      -3.207677461540826E-006
   3.00879765395894      -3.552328780248195E-006
   3.02639296187683      -1.014476760960878E-006
   3.04398826979472      -2.323125371731239E-006
   3.06158357771261      -9.029312036642348E-007
   3.07917888563050      -3.265986627378104E-006
   3.09677419354839      -2.973584412096909E-006
   3.11436950146628      -6.343606312148242E-006
   3.13196480938416      -7.078680363390047E-006
   3.14956011730205      -1.130286307725633E-005
   3.16715542521994      -1.285545445568179E-005
   3.18475073313783      -1.765610789057920E-005
   3.20234604105572      -1.965379185361256E-005
   3.21994134897361      -2.450187050017189E-005
   3.23753665689150      -2.627201786440934E-005
   3.25513196480938      -3.055313458939532E-005
   3.27272727272727      -3.168151354726459E-005
   3.29032258064516      -3.513013518175021E-005
   3.30791788856305      -3.544043440675504E-005
   3.32551319648094      -3.795128343352303E-005
   3.34310850439883      -3.740031748762121E-005
   3.36070381231672      -3.899030339193135E-005
   3.37829912023460      -3.765781812881543E-005
   3.39589442815249      -3.847931892750356E-005
   3.41348973607038      -3.662437891733754E-005
   3.43108504398827      -3.706649615074014E-005
   3.44868035190616      -3.510333896068247E-005
   3.46627565982405      -3.547274865701859E-005
   3.48387096774194      -3.360077467196310E-005
   3.50146627565982      -3.404044065117960E-005
   3.51906158357771      -3.236743145166800E-005
   3.53665689149560      -3.295885120479543E-005
   3.55425219941349      -3.154472937849419E-005
   3.57184750733138      -3.232930077168341E-005
   3.58944281524927      -3.119795183480133E-005
   3.60703812316716      -3.218103096152055E-005
   3.62463343108504      -3.132045176768995E-005
   3.64222873900293      -3.249089478487631E-005
   3.65982404692082      -3.191060031334994E-005
   3.67741935483871      -3.329531051626262E-005
   3.69501466275660      -3.302718146140838E-005
   3.71260997067449      -3.465938869272866E-005
   3.73020527859238      -3.473693899392411E-005
   3.74780058651026      -3.665042314766596E-005
   3.76539589442815      -3.710761884463711E-005
   3.78299120234604      -3.933747983333921E-005
   3.80058651026393      -4.021199913630774E-005
   3.81818181818182      -4.279888027558333E-005
   3.83577712609971      -4.411323575512700E-005
   3.85337243401760      -4.703059403745385E-005
   3.87096774193548      -4.871279441415596E-005
   3.88856304985337      -5.186619393730680E-005
   3.90615835777126      -5.380701452601569E-005
   3.92375366568915      -5.707334542171911E-005
   3.94134897360704      -5.913458665182386E-005
   3.95894428152493      -6.235887623981136E-005
   3.97653958944282      -6.436425202603135E-005
   3.99413489736070      -6.734217054063791E-005
   4.01173020527859      -6.903873666825832E-005
   4.02932551319648      -7.146807041252061E-005
   4.04692082111437      -7.258955422356853E-005
   4.06451612903226      -7.432355999370442E-005
   4.08211143695015      -7.482371078054530E-005
   4.09970674486804      -7.587292324030354E-005
   4.11730205278592      -7.580403634190898E-005
   4.13489736070381      -7.625903030944516E-005
   4.15249266862170      -7.574916794859764E-005
   4.17008797653959      -7.577881031623739E-005
   4.18768328445748      -7.504430824394841E-005
   4.20527859237537      -7.493350807011320E-005
   4.22287390029326      -7.435433387145140E-005
   4.24046920821114      -7.451571668447013E-005
   4.25806451612903      -7.439203636580150E-005
   4.27565982404692      -7.497676246099782E-005
   4.29325513196481      -7.537431809404640E-005
   4.31085043988270      -7.639802230872726E-005
   4.32844574780059      -7.729175517293927E-005
   4.34604105571848      -7.869426388967169E-005
   4.36363636363636      -7.998984457311245E-005
   4.38123167155425      -8.164154731619074E-005
   4.39882697947214      -8.316749179657373E-005
   4.41642228739003      -8.484175733909817E-005
   4.43401759530792      -8.634714789692865E-005
   4.45161290322581      -8.786881329710195E-005
   4.46920821114370      -8.929018024274931E-005
   4.48680351906158      -9.065800757456078E-005
   4.50439882697947      -9.202198350952768E-005
   4.52199413489736      -9.328227040164182E-005
   4.53958944281525      -9.465064991974873E-005
   4.55718475073314      -9.587984115817494E-005
   4.57478005865103      -9.734348813999958E-005
   4.59237536656892      -9.864948400479007E-005
   4.60997067448680      -1.003405410885762E-004
   4.62756598240469      -1.018705702425544E-004
   4.64516129032258      -1.038924710633463E-004
   4.66275659824047      -1.056644356832744E-004
   4.68035190615836      -1.079737293349907E-004
   4.69794721407625      -1.099155214103999E-004
   4.71554252199414      -1.124190093510662E-004
   4.73313782991202      -1.144185558296256E-004
   4.75073313782991      -1.169845688318664E-004
   4.76832844574780      -1.188893019363620E-004
   4.78592375366569      -1.213395162532684E-004
   4.80351906158358      -1.229349397626233E-004
   4.82111436950147      -1.250059435252346E-004
   4.83870967741935      -1.260268388840571E-004
   4.85630498533724      -1.275459000461127E-004
   4.87390029325513      -1.279275286444657E-004
   4.89149560117302      -1.288866316037569E-004
   4.90909090909091      -1.286536579852192E-004
   4.92668621700880      -1.291029710627451E-004
   4.94428152492669      -1.283284053802846E-004
   4.96187683284458      -1.283621186229153E-004
   4.97947214076246      -1.271627500461425E-004
   4.99706744868035      -1.269226591402759E-004
   5.01466275659824      -1.254737621595457E-004
   5.03225806451613      -1.251490375761822E-004
   5.04985337243402      -1.235926506503055E-004
   5.06744868035191      -1.232538720763046E-004
   5.08504398826980      -1.216228038324031E-004
   5.10263929618768      -1.212885409133144E-004
   5.12023460410557      -1.195943586491526E-004
   5.13782991202346      -1.192716542638008E-004
   5.15542521994135      -1.175199407083809E-004
   5.17302052785924      -1.172145336433235E-004
   5.19061583577713      -1.154147426986674E-004
   5.20821114369502      -1.151463100184467E-004
   5.22580645161290      -1.133541763395670E-004
   5.24340175953079      -1.132324428988342E-004
   5.26099706744868      -1.115815132087271E-004
   5.27859237536657      -1.117210876948277E-004
   5.29618768328446      -1.103008971866984E-004
   5.31378299120235      -1.107705905448692E-004
   5.33137829912024      -1.096311295765663E-004
   5.34897360703812      -1.104607865305592E-004
   5.36656891495601      -1.096105885094418E-004
   5.38416422287390      -1.107821417149306E-004
   5.40175953079179      -1.101671859713530E-004
   5.41935483870968      -1.115581446102816E-004
   5.43695014662757      -1.109618053663820E-004
   5.45454545454546      -1.123194502785063E-004
   5.47214076246334      -1.115368042582594E-004
   5.48973607038123      -1.127099281873498E-004
   5.50733137829912      -1.116244465699587E-004
   5.52492668621701      -1.125224906827501E-004
   5.54252199413490      -1.110666008432952E-004
   5.56011730205279      -1.116426049302886E-004
   5.57771260997067      -1.097910883405486E-004
   5.59530791788856      -1.100428366606361E-004
   5.61290322580645      -1.078275367478769E-004
   5.63049853372434      -1.078363727081847E-004
   5.64809384164223      -1.053725298183740E-004
   5.66568914956012      -1.052431273561128E-004
   5.68328445747801      -1.026114228735549E-004
   5.70087976539589      -1.024092212984583E-004
   5.71847507331378      -9.966700671841484E-005
   5.73607038123167      -9.944256948040168E-005
   5.75366568914956      -9.663583898249104E-005
   5.77126099706745      -9.643005957737610E-005
   5.78885630498534      -9.359552059624300E-005
   5.80645161290323      -9.343819517624307E-005
   5.82404692082111      -9.059023512945178E-005
   5.84164222873900      -9.046757722421144E-005
   5.85923753665689      -8.757381827474124E-005
   5.87683284457478      -8.745365599067335E-005
   5.89442815249267      -8.448931300826357E-005
   5.91202346041056      -8.435128064312607E-005
   5.92961876832845      -8.130074175745319E-005
   5.94721407624634      -8.113246021658715E-005
   5.96480938416422      -7.798751078864697E-005
   5.98240469208211      -7.778375725532255E-005
   6.00000000000000      -7.454334045336318E-005
   6.01759530791789      -7.430505731862644E-005
   6.03519061583578      -7.096709719266186E-005
   6.05278592375367      -7.068267292775529E-005
   6.07038123167156      -6.723195803600161E-005
   6.08797653958944      -6.688808936051808E-005
   6.10557184750733      -6.331620051553609E-005
   6.12316715542522      -6.290873261290264E-005
   6.14076246334311      -5.921768717734663E-005
   6.15835777126100      -5.875456870489215E-005
   6.17595307917889      -5.496103172001518E-005
   6.19354838709677      -5.446888242778308E-005
   6.21114369501466      -5.061788703892081E-005
   6.22873900293255      -5.016958643725692E-005
   6.24633431085044      -4.635133882797056E-005
   6.26392961876833      -4.602304216664798E-005
   6.28152492668622      -4.229132240842652E-005
   6.29912023460411      -4.212161693727199E-005
   6.31671554252199      -3.850639496235851E-005
   6.33431085043988      -3.851736306961174E-005
   6.35190615835777      -3.503523508608182E-005
   6.36950146627566      -3.523726445383961E-005
   6.38709677419355      -3.189371358100154E-005
   6.40469208211144      -3.228497998182407E-005
   6.42228739002933      -2.906523975706700E-005
   6.43988269794721      -2.960725914723719E-005
   6.45747800586510      -2.645692068335644E-005
   6.47507331378299      -2.709525725128335E-005
   6.49266862170088      -2.396700616018540E-005
   6.51026392961877      -2.465881217459831E-005
   6.52785923753666      -2.151530852441196E-005
   6.54545454545455      -2.222775229557972E-005
   6.56304985337243      -1.904279392844491E-005
   6.58064516129032      -1.975664368506425E-005
   6.59824046920821      -1.652236647519122E-005
   6.61583577712610      -1.725040812374440E-005
   6.63343108504399      -1.401901217098873E-005
   6.65102639296188      -1.484022949039803E-005
   6.66862170087977      -1.168305659308614E-005
   6.68621700879765      -1.264742230265219E-005
   6.70381231671554      -9.600667885788487E-006
   6.72140762463343      -1.073316644609992E-005
   6.73900293255132      -7.813831618912412E-006
   6.75659824046921      -9.123088732876043E-006
   6.77419354838710      -6.333365819369307E-006
   6.79178885630499      -7.813872044747688E-006
   6.80938416422287      -5.141095503034270E-006
   6.82697947214076      -6.769558583445126E-006
   6.84457478005865      -4.182841463645709E-006
   6.86217008797654      -5.925583855031702E-006
   6.87976539589443      -3.392950745985161E-006
   6.89736070381232      -5.217001370464035E-006
   6.91495601173021      -2.704832018582109E-006
   6.93255131964809      -4.574117325682363E-006
   6.95014662756598      -2.045066503183045E-006
   6.96774193548387      -3.919313755593179E-006
   6.98533724340176      -1.331358873875056E-006
   7.00293255131965      -3.164788718844822E-006
   7.02052785923754      -4.731062069575883E-007
   7.03812316715543      -2.236189824822308E-006
   7.05571847507331       5.597431939779780E-007
   7.07331378299120      -1.149098153579198E-006
   7.09090909090909       1.730359387752087E-006
   7.10850439882698       5.444514102169668E-008
   7.12609970674487       2.994078922808803E-006
   7.14369501466276       1.326883854402935E-006
   7.16129032258065       4.299518665541388E-006
   7.17888563049853       2.611110829114800E-006
   7.19648093841642       5.580300269176802E-006
   7.21407624633431       3.821210783644411E-006
   7.23167155425220       6.708168905280806E-006
   7.24926686217009       4.779293584803296E-006
   7.26686217008798       7.493680443927971E-006
   7.28445747800587       5.328052116221726E-006
   7.30205278592375       7.820148774751365E-006
   7.31964809384164       5.383522997868439E-006
   7.33724340175953       7.632120289952870E-006
   7.35483870967742       4.917934014751436E-006
   7.37243401759531       6.930622255322087E-006
   7.39002932551320       3.964361058478807E-006
   7.40762463343109       5.789696442332022E-006
   7.42521994134897       2.652972155041553E-006
   7.44281524926686       4.387068357803636E-006
   7.46041055718475       1.155113092469632E-006
   7.47800586510264       2.841807267755895E-006
   7.49560117302053      -4.564057612166037E-007
   7.51319648093842       1.203884464486059E-006
   7.53079178885631      -2.143008272855787E-006
   7.54838709677419      -4.944371148726499E-007
   7.56598240469208      -3.875179808818047E-006
   7.58357771260997      -2.223531114311563E-006
   7.60117302052786      -5.620109513141545E-006
   7.61876832844575      -3.945904978999577E-006
   7.63636363636364      -7.348077038434981E-006
   7.65395894428153      -5.667069665682792E-006
   7.67155425219941      -9.108970766523365E-006
   7.68914956011730      -7.461221984465636E-006
   7.70674486803519      -1.098231410651925E-005
   7.72434017595308      -9.406805749041152E-006
   7.74193548387097      -1.304260789572538E-005
   7.75953079178886      -1.157165205829381E-005
   7.77712609970675      -1.534765427537571E-005
   7.79472140762463      -1.399873610558348E-005
   7.81231671554252      -1.791436353930859E-005
   7.82991202346041      -1.665355573300455E-005
   7.84750733137830      -2.064406703107663E-005
   7.86510263929619      -1.940954212014762E-005
   7.88269794721408      -2.343101095213266E-005
   7.90029325513197      -2.219322912188876E-005
   7.91788856304985      -2.622360822013793E-005
   7.93548387096774      -2.496719230883421E-005
   7.95307917888563      -2.899426329237323E-005
   7.97067448680352      -2.771009639695093E-005
   7.98826979472141      -3.172429716802760E-005
   8.00586510263930      -3.040041329825058E-005
   8.02346041055718      -3.437998070671985E-005
   8.04105571847507      -3.299038344119855E-005
   8.05865102639296      -3.692061547979488E-005
   8.07624633431085      -3.547146663720024E-005
   8.09384164222874      -3.937183919141623E-005
   8.11143695014663      -3.789300647312167E-005
   8.12903225806452      -4.180045458125592E-005
   8.14662756598241      -4.033643586587189E-005
   8.16422287390029      -4.430059087754893E-005
   8.18181818181818      -4.290711088665809E-005
   8.19941348973607      -4.698743685880970E-005
   8.21700879765396      -4.572404453649452E-005
   8.23460410557185      -4.995508309219589E-005
   8.25219941348974      -4.881527817542807E-005
   8.26979472140763      -5.316742570913270E-005
   8.28739002932551      -5.212342592391186E-005
   8.30498533724340      -5.657315780376390E-005
   8.32258064516129      -5.560680980240316E-005
   8.34017595307918      -6.013920256284046E-005
   8.35777126099707      -5.924001808205858E-005
   8.37536656891496      -6.384666010055665E-005
   8.39296187683285      -6.300900296142557E-005
   8.41055718475073      -6.768205240065144E-005
   8.42815249266862      -6.688628924770148E-005
   8.44574780058651      -7.158628497764541E-005
   8.46334310850440      -7.078931766568129E-005
   8.48093841642229      -7.548372415582968E-005
   8.49853372434018      -7.466716451320796E-005
   8.51612903225807      -7.934826903444952E-005
   8.53372434017595      -7.851641549275053E-005
   8.55131964809384      -8.319904426382705E-005
   8.56891495601173      -8.237967802667641E-005
   8.58651026392962      -8.710439520384491E-005
   8.60410557184751      -8.635630060253513E-005
   8.62170087976540      -9.119817668251878E-005
   8.63929618768329      -9.058700648896054E-005
   8.65689149560117      -9.556615304518182E-005
   8.67448680351906      -9.507591132872274E-005
   8.69208211143695      -1.001639944987062E-004
   8.70967741935484      -9.976464238340148E-005
   8.72727272727273      -1.049308185192998E-004
   8.74486803519062      -1.045942343174157E-004
   8.76246334310851      -1.098127846394811E-004
   8.78005865102639      -1.095188290335914E-004
   8.79765395894428      -1.147753431231532E-004
   8.81524926686217      -1.145198360203904E-004
   8.83284457478006      -1.198136727425010E-004
   8.85043988269795      -1.195849308066509E-004
   8.86803519061584      -1.248868251311504E-004
   8.88563049853373      -1.246497043388416E-004
   8.90322580645161      -1.299240191960154E-004
   8.92082111436950      -1.296464927267989E-004
   8.93841642228739      -1.348649553619082E-004
   8.95601173020528      -1.345258998278573E-004
   8.97360703812317      -1.396751744247283E-004
   8.99120234604106      -1.392737570338022E-004
   9.00879765395895      -1.443714820050620E-004
   9.02639296187683      -1.439546114833722E-004
   9.04398826979472      -1.490596423190049E-004
   9.06158357771261      -1.486659956292588E-004
   9.07917888563050      -1.537877093504973E-004
   9.09677419354839      -1.534126666342320E-004
   9.11436950146628      -1.585389399512074E-004
   9.13196480938416      -1.581680533535438E-004
   9.14956011730205      -1.632835404405505E-004
   9.16715542521994      -1.629050767694918E-004
   9.18475073313783      -1.680038196115875E-004
   9.20234604105572      -1.676259995109956E-004
   9.21994134897361      -1.727455206007207E-004
   9.23753665689150      -1.724450462707402E-004
   9.25513196480938      -1.776641143848031E-004
   9.27272727272727      -1.774855215764314E-004
   9.29032258064516      -1.828157227789735E-004
   9.30791788856305      -1.827512390111102E-004
   9.32551319648094      -1.881685605470339E-004
   9.34310850439883      -1.881824875839891E-004
   9.36070381231672      -1.936397430530937E-004
   9.37829912023460      -1.936765482984140E-004
   9.39589442815249      -1.991095330192851E-004
   9.41348973607038      -1.991015656935820E-004
   9.43108504398827      -2.044562824418558E-004
   9.44868035190616      -2.043840457147032E-004
   9.46627565982405      -2.096613529377991E-004
   9.48387096774194      -2.095250375976942E-004
   9.50146627565982      -2.147169427422830E-004
   9.51906158357771      -2.145029310834627E-004
   9.53665689149560      -2.195893813821272E-004
   9.55425219941349      -2.192735182752123E-004
   9.57184750733138      -2.242256579950016E-004
   9.58944281524927      -2.237772656109973E-004
   9.60703812316716      -2.285645498177689E-004
   9.62463343108504      -2.279712129305071E-004
   9.64222873900293      -2.326180134945935E-004
   9.65982404692082      -2.319297632140682E-004
   9.67741935483871      -2.364788591267526E-004
   9.69501466275660      -2.357227562388288E-004
   9.71260997067449      -2.401866907057540E-004
   9.73020527859238      -2.393633557970967E-004
   9.74780058651026      -2.437298042079413E-004
   9.76539589442815      -2.428154902885478E-004
   9.78299120234604      -2.470473323290389E-004
   9.80058651026393      -2.459918129317117E-004
   9.81818181818182      -2.500271381001101E-004
   9.83577712609971      -2.487865977234512E-004
   9.85337243401760      -2.526294446945439E-004
   9.87096774193548      -2.512418672426244E-004
   9.88856304985337      -2.549326014899904E-004
   9.90615835777126      -2.534332157577121E-004
   9.92375366568915      -2.569986599248326E-004
   9.94134897360704      -2.554058727931466E-004
   9.95894428152493      -2.588531483353658E-004
   9.97653958944282      -2.571622672459052E-004
   9.99413489736071      -2.604706822669033E-004
   10.0117302052786      -2.586402973451091E-004
   10.0293255131965      -2.617518185768465E-004
   10.0469208211144      -2.597427465974661E-004
   10.0645161290323      -2.626569957133686E-004
   10.0821114369501      -2.604927871499008E-004
   10.0997067448680      -2.632376418627544E-004
   10.1173020527859      -2.609460421811734E-004
   10.1348973607038      -2.635447109279752E-004
   10.1524926686217      -2.611431589782183E-004
   10.1700879765396      -2.636030763621347E-004
   10.1876832844575      -2.610867501071858E-004
   10.2052785923754      -2.633818901449169E-004
   10.2228739002933      -2.606966165779495E-004
   10.2404692082111      -2.627637444344969E-004
   10.2580645161290      -2.598822637772105E-004
   10.2756598240469      -2.617364741876670E-004
   10.2932551319648      -2.586952979512823E-004
   10.3108504398827      -2.603810234806816E-004
   10.3284457478006      -2.572292923079112E-004
   10.3460410557185      -2.587952981503534E-004
   10.3636363636364      -2.555795871513648E-004
   10.3812316715543      -2.570648225832925E-004
   10.3988269794721      -2.538118364119173E-004
   10.4164222873900      -2.552129898068052E-004
   10.4340175953079      -2.518709962341592E-004
   10.4516129032258      -2.531112076028098E-004
   10.4692082111437      -2.496276775673346E-004
   10.4868035190616      -2.506862239003060E-004
   10.5043988269795      -2.470612124681518E-004
   10.5219941348974      -2.479509903270932E-004
   10.5395894428153      -2.442075437028296E-004
   10.5571847507331      -2.449575493540936E-004
   10.5747800586510      -2.411287343657550E-004
   10.5923753665689      -2.417712992566702E-004
   10.6099706744868      -2.378811121296965E-004
   10.6275659824047      -2.384072507588403E-004
   10.6451612903226      -2.344063655617604E-004
   10.6627565982405      -2.347592261971292E-004
   10.6803519061584      -2.306152316419837E-004
   10.6979472140762      -2.307852965469718E-004
   10.7155425219941      -2.265063138699654E-004
   10.7331378299120      -2.265153964931969E-004
   10.7507331378299      -2.221360846871976E-004
   10.7683284457478      -2.220289463751489E-004
   10.7859237536657      -2.176037107965241E-004
   10.8035190615836      -2.174407072434146E-004
   10.8211143695015      -2.130199202479634E-004
   10.8387096774194      -2.128006983727051E-004
   10.8563049853372      -2.083275745720113E-004
   10.8739002932551      -2.079826842412342E-004
   10.8914956011730      -2.034046881776350E-004
   10.9090909090909      -2.028977963238070E-004
   10.9266862170088      -1.981950022083796E-004
   10.9442815249267      -1.975212879260538E-004
   10.9618768328446      -1.927054111838297E-004
   10.9794721407625      -1.918930985852334E-004
   10.9970674486804      -1.870120087151101E-004
   11.0146627565982      -1.861301925947856E-004
   11.0322580645161      -1.812530172889413E-004
   11.0498533724340      -1.803248503805246E-004
   11.0674486803519      -1.754269533917431E-004
   11.0850439882698      -1.744121748229357E-004
   11.1026392961877      -1.694561555431615E-004
   11.1202346041056      -1.683231701552969E-004
   11.1378299120235      -1.632867511333486E-004
   11.1554252199413      -1.620238615611945E-004
   11.1730205278592      -1.569097669116182E-004
   11.1906158357771      -1.555368941578921E-004
   11.2082111436950      -1.503922793900544E-004
   11.2258064516129      -1.489895396966901E-004
   11.2434017595308      -1.439001065965391E-004
   11.2609970674487      -1.425144767341503E-004
   11.2785923753666      -1.374882794684960E-004
   11.2961876832845      -1.361105262984483E-004
   11.3137829912023      -1.311326482821904E-004
   11.3313782991202      -1.297455980205959E-004
   11.3489736070381      -1.248011813824323E-004
   11.3665689149560      -1.233947073195652E-004
   11.3841642228739      -1.184835573352049E-004
   11.4017595307918      -1.170738813006136E-004
   11.4193548387097      -1.122483513407194E-004
   11.4369501466276      -1.109353151755157E-004
   11.4545454545455      -1.063062623414864E-004
   11.4721407624633      -1.051659860896436E-004
   11.4897360703812      -1.007763840714812E-004
   11.5073313782991      -9.983130378664737E-005
   11.5249266862170      -9.568945672650773E-005
   11.5425219941349      -9.493649902441271E-005
   11.5601173020528      -9.103108251091127E-005
   11.5777126099707      -9.045223052033568E-005
   11.5953079178886      -8.676174175886892E-005
   11.6129032258065      -8.633843168145707E-005
   11.6304985337243      -8.287235398404008E-005
   11.6480938416422      -8.265596754844394E-005
   11.6656891495601      -7.948142176229570E-005
   11.6832844574780      -7.952536491483424E-005
   11.7008797653959      -7.667898388982034E-005
   11.7184750733138      -7.700489167297104E-005
   11.7360703812317      -7.449462414406507E-005
   11.7536656891496      -7.509592188656874E-005
   11.7712609970675      -7.290028589405063E-005
   11.7888563049853      -7.373777267998942E-005
   11.8064516129032      -7.179425328518682E-005
   11.8240469208211      -7.277862196277862E-005
   11.8416422287390      -7.100105108443369E-005
   11.8592375366569      -7.208963214197309E-005
   11.8768328445748      -7.047706707399178E-005
   11.8944281524927      -7.168562531944411E-005
   11.9120234604106      -7.026103175990499E-005
   11.9296187683284      -7.161568317377185E-005
   11.9472140762463      -7.040611386466038E-005
   11.9648093841642      -7.193198885363922E-005
   11.9824046920821      -7.095816634894508E-005
   12.0000000000000      -7.266629243515649E-005
   12.0175953079179      -7.191745154522880E-005
   12.0351906158358      -7.376481348924180E-005
   12.0527859237537      -7.319188411509802E-005
   12.0703812316716      -7.515720717919540E-005
   12.0879765395894      -7.476812725239487E-005
   12.1055718475073      -7.687776462790231E-005
   12.1231671554252      -7.671323029794901E-005
   12.1407624633431      -7.901904303386666E-005
   12.1583577712610      -7.914063698075044E-005
   12.1759530791789      -8.171136254111789E-005
   12.1935483870968      -8.219287147480903E-005
   12.2111436950147      -8.509742107880088E-005
   12.2287390029326      -8.595595547720567E-005
   12.2463343108504      -8.911359981316290E-005
   12.2639296187683      -9.021188427662402E-005
   12.2815249266862      -9.349675892529204E-005
   12.2991202346041      -9.473857596601563E-005
   12.3167155425220      -9.808001814174017E-005
   12.3343108504399      -9.941960941947465E-005
   12.3519061583578      -1.027963081288273E-004
   12.3695014662757      -1.042376807045398E-004
   12.3870967741935      -1.076796709931364E-004
   12.4046920821114      -1.092805765672251E-004
   12.4222873900293      -1.128521137971106E-004
   12.4398826979472      -1.146202783084499E-004
   12.4574780058651      -1.182493852277514E-004
   12.4750733137830      -1.200968971846459E-004
   12.4926686217009      -1.237313916976405E-004
   12.5102639296188      -1.256527678711316E-004
   12.5278592375367      -1.293407628537285E-004
   12.5454545454545      -1.314481899675472E-004
   12.5630498533724      -1.353790913032804E-004
   12.5806451612903      -1.379623333015150E-004
   12.5982404692082      -1.425650348856092E-004
   12.6158357771261      -1.462655695743164E-004
   12.6334310850440      -1.522501954080905E-004
   12.6510263929619      -1.573731998234393E-004
   12.6686217008798      -1.644719949219683E-004
   12.6862170087977      -1.704322549339455E-004
   12.7038123167155      -1.779217836535118E-004
   12.7214076246334      -1.839108165453148E-004
   12.7390029325513      -1.909286935025374E-004
   12.7565982404692      -1.960539291419054E-004
   12.7741935483871      -2.017041783873346E-004
   12.7917888563050      -2.050977159674196E-004
   12.8093841642229      -2.086385943092208E-004
   12.8269794721408      -2.102646650414335E-004
   12.8445747800587      -2.131001904716185E-004
   12.8621700879765      -2.154536352159106E-004
   12.8797653958944      -2.202251990545722E-004
   12.8973607038123      -2.257723174995556E-004
   12.9149560117302      -2.348354236833268E-004
   12.9325513196481      -2.458644059348420E-004
   12.9501466275660      -2.614901739064364E-004
   12.9677419354839      -2.803168995095337E-004
   12.9853372434018      -3.049719575111144E-004
   13.0029325513196      -3.344565027271760E-004
   13.0205278592375      -3.719234414040154E-004
   13.0381231671554      -4.165322569345900E-004
   13.0557184750733      -4.700945673979548E-004
   13.0733137829912      -5.307069229051774E-004
   13.0909090909091      -5.992922792349155E-004
   13.1085043988270      -6.733029649994051E-004
   13.1260997067449      -7.528091176399865E-004
   13.1436950146628      -8.345006979129725E-004
   13.1612903225806      -9.173593084160473E-004
   13.1788856304985      -9.968078779194003E-004
   13.1964809384164      -1.069862674846591E-003
   13.2140762463343      -1.128006066678707E-003
   13.2316715542522      -1.164222377300380E-003
   13.2492668621701      -1.173151206211065E-003
   13.2668621700880      -1.153343879283693E-003
   13.2844574780059      -1.102973824789075E-003
   13.3020527859238      -1.022914849924513E-003
   13.3196480938416      -9.135648062489002E-004
   13.3372434017595      -7.777495674418799E-004
   13.3548387096774      -6.180938025186715E-004
   13.3724340175953      -4.397688067781227E-004
   13.3900293255132      -2.484707584637493E-004
   13.4076246334311      -5.441939787938893E-005
   13.4252199413490       1.299188922941588E-004
   13.4428152492669       2.956560203815641E-004
   13.4604105571848       4.387402177125072E-004
   13.4780058651026       5.560878837922480E-004
   13.4956011730205       6.464947320562939E-004
   13.5131964809384       7.094505282434310E-004
   13.5307917888563       7.456456464803682E-004
   13.5483870967742       7.566533070983601E-004
   13.5659824046921       7.449670586655409E-004
   13.5835777126100       7.144908775342237E-004
   13.6011730205279       6.704260118820527E-004
   13.6187683284457       6.209101667188323E-004
   13.6363636363636       5.713044746630290E-004
   13.6539589442815       5.240912279667358E-004
   13.6715542521994       4.803733601612164E-004
   13.6891495601173       4.411109704882330E-004
   13.7067448680352       4.061854255023875E-004
   13.7243401759531       3.759486654106910E-004
   13.7419354838710       3.495790583489691E-004
   13.7595307917889       3.271114478511960E-004
   13.7771260997067       3.072680110111815E-004
   13.7947214076246       2.899638556033579E-004
   13.8123167155425       2.738977392139178E-004
   13.8299120234604       2.603020634484269E-004
   13.8475073313783       2.488827620428450E-004
   13.8651026392962       2.407598826600505E-004
   13.8826979472141       2.348914322879532E-004
   13.9002932551320       2.319759767907642E-004
   13.9178885630499       2.303513730942961E-004
   13.9354838709677       2.303072960450002E-004
   13.9530791788856       2.295228510221171E-004
   13.9706744868035       2.277668660311414E-004
   13.9882697947214       2.218567754655160E-004
   14.0058651026393       2.104949425209383E-004
   14.0234604105572       1.900672304104352E-004
   14.0410557184751       1.625956084887196E-004
   14.0586510263930       1.283147847121296E-004
   14.0762463343109       9.072149573529060E-005
   14.0938416422287       5.044142099644588E-005
   14.1114369501466       1.140390324304605E-005
   14.1290322580645      -2.568045059680882E-005
   14.1466275659824      -5.668449293217240E-005
   14.1642228739003      -8.098860961522819E-005
   14.1818181818182      -9.449179829106289E-005
   14.1994134897361      -9.698925418280792E-005
   14.2170087976540      -8.610829557277376E-005
   14.2346041055718      -6.728474696090220E-005
   14.2521994134897      -4.193614035798228E-005
   14.2697947214076      -1.513535737850998E-005
   14.2873900293255       1.275546537001358E-005
   14.3049853372434       3.736338363259135E-005
   14.3225806451613       5.912977204861563E-005
   14.3401759530792       7.432216748333198E-005
   14.3577712609971       8.422965303614038E-005
   14.3753665689150       8.594182024984356E-005
   14.3929618768328       8.193258344505052E-005
   14.4105571847507       7.127452343704450E-005
   14.4281524926686       5.987316122930225E-005
   14.4457478005865       4.772683895806787E-005
   14.4633431085044       3.896730994557728E-005
   14.4809384164223       3.194246765004770E-005
   14.4985337243402       3.002532062080152E-005
   14.5161290322581       3.081981702055733E-005
   14.5337243401760       3.726496664775841E-005
   14.5513196480938       4.641934773273350E-005
   14.5689149560117       6.088899531826374E-005
   14.5865102639296       7.723438425684832E-005
   14.6041055718475       9.768197161006262E-005
   14.6217008797654       1.184414451077496E-004
   14.6392961876833       1.424570011717785E-004
   14.6568914956012       1.667241345625929E-004
   14.6744868035191       1.944439125115729E-004
   14.6920821114370       2.224692108680704E-004
   14.7096774193548       2.539783665167195E-004
   14.7272727272727       2.856055944589795E-004
   14.7448680351906       3.204353386904580E-004
   14.7624633431085       3.548186782306214E-004
   14.7800586510264       3.916404154766677E-004
   14.7976539589443       4.268059768126772E-004
   14.8152492668622       4.625969276728534E-004
   14.8328445747801       4.945263611927601E-004
   14.8504398826979       5.257927716485217E-004
   14.8680351906158       5.527033473892429E-004
   14.8856304985337       5.789163376854759E-004
   14.9032258064516       6.009029580570521E-004
   14.9208211143695       6.225552678287433E-004
   14.9384164222874       6.403987940487943E-004
   14.9560117302053       6.584858370074279E-004
   14.9736070381232       6.733369831256015E-004
   14.9912023460411       6.891080197934673E-004
   15.0087976539589       7.022115648034858E-004
   15.0263929618768       7.164896501440541E-004
   15.0439882697947       7.277826643857106E-004
   15.0615835777126       7.399095835852070E-004
   15.0791788856305       7.487844422198998E-004
   15.0967741935484       7.583777797603736E-004
   15.1143695014663       7.645963136860643E-004
   15.1319648093842       7.715015637534838E-004
   15.1495601173021       7.749222637480282E-004
   15.1671554252199       7.789173020687956E-004
   15.1847507331378       7.790783478836470E-004
   15.2023460410557       7.790999143108066E-004
   15.2199413489736       7.729766337650002E-004
   15.2375366568915       7.623053449219851E-004
   15.2551319648094       7.411758590222781E-004
   15.2727272727273       7.128398355435304E-004
   15.2903225806452       6.725431232299485E-004
   15.3079178885631       6.247697574178657E-004
   15.3255131964809       5.658656359928991E-004
   15.3431085043988       5.017374928412380E-004
   15.3607038123167       4.302155765932013E-004
   15.3782991202346       3.594459002045672E-004
   15.3958944281525       2.901499026329479E-004
   15.4134897360704       2.370917867836859E-004
   15.4310850439883       2.078478186056087E-004
   15.4486803519062       2.127512700510600E-004
   15.4662756598240       2.497372648158572E-004
   15.4838709677419       3.231331907405832E-004
   15.5014662756598       4.265282633633086E-004
   15.5190615835777       5.604569304676193E-004
   15.5366568914956       7.146860309149675E-004
   15.5542521994135       8.858030578518926E-004
   15.5718475073314       1.058850830749008E-003
   15.5894428152493       1.224650481887292E-003
   15.6070381231672       1.358075596043181E-003
   15.6246334310850       1.440244491727521E-003
   15.6422287390029       1.457336629907847E-003
   15.6598240469208       1.414417794767689E-003
   15.6774193548387       1.310749672514482E-003
   15.6950146627566       1.158177646098111E-003
   15.7126099706745       9.616808144080686E-004
   15.7302052785924       7.378846821153870E-004
   15.7478005865103       4.965402616702996E-004
   15.7653958944282       2.590019534608387E-004
   15.7829912023460       4.059043599827934E-005
   15.8005865102639      -1.302444391192223E-004
   15.8181818181818      -2.320186373935854E-004
   15.8357771260997      -2.561281701704942E-004
   15.8533724340176      -2.162650794920271E-004
   15.8709677419355      -1.186684117297390E-004
   15.8885630498534       1.865729831648577E-005
   15.9061583577713       1.866906261519156E-004
   15.9237536656892       3.657523716525710E-004
   15.9413489736070       5.456123702621994E-004
   15.9589442815249       7.059623975698528E-004
   15.9765395894428       8.364861172269383E-004
   15.9941348973607       9.175194955804554E-004
   16.0117302052786       9.435564988062693E-004
   16.0293255131965       9.207207337954024E-004
   16.0469208211144       8.728083401779839E-004
   16.0645161290323       8.109166882222748E-004
   16.0821114369501       7.531631306222177E-004
   16.0997067448680       7.063275355479852E-004
   16.1173020527859       6.843685550476367E-004
   16.1348973607038       6.899878847868002E-004
   16.1524926686217       7.326206549668030E-004
   16.1700879765396       8.098196194367069E-004
   16.1876832844575       9.244363968174140E-004
   16.2052785923754       1.063188609014887E-003
   16.2228739002933       1.208476238919507E-003
   16.2404692082111       1.334923327384872E-003
   16.2580645161290       1.436906923580973E-003
   16.2756598240469       1.503325629854469E-003
   16.2932551319648       1.535908263222195E-003
   16.3108504398827       1.529683961150151E-003
   16.3284457478006       1.491095988916543E-003
   16.3460410557185       1.419895602006798E-003
   16.3636363636364       1.326802881814223E-003
   16.3812316715543       1.216588806508977E-003
   16.3988269794721       1.105647890812888E-003
   16.4164222873900       1.006621066055649E-003
   16.4340175953079       9.322320115361517E-004
   16.4516129032258       8.779288920228173E-004
   16.4692082111437       8.458636094458125E-004
   16.4868035190616       8.282709144183289E-004
   16.5043988269795       8.252986191953131E-004
   16.5219941348974       8.282055264838559E-004
   16.5395894428153       8.362972511196029E-004
   16.5571847507331       8.406086248520023E-004
   16.5747800586510       8.403048716176155E-004
   16.5923753665689       8.269282489171777E-004
   16.6099706744868       8.014297249520621E-004
   16.6275659824047       7.638121740832453E-004
   16.6451612903226       7.240234972011412E-004
   16.6627565982405       6.830263651254845E-004
   16.6803519061584       6.477927513584525E-004
   16.6979472140762       6.174441264210110E-004
   16.7155425219941       5.969471949242860E-004
   16.7331378299120       5.838483318962005E-004
   16.7507331378299       5.810717463287876E-004
   16.7683284457478       5.842812987113026E-004
   16.7859237536657       5.936177598351564E-004
   16.8035190615836       6.009467788745228E-004
   16.8211143695015       5.996266294945832E-004
   16.8387096774194       5.799584169321117E-004
   16.8563049853372       5.424429590431378E-004
   16.8739002932551       4.839594207092798E-004
   16.8914956011730       4.079659848496365E-004
   16.9090909090909       3.141943915413695E-004
   16.9266862170088       2.079551582710009E-004
   16.9442815249267       9.135390135004464E-005
   16.9618768328446      -2.852468360132412E-005
   16.9794721407625      -1.468457917663939E-004
   16.9970674486804      -2.538857495836397E-004
   17.0146627565982      -3.399630773878353E-004
   17.0322580645161      -3.973663297058129E-004
   17.0498533724340      -4.272254881052651E-004
   17.0674486803519      -4.301024921875846E-004
   17.0850439882698      -4.096996972008064E-004
   17.1026392961877      -3.687603469830862E-004
   17.1202346041056      -3.119522748107732E-004
   17.1378299120235      -2.435565728845768E-004
   17.1554252199413      -1.688073405179337E-004
   17.1730205278592      -9.334994973825839E-005
   17.1906158357771      -2.287280777818514E-005
   17.2082111436950       3.560325593205757E-005
   17.2258064516129       8.053990150114592E-005
   17.2434017595308       1.137120158256701E-004
   17.2609970674487       1.396607074869341E-004
   17.2785923753666       1.597783817911471E-004
   17.2961876832845       1.788605849588395E-004
   17.3137829912023       1.972449948087870E-004
   17.3313782991202       2.198445462304960E-004
   17.3489736070381       2.456463042466497E-004
   17.3665689149560       2.794661210514750E-004
   17.3841642228739       3.183933226130572E-004
   17.4017595307918       3.662670068762960E-004
   17.4193548387097       4.152413418636885E-004
   17.4369501466276       4.655379489353067E-004
   17.4545454545455       5.093036791415264E-004
   17.4721407624633       5.509581389637440E-004
   17.4897360703812       5.834269549124054E-004
   17.5073313782991       6.137336737479565E-004
   17.5249266862170       6.347470690987833E-004
   17.5425219941349       6.559308991915723E-004
   17.5601173020528       6.698146579338393E-004
   17.5777126099707       6.885761918008087E-004
   17.5953079178886       7.044614389012180E-004
   17.6129032258065       7.333575562374720E-004
   17.6304985337243       7.645338936556245E-004
   17.6480938416422       8.105952922535552E-004
   17.6656891495601       8.548289869515132E-004
   17.6832844574780       9.113113639591326E-004
   17.7008797653959       9.600858409897976E-004
   17.7184750733138       1.018023456917613E-003
   17.7360703812317       1.061595658826184E-003
   17.7536656891496       1.111473590552664E-003
   17.7712609970675       1.139833186037028E-003
   17.7888563049853       1.172463473924188E-003
   17.8064516129032       1.176296135674345E-003
   17.8240469208211       1.186873131028018E-003
   17.8416422287390       1.169197498777200E-003
   17.8592375366569       1.171198815116927E-003
   17.8768328445748       1.146476244823543E-003
   17.8944281524927       1.157308515651838E-003
   17.9120234604106       1.139717348510061E-003
   17.9296187683284       1.181252051325348E-003
   17.9472140762463       1.186648955303781E-003
   17.9648093841642       1.299233470983506E-003
   17.9824046920821       1.351146381732457E-003
   18.0000000000000       1.733384806272748E-003
