  0.000000000000000E+000  2.421782970965773E-003
  1.759530791788856E-002  1.202240759931694E-003
  3.519061583577713E-002  1.249312530641487E-003
  5.278592375366570E-002  8.680416412685769E-004
  7.038123167155426E-002  9.082351808151590E-004
  8.797653958944282E-002  6.911248282398772E-004
  0.105571847507331       7.266168608575063E-004
  0.123167155425220       5.782212702305317E-004
  0.140762463343109       6.100998509128934E-004
  0.158357771260997       4.989338927497429E-004
  0.175953079178886       5.278633768927161E-004
  0.193548387096774       4.397709088140345E-004
  0.211143695014663       4.661931948298465E-004
  0.228739002932551       3.936157621781176E-004
  0.246334310850440       4.178046598990834E-004
  0.263929618768328       3.562067563372798E-004
  0.281524926686217       3.783383126078488E-004
  0.299120234604106       3.247959249658964E-004
  0.316715542521994       3.449956704033313E-004
  0.334310850439883       2.975118782353118E-004
  0.351906158357771       3.158685807979476E-004
  0.369501466275660       2.730157288673959E-004
  0.387096774193548       2.895912335882950E-004
  0.404692082111437       2.503104040076895E-004
  0.422287390029326       2.651619454060615E-004
  0.439882697947214       2.287165423996627E-004
  0.457478005865103       2.420182888235973E-004
  0.475073313782991       2.079545482666610E-004
  0.492668621700880       2.199074476984220E-004
  0.510263929618768       1.879019956984756E-004
  0.527859237536657       1.987002657817512E-004
  0.545454545454546       1.685254495244077E-004
  0.563049853372434       1.783601634722698E-004
  0.580645161290323       1.498637664307422E-004
  0.598240469208211       1.589283625009665E-004
  0.615835777126100       1.320232056728145E-004
  0.633431085043988       1.405042258370503E-004
  0.651026392961877       1.150989371807457E-004
  0.668621700879765       1.231038116305819E-004
  0.686217008797654       9.908535931136663E-005
  0.703812316715543       1.066943863327385E-004
  0.721407624633431       8.396444865091768E-005
  0.739002932551320       9.124653420135775E-005
  0.756598240469208       6.972143880076836E-005
  0.774193548387097       7.673766350816763E-005
  0.791788856304985       5.634709301375645E-005
  0.809384164222874       6.315333714601057E-005
  0.826979472140763       4.382449813146994E-005
  0.844574780058651       5.041405362734558E-005
  0.862170087976540       3.199287936193040E-005
  0.879765395894428       3.828813483729820E-005
  0.897360703812317       2.060387369141631E-005
  0.914956011730205       2.651615051714939E-005
  0.932551319648094       9.398539573853004E-006
  0.950146627565982       1.483029598389657E-005
  0.967741935483871      -1.891235053270657E-006
  0.985337243401760       2.953686919023424E-006
   1.00293255131965      -1.354418633921101E-005
   1.02052785923754      -9.361626096257181E-006
   1.03812316715543      -2.559127557976062E-005
   1.05571847507331      -2.172060529834102E-005
   1.07331378299120      -3.725501973746975E-005
   1.09090909090909      -3.320840374593800E-005
   1.10850439882698      -4.761004725210411E-005
   1.12609970674487      -4.291103793065060E-005
   1.14369501466276      -5.575210645436180E-005
   1.16129032258065      -4.994144956517793E-005
   1.17888563049853      -6.081297789462209E-005
   1.19648093841642      -5.346300753960972E-005
   1.21407624633431      -6.203476793627674E-005
   1.23167155425220      -5.309043849583766E-005
   1.24926686217009      -5.987238947207121E-005
   1.26686217008798      -5.014494170276060E-005
   1.28445747800587      -5.601034615899600E-005
   1.30205278592375      -4.630551400073612E-005
   1.31964809384164      -5.205517016628508E-005
   1.33724340175953      -4.311775205512980E-005
   1.35483870967742      -4.949046666203919E-005
   1.37243401759531      -4.200064755616473E-005
   1.39002932551320      -4.965741576439997E-005
   1.40762463343109      -4.418301324330212E-005
   1.42521994134897      -5.342701304362962E-005
   1.44281524926686      -4.963621184928180E-005
   1.46041055718475      -5.963114194744863E-005
   1.47800586510264      -5.655984902364232E-005
   1.49560117302053      -6.642772671125211E-005
   1.51319648093842      -6.323328542114345E-005
   1.53079178885631      -7.219456306862541E-005
   1.54838709677419      -6.812430106156285E-005
   1.56598240469208      -7.548735976984800E-005
   1.58357771260997      -6.988566790430542E-005
   1.60117302052786      -7.507801133546768E-005
   1.61876832844575      -6.754588379091413E-005
   1.63636363636364      -7.069878319033333E-005
   1.65395894428153      -6.195874283515662E-005
   1.67155425219941      -6.402487029463356E-005
   1.68914956011730      -5.496071731672908E-005
   1.70674486803519      -5.677213246993042E-005
   1.72434017595308      -4.815369921048894E-005
   1.74193548387097      -5.044769906285414E-005
   1.75953079178886      -4.295812347253374E-005
   1.77712609970675      -4.638330204583613E-005
   1.79472140762463      -4.060758028718735E-005
   1.81231671554252      -4.566342395404686E-005
   1.82991202346041      -4.178839569301607E-005
   1.84750733137830      -4.819509625356962E-005
   1.86510263929619      -4.565003290538175E-005
   1.88269794721408      -5.283788891102267E-005
   1.90029325513196      -5.109478255932312E-005
   1.91788856304985      -5.857773734412175E-005
   1.93548387096774      -5.716821978979932E-005
   1.95307917888563      -6.450852384432752E-005
   1.97067448680352      -6.300719613594199E-005
   1.98826979472141      -6.980740852344019E-005
   2.00586510263930      -6.783233257483826E-005
   2.02346041055718      -7.377763180537867E-005
   2.04105571847507      -7.113605283076124E-005
   2.05865102639296      -7.616712487585245E-005
   2.07624633431085      -7.283591093673468E-005
   2.09384164222874      -7.693653204164601E-005
   2.11143695014663      -7.289499440649772E-005
   2.12903225806452      -7.605567156529443E-005
   2.14662756598241      -7.129519746372754E-005
   2.16422287390029      -7.352325372672041E-005
   2.18181818181818      -6.805900935751436E-005
   2.19941348973607      -6.939662985236834E-005
   2.21700879765396      -6.332185099227112E-005
   2.23460410557185      -6.402156913389054E-005
   2.25219941348974      -5.775916260202229E-005
   2.26979472140762      -5.830055099026602E-005
   2.28739002932551      -5.228960389260084E-005
   2.30498533724340      -5.308105645994702E-005
   2.32258064516129      -4.769549730292752E-005
   2.34017595307918      -4.908847581192102E-005
   2.35777126099707      -4.464693484248747E-005
   2.37536656891496      -4.693352895691891E-005
   2.39296187683284      -4.368542424248875E-005
   2.41055718475073      -4.705248751593595E-005
   2.42815249266862      -4.497798276429820E-005
   2.44574780058651      -4.908798858930814E-005
   2.46334310850440      -4.765397429515497E-005
   2.48093841642229      -5.198654726681266E-005
   2.49853372434018      -5.072262071801560E-005
   2.51612903225806      -5.484953418110523E-005
   2.53372434017595      -5.335607175198507E-005
   2.55131964809384      -5.691201990154870E-005
   2.56891495601173      -5.485084769578135E-005
   2.58651026392962      -5.753604272007605E-005
   2.60410557184751      -5.465029633409635E-005
   2.62170087976540      -5.632368701054654E-005
   2.63929618768328      -5.268853228910101E-005
   2.65689149560117      -5.361416553393790E-005
   2.67448680351906      -4.951364434009777E-005
   2.69208211143695      -4.993543511765910E-005
   2.70967741935484      -4.557894003084481E-005
   2.72727272727273      -4.568510683457233E-005
   2.74486803519062      -4.123647992089475E-005
   2.76246334310850      -4.117382534337059E-005
   2.78005865102639      -3.675537819170817E-005
   2.79765395894428      -3.662409505288289E-005
   2.81524926686217      -3.228908248897350E-005
   2.83284457478006      -3.205827488130331E-005
   2.85043988269795      -2.768995063712821E-005
   2.86803519061584      -2.723477900798282E-005
   2.88563049853372      -2.273421463947099E-005
   2.90322580645161      -2.198193719467068E-005
   2.92082111436950      -1.729061470756995E-005
   2.93841642228739      -1.620021847598211E-005
   2.95601173020528      -1.128859739620710E-005
   2.97360703812317      -9.848305133315756E-006
   2.99120234604106      -4.719578118957070E-006
   3.00879765395894      -2.963293227689614E-006
   3.02639296187683       2.275825761722222E-006
   3.04398826979472       4.119163770074120E-006
   3.06158357771261       9.170650313198938E-006
   3.07917888563050       1.080823094652918E-005
   3.09677419354839       1.540803537992769E-005
   3.11436950146628       1.659199549987504E-005
   3.13196480938416       2.051071349567891E-005
   3.14956011730205       2.102451306321805E-005
   3.16715542521994       2.406370522650881E-005
   3.18475073313783       2.372466791078197E-005
   3.20234604105572       2.572826503915408E-005
   3.21994134897361       2.444831161857458E-005
   3.23753665689150       2.551152575777119E-005
   3.25513196480938       2.358195206143865E-005
   3.27272727272727       2.406141988343462E-005
   3.29032258064516       2.181508566819808E-005
   3.30791788856305       2.202451152652069E-005
   3.32551319648094       1.975616326787085E-005
   3.34310850439883       1.997747434905320E-005
   3.36070381231672       1.795254097056739E-005
   3.37829912023460       1.843778417266331E-005
   3.39589442815249       1.688829333141010E-005
   3.41348973607038       1.783762159274396E-005
   3.43108504398827       1.686068146787381E-005
   3.44868035190616       1.822530621695015E-005
   3.46627565982405       1.769193317760697E-005
   3.48387096774194       1.934739255762869E-005
   3.50146627565982       1.914741881106336E-005
   3.51906158357771       2.099610229516289E-005
   3.53665689149560       2.103862867997656E-005
   3.55425219941349       2.299888628997094E-005
   3.57184750733138       2.320752722830294E-005
   3.58944281524927       2.521207736495292E-005
   3.60703812316716       2.552729218346624E-005
   3.62463343108504       2.753542113407947E-005
   3.64222873900293       2.793557519122068E-005
   3.65982404692082       2.993501438601745E-005
   3.67741935483871       3.039953600101806E-005
   3.69501466275660       3.236396755838092E-005
   3.71260997067449       3.285999829957312E-005
   3.73020527859238       3.475397967759838E-005
   3.74780058651026       3.524028689294132E-005
   3.76539589442815       3.701962103126817E-005
   3.78299120234604       3.744466728023605E-005
   3.80058651026393       3.905104897270813E-005
   3.81818181818182       3.933833265361609E-005
   3.83577712609971       4.067339566595921E-005
   3.85337243401760       4.071686388314570E-005
   3.87096774193548       4.169383859464138E-005
   3.88856304985337       4.142472291919644E-005
   3.90615835777126       4.199007582569293E-005
   3.92375366568915       4.136508473621104E-005
   3.94134897360704       4.148834809949796E-005
   3.95894428152493       4.048743883175051E-005
   3.97653958944282       4.016382879409930E-005
   3.99413489736070       3.879806204696806E-005
   4.01173020527859       3.807137812447972E-005
   4.02932551319648       3.645862587881857E-005
   4.04692082111437       3.554138885406347E-005
   4.06451612903226       3.392476554091813E-005
   4.08211143695015       3.303750205294954E-005
   4.09970674486804       3.160900394767633E-005
   4.11730205278592       3.092537383605219E-005
   4.13489736070381       2.983977281143074E-005
   4.15249266862170       2.949888650477892E-005
   4.17008797653959       2.887577640061048E-005
   4.18768328445748       2.897735443713510E-005
   4.20527859237537       2.888414532695877E-005
   4.22287390029326       2.942085574416209E-005
   4.24046920821114       2.971458664141071E-005
   4.25806451612903       3.044944603742306E-005
   4.27565982404692       3.089591535766911E-005
   4.29325513196481       3.163143330215809E-005
   4.31085043988270       3.205694947089907E-005
   4.32844574780059       3.264165514949041E-005
   4.34604105571848       3.291263341349513E-005
   4.36363636363636       3.323344856509803E-005
   4.38123167155425       3.325685057892492E-005
   4.39882697947214       3.324842563716326E-005
   4.41642228739003       3.300523783892303E-005
   4.43401759530792       3.273557321247993E-005
   4.45161290322581       3.236021858472286E-005
   4.46920821114370       3.195976088632166E-005
   4.48680351906158       3.154730460441218E-005
   4.50439882697947       3.108796575211194E-005
   4.52199413489736       3.069127807599257E-005
   4.53958944281525       3.021191542162865E-005
   4.55718475073314       2.985433924318130E-005
   4.57478005865103       2.936456860703550E-005
   4.59237536656892       2.903753048315822E-005
   4.60997067448680       2.850382378753144E-005
   4.62756598240469       2.812332276792364E-005
   4.64516129032258       2.741325269293198E-005
   4.66275659824047       2.684078538564690E-005
   4.68035190615836       2.584386002671125E-005
   4.69794721407625       2.499101449884614E-005
   4.71554252199414       2.363610719503399E-005
   4.73313782991202       2.244490482473204E-005
   4.75073313782991       2.068894690491763E-005
   4.76832844574780       1.912994127349442E-005
   4.78592375366569       1.696185195725394E-005
   4.80351906158358       1.504731587114873E-005
   4.82111436950147       1.253263493558034E-005
   4.83870967741935       1.041243921145035E-005
   4.85630498533724       7.755201355646279E-006
   4.87390029325513       5.617452591310065E-006
   4.89149560117302       2.974965822743023E-006
   4.90909090909091       9.542042023636398E-007
   4.92668621700880      -1.555519599556659E-006
   4.94428152492669      -3.357921541570941E-006
   4.96187683284458      -5.647696494267829E-006
   4.97947214076246      -7.161795270744148E-006
   4.99706744868035      -9.179757839901686E-006
   5.01466275659824      -1.038587774941799E-005
   5.03225806451613      -1.216537230740176E-005
   5.04985337243402      -1.314082469007963E-005
   5.06744868035191      -1.475489994846611E-005
   5.08504398826980      -1.555092446191503E-005
   5.10263929618768      -1.703388182868201E-005
   5.12023460410557      -1.767493687261570E-005
   5.13782991202346      -1.904142977323385E-005
   5.15542521994135      -1.953518796674059E-005
   5.17302052785924      -2.078402123296297E-005
   5.19061583577713      -2.112161547321090E-005
   5.20821114369502      -2.223131669742125E-005
   5.22580645161290      -2.238645154423271E-005
   5.24340175953079      -2.335372381402848E-005
   5.26099706744868      -2.336899060506511E-005
   5.27859237536657      -2.426529509054216E-005
   5.29618768328446      -2.422415011341912E-005
   5.31378299120235      -2.513844914387417E-005
   5.33137829912024      -2.513599314232385E-005
   5.34897360703812      -2.616698798458503E-005
   5.36656891495601      -2.630714117375819E-005
   5.38416422287390      -2.756222557251082E-005
   5.40175953079179      -2.795836247220155E-005
   5.41935483870968      -2.954508868666703E-005
   5.43695014662757      -3.025315134189786E-005
   5.45454545454546      -3.213739261847769E-005
   5.47214076246334      -3.307078857374730E-005
   5.48973607038123      -3.515525090738368E-005
   5.50733137829912      -3.621636316483956E-005
   5.52492668621701      -3.840204264098025E-005
   5.54252199413490      -3.949264502147639E-005
   5.56011730205279      -4.168057103125973E-005
   5.57771260997067      -4.270285793770537E-005
   5.59530791788856      -4.479475634294180E-005
   5.61290322580645      -4.565342737889066E-005
   5.63049853372434      -4.757290015734353E-005
   5.64809384164223      -4.823545676655082E-005
   5.66568914956012      -4.998392526196310E-005
   5.68328445747801      -5.046317317408935E-005
   5.70087976539589      -5.205444907271245E-005
   5.71847507331378      -5.236690925471090E-005
   5.73607038123167      -5.381878484574271E-005
   5.75366568914956      -5.398550260592563E-005
   5.77126099706745      -5.532113476777986E-005
   5.78885630498534      -5.536979299480818E-005
   5.80645161290323      -5.662164434850471E-005
   5.82404692082111      -5.659079686804227E-005
   5.84164222873900      -5.779075316599610E-005
   5.85923753665689      -5.769501358768159E-005
   5.87683284457478      -5.884233236196108E-005
   5.89442815249267      -5.867602953562081E-005
   5.91202346041056      -5.976155628643778E-005
   5.92961876832845      -5.951461922298985E-005
   5.94721407624634      -6.052655655031393E-005
   5.96480938416422      -6.018759875061652E-005
   5.98240469208211      -6.111409605739396E-005
   6.00000000000000      -6.067328473045025E-005
   6.01759530791789      -6.150693233992550E-005
   6.03519061583578      -6.096089410313245E-005
   6.05278592375367      -6.169512289542600E-005
   6.07038123167156      -6.103114339063482E-005
   6.08797653958944      -6.164722799614739E-005
   6.10557184750733      -6.084425836659149E-005
   6.12316715542522      -6.131818771799623E-005
   6.14076246334311      -6.035125803163267E-005
   6.15835777126100      -6.065600300134430E-005
   6.17595307917889      -5.949786290988408E-005
   6.19354838709677      -5.960489057890130E-005
   6.21114369501466      -5.822876370863250E-005
   6.22873900293255      -5.812361739745940E-005
   6.24633431085044      -5.654432962391000E-005
   6.26392961876833      -5.626341858407854E-005
   6.28152492668622      -5.452251192763949E-005
   6.29912023460411      -5.410472574977807E-005
   6.31671554252199      -5.224033909671461E-005
   6.33431085043988      -5.172204519903460E-005
   6.35190615835777      -4.977052175545664E-005
   6.36950146627566      -4.918708234327577E-005
   6.38709677419355      -4.718476495163258E-005
   6.40469208211144      -4.657343491918698E-005
   6.42228739002933      -4.455969941317109E-005
   6.43988269794721      -4.395193468198285E-005
   6.45747800586510      -4.194113386369403E-005
   6.47507331378299      -4.133536527623226E-005
   6.49266862170088      -3.931895466052215E-005
   6.51026392961877      -3.870086402269920E-005
   6.52785923753666      -3.666063955618201E-005
   6.54545454545455      -3.600710389613767E-005
   6.56304985337243      -3.391632551744230E-005
   6.58064516129032      -3.319547280633297E-005
   6.59824046920821      -3.101780753163846E-005
   6.61583577712610      -3.018820369482650E-005
   6.63343108504399      -2.789352584493547E-005
   6.65102639296188      -2.695625403122209E-005
   6.66862170087977      -2.457261878227035E-005
   6.68621700879765      -2.356277178077549E-005
   6.70381231671554      -2.112667171334480E-005
   6.72140762463343      -2.007998494558215E-005
   6.73900293255132      -1.762712986535422E-005
   6.75659824046921      -1.657777942859714E-005
   6.77419354838710      -1.414175700597371E-005
   6.79178885630499      -1.312135045741373E-005
   6.80938416422287      -1.073264477014733E-005
   6.82697947214076      -9.767166021963916E-006
   6.84457478005865      -7.444839814820581E-006
   6.86217008797654      -6.545514893514406E-006
   6.87976539589443      -4.297503964293109E-006
   6.89736070381232      -3.469318669823599E-006
   6.91495601173021      -1.298519341018064E-006
   6.93255131964809      -5.407923919113950E-007
   6.95014662756598       1.556428056701468E-006
   6.96774193548387       2.252051997750817E-006
   6.98533724340176       4.288726791963001E-006
   7.00293255131965       4.943270937536713E-006
   7.02052785923754       6.952133153456333E-006
   7.03812316715543       7.610527389949018E-006
   7.05571847507331       9.633707720294531E-006
   7.07331378299120       1.032647478404386E-005
   7.09090909090909       1.238549465492835E-005
   7.10850439882698       1.313053178830410E-005
   7.12609970674487       1.524023015423265E-005
   7.14369501466276       1.605142975024451E-005
   7.16129032258065       1.822447535763774E-005
   7.17888563049853       1.911506586792125E-005
   7.19648093841642       2.136508517662834E-005
   7.21407624633431       2.235029928502713E-005
   7.23167155425220       2.468170188494996E-005
   7.24926686217009       2.573789015982614E-005
   7.26686217008798       2.810105328794347E-005
   7.28445747800587       2.917005257696025E-005
   7.30205278592375       3.150445973305296E-005
   7.31964809384164       3.252547676518249E-005
   7.33724340175953       3.476985161333011E-005
   7.35483870967742       3.568274045222244E-005
   7.37243401759531       3.777798574767175E-005
   7.39002932551320       3.852671168851231E-005
   7.40762463343109       4.042185412716103E-005
   7.42521994134897       4.097485784502892E-005
   7.44281524926686       4.267294013764215E-005
   7.46041055718475       4.305861963796198E-005
   7.47800586510264       4.458839539944923E-005
   7.49560117302053       4.482938341074096E-005
   7.51319648093842       4.620892336534594E-005
   7.53079178885631       4.632083176679548E-005
   7.54838709677419       4.756350158058560E-005
   7.56598240469208       4.755920103046031E-005
   7.58357771260997       4.867775691376639E-005
   7.60117302052786       4.857268564377608E-005
   7.61876832844575       4.958937514312812E-005
   7.63636363636364       4.941602483391146E-005
   7.65395894428153       5.036180051032190E-005
   7.67155425219941       5.013821205157001E-005
   7.68914956011730       5.101824114698578E-005
   7.70674486803519       5.074134630546278E-005
   7.72434017595308       5.154504642419777E-005
   7.74193548387097       5.119826342550744E-005
   7.75953079178886       5.190266239490442E-005
   7.77712609970675       5.145744493724479E-005
   7.79472140762463       5.202748472542657E-005
   7.81231671554252       5.144288529984837E-005
   7.82991202346041       5.184248153636452E-005
   7.84750733137830       5.110882788381289E-005
   7.86510263929619       5.135388850833608E-005
   7.88269794721408       5.049575606741132E-005
   7.90029325513197       5.061004312580428E-005
   7.91788856304985       4.965005806579879E-005
   7.93548387096774       4.965409231782733E-005
   7.95307917888563       4.861115941399679E-005
   7.97067448680352       4.852156724234297E-005
   7.98826979472141       4.741076928961853E-005
   8.00586510263930       4.724109278988298E-005
   8.02346041055718       4.608012767323039E-005
   8.04105571847507       4.586034173288183E-005
   8.05865102639296       4.469026357045495E-005
   8.07624633431085       4.446020282549207E-005
   8.09384164222874       4.331464809092170E-005
   8.11143695014663       4.310131364201290E-005
   8.12903225806452       4.200108818598014E-005
   8.14662756598241       4.181809916783271E-005
   8.16422287390029       4.076943738821828E-005
   8.18181818181818       4.061373787563647E-005
   8.19941348973607       3.960228157954807E-005
   8.21700879765396       3.944188554732797E-005
   8.23460410557185       3.842049143569406E-005
   8.25219941348974       3.821485099856725E-005
   8.26979472140763       3.716490893170030E-005
   8.28739002932551       3.690928814902213E-005
   8.30498533724340       3.583212711502179E-005
   8.32258064516129       3.553051509521859E-005
   8.34017595307918       3.443151440543169E-005
   8.35777126099707       3.408904400028652E-005
   8.37536656891496       3.297233687141001E-005
   8.39296187683285       3.259048129819905E-005
   8.41055718475073       3.145315179003348E-005
   8.42815249266862       3.102679563929456E-005
   8.44574780058651       2.987439004407239E-005
   8.46334310850440       2.942604494733376E-005
   8.48093841642229       2.829092949146583E-005
   8.49853372434018       2.785500091456750E-005
   8.51612903225807       2.677166673445250E-005
   8.53372434017595       2.638107423024717E-005
   8.55131964809384       2.537990264317350E-005
   8.56891495601173       2.506063243256155E-005
   8.58651026392962       2.416139582873083E-005
   8.60410557184751       2.392214954032538E-005
   8.62170087976540       2.311046400631412E-005
   8.63929618768329       2.290590456431380E-005
   8.65689149560117       2.212739618557145E-005
   8.67448680351906       2.191942948067052E-005
   8.69208211143695       2.115283220393434E-005
   8.70967741935484       2.093004736268871E-005
   8.72727272727273       2.017130379388177E-005
   8.74486803519062       1.993481205424716E-005
   8.76246334310851       1.918910379382763E-005
   8.78005865102639       1.894650355370862E-005
   8.79765395894428       1.822243471807029E-005
   8.81524926686217       1.797900823001662E-005
   8.83284457478006       1.727213325215125E-005
   8.85043988269795       1.701668224384417E-005
   8.86803519061584       1.632147374773800E-005
   8.88563049853373       1.605836151872935E-005
   8.90322580645161       1.538680926169817E-005
   8.92082111436950       1.513371830580887E-005
   8.93841642228739       1.450830874437510E-005
   8.95601173020528       1.429157725294963E-005
   8.97360703812317       1.374176499537012E-005
   8.99120234604106       1.359283321075143E-005
   9.00879765395895       1.314945274448180E-005
   9.02639296187683       1.308524880528959E-005
   9.04398826979472       1.273616693800102E-005
   9.06158357771261       1.272514855946262E-005
   9.07917888563050       1.244148113322044E-005
   9.09677419354839       1.246409650258767E-005
   9.11436950146628       1.223397491854181E-005
   9.13196480938416       1.228522220585172E-005
   9.14956011730205       1.211003771167589E-005
   9.16715542521994       1.219735373737035E-005
   9.18475073313783       1.209034712168820E-005
   9.20234604105572       1.223247457719237E-005
   9.21994134897361       1.221064686241016E-005
   9.23753665689150       1.239791640191430E-005
   9.25513196480938       1.241178963506427E-005
   9.27272727272727       1.257801862542220E-005
   9.29032258064516       1.256582797986747E-005
   9.30791788856305       1.265662796612774E-005
   9.32551319648094       1.257152487838920E-005
   9.34310850439883       1.254809714860015E-005
   9.36070381231672       1.235991064959173E-005
   9.37829912023460       1.220195309174246E-005
   9.39589442815249       1.190201699679337E-005
   9.41348973607038       1.161741538178267E-005
   9.43108504398827       1.123054924937411E-005
   9.44868035190616       1.084359400826800E-005
   9.46627565982405       1.037749264524212E-005
   9.48387096774194       9.883994480621772E-006
   9.50146627565982       9.331143840914797E-006
   9.51906158357771       8.723868369362217E-006
   9.53665689149560       8.078976132695009E-006
   9.55425219941349       7.356212554836955E-006
   9.57184750733138       6.622517868894589E-006
   9.58944281524927       5.794485362585311E-006
   9.60703812316716       4.992768823098181E-006
   9.62463343108504       4.091252863145336E-006
   9.64222873900293       3.246490099826388E-006
   9.65982404692082       2.270196696521620E-006
   9.67741935483871       1.359970083243456E-006
   9.69501466275660       2.797814503598117E-007
   9.71260997067449      -7.266214498864720E-007
   9.73020527859238      -1.940578047529035E-006
   9.74780058651026      -3.070496666649325E-006
   9.76539589442815      -4.440895461193223E-006
   9.78299120234604      -5.710075209986315E-006
   9.80058651026393      -7.241247184458497E-006
   9.81818181818182      -8.632897315418581E-006
   9.83577712609971      -1.028268585127051E-005
   9.85337243401760      -1.175441625212092E-005
   9.87096774193548      -1.350434384676501E-005
   9.88856304985337      -1.505793111403192E-005
   9.90615835777126      -1.692018301370325E-005
   9.92375366568915      -1.857460816286445E-005
   9.94134897360704      -2.057196918518748E-005
   9.95894428152493      -2.235222836062703E-005
   9.97653958944282      -2.450927409127240E-005
   9.99413489736071      -2.643726814207099E-005
   10.0117302052786      -2.876585419261903E-005
   10.0293255131965      -3.082870271587777E-005
   10.0469208211144      -3.329097281037716E-005
   10.0645161290323      -3.545182142210099E-005
   10.0821114369501      -3.802737189811143E-005
   10.0997067448680      -4.027950574524793E-005
   10.1173020527859      -4.297035063323750E-005
   10.1348973607038      -4.532279647886660E-005
   10.1524926686217      -4.814274463177206E-005
   10.1700879765396      -5.061289963346861E-005
   10.1876832844575      -5.358044348184228E-005
   10.2052785923754      -5.618434873477739E-005
   10.2228739002933      -5.929775026285465E-005
   10.2404692082111      -6.199899068145161E-005
   10.2580645161290      -6.520029859005773E-005
   10.2756598240469      -6.795052481603450E-005
   10.2932551319648      -7.120871926925936E-005
   10.3108504398827      -7.399071813815908E-005
   10.3284457478006      -7.730002403661356E-005
   10.3460410557185      -8.011891067215582E-005
   10.3636363636364      -8.349417919105137E-005
   10.3812316715543      -8.637481793263206E-005
   10.3988269794721      -8.985035918995498E-005
   10.4164222873900      -9.283375701863849E-005
   10.4340175953079      -9.643289691989041E-005
   10.4516129032258      -9.950056745726995E-005
   10.4692082111437      -1.031774845189158E-004
   10.4868035190616      -1.062833598732301E-004
   10.5043988269795      -1.099983921535006E-004
   10.5219941348974      -1.131105061067332E-004
   10.5395894428153      -1.168392561482271E-004
   10.5571847507331      -1.199420351411472E-004
   10.5747800586510      -1.236779208943758E-004
   10.5923753665689      -1.267756749946697E-004
   10.6099706744868      -1.305356655563078E-004
   10.6275659824047      -1.336501492086709E-004
   10.6451612903226      -1.374330566512967E-004
   10.6627565982405      -1.405302993862977E-004
   10.6803519061584      -1.442873113269315E-004
   10.6979472140762      -1.473197086362122E-004
   10.7155425219941      -1.510072069058832E-004
   10.7331378299120      -1.539376280123641E-004
   10.7507331378299      -1.575258940364723E-004
   10.7683284457478      -1.603347254198455E-004
   10.7859237536657      -1.638161438283752E-004
   10.8035190615836      -1.665139827577384E-004
   10.8211143695015      -1.699235093114513E-004
   10.8387096774194      -1.725552532689141E-004
   10.8563049853372      -1.759092430955094E-004
   10.8739002932551      -1.784546206976746E-004
   10.8914956011730      -1.817145672921994E-004
   10.9090909090909      -1.841287480221023E-004
   10.9266862170088      -1.872465010970898E-004
   10.9442815249267      -1.894818640410668E-004
   10.9618768328446      -1.924118271720760E-004
   10.9794721407625      -1.944287190366212E-004
   10.9970674486804      -1.971403275183337E-004
   11.0146627565982      -1.989290382332988E-004
   11.0322580645161      -2.014457086102866E-004
   11.0498533724340      -2.030463340027245E-004
   11.0674486803519      -2.053893412513308E-004
   11.0850439882698      -2.067986666805685E-004
   11.1026392961877      -2.089490541384284E-004
   11.1202346041056      -2.101387920243549E-004
   11.1378299120235      -2.120608639917051E-004
   11.1554252199413      -2.129910299544670E-004
   11.1730205278592      -2.146416354469882E-004
   11.1906158357771      -2.152692360205861E-004
   11.2082111436950      -2.166098462553945E-004
   11.2258064516129      -2.169200676012153E-004
   11.2434017595308      -2.179740032804428E-004
   11.2609970674487      -2.180097058305121E-004
   11.2785923753666      -2.188088145090783E-004
   11.2961876832845      -2.185865235606085E-004
   11.3137829912023      -2.191351445261606E-004
   11.3313782991202      -2.186498277024653E-004
   11.3489736070381      -2.189336647110124E-004
   11.3665689149560      -2.181635648248629E-004
   11.3841642228739      -2.181528540988327E-004
   11.4017595307918      -2.170616798400057E-004
   11.4193548387097      -2.167197876900839E-004
   11.4369501466276      -2.152996353456969E-004
   11.4545454545455      -2.146639538946374E-004
   11.4721407624633      -2.129746863674800E-004
   11.4897360703812      -2.121017419373349E-004
   11.5073313782991      -2.101937248613880E-004
   11.5249266862170      -2.091263354147837E-004
   11.5425219941349      -2.070355897106423E-004
   11.5601173020528      -2.058012153657622E-004
   11.5777126099707      -2.035467220136571E-004
   11.5953079178886      -2.021528963690808E-004
   11.6129032258065      -1.997277051634035E-004
   11.6304985337243      -1.981569965838173E-004
   11.6480938416422      -1.955599730767604E-004
   11.6656891495601      -1.938404063256178E-004
   11.6832844574780      -1.911175837315681E-004
   11.7008797653959      -1.892998945457584E-004
   11.7184750733138      -1.865043029801911E-004
   11.7360703812317      -1.846407175340429E-004
   11.7536656891496      -1.818235383029250E-004
   11.7712609970675      -1.799612655904273E-004
   11.7888563049853      -1.771649267938111E-004
   11.8064516129032      -1.753353135584526E-004
   11.8240469208211      -1.725656058051847E-004
   11.8416422287390      -1.707356776133666E-004
   11.8592375366569      -1.679435379165290E-004
   11.8768328445748      -1.660758881178240E-004
   11.8944281524927      -1.632405532800022E-004
   11.9120234604106      -1.613244827746363E-004
   11.9296187683284      -1.584446977065344E-004
   11.9472140762463      -1.564857609617255E-004
   11.9648093841642      -1.535746015888418E-004
   11.9824046920821      -1.515915104502583E-004
   12.0000000000000      -1.486743853099192E-004
   12.0175953079179      -1.466934950971211E-004
   12.0351906158358      -1.437797811612722E-004
   12.0527859237537      -1.417780290131245E-004
   12.0703812316716      -1.388306065196148E-004
   12.0879765395894      -1.367749480328161E-004
   12.1055718475073      -1.337703955521446E-004
   12.1231671554252      -1.316462685873212E-004
   12.1407624633431      -1.285815318703429E-004
   12.1583577712610      -1.263975144394970E-004
   12.1759530791789      -1.232970479137447E-004
   12.1935483870968      -1.210961530424419E-004
   12.2111436950147      -1.180337653076542E-004
   12.2287390029326      -1.159168252544436E-004
   12.2463343108504      -1.129729151344364E-004
   12.2639296187683      -1.109562845606699E-004
   12.2815249266862      -1.081012516539407E-004
   12.2991202346041      -1.061358832861099E-004
   12.3167155425220      -1.033130169719476E-004
   12.3343108504399      -1.013378309344108E-004
   12.3519061583578      -9.848741597748986E-005
   12.3695014662757      -9.644675683135740E-005
   12.3870967741935      -9.352420056921278E-005
   12.4046920821114      -9.139370223173913E-005
   12.4222873900293      -8.841319005363445E-005
   12.4398826979472      -8.622858309652345E-005
   12.4574780058651      -8.319088673099809E-005
   12.4750733137830      -8.089332419236880E-005
   12.4926686217009      -7.770618481095700E-005
   12.5102639296188      -7.518719854745494E-005
   12.5278592375367      -7.173646185049805E-005
   12.5454545454545      -6.888385658853441E-005
   12.5630498533724      -6.507085731967667E-005
   12.5806451612903      -6.181460528081721E-005
   12.5982404692082      -5.762804319570238E-005
   12.6158357771261      -5.411595601966404E-005
   12.6334310850440      -5.004677518422597E-005
   12.6510263929619      -4.702133635175038E-005
   12.6686217008798      -4.370863576677819E-005
   12.6862170087977      -4.155858700963145E-005
   12.7038123167155      -3.918783607984630E-005
   12.7214076246334      -3.792113990187663E-005
   12.7390029325513      -3.632812383545823E-005
   12.7565982404692      -3.559753927564857E-005
   12.7741935483871      -3.422785949746195E-005
   12.7917888563050      -3.322395160416273E-005
   12.8093841642229      -3.087930577818818E-005
   12.8269794721408      -2.798276904849393E-005
   12.8445747800587      -2.321527805648588E-005
   12.8621700879765      -1.782217890822757E-005
   12.8797653958944      -1.077572654133523E-005
   12.8973607038123      -3.397665935709879E-006
   12.9149560117302       5.186135936486230E-006
   12.9325513196481       1.362242521821741E-005
   12.9501466275660       2.265186315759153E-005
   12.9677419354839       3.089590723948385E-005
   12.9853372434018       3.894680919580079E-005
   13.0029325513196       4.534776139469113E-005
   13.0205278592375       5.010912540316912E-005
   13.0381231671554       5.073248655777679E-005
   13.0557184750733       4.659061887584887E-005
   13.0733137829912       3.538607966125201E-005
   13.0909090909091       1.657529578928735E-005
   13.1085043988270      -1.194027000266962E-005
   13.1260997067449      -5.063889178272479E-005
   13.1436950146628      -1.013996581343074E-004
   13.1612903225806      -1.645926411467034E-004
   13.1788856304985      -2.417749349405656E-004
   13.1964809384164      -3.330326353927034E-004
   13.2140762463343      -4.385232768991395E-004
   13.2316715542522      -5.532131329021755E-004
   13.2492668621701      -6.722300398087935E-004
   13.2668621700880      -7.900834482431732E-004
   13.2844574780059      -9.025813273802007E-004
   13.3020527859238      -1.004870748317711E-003
   13.3196480938416      -1.093192556755396E-003
   13.3372434017595      -1.163282240387251E-003
   13.3548387096774      -1.211847483103015E-003
   13.3724340175953      -1.235355284629242E-003
   13.3900293255132      -1.231246612788095E-003
   13.4076246334311      -1.197670559230241E-003
   13.4252199413490      -1.138063829191083E-003
   13.4428152492669      -1.059015392085802E-003
   13.4604105571848      -9.662912461961833E-004
   13.4780058651026      -8.650394581525934E-004
   13.4956011730205      -7.599564218988623E-004
   13.5131964809384      -6.554274468234462E-004
   13.5307917888563      -5.553388058405696E-004
   13.5483870967742      -4.634212694969473E-004
   13.5659824046921      -3.827171295556395E-004
   13.5835777126100      -3.161231156440914E-004
   13.6011730205279      -2.653432893941207E-004
   13.6187683284457      -2.301436105944994E-004
   13.6363636363636      -2.065473083669542E-004
   13.6539589442815      -1.923090888979592E-004
   13.6715542521994      -1.847337705431971E-004
   13.6891495601173      -1.826659314872861E-004
   13.7067448680352      -1.840508227897006E-004
   13.7243401759531      -1.883848554651956E-004
   13.7419354838710      -1.940270391145427E-004
   13.7595307917889      -2.010316238733970E-004
   13.7771260997067      -2.081385803109860E-004
   13.7947214076246      -2.160100502723371E-004
   13.8123167155425      -2.239846799996061E-004
   13.8299120234604      -2.330809083175668E-004
   13.8475073313783      -2.417482040759699E-004
   13.8651026392962      -2.504083309241188E-004
   13.8826979472141      -2.572623156828283E-004
   13.9002932551320      -2.628789507578418E-004
   13.9178885630499      -2.654601449492669E-004
   13.9354838709677      -2.658694868059709E-004
   13.9530791788856      -2.624521224879701E-004
   13.9706744868035      -2.565567031785631E-004
   13.9882697947214      -2.469429411413111E-004
   14.0058651026393      -2.361384044835069E-004
   14.0234604105572      -2.250885180705254E-004
   14.0410557184751      -2.180186240903096E-004
   14.0586510263930      -2.145164762716194E-004
   14.0762463343109      -2.172236569666250E-004
   14.0938416422287      -2.245990811915049E-004
   14.1114369501466      -2.385385722456449E-004
   14.1290322580645      -2.566196284732847E-004
   14.1466275659824      -2.800933599363284E-004
   14.1642228739003      -3.056220747902163E-004
   14.1818181818182      -3.336393313248861E-004
   14.1994134897361      -3.594634023872947E-004
   14.2170087976540      -3.818402488197480E-004
   14.2346041055718      -3.962843478323351E-004
   14.2521994134897      -4.052221889655933E-004
   14.2697947214076      -4.064780179014673E-004
   14.2873900293255      -4.035825528246694E-004
   14.3049853372434      -3.948531738107309E-004
   14.3225806451613      -3.844158480341835E-004
   14.3401759530792      -3.708194932393158E-004
   14.3577712609971      -3.586488253284650E-004
   14.3753665689150      -3.465858847615247E-004
   14.3929618768328      -3.396271699288216E-004
   14.4105571847507      -3.364648995827473E-004
   14.4281524926686      -3.406788344265551E-004
   14.4457478005865      -3.478685478342134E-004
   14.4633431085044      -3.604504200161353E-004
   14.4809384164223      -3.739147530271539E-004
   14.4985337243402      -3.909621512779176E-004
   14.5161290322581      -4.070468421308939E-004
   14.5337243401760      -4.251821264082341E-004
   14.5513196480938      -4.408117141612243E-004
   14.5689149560117      -4.573071446793356E-004
   14.5865102639296      -4.701651002777386E-004
   14.6041055718475      -4.832793015109900E-004
   14.6217008797654      -4.926075574284218E-004
   14.6392961876833      -5.027151865371831E-004
   14.6568914956012      -5.091357002811511E-004
   14.6744868035191      -5.162574077931116E-004
   14.6920821114370      -5.192696170379019E-004
   14.7096774193548      -5.226487879572122E-004
   14.7272727272727      -5.213376220288330E-004
   14.7448680351906      -5.199784418601037E-004
   14.7624633431085      -5.133159445498672E-004
   14.7800586510264      -5.062262958108248E-004
   14.7976539589443      -4.933345188588850E-004
   14.8152492668622      -4.800560901858414E-004
   14.8328445747801      -4.616959678824334E-004
   14.8504398826979      -4.444018139831401E-004
   14.8680351906158      -4.230776443646959E-004
   14.8856304985337      -4.038389949507141E-004
   14.9032258064516      -3.811923297971202E-004
   14.9208211143695      -3.613152137564582E-004
   14.9384164222874      -3.383473917148544E-004
   14.9560117302053      -3.185470029884728E-004
   14.9736070381232      -2.956785575457078E-004
   14.9912023460411      -2.760646398094554E-004
   15.0087976539589      -2.530120624541928E-004
   15.0263929618768      -2.329244540290911E-004
   15.0439882697947      -2.090672127675309E-004
   15.0615835777126      -1.883562843373579E-004
   15.0791788856305      -1.638862544945089E-004
   15.0967741935484      -1.428023116410007E-004
   15.1143695014663      -1.179123692551097E-004
   15.1319648093842      -9.654508670166828E-005
   15.1495601173021      -7.116530533979220E-005
   15.1671554252199      -4.923527498663382E-005
   15.1847507331378      -2.278900747860846E-005
   15.2023460410557       7.304818254778022E-007
   15.2199413489736       2.958096364816887E-005
   15.2375366568915       5.449602185761854E-005
   15.2551319648094       8.197495882717254E-005
   15.2727272727273       1.017850167221805E-004
   15.2903225806452       1.204899365114838E-004
   15.3079178885631       1.274455784301530E-004
   15.3255131964809       1.294280356407408E-004
   15.3431085043988       1.154944254060815E-004
   15.3607038123167       9.274968596101774E-005
   15.3782991202346       5.012046237339332E-005
   15.3958944281525      -4.684812532568721E-006
   15.4134897360704      -8.128565750118752E-005
   15.4310850439883      -1.634908801539380E-004
   15.4486803519062      -2.528593725230528E-004
   15.4662756598240      -3.318622741846626E-004
   15.4838709677419      -4.038562825161208E-004
   15.5014662756598      -4.522195661508844E-004
   15.5190615835777      -4.818502955026345E-004
   15.5366568914956      -4.771174569154694E-004
   15.5542521994135      -4.447709809111463E-004
   15.5718475073314      -3.707906730880703E-004
   15.5894428152493      -2.648633366465897E-004
   15.6070381231672      -1.178735808300141E-004
   15.6246334310850       4.503871226628553E-005
   15.6422287390029       2.170987377582213E-004
   15.6598240469208       3.727388939064647E-004
   15.6774193548387       5.126670551014849E-004
   15.6950146627566       6.154805522854596E-004
   15.7126099706745       6.863895894437216E-004
   15.7302052785924       7.073118941661228E-004
   15.7478005865103       6.878808510935046E-004
   15.7653958944282       6.139036568354724E-004
   15.7829912023460       5.009987131167373E-004
   15.8005865102639       3.423705251310942E-004
   15.8181818181818       1.707151253375086E-004
   15.8357771260997      -3.804482778494003E-006
   15.8533724340176      -1.537364227479516E-004
   15.8709677419355      -2.836648118299815E-004
   15.8885630498534      -3.739043651291768E-004
   15.9061583577713      -4.358283386275096E-004
   15.9237536656892      -4.544020599145647E-004
   15.9413489736070      -4.464886286503738E-004
   15.9589442815249      -4.014149407725682E-004
   15.9765395894428      -3.421440291100205E-004
   15.9941348973607      -2.639841400129326E-004
   16.0117302052786      -2.013254314192711E-004
   16.0293255131965      -1.541234882807371E-004
   16.0469208211144      -1.421561068721293E-004
   16.0645161290323      -1.474302995081622E-004
   16.0821114369501      -1.827732833136608E-004
   16.0997067448680      -2.257162497988968E-004
   16.1173020527859      -2.866949086451598E-004
   16.1348973607038      -3.404454070089373E-004
   16.1524926686217      -3.960857806437600E-004
   16.1700879765396      -4.262077176269545E-004
   16.1876832844575      -4.391059521345571E-004
   16.2052785923754      -4.057127721120925E-004
   16.2228739002933      -3.418230438489638E-004
   16.2404692082111      -2.376374457006775E-004
   16.2580645161290      -1.225223325771549E-004
   16.2756598240469       1.415556791661032E-005
   16.2932551319648       1.438074191693475E-004
   16.3108504398827       2.791620888678350E-004
   16.3284457478006       3.925143820179909E-004
   16.3460410557185       4.990036843892420E-004
   16.3636363636364       5.722281820966851E-004
   16.3812316715543       6.306268747514666E-004
   16.3988269794721       6.506713604759936E-004
   16.4164222873900       6.597455098951522E-004
   16.4340175953079       6.461642720961914E-004
   16.4516129032258       6.401735125312574E-004
   16.4692082111437       6.234006676997238E-004
   16.4868035190616       6.227865553380254E-004
   16.5043988269795       6.163257536894346E-004
   16.5219941348974       6.295080033904753E-004
   16.5395894428153       6.374638327797372E-004
   16.5571847507331       6.645967955830628E-004
   16.5747800586510       6.831571064223061E-004
   16.5923753665689       7.161781896851676E-004
   16.6099706744868       7.316750755134150E-004
   16.6275659824047       7.523225573482415E-004
   16.6451612903226       7.504877008059436E-004
   16.6627565982405       7.556133019198989E-004
   16.6803519061584       7.412125309102560E-004
   16.6979472140762       7.385518432155956E-004
   16.7155425219941       7.206955474558747E-004
   16.7331378299120       7.202269062517657E-004
   16.7507331378299       7.093107523798694E-004
   16.7683284457478       7.215812301071901E-004
   16.7859237536657       7.278916347026632E-004
   16.8035190615836       7.623409937372681E-004
   16.8211143695015       7.908195053255530E-004
   16.8387096774194       8.406938997343162E-004
   16.8563049853372       8.729034005699823E-004
   16.8739002932551       9.174665190152514E-004
   16.8914956011730       9.353250848741408E-004
   16.9090909090909       9.589821193396570E-004
   16.9266862170088       9.490834499076313E-004
   16.9442815249267       9.406915990128909E-004
   16.9618768328446       8.942405860109504E-004
   16.9794721407625       8.478851640488243E-004
   16.9970674486804       7.626053315821481E-004
   17.0146627565982       6.828930352402542E-004
   17.0322580645161       5.761180234504126E-004
   17.0498533724340       4.906025516381081E-004
   17.0674486803519       3.882876094995566E-004
   17.0850439882698       3.163697879768057E-004
   17.1026392961877       2.329076120323804E-004
   17.1202346041056       1.853594686192193E-004
   17.1378299120235       1.282083072748906E-004
   17.1554252199413       1.094452438664604E-004
   17.1730205278592       7.967088278007475E-005
   17.1906158357771       8.711985700507653E-005
   17.2082111436950       7.672491151822672E-005
   17.2258064516129       9.492032714608064E-005
   17.2434017595308       8.455601641000428E-005
   17.2609970674487       9.932753651690567E-005
   17.2785923753666       8.234597068772811E-005
   17.2961876832845       9.164876751015610E-005
   17.3137829912023       6.848772843428861E-005
   17.3313782991202       7.491451103994233E-005
   17.3489736070381       4.964952596295410E-005
   17.3665689149560       5.888905593811759E-005
   17.3841642228739       3.837384567933308E-005
   17.4017595307918       5.883810381803981E-005
   17.4193548387097       5.177267764629892E-005
   17.4369501466276       8.855617251360451E-005
   17.4545454545455       9.233557966261979E-005
   17.4721407624633       1.386670958576900E-004
   17.4897360703812       1.457955880491964E-004
   17.5073313782991       1.949874349694820E-004
   17.5249266862170       1.990463779956964E-004
   17.5425219941349       2.458650460976706E-004
   17.5601173020528       2.421309500783869E-004
   17.5777126099707       2.835878775497076E-004
   17.5953079178886       2.702040090712854E-004
   17.6129032258065       3.081866321399369E-004
   17.6304985337243       2.920136778288647E-004
   17.6480938416422       3.383675416950982E-004
   17.6656891495601       3.289331332706037E-004
   17.6832844574780       3.904860725419897E-004
   17.7008797653959       3.907241806333271E-004
   17.7184750733138       4.698893842946202E-004
   17.7360703812317       4.789393910598785E-004
   17.7536656891496       5.752775232133235E-004
   17.7712609970675       5.888535635410046E-004
   17.7888563049853       6.991970510154012E-004
   17.8064516129032       7.083552801690836E-004
   17.8240469208211       8.251145363537595E-004
   17.8416422287390       8.169276448560249E-004
   17.8592375366569       9.395138741745069E-004
   17.8768328445748       9.105242499945609E-004
   17.8944281524927       1.052840848694895E-003
   17.9120234604106       1.003759505927507E-003
   17.9296187683284       1.200126675379636E-003
   17.9472140762463       1.133983165602842E-003
   17.9648093841642       1.485747643292435E-003
   17.9824046920821       1.408076525984137E-003
   18.0000000000000       2.604009296892959E-003
