  0.000000000000000E+000 -3.899750049286618E-003
  1.759530791788856E-002 -2.465593180354948E-003
  3.519061583577713E-002 -2.432205618057773E-003
  5.278592375366570E-002 -1.958103516570608E-003
  7.038123167155426E-002 -1.944490506467429E-003
  8.797653958944282E-002 -1.666931789728949E-003
  0.105571847507331      -1.662421835934201E-003
  0.123167155425220      -1.470050247966888E-003
  0.140762463343109      -1.470631805795951E-003
  0.158357771260997      -1.325785601253652E-003
  0.175953079178886      -1.329502697161053E-003
  0.193548387096774      -1.214892229734416E-003
  0.211143695014663      -1.220653609855450E-003
  0.228739002932551      -1.126905607445098E-003
  0.246334310850440      -1.134009743268261E-003
  0.263929618768328      -1.055403716134230E-003
  0.281524926686217      -1.063315482586308E-003
  0.299120234604106      -9.960749781812641E-004
  0.316715542521994      -1.004372107801181E-003
  0.334310850439883      -9.458501730462994E-004
  0.351906158357771      -9.541719159354821E-004
  0.369501466275660      -9.024090764198215E-004
  0.387096774193548      -9.104165035865972E-004
  0.404692082111437      -8.638717899244626E-004
  0.422287390029326      -8.711964683090030E-004
  0.439882697947214      -8.286166842258907E-004
  0.457478005865103      -8.350108847296860E-004
  0.475073313782991      -7.955450506573773E-004
  0.492668621700880      -8.009197957415552E-004
  0.510263929618768      -7.639555364729794E-004
  0.527859237536657      -7.682880053925644E-004
  0.545454545454546      -7.333779263683762E-004
  0.563049853372434      -7.366975964800414E-004
  0.580645161290323      -7.035280987630824E-004
  0.598240469208211      -7.059204374018157E-004
  0.615835777126100      -6.743126320639125E-004
  0.633431085043988      -6.759506671939264E-004
  0.651026392961877      -6.458263690877039E-004
  0.668621700879765      -6.468533212329651E-004
  0.686217008797654      -6.181090605671498E-004
  0.703812316715543      -6.186254245633227E-004
  0.721407624633431      -5.911692400522779E-004
  0.739002932551320      -5.912651783388477E-004
  0.756598240469208      -5.650265623305077E-004
  0.774193548387097      -5.647933982345132E-004
  0.791788856304985      -5.397308882050020E-004
  0.809384164222874      -5.392812021858115E-004
  0.826979472140763      -5.154047643173874E-004
  0.844574780058651      -5.148478872761341E-004
  0.862170087976540      -4.920910084394009E-004
  0.879765395894428      -4.914010339165610E-004
  0.897360703812317      -4.696022173735283E-004
  0.914956011730205      -4.686771870284927E-004
  0.932551319648094      -4.476167338051580E-004
  0.950146627565982      -4.462827190727686E-004
  0.967741935483871      -4.256681963431040E-004
  0.985337243401760      -4.236501611280632E-004
   1.00293255131965      -4.030525714072520E-004
   1.02052785923754      -3.998649090885325E-004
   1.03812316715543      -3.787447221819711E-004
   1.05571847507331      -3.741912172898539E-004
   1.07331378299120      -3.526324554574086E-004
   1.09090909090909      -3.470402301483542E-004
   1.10850439882698      -3.254389028758651E-004
   1.12609970674487      -3.193552695284908E-004
   1.14369501466276      -2.983125803701277E-004
   1.16129032258065      -2.924867502616011E-004
   1.17888563049853      -2.728314173702001E-004
   1.19648093841642      -2.682859950745071E-004
   1.21407624633431      -2.512324682427169E-004
   1.23167155425220      -2.492848064615696E-004
   1.24926686217009      -2.356155572801273E-004
   1.26686217008798      -2.363472959388677E-004
   1.28445747800587      -2.256752343648886E-004
   1.30205278592375      -2.285210203422269E-004
   1.31964809384164      -2.200964714016299E-004
   1.33724340175953      -2.241978214969103E-004
   1.35483870967742      -2.170015514707046E-004
   1.37243401759531      -2.212231577129947E-004
   1.39002932551320      -2.139289760614176E-004
   1.40762463343109      -2.167303364876071E-004
   1.42521994134897      -2.076129790200403E-004
   1.44281524926686      -2.077108509948795E-004
   1.46041055718475      -1.963783868498256E-004
   1.47800586510264      -1.940666007636806E-004
   1.49560117302053      -1.810656439897960E-004
   1.51319648093842      -1.770768376307185E-004
   1.53079178885631      -1.632610947219186E-004
   1.54838709677419      -1.585960373738611E-004
   1.56598240469208      -1.450786788365766E-004
   1.58357771260997      -1.410129318580282E-004
   1.60117302052786      -1.292403851604701E-004
   1.61876832844575      -1.274434238644976E-004
   1.63636363636364      -1.188789334501880E-004
   1.65395894428153      -1.200031898229089E-004
   1.67155425219941      -1.145013706268356E-004
   1.68914956011730      -1.180772614636397E-004
   1.70674486803519      -1.149925341418404E-004
   1.72434017595308      -1.202623228382398E-004
   1.74193548387097      -1.187145210973896E-004
   1.75953079178886      -1.247053250524498E-004
   1.77712609970675      -1.235979325253963E-004
   1.79472140762463      -1.290961433667346E-004
   1.81231671554252      -1.270291605058655E-004
   1.82991202346041      -1.306336690600127E-004
   1.84750733137830      -1.266663118715198E-004
   1.86510263929619      -1.280918235810330E-004
   1.88269794721408      -1.222785234807178E-004
   1.90029325513196      -1.217207211473319E-004
   1.91788856304985      -1.143313318129434E-004
   1.93548387096774      -1.121375542806103E-004
   1.95307917888563      -1.035691575456606E-004
   1.97067448680352      -1.002019082381686E-004
   1.98826979472141      -9.096573357328425E-005
   2.00586510263930      -8.701509427463888E-005
   2.02346041055718      -7.775557725430343E-005
   2.04105571847507      -7.383049281430021E-005
   2.05865102639296      -6.498819267213988E-005
   2.07624633431085      -6.141087961727665E-005
   2.09384164222874      -5.325823199792586E-005
   2.11143695014663      -5.029454469791333E-005
   2.12903225806452      -4.308401753935251E-005
   2.14662756598241      -4.099436507009071E-005
   2.16422287390029      -3.498503468437766E-005
   2.18181818181818      -3.404840287481255E-005
   2.19941348973607      -2.953629488629237E-005
   2.21700879765396      -3.008291120564647E-005
   2.23460410557185      -2.729822441854874E-005
   2.25219941348974      -2.928143391189157E-005
   2.26979472140762      -2.791137821423411E-005
   2.28739002932551      -3.091138453065924E-005
   2.30498533724340      -3.047416505611852E-005
   2.32258064516129      -3.396822439357205E-005
   2.34017595307918      -3.389075570067185E-005
   2.35777126099707      -3.726569765105423E-005
   2.37536656891496      -3.687757762372008E-005
   2.39296187683284      -3.940575685114850E-005
   2.41055718475073      -3.788394263925517E-005
   2.42815249266862      -3.876414308885567E-005
   2.44574780058651      -3.564450855662692E-005
   2.46334310850440      -3.488779125735495E-005
   2.48093841642229      -3.043557876099174E-005
   2.49853372434018      -2.840356809643442E-005
   2.51612903225806      -2.303429092807181E-005
   2.53372434017595      -2.019640309089577E-005
   2.55131964809384      -1.441927115541769E-005
   2.56891495601173      -1.133328541280480E-005
   2.58651026392962      -5.748800567891101E-006
   2.60410557184751      -3.079564578732367E-006
   2.62170087976540       1.622809800350435E-006
   2.63929618768328       3.347272626411983E-006
   2.65689149560117       6.983388846768704E-006
   2.67448680351906       7.807434582377935E-006
   2.69208211143695       1.049534981130015E-005
   2.70967741935484       1.056184773969071E-005
   2.72727272727273       1.246896486968544E-005
   2.74486803519062       1.195701426025600E-005
   2.76246334310850       1.327947562763518E-005
   2.78005865102639       1.239316237877493E-005
   2.79765395894428       1.335040828457598E-005
   2.81524926686217       1.230940467660461E-005
   2.83284457478006       1.305876607014609E-005
   2.85043988269795       1.186642481376565E-005
   2.86803519061584       1.230029471983879E-005
   2.88563049853372       1.081452806745286E-005
   2.90322580645161       1.078958553515398E-005
   2.92082111436950       8.860038240324657E-006
   2.93841642228739       8.225401032945276E-006
   2.95601173020528       5.693154259806706E-006
   2.97360703812317       4.286500811005544E-006
   2.99120234604106       9.761531663882592E-007
   3.00879765395894      -1.392365364521409E-006
   3.02639296187683      -5.652831993005254E-006
   3.04398826979472      -9.011802953235644E-006
   3.06158357771261      -1.406262929164885E-005
   3.07917888563050      -1.813993626250689E-005
   3.09677419354839      -2.367094853215877E-005
   3.11436950146628      -2.812343558374089E-005
   3.13196480938416      -3.376572031627442E-005
   3.14956011730205      -3.819200388584586E-005
   3.16715542521994      -4.351398818847096E-005
   3.18475073313783      -4.743953148423949E-005
   3.20234604105572      -5.191233554264923E-005
   3.21994134897361      -5.474685887431549E-005
   3.23753665689150      -5.786964159783279E-005
   3.25513196480938      -5.940127498918906E-005
   3.27272727272727      -6.122381412578523E-005
   3.29032258064516      -6.160952176104607E-005
   3.30791788856305      -6.234742464402866E-005
   3.32551319648094      -6.184482038141242E-005
   3.34310850439883      -6.179715796833959E-005
   3.36070381231672      -6.074026859557460E-005
   3.37829912023460      -6.028250315344619E-005
   3.39589442815249      -5.908893633144959E-005
   3.41348973607038      -5.869785890377019E-005
   3.43108504398827      -5.783907304615493E-005
   3.44868035190616      -5.783382838289628E-005
   3.46627565982405      -5.743439244873758E-005
   3.48387096774194      -5.784733083193048E-005
   3.50146627565982      -5.790527863194990E-005
   3.51906158357771      -5.871764333602309E-005
   3.53665689149560      -5.919830425101693E-005
   3.55425219941349      -6.036708945309777E-005
   3.57184750733138      -6.121692228859362E-005
   3.58944281524927      -6.268384510264045E-005
   3.60703812316716      -6.383715971378242E-005
   3.62463343108504      -6.554388432173541E-005
   3.64222873900293      -6.696614883599609E-005
   3.65982404692082      -6.890788424786408E-005
   3.67741935483871      -7.059941273352195E-005
   3.69501466275660      -7.277377017265360E-005
   3.71260997067449      -7.472513807575276E-005
   3.73020527859238      -7.711967026073018E-005
   3.74780058651026      -7.931133916579456E-005
   3.76539589442815      -8.190291170120920E-005
   3.78299120234604      -8.430349576804067E-005
   3.80058651026393      -8.705452577003494E-005
   3.81818181818182      -8.960631404253634E-005
   3.83577712609971      -9.241557951991013E-005
   3.85337243401760      -9.496375828611896E-005
   3.87096774193548      -9.765967207818784E-005
   3.88856304985337      -1.000347909613317E-004
   3.90615835777126      -1.024534753728014E-004
   3.92375366568915      -1.044917472949570E-004
   3.94134897360704      -1.064716492440513E-004
   3.95894428152493      -1.080091583416516E-004
   3.97653958944282      -1.093858990987283E-004
   3.99413489736070      -1.102523003171366E-004
   4.01173020527859      -1.108516558235900E-004
   4.02932551319648      -1.109180401857580E-004
   4.04692082111437      -1.107579367721263E-004
   4.06451612903226      -1.101865748019971E-004
   4.08211143695015      -1.094924306953416E-004
   4.09970674486804      -1.085253195632359E-004
   4.11730205278592      -1.075546920389334E-004
   4.13489736070381      -1.064610210475338E-004
   4.15249266862170      -1.054980805327675E-004
   4.17008797653959      -1.045752021460803E-004
   4.18768328445748      -1.039362194912095E-004
   4.20527859237537      -1.035231996936313E-004
   4.22287390029326      -1.035429027719687E-004
   4.24046920821114      -1.038403825403415E-004
   4.25806451612903      -1.045049187991839E-004
   4.27565982404692      -1.053681938184974E-004
   4.29325513196481      -1.065003500607030E-004
   4.31085043988270      -1.077358150221979E-004
   4.32844574780059      -1.091323398368023E-004
   4.34604105571848      -1.105267888172915E-004
   4.36363636363636      -1.119687343770362E-004
   4.38123167155425      -1.132958429687419E-004
   4.39882697947214      -1.145530800796089E-004
   4.41642228739003      -1.155897168061638E-004
   4.43401759530792      -1.165233667433456E-004
   4.45161290322581      -1.172790157091095E-004
   4.46920821114370      -1.179932946182969E-004
   4.48680351906158      -1.185843722409271E-004
   4.50439882697947      -1.191922335922491E-004
   4.52199413489736      -1.197258185239668E-004
   4.53958944281525      -1.203309706728346E-004
   4.55718475073314      -1.209047085184979E-004
   4.57478005865103      -1.216007875789124E-004
   4.59237536656892      -1.223010763035803E-004
   4.60997067448680      -1.231654325111952E-004
   4.62756598240469      -1.240210067785493E-004
   4.64516129032258      -1.249838391289308E-004
   4.66275659824047      -1.258410464233898E-004
   4.68035190615836      -1.267283144008307E-004
   4.69794721407625      -1.274145145291366E-004
   4.71554252199414      -1.280559007783790E-004
   4.73313782991202      -1.283999069046185E-004
   4.75073313782991      -1.286249234676453E-004
   4.76832844574780      -1.284540974993650E-004
   4.78592375366569      -1.280894626109919E-004
   4.80351906158358      -1.272265123732160E-004
   4.82111436950147      -1.261159535360872E-004
   4.83870967741935      -1.245053677746331E-004
   4.85630498533724      -1.227418968617710E-004
   4.87390029325513      -1.205538402247089E-004
   4.89149560117302      -1.183209654953685E-004
   4.90909090909091      -1.157404414042278E-004
   4.92668621700880      -1.132259128311141E-004
   4.94428152492669      -1.104407940436263E-004
   4.96187683284458      -1.078341819578180E-004
   4.97947214076246      -1.050331704187760E-004
   4.99706744868035      -1.025234929452786E-004
   5.01466275659824      -9.988611545276746E-005
   5.03225806451613      -9.760049056033262E-005
   5.04985337243402      -9.515806086047517E-005
   5.06744868035191      -9.306947845018271E-005
   5.08504398826980      -9.078814325344380E-005
   5.10263929618768      -8.887100890402000E-005
   5.12023460410557      -8.673114591309181E-005
   5.13782991202346      -8.497407683413158E-005
   5.15542521994135      -8.297179670003560E-005
   5.17302052785924      -8.138230626648474E-005
   5.19061583577713      -7.953830437855992E-005
   5.20821114369502      -7.816260677766307E-005
   5.22580645161290      -7.656311675358954E-005
   5.24340175953079      -7.550957970700778E-005
   5.26099706744868      -7.422803476504830E-005
   5.27859237536657      -7.351628524154779E-005
   5.29618768328446      -7.253379148714905E-005
   5.31378299120235      -7.211868755751876E-005
   5.33137829912024      -7.136480728335445E-005
   5.34897360703812      -7.115261925542472E-005
   5.36656891495601      -7.050717734942835E-005
   5.38416422287390      -7.034859755085459E-005
   5.40175953079179      -6.962125919890948E-005
   5.41935483870968      -6.926906401760678E-005
   5.43695014662757      -6.818747184264410E-005
   5.45454545454546      -6.744539076970600E-005
   5.47214076246334      -6.592175330446156E-005
   5.48973607038123      -6.476518776701605E-005
   5.50733137829912      -6.280755116724877E-005
   5.52492668621701      -6.127046390712285E-005
   5.54252199413490      -5.893316714098117E-005
   5.56011730205279      -5.709001733115405E-005
   5.57771260997067      -5.446624691475821E-005
   5.59530791788856      -5.243221416093045E-005
   5.61290322580645      -4.966512958855698E-005
   5.63049853372434      -4.760648916977741E-005
   5.64809384164223      -4.484048457017180E-005
   5.66568914956012      -4.285059798604840E-005
   5.68328445747801      -4.014275029412176E-005
   5.70087976539589      -3.826326176104868E-005
   5.71847507331378      -3.564424603868141E-005
   5.73607038123167      -3.389791763107267E-005
   5.75366568914956      -3.138210816611675E-005
   5.77126099706745      -2.977590433969478E-005
   5.78885630498534      -2.736061862978335E-005
   5.80645161290323      -2.587937681660552E-005
   5.82404692082111      -2.352729947610536E-005
   5.84164222873900      -2.211570142090785E-005
   5.85923753665689      -1.977580912434389E-005
   5.87683284457478      -1.840238680391511E-005
   5.89442815249267      -1.605631142328643E-005
   5.91202346041056      -1.471123885716215E-005
   5.92961876832845      -1.235472398882519E-005
   5.94721407624634      -1.103895468525479E-005
   5.96480938416422      -8.676290909836203E-006
   5.98240469208211      -7.397500022358998E-006
   6.00000000000000      -5.037661848401091E-006
   6.01759530791789      -3.803645903113488E-006
   6.03519061583578      -1.446627784465138E-006
   6.05278592375367      -2.528175059838475E-007
   6.07038123167156       2.101374729989954E-006
   6.08797653958944       3.245534407840638E-006
   6.10557184750733       5.579981498540186E-006
   6.12316715542522       6.649832693295333E-006
   6.14076246334311       8.932936473964561E-006
   6.15835777126100       9.888737909805275E-006
   6.17595307917889       1.207238740802219E-005
   6.19354838709677       1.285512905700341E-005
   6.21114369501466       1.486539085534463E-005
   6.22873900293255       1.539015084019204E-005
   6.24633431085044       1.716144423598809E-005
   6.26392961876833       1.740157725005311E-005
   6.28152492668622       1.893413682623891E-005
   6.29912023460411       1.890061280588755E-005
   6.31671554252199       2.021248526363797E-005
   6.33431085043988       1.992842030841059E-005
   6.35190615835777       2.104780919927245E-005
   6.36950146627566       2.054591773758489E-005
   6.38709677419355       2.151135937764390E-005
   6.40469208211144       2.083811260962958E-005
   6.42228739002933       2.171089517365574E-005
   6.43988269794721       2.093985006569932E-005
   6.45747800586510       2.178701415875645E-005
   6.47507331378299       2.096518167639800E-005
   6.49266862170088       2.181829936120214E-005
   6.51026392961877       2.096575446050898E-005
   6.52785923753666       2.183486759628160E-005
   6.54545454545455       2.095120063891905E-005
   6.56304985337243       2.182516477625329E-005
   6.58064516129032       2.088621989732717E-005
   6.59824046920821       2.172466838723847E-005
   6.61583577712610       2.066427131419353E-005
   6.63343108504399       2.137789278156986E-005
   6.65102639296188       2.011982965805255E-005
   6.66862170087977       2.067271083620067E-005
   6.68621700879765       1.920963643398001E-005
   6.70381231671554       1.960903807396361E-005
   6.72140762463343       1.795765662434106E-005
   6.73900293255132       1.822769353294437E-005
   6.75659824046921       1.641794125099907E-005
   6.77419354838710       1.659380520215547E-005
   6.79178885630499       1.466550226283544E-005
   6.80938416422287       1.479226780917439E-005
   6.82697947214076       1.279475757402850E-005
   6.84457478005865       1.292038813264818E-005
   6.86217008797654       1.089457300487015E-005
   6.87976539589443       1.105434064431055E-005
   6.89736070381232       9.032658002148591E-006
   6.91495601173021       9.256973911228352E-006
   6.93255131964809       7.267555387047926E-006
   6.95014662756598       7.582010409651220E-006
   6.96774193548387       5.647155198673013E-006
   6.98533724340176       6.069762086579999E-006
   7.00293255131965       4.200816832062515E-006
   7.02052785923754       4.727311943465748E-006
   7.03812316715543       2.890798173575867E-006
   7.05571847507331       3.465016059893425E-006
   7.07331378299120       1.604374834837578E-006
   7.09090909090909       2.176943899027463E-006
   7.10850439882698       2.468315323155704E-007
   7.12609970674487       7.744207042944800E-007
   7.14369501466276      -1.268115000891058E-006
   7.16129032258065      -8.296414655942809E-007
   7.17888563049853      -3.032032677897504E-006
   7.19648093841642      -2.736646016645699E-006
   7.21407624633431      -5.167105282105424E-006
   7.23167155425220      -5.097194579073034E-006
   7.24926686217009      -7.822793483367557E-006
   7.26686217008798      -8.005308182122078E-006
   7.28445747800587      -1.102069113860127E-005
   7.30205278592375      -1.143122948410651E-005
   7.31964809384164      -1.469727907055137E-005
   7.33724340175953      -1.528396640710945E-005
   7.35483870967742      -1.873664814353795E-005
   7.37243401759531      -1.942359642587126E-005
   7.39002932551320      -2.297429302814492E-005
   7.40762463343109      -2.365781051860043E-005
   7.42521994134897      -2.719604675047899E-005
   7.44281524926686      -2.779391513234994E-005
   7.46041055718475      -3.128679484775487E-005
   7.47800586510264      -3.179485394985860E-005
   7.49560117302053      -3.524425026302997E-005
   7.51319648093842      -3.566597541953540E-005
   7.53079178885631      -3.907544890073597E-005
   7.54838709677419      -3.941421570607284E-005
   7.56598240469208      -4.278640438362455E-005
   7.58357771260997      -4.304471119162692E-005
   7.60117302052786      -4.638254988236938E-005
   7.61876832844575      -4.657047723704593E-005
   7.63636363636364      -4.990509256537026E-005
   7.65395894428153      -5.007507838225098E-005
   7.67155425219941      -5.345914937489011E-005
   7.68914956011730      -5.365295123521894E-005
   7.70674486803519      -5.711725487519623E-005
   7.72434017595308      -5.735564346195883E-005
   7.74193548387097      -6.091014472646923E-005
   7.75953079178886      -6.119196900527221E-005
   7.77712609970675      -6.482212742015709E-005
   7.79472140762463      -6.511711557836736E-005
   7.81231671554252      -6.876836787291872E-005
   7.82991202346041      -6.899643738393223E-005
   7.84750733137830      -7.259212100285240E-005
   7.86510263929619      -7.271055390519873E-005
   7.88269794721408      -7.623528908551595E-005
   7.90029325513197      -7.624101948190840E-005
   7.91788856304985      -7.969729256657994E-005
   7.93548387096774      -7.959631058115529E-005
   7.95307917888563      -8.299102532576791E-005
   7.97067448680352      -8.279020072950702E-005
   7.98826979472141      -8.612788150481891E-005
   8.00586510263930      -8.582751725182998E-005
   8.02346041055718      -8.910438953247762E-005
   8.04105571847507      -8.871139979498348E-005
   8.05865102639296      -9.195786619655864E-005
   8.07624633431085      -9.152000732595242E-005
   8.09384164222874      -9.478833243846411E-005
   8.11143695014663      -9.435908509322166E-005
   8.12903225806452      -9.770148791476513E-005
   8.14662756598241      -9.733095709413042E-005
   8.16422287390029      -1.007929737327325E-004
   8.18181818181818      -1.005205460701835E-004
   8.19941348973607      -1.041307275632209E-004
   8.21700879765396      -1.039626892430817E-004
   8.23460410557185      -1.076851874259560E-004
   8.25219941348974      -1.075564229982491E-004
   8.26979472140763      -1.113328464907009E-004
   8.28739002932551      -1.112042946638477E-004
   8.30498533724340      -1.150072641445405E-004
   8.32258064516129      -1.148598869374571E-004
   8.34017595307918      -1.186751596101778E-004
   8.35777126099707      -1.184984972567288E-004
   8.37536656891496      -1.223163041235387E-004
   8.39296187683285      -1.220997650313195E-004
   8.41055718475073      -1.259019130379688E-004
   8.42815249266862      -1.256133519141319E-004
   8.44574780058651      -1.293623917708126E-004
   8.46334310850440      -1.289820923247906E-004
   8.48093841642229      -1.326805399406711E-004
   8.49853372434018      -1.322267283983716E-004
   8.51612903225807      -1.359028733625205E-004
   8.53372434017595      -1.354129848792030E-004
   8.55131964809384      -1.391108592943906E-004
   8.56891495601173      -1.386353666083453E-004
   8.58651026392962      -1.424094735384934E-004
   8.60410557184751      -1.420057488755723E-004
   8.62170087976540      -1.458997743854647E-004
   8.63929618768329      -1.455651699679935E-004
   8.65689149560117      -1.495249526356929E-004
   8.67448680351906      -1.491934395180117E-004
   8.69208211143695      -1.531629639035958E-004
   8.70967741935484      -1.527894166549944E-004
   8.72727272727273      -1.567321679015797E-004
   8.74486803519062      -1.562891316374659E-004
   8.76246334310851      -1.601850824229344E-004
   8.78005865102639      -1.596607551941951E-004
   8.79765395894428      -1.635047353194556E-004
   8.81524926686217      -1.628992836078875E-004
   8.83284457478006      -1.666829805092474E-004
   8.85043988269795      -1.659702629252437E-004
   8.86803519061584      -1.696591222812663E-004
   8.88563049853373      -1.688117901040279E-004
   8.90322580645161      -1.723877103628596E-004
   8.92082111436950      -1.713982127960093E-004
   8.93841642228739      -1.748632579584276E-004
   8.95601173020528      -1.737451646113537E-004
   8.97360703812317      -1.771241283555431E-004
   8.99120234604106      -1.759163487078694E-004
   9.00879765395895      -1.792646048673428E-004
   9.02639296187683      -1.780327845046352E-004
   9.04398826979472      -1.813922847521801E-004
   9.06158357771261      -1.801369995843220E-004
   9.07917888563050      -1.834852071555104E-004
   9.09677419354839      -1.821827468937345E-004
   9.11436950146628      -1.854987521269589E-004
   9.13196480938416      -1.841347291843007E-004
   9.14956011730205      -1.874114500332293E-004
   9.16715542521994      -1.859897830019517E-004
   9.18475073313783      -1.892439009015101E-004
   9.20234604105572      -1.878014071150715E-004
   9.21994134897361      -1.910951899191760E-004
   9.23753665689150      -1.896985073621160E-004
   9.25513196480938      -1.930526689544632E-004
   9.27272727272727      -1.916708420802361E-004
   9.29032258064516      -1.950295973417724E-004
   9.30791788856305      -1.935981713893105E-004
   9.32551319648094      -1.968915605962585E-004
   9.34310850439883      -1.953398952457240E-004
   9.36070381231672      -1.984975719040040E-004
   9.37829912023460      -1.967600529474217E-004
   9.39589442815249      -1.997231318163407E-004
   9.41348973607038      -1.977586238136611E-004
   9.43108504398827      -2.005199930892605E-004
   9.44868035190616      -1.983523723264051E-004
   9.46627565982405      -2.009335101549043E-004
   9.48387096774194      -1.985684522920044E-004
   9.50146627565982      -2.009632351120447E-004
   9.51906158357771      -1.983897124450654E-004
   9.53665689149560      -2.005836218402784E-004
   9.55425219941349      -1.977878171463334E-004
   9.57184750733138      -1.997689742154823E-004
   9.58944281524927      -1.967461420669253E-004
   9.60703812316716      -1.985233562883963E-004
   9.62463343108504      -1.953132050176845E-004
   9.64222873900293      -1.969521169090641E-004
   9.65982404692082      -1.936111619414841E-004
   9.67741935483871      -1.951349208212860E-004
   9.69501466275660      -1.916631759472053E-004
   9.71260997067449      -1.930563019690355E-004
   9.73020527859238      -1.894282387340475E-004
   9.74780058651026      -1.906564092550206E-004
   9.76539589442815      -1.868329753790109E-004
   9.78299120234604      -1.878535227587695E-004
   9.80058651026393      -1.837943188143799E-004
   9.81818181818182      -1.845826278039238E-004
   9.83577712609971      -1.803110140578591E-004
   9.85337243401760      -1.809336437961407E-004
   9.87096774193548      -1.765164334956943E-004
   9.88856304985337      -1.770165947369459E-004
   9.90615835777126      -1.724789883387786E-004
   9.92375366568915      -1.728654706885456E-004
   9.94134897360704      -1.682035788461952E-004
   9.95894428152493      -1.684592215139998E-004
   9.97653958944282      -1.636454046915645E-004
   9.99413489736071      -1.637311129257542E-004
   10.0117302052786      -1.587196599667790E-004
   10.0293255131965      -1.586047180688696E-004
   10.0469208211144      -1.534118648213399E-004
   10.0645161290323      -1.531454609718679E-004
   10.0821114369501      -1.478211990808529E-004
   10.0997067448680      -1.474399985144600E-004
   10.1173020527859      -1.420097680694846E-004
   10.1348973607038      -1.415261215876151E-004
   10.1524926686217      -1.359908143656148E-004
   10.1700879765396      -1.353917857227635E-004
   10.1876832844575      -1.297256526490075E-004
   10.2052785923754      -1.289689057828281E-004
   10.2228739002933      -1.231253155585363E-004
   10.2404692082111      -1.221974499140658E-004
   10.2580645161290      -1.162208419973415E-004
   10.2756598240469      -1.151922301280006E-004
   10.2932551319648      -1.091507718924640E-004
   10.3108504398827      -1.080794547648517E-004
   10.3284457478006      -1.020210260849679E-004
   10.3460410557185      -1.009407431895204E-004
   10.3636363636364      -9.488466812481514E-005
   10.3812316715543      -9.379497428968558E-005
   10.3988269794721      -8.771741186164425E-005
   10.4164222873900      -8.655787184932165E-005
   10.4340175953079      -8.037430094701325E-005
   10.4516129032258      -7.908748524280900E-005
   10.4692082111437      -7.279607483766026E-005
   10.4868035190616      -7.140974541007544E-005
   10.5043988269795      -6.504942389278370E-005
   10.5219941348974      -6.360471034929278E-005
   10.5395894428153      -5.721641619439056E-005
   10.5571847507331      -5.574861889507508E-005
   10.5747800586510      -4.936000393424909E-005
   10.5923753665689      -4.788229607440245E-005
   10.6099706744868      -4.148266971721659E-005
   10.6275659824047      -3.994712899288480E-005
   10.6451612903226      -3.347879965027629E-005
   10.6627565982405      -3.186110010031860E-005
   10.6803519061584      -2.534085964287249E-005
   10.6979472140762      -2.367755957272460E-005
   10.7155425219941      -1.715328511325899E-005
   10.7331378299120      -1.549678586592883E-005
   10.7507331378299      -9.023394060365273E-006
   10.7683284457478      -7.425208372513300E-006
   10.7859237536657      -1.047932036886245E-006
   10.8035190615836       4.642585918111231E-007
   10.8211143695015       6.757901090047230E-006
   10.8387096774194       8.256128104474111E-006
   10.8563049853372       1.455416894609359E-005
   10.8739002932551       1.609160793902084E-005
   10.8914956011730       2.240836730259607E-005
   10.9090909090909       2.397622626473984E-005
   10.9266862170088       3.028346741737890E-005
   10.9442815249267       3.184011363286908E-005
   10.9618768328446       3.808341967132854E-005
   10.9794721407625       3.956660412616193E-005
   10.9970674486804       4.567701365462646E-005
   11.0146627565982       4.702433800010696E-005
   11.0322580645161       5.298027238983019E-005
   11.0498533724340       5.423168070585055E-005
   11.0674486803519       6.009198106117908E-005
   11.0850439882698       6.128936873340961E-005
   11.1026392961877       6.707331841575227E-005
   11.1202346041056       6.821871003194255E-005
   11.1378299120235       7.391029225393489E-005
   11.1554252199413       7.497237052082078E-005
   11.1730205278592       8.052286242338329E-005
   11.1906158357771       8.143709313015569E-005
   11.2082111436950       8.676229086638228E-005
   11.2258064516129       8.744294334807002E-005
   11.2434017595308       9.249756819713400E-005
   11.2609970674487       9.295728514028385E-005
   11.2785923753666       9.777515807401043E-005
   11.2961876832845       9.804432434374305E-005
   11.3137829912023       1.026456737382865E-004
   11.3313782991202       1.027347054521712E-004
   11.3489736070381       1.071160603700478E-004
   11.3665689149560       1.070076010320615E-004
   11.3841642228739       1.111322313711748E-004
   11.4017595307918       1.107659843719231E-004
   11.4193548387097       1.145391943021742E-004
   11.4369501466276       1.138108101019242E-004
   11.4545454545455       1.171725884895712E-004
   11.4721407624633       1.160812655188883E-004
   11.4897360703812       1.190572030543569E-004
   11.5073313782991       1.176397924794143E-004
   11.5249266862170       1.202703228364998E-004
   11.5425219941349       1.185691944971808E-004
   11.5601173020528       1.208935161836269E-004
   11.5777126099707       1.189433145678199E-004
   11.5953079178886       1.209848073489385E-004
   11.6129032258065       1.187877680306525E-004
   11.6304985337243       1.205091252085588E-004
   11.6480938416422       1.180092454427614E-004
   11.6656891495601       1.193765313096397E-004
   11.6832844574780       1.165753763426310E-004
   11.7008797653959       1.176117352211218E-004
   11.7184750733138       1.145492882268572E-004
   11.7360703812317       1.153064261832174E-004
   11.7536656891496       1.120465544557194E-004
   11.7712609970675       1.125971766709435E-004
   11.7888563049853       1.092229779333315E-004
   11.8064516129032       1.096578311952456E-004
   11.8240469208211       1.062532527124767E-004
   11.8416422287390       1.066066092568352E-004
   11.8592375366569       1.031478150990716E-004
   11.8768328445748       1.033729925114856E-004
   11.8944281524927       9.981894219836063E-005
   11.9120234604106       9.988098952930619E-005
   11.9296187683284       9.620576979683132E-005
   11.9472140762463       9.608655814245088E-005
   11.9648093841642       9.228335533746442E-005
   11.9824046920821       9.198733548927465E-005
   12.0000000000000       8.807809664746700E-005
   12.0175953079179       8.764891596969029E-005
   12.0351906158358       8.368704470238945E-005
   12.0527859237537       8.314480262005684E-005
   12.0703812316716       7.910803067117888E-005
   12.0879765395894       7.840870273686093E-005
   12.1055718475073       7.424807838237054E-005
   12.1231671554252       7.334063113868927E-005
   12.1407624633431       6.900932699356138E-005
   12.1583577712610       6.785266629445606E-005
   12.1759530791789       6.332306599804545E-005
   12.1935483870968       6.190844091923368E-005
   12.2111436950147       5.721538950075402E-005
   12.2287390029326       5.566015076212681E-005
   12.2463343108504       5.098613044160420E-005
   12.2639296187683       4.944417649639481E-005
   12.2815249266862       4.487418153119991E-005
   12.2991202346041       4.337827941417670E-005
   12.3167155425220       3.891158040095198E-005
   12.3343108504399       3.743231260977931E-005
   12.3519061583578       3.301848019308741E-005
   12.3695014662757       3.148703907362451E-005
   12.3870967741935       2.704708928331082E-005
   12.4046920821114       2.538439060834387E-005
   12.4222873900293       2.088171047815269E-005
   12.4398826979472       1.912959396651824E-005
   12.4574780058651       1.463391476634064E-005
   12.4750733137830       1.280044352022756E-005
   12.4926686217009       8.244127558354220E-006
   12.5102639296188       6.197686870446653E-006
   12.5278592375367       1.392060382386498E-006
   12.5454545454545      -1.113104499765073E-006
   12.5630498533724      -6.468438681853234E-006
   12.5806451612903      -9.789694366164150E-006
   12.5982404692082      -1.610696412482343E-005
   12.6158357771261      -2.065453549120168E-005
   12.6334310850440      -2.798890956717812E-005
   12.6510263929619      -3.315259817815841E-005
   12.6686217008798      -4.051246131178706E-005
   12.6862170087977      -4.532716960750067E-005
   12.7038123167155      -5.187682588572463E-005
   12.7214076246334      -5.565299095390705E-005
   12.7390029325513      -6.087122329952956E-005
   12.7565982404692      -6.329177584818150E-005
   12.7741935483871      -6.712119574713643E-005
   12.7917888563050      -6.847843203186532E-005
   12.8093841642229      -7.182198666144397E-005
   12.8269794721408      -7.420832829871396E-005
   12.8445747800587      -8.027669111307285E-005
   12.8621700879765      -8.684339274128316E-005
   12.8797653958944      -9.797427628208111E-005
   12.8973607038123      -1.104296512363325E-004
   12.9149560117302      -1.279365203352111E-004
   12.9325513196481      -1.472965582170717E-004
   12.9501466275660      -1.719702101261096E-004
   12.9677419354839      -1.988658869191368E-004
   12.9853372434018      -2.312570846648985E-004
   13.0029325513196      -2.663174462433687E-004
   13.0205278592375      -3.070953509660865E-004
   13.0381231671554      -3.496538509182355E-004
   13.0557184750733      -3.950457872192912E-004
   13.0733137829912      -4.386035216520622E-004
   13.0909090909091      -4.806644136815386E-004
   13.1085043988270      -5.162095159106738E-004
   13.1260997067449      -5.448707560683810E-004
   13.1436950146628      -5.611940802083120E-004
   13.1612903225806      -5.639412553403026E-004
   13.1788856304985      -5.468839795326984E-004
   13.1964809384164      -5.073216288253998E-004
   13.2140762463343      -4.370985500424243E-004
   13.2316715542522      -3.359770349022944E-004
   13.2492668621701      -2.047455748365824E-004
   13.2668621700880      -4.881248645695785E-005
   13.2844574780059       1.286161361357081E-004
   13.3020527859238       3.207768004326671E-004
   13.3196480938416       5.229490612464410E-004
   13.3372434017595       7.272962322216454E-004
   13.3548387096774       9.276243855217226E-004
   13.3724340175953       1.114839448869962E-003
   13.3900293255132       1.280826674810504E-003
   13.4076246334311       1.413919089258219E-003
   13.4252199413490       1.507043644702679E-003
   13.4428152492669       1.559890367882476E-003
   13.4604105571848       1.575833934220586E-003
   13.4780058651026       1.558109970630289E-003
   13.4956011730205       1.511388400094517E-003
   13.5131964809384       1.440325087365982E-003
   13.5307917888563       1.350328489062466E-003
   13.5483870967742       1.247156488200333E-003
   13.5659824046921       1.136828048649296E-003
   13.5835777126100       1.026205265222563E-003
   13.6011730205279       9.221315677885902E-004
   13.6187683284457       8.315093212307025E-004
   13.6363636363636       7.544727784387174E-004
   13.6539589442815       6.904278841567850E-004
   13.6715542521994       6.372344764950280E-004
   13.6891495601173       5.942612423803786E-004
   13.7067448680352       5.590494903073503E-004
   13.7243401759531       5.312247521472414E-004
   13.7419354838710       5.082043723866582E-004
   13.7595307917889       4.900221066139564E-004
   13.7771260997067       4.741592022667011E-004
   13.7947214076246       4.613046580419701E-004
   13.8123167155425       4.496828499053823E-004
   13.8299120234604       4.416617644735851E-004
   13.8475073313783       4.352886335406058E-004
   13.8651026392962       4.320689192939034E-004
   13.8826979472141       4.290439465979196E-004
   13.9002932551320       4.275091329459683E-004
   13.9178885630499       4.239349903147335E-004
   13.9354838709677       4.196060918991984E-004
   13.9530791788856       4.105668561112665E-004
   13.9706744868035       3.982283305057114E-004
   13.9882697947214       3.783644139808760E-004
   14.0058651026393       3.528844822665284E-004
   14.0234604105572       3.198665075011823E-004
   14.0410557184751       2.862740285334717E-004
   14.0586510263930       2.519256925074957E-004
   14.0762463343109       2.231326725112979E-004
   14.0938416422287       1.986495304476528E-004
   14.1114369501466       1.842388298402771E-004
   14.1290322580645       1.776203995441900E-004
   14.1466275659824       1.839180901551805E-004
   14.1642228739003       1.996105611967101E-004
   14.1818181818182       2.287554352391614E-004
   14.1994134897361       2.657449864615518E-004
   14.2170087976540       3.108825735671162E-004
   14.2346041055718       3.535614793954058E-004
   14.2521994134897       3.952179855974801E-004
   14.2697947214076       4.285162801900706E-004
   14.2873900293255       4.572704248681303E-004
   14.3049853372434       4.754256692085562E-004
   14.3225806451613       4.882938764378098E-004
   14.3401759530792       4.907141475784049E-004
   14.3577712609971       4.893640679755729E-004
   14.3753665689150       4.800205352362961E-004
   14.3929618768328       4.709807437289049E-004
   14.4105571847507       4.598890594585158E-004
   14.4281524926686       4.565307975127281E-004
   14.4457478005865       4.556566290492731E-004
   14.4633431085044       4.639956088476008E-004
   14.4809384164223       4.746314871294297E-004
   14.4985337243402       4.939439761813298E-004
   14.5161290322581       5.142837898601563E-004
   14.5337243401760       5.420193951573454E-004
   14.5513196480938       5.689855147704519E-004
   14.5689149560117       6.016911069122028E-004
   14.5865102639296       6.315793869408507E-004
   14.6041055718475       6.654644061910665E-004
   14.6217008797654       6.950388721000136E-004
   14.6392961876833       7.285902945448397E-004
   14.6568914956012       7.579767773938011E-004
   14.6744868035191       7.914923249910437E-004
   14.6920821114370       8.204300700557539E-004
   14.7096774193548       8.531703783922597E-004
   14.7272727272727       8.804945142159614E-004
   14.7448680351906       9.109016602648630E-004
   14.7624633431085       9.346629049300057E-004
   14.7800586510264       9.603841982425194E-004
   14.7976539589443       9.777747037306573E-004
   14.8152492668622       9.955519388417412E-004
   14.8328445747801       1.003874574454381E-003
   14.8504398826979       1.013175580880253E-003
   14.8680351906158       1.013830756480795E-003
   14.8856304985337       1.016655542245279E-003
   14.9032258064516       1.011678053980054E-003
   14.9208211143695       1.010005633905823E-003
   14.9384164222874       1.001255793851030E-003
   14.9560117302053       9.967829292655383E-004
   14.9736070381232       9.857280226083531E-004
   14.9912023460411       9.796193149924541E-004
   15.0087976539589       9.669207470530208E-004
   15.0263929618768       9.589660897482922E-004
   15.0439882697947       9.436359997374178E-004
   15.0615835777126       9.328872978106937E-004
   15.0791788856305       9.144564052582911E-004
   15.0967741935484       9.007278708439208E-004
   15.1143695014663       8.790716288644253E-004
   15.1319648093842       8.621855804415036E-004
   15.1495601173021       8.369358761187035E-004
   15.1671554252199       8.161834709273707E-004
   15.1847507331378       7.860314394972163E-004
   15.2023460410557       7.589735328233795E-004
   15.2199413489736       7.192417120183974E-004
   15.2375366568915       6.796153816329378E-004
   15.2551319648094       6.265874946412542E-004
   15.2727272727273       5.756893646171962E-004
   15.2903225806452       5.144109684852713E-004
   15.3079178885631       4.599475863533732E-004
   15.3255131964809       4.005464556280895E-004
   15.3431085043988       3.551009056561394E-004
   15.3607038123167       3.128249234773582E-004
   15.3782991202346       2.948556878306043E-004
   15.3958944281525       2.923335242987659E-004
   15.4134897360704       3.307511460670109E-004
   15.4310850439883       3.973275264543256E-004
   15.4486803519062       5.038217718785110E-004
   15.4662756598240       6.269998163052479E-004
   15.4838709677419       7.753151839605475E-004
   15.5014662756598       9.226474383054979E-004
   15.5190615835777       1.075875531237001E-003
   15.5366568914956       1.206585715036721E-003
   15.5542521994135       1.320332891160609E-003
   15.5718475073314       1.386358257528007E-003
   15.5894428152493       1.408577778079650E-003
   15.6070381231672       1.352988518159896E-003
   15.6246334310850       1.233474092821869E-003
   15.6422287390029       1.045333150192209E-003
   15.6598240469208       8.244259063852813E-004
   15.6774193548387       5.686726042576905E-004
   15.6950146627566       3.149493155458195E-004
   15.7126099706745       6.078333463382329E-005
   15.7302052785924      -1.567209693962692E-004
   15.7478005865103      -3.412080035598890E-004
   15.7653958944282      -4.561147255932359E-004
   15.7829912023460      -5.074971684935127E-004
   15.8005865102639      -4.615838306406596E-004
   15.8181818181818      -3.401015601295507E-004
   15.8357771260997      -1.480367212992464E-004
   15.8533724340176       6.800120611073974E-005
   15.8709677419355       3.081477397118620E-004
   15.8885630498534       5.316410161031543E-004
   15.9061583577713       7.446402405008614E-004
   15.9237536656892       9.107302808401303E-004
   15.9413489736070       1.041908726404586E-003
   15.9589442815249       1.106712646448771E-003
   15.9765395894428       1.124795910954131E-003
   15.9941348973607       1.072886762403734E-003
   16.0117302052786       9.896044896140239E-004
   16.0293255131965       8.815192285674379E-004
   16.0469208211144       7.958991739123744E-004
   16.0645161290323       7.211478253273732E-004
   16.0821114369501       6.904309886995914E-004
   16.0997067448680       6.824617984588077E-004
   16.1173020527859       7.235019698718366E-004
   16.1348973607038       7.849293122598375E-004
   16.1524926686217       8.871247508890127E-004
   16.1700879765396       9.939605668219038E-004
   16.1876832844575       1.118648793338095E-003
   16.2052785923754       1.212878811848501E-003
   16.2228739002933       1.279914926456474E-003
   16.2404692082111       1.283468559492596E-003
   16.2580645161290       1.254340534448025E-003
   16.2756598240469       1.168387465677316E-003
   16.2932551319648       1.062256703973529E-003
   16.3108504398827       9.148489386980129E-004
   16.3284457478006       7.660712359870370E-004
   16.3460410557185       5.961591781276281E-004
   16.3636363636364       4.473401173754850E-004
   16.3812316715543       3.003331204490988E-004
   16.3988269794721       1.989933543979547E-004
   16.4164222873900       1.201370715756098E-004
   16.4340175953079       8.992019622105479E-005
   16.4516129032258       6.634939703896864E-005
   16.4692082111437       7.442168030297241E-005
   16.4868035190616       7.335176368028079E-005
   16.5043988269795       9.088013001489015E-005
   16.5219941348974       8.715757195186490E-005
   16.5395894428153       9.277298310494092E-005
   16.5571847507331       6.904940876820392E-005
   16.5747800586510       5.009738710307465E-005
   16.5923753665689      -5.475094465646202E-007
   16.6099706744868      -4.174047192409747E-005
   16.6275659824047      -1.015749991726374E-004
   16.6451612903226      -1.359834067323758E-004
   16.6627565982405      -1.807133811239787E-004
   16.6803519061584      -1.959194834494698E-004
   16.6979472140762      -2.213730573532381E-004
   16.7155425219941      -2.185258049758669E-004
   16.7331378299120      -2.302822619790401E-004
   16.7507331378299      -2.188540981490036E-004
   16.7683284457478      -2.302275313060987E-004
   16.7859237536657      -2.275402637551234E-004
   16.8035190615836      -2.608987352207232E-004
   16.8211143695015      -2.936135808970773E-004
   16.8387096774194      -3.692219953487324E-004
   16.8563049853372      -4.385210888386147E-004
   16.8739002932551      -5.423429294198016E-004
   16.8914956011730      -6.287400072603203E-004
   16.9090909090909      -7.390425157563127E-004
   16.9266862170088      -8.192068703164846E-004
   16.9442815249267      -9.116016915020074E-004
   16.9618768328446      -9.602667618010850E-004
   16.9794721407625      -1.008954731538132E-003
   16.9970674486804      -9.999460686440638E-004
   17.0146627565982      -9.804684745200879E-004
   17.0322580645161      -9.023437210430787E-004
   17.0498533724340      -8.271735952402883E-004
   17.0674486803519      -7.074302115025459E-004
   17.0850439882698      -6.056769197653919E-004
   17.1026392961877      -4.714895429806699E-004
   17.1202346041056      -3.686597941424757E-004
   17.1378299120235      -2.436582351800659E-004
   17.1554252199413      -1.614775623725347E-004
   17.1730205278592      -6.493240866898650E-005
   17.1906158357771      -1.974545965901757E-005
   17.2082111436950       3.717608507718893E-005
   17.2258064516129       4.615291954528536E-005
   17.2434017595308       8.089387278963828E-005
   17.2609970674487       7.804898391884402E-005
   17.2785923753666       1.106334330981462E-004
   17.2961876832845       1.100261229480390E-004
   17.3137829912023       1.506193665347910E-004
   17.3313782991202       1.588092045456292E-004
   17.3489736070381       2.109427873117027E-004
   17.3665689149560       2.280683484099646E-004
   17.3841642228739       2.885479746670668E-004
   17.4017595307918       3.067650498473972E-004
   17.4193548387097       3.618300398143172E-004
   17.4369501466276       3.637316959122497E-004
   17.4545454545455       4.019691765902793E-004
   17.4721407624633       3.851053672356818E-004
   17.4897360703812       4.095823858305743E-004
   17.5073313782991       3.791401630522500E-004
   17.5249266862170       3.970707361135803E-004
   17.5425219941349       3.609764878093291E-004
   17.5601173020528       3.815933949504548E-004
   17.5777126099707       3.490867365042391E-004
   17.5953079178886       3.824535062790858E-004
   17.6129032258065       3.620497143952611E-004
   17.6304985337243       4.112438389932436E-004
   17.6480938416422       3.942912550930257E-004
   17.6656891495601       4.453145701092677E-004
   17.6832844574780       4.171326580553210E-004
   17.7008797653959       4.585980948805997E-004
   17.7184750733138       4.080428817149137E-004
   17.7360703812317       4.322375130847967E-004
   17.7536656891496       3.512736460132558E-004
   17.7712609970675       3.545819529237550E-004
   17.7888563049853       2.389396563934740E-004
   17.8064516129032       2.243029695557948E-004
   17.8240469208211       7.938229365460226E-005
   17.8416422287390       6.619806917625925E-005
   17.8592375366569      -9.459124488914628E-005
   17.8768328445748      -8.838246230562474E-005
   17.8944281524927      -2.663904082707962E-004
   17.9120234604106      -2.284019133825682E-004
   17.9296187683284      -4.467316767638422E-004
   17.9472140762463      -3.659579753388753E-004
   17.9648093841642      -7.155762866928095E-004
   17.9824046920821      -5.770573793593290E-004
   18.0000000000000      -1.747100538958597E-003
