  0.000000000000000E+000  3.046183521339092E-003
  1.759530791788856E-002  2.228781466785095E-003
  3.519061583577713E-002  2.140283706245007E-003
  5.278592375366570E-002  1.850140519111542E-003
  7.038123167155426E-002  1.794674873926856E-003
  8.797653958944282E-002  1.619314670503605E-003
  0.105571847507331       1.580464251947749E-003
  0.123167155425220       1.457090993502240E-003
  0.140762463343109       1.428436496911100E-003
  0.158357771260997       1.335081126108986E-003
  0.175953079178886       1.313369491069791E-003
  0.193548387096774       1.239672667192318E-003
  0.211143695014663       1.223023372352084E-003
  0.228739002932551       1.163261947233617E-003
  0.246334310850440       1.150474526504048E-003
  0.263929618768328       1.101083220278603E-003
  0.281524926686217       1.091271129955140E-003
  0.299120234604106       1.049831085396544E-003
  0.316715542521994       1.042306643706239E-003
  0.334310850439883       1.007073621285004E-003
  0.351906158357771       1.001266019021746E-003
  0.369501466275660       9.709018145270691E-004
  0.387096774193548       9.662944473640855E-004
  0.404692082111437       9.396876521198061E-004
  0.422287390029326       9.357285624588033E-004
  0.439882697947214       9.118618614950727E-004
  0.457478005865103       9.080571189598610E-004
  0.475073313782991       8.861987820035700E-004
  0.492668621700880       8.822449972455035E-004
  0.510263929618768       8.618659694845218E-004
  0.527859237536657       8.575553139335135E-004
  0.545454545454546       8.382615318372707E-004
  0.563049853372434       8.334597210772439E-004
  0.580645161290323       8.149686084382481E-004
  0.598240469208211       8.096148305506167E-004
  0.615835777126100       7.917660652643224E-004
  0.633431085043988       7.859239868536870E-004
  0.651026392961877       7.686967714100663E-004
  0.668621700879765       7.624620286876733E-004
  0.686217008797654       7.458210994648794E-004
  0.703812316715543       7.392564877190288E-004
  0.721407624633431       7.231686207786643E-004
  0.739002932551320       7.163334377164671E-004
  0.756598240469208       7.007809408747783E-004
  0.774193548387097       6.937432387723804E-004
  0.791788856304985       6.787353966288424E-004
  0.809384164222874       6.715967108973002E-004
  0.826979472140763       6.572143003435206E-004
  0.844574780058651       6.501283216621750E-004
  0.862170087976540       6.364220937972862E-004
  0.879765395894428       6.294240334472727E-004
  0.897360703812317       6.163315024111291E-004
  0.914956011730205       6.093639784563554E-004
  0.932551319648094       5.967435763922002E-004
  0.950146627565982       5.896601117996115E-004
  0.967741935483871       5.772722872073691E-004
  0.985337243401760       5.697978608626485E-004
   1.00293255131965       5.572202613658408E-004
   1.02052785923754       5.487678139001613E-004
   1.03812316715543       5.352333966741183E-004
   1.05571847507331       5.252233186314197E-004
   1.07331378299120       5.104630451809813E-004
   1.09090909090909       4.988991764975799E-004
   1.10850439882698       4.830561130572026E-004
   1.12609970674487       4.702502362845452E-004
   1.14369501466276       4.537536105901163E-004
   1.16129032258065       4.403060698724059E-004
   1.17888563049853       4.239097902015199E-004
   1.19648093841642       4.108193020174380E-004
   1.21407624633431       3.958701322049945E-004
   1.23167155425220       3.848697020690881E-004
   1.24926686217009       3.728855952807975E-004
   1.26686217008798       3.648147821839683E-004
   1.28445747800587       3.560569822609264E-004
   1.30205278592375       3.508742010603311E-004
   1.31964809384164       3.450475313895269E-004
   1.33724340175953       3.422592089974817E-004
   1.35483870967742       3.386473811678010E-004
   1.37243401759531       3.373266080057016E-004
   1.39002932551320       3.347271676692853E-004
   1.40762463343109       3.332965367179463E-004
   1.42521994134897       3.296436421776434E-004
   1.44281524926686       3.260642721578866E-004
   1.46041055718475       3.200737059559845E-004
   1.47800586510264       3.138758565602817E-004
   1.49560117302053       3.054987206752099E-004
   1.51319648093842       2.969172918641035E-004
   1.53079178885631       2.866099768119478E-004
   1.54838709677419       2.763247586458656E-004
   1.56598240469208       2.649749475172955E-004
   1.58357771260997       2.541261196072240E-004
   1.60117302052786       2.431811306677735E-004
   1.61876832844575       2.336748463446407E-004
   1.63636363636364       2.252393139840366E-004
   1.65395894428153       2.186124444035032E-004
   1.67155425219941       2.133480789774809E-004
   1.68914956011730       2.097598666731513E-004
   1.70674486803519       2.075405877661835E-004
   1.72434017595308       2.066563098511498E-004
   1.74193548387097       2.069520787331312E-004
   1.75953079178886       2.080667284586394E-004
   1.77712609970675       2.099737514914586E-004
   1.79472140762463       2.119669665975603E-004
   1.81231671554252       2.140348985728031E-004
   1.82991202346041       2.151726148972699E-004
   1.84750733137830       2.158716849281085E-004
   1.86510263929619       2.152515005858876E-004
   1.88269794721408       2.141416669972752E-004
   1.90029325513196       2.115527250468560E-004
   1.91788856304985       2.085618337963518E-004
   1.93548387096774       2.040529386563437E-004
   1.95307917888563       1.993250873903073E-004
   1.97067448680352       1.931400946208992E-004
   1.98826979472141       1.870106151082778E-004
   2.00586510263930       1.796056431487939E-004
   2.02346041055718       1.726650008864486E-004
   2.04105571847507       1.646922994495521E-004
   2.05865102639296       1.574849235478456E-004
   2.07624633431085       1.493610733339795E-004
   2.09384164222874       1.422425151469560E-004
   2.11143695014663       1.343101036818834E-004
   2.12903225806452       1.276151186791466E-004
   2.14662756598241       1.202204662557175E-004
   2.16422287390029       1.143081808692525E-004
   2.18181818181818       1.078445423813183E-004
   2.19941348973607       1.031560178580740E-004
   2.21700879765396       9.815710871732838E-005
   2.23460410557185       9.523421165928231E-005
   2.25219941348974       9.201923243796383E-005
   2.26979472140762       9.087044487071438E-005
   2.28739002932551       8.926559147562403E-005
   2.30498533724340       8.960513437392867E-005
   2.32258064516129       8.923767990448325E-005
   2.34017595307918       9.060415519118414E-005
   2.35777126099707       9.092842109019287E-005
   2.37536656891496       9.267442950975173E-005
   2.39296187683284       9.292651788345149E-005
   2.41055718475073       9.410197841232573E-005
   2.42815249266862       9.317460684991564E-005
   2.44574780058651       9.284362970110570E-005
   2.46334310850440       9.027030327732176E-005
   2.48093841642229       8.832367977996523E-005
   2.49853372434018       8.417137522576369E-005
   2.51612903225806       8.078759506618800E-005
   2.53372434017595       7.533391792012898E-005
   2.55131964809384       7.087584038868552E-005
   2.56891495601173       6.457420867689625E-005
   2.58651026392962       5.958819892039618E-005
   2.60410557184751       5.311134454784196E-005
   2.62170087976540       4.840856631175375E-005
   2.63929618768328       4.254351632704301E-005
   2.65689149560117       3.861378144396901E-005
   2.67448680351906       3.355713409963382E-005
   2.69208211143695       3.046031428535979E-005
   2.70967741935484       2.620673875550163E-005
   2.72727272727273       2.388489043702921E-005
   2.74486803519062       2.033827739016836E-005
   2.76246334310850       1.865659577325672E-005
   2.78005865102639       1.564893925520290E-005
   2.79765395894428       1.439834027429071E-005
   2.81524926686217       1.167734581435556E-005
   2.83284457478006       1.061394942929494E-005
   2.85043988269795       8.067780593384143E-006
   2.86803519061584       7.224151686704971E-006
   2.88563049853372       4.956188617845610E-006
   2.90322580645161       4.461401711542455E-006
   2.92082111436950       2.623304793906311E-006
   2.93841642228739       2.645787649721709E-006
   2.95601173020528       1.427397671423939E-006
   2.97360703812317       2.177881183970508E-006
   2.99120234604106       1.821367025237556E-006
   3.00879765395894       3.589680748032367E-006
   3.02639296187683       4.426622666319423E-006
   3.04398826979472       7.459872622289887E-006
   3.06158357771261       9.543456351147568E-006
   3.07917888563050       1.373718093787042E-005
   3.09677419354839       1.688509267326590E-005
   3.11436950146628       2.199753547640064E-005
   3.13196480938416       2.591628602888414E-005
   3.14956011730205       3.159825835872914E-005
   3.16715542521994       3.588126727179373E-005
   3.18475073313783       4.165365004616334E-005
   3.20234604105572       4.572396306512309E-005
   3.21994134897361       5.086514860722603E-005
   3.23753665689150       5.395721857228193E-005
   3.25513196480938       5.791712715466834E-005
   3.27272727272727       5.977708460298501E-005
   3.29032258064516       6.246881666844869E-005
   3.30791788856305       6.310659774342167E-005
   3.32551319648094       6.461423570161319E-005
   3.34310850439883       6.418172050909523E-005
   3.36070381231672       6.471950667473307E-005
   3.37829912023460       6.349922237840342E-005
   3.39589442815249       6.342499330799299E-005
   3.41348973607038       6.188385833879369E-005
   3.43108504398827       6.175027435081485E-005
   3.44868035190616       6.036565571955552E-005
   3.46627565982405       6.045816962392813E-005
   3.48387096774194       5.938612143308116E-005
   3.50146627565982       5.980127983714799E-005
   3.51906158357771       5.910414567644808E-005
   3.53665689149560       5.987661563127437E-005
   3.55425219941349       5.956932046694845E-005
   3.57184750733138       6.069494618820935E-005
   3.58944281524927       6.075858003023116E-005
   3.60703812316716       6.220132728744204E-005
   3.62463343108504       6.259268439090656E-005
   3.64222873900293       6.432451189780793E-005
   3.65982404692082       6.504773770686474E-005
   3.67741935483871       6.708753956988755E-005
   3.69501466275660       6.816317861582891E-005
   3.71260997067449       7.052798923845269E-005
   3.73020527859238       7.197137587851083E-005
   3.74780058651026       7.467225598613903E-005
   3.76539589442815       7.649232521772107E-005
   3.78299120234604       7.953379264963057E-005
   3.80058651026393       8.173291474646883E-005
   3.81818181818182       8.510675003152558E-005
   3.83577712609971       8.763746563826201E-005
   3.85337243401760       9.122997918599719E-005
   3.87096774193548       9.393772954420909E-005
   3.88856304985337       9.758063057957839E-005
   3.90615835777126       1.002906716421734E-004
   3.92375366568915       1.037999247541803E-004
   3.94134897360704       1.063194709340417E-004
   3.95894428152493       1.094895169409918E-004
   3.97653958944282       1.115983786369108E-004
   3.99413489736070       1.141864093168204E-004
   4.01173020527859       1.156065658742921E-004
   4.02932551319648       1.173289255509302E-004
   4.04692082111437       1.178909212828669E-004
   4.06451612903226       1.187473688404801E-004
   4.08211143695015       1.185576936317646E-004
   4.09970674486804       1.187033226410312E-004
   4.11730205278592       1.179549370149749E-004
   4.13489736070381       1.176157630308158E-004
   4.15249266862170       1.165693103010585E-004
   4.17008797653959       1.160417035175309E-004
   4.18768328445748       1.150373684347746E-004
   4.20527859237537       1.147219668962592E-004
   4.22287390029326       1.142223233765637E-004
   4.24046920821114       1.145220368397829E-004
   4.25806451612903       1.147228005590381E-004
   4.27565982404692       1.156523333893144E-004
   4.29325513196481       1.164904434299665E-004
   4.31085043988270       1.179427298716922E-004
   4.32844574780059       1.192776854184907E-004
   4.34604105571848       1.210823475828509E-004
   4.36363636363636       1.227171842041180E-004
   4.38123167155425       1.246488859694707E-004
   4.39882697947214       1.263277019616283E-004
   4.41642228739003       1.280976679490156E-004
   4.43401759530792       1.295671662447414E-004
   4.45161290322581       1.310643138594736E-004
   4.46920821114370       1.323468286042721E-004
   4.48680351906158       1.336428026277083E-004
   4.50439882697947       1.348265632730089E-004
   4.52199413489736       1.360191419450859E-004
   4.53958944281525       1.372102421941420E-004
   4.55718475073314       1.384115754307376E-004
   4.57478005865103       1.397293541425710E-004
   4.59237536656892       1.410657058140676E-004
   4.60997067448680       1.426470859332646E-004
   4.62756598240469       1.442354144549159E-004
   4.64516129032258       1.461070524520807E-004
   4.66275659824047       1.478647709863400E-004
   4.68035190615836       1.498903028358252E-004
   4.69794721407625       1.516626493869542E-004
   4.71554252199414       1.536745758943875E-004
   4.73313782991202       1.552808044502939E-004
   4.75073313782991       1.570856292492693E-004
   4.76832844574780       1.583168313877274E-004
   4.78592375366569       1.596879079582965E-004
   4.80351906158358       1.602905778575847E-004
   4.82111436950147       1.609543412823315E-004
   4.83870967741935       1.607155462109023E-004
   4.85630498533724       1.606126202226795E-004
   4.87390029325513       1.595931497772400E-004
   4.89149560117302       1.588307690342455E-004
   4.90909090909091       1.571607905994714E-004
   4.92668621700880       1.558880069966652E-004
   4.94428152492669       1.537320235583929E-004
   4.96187683284458       1.521286565282744E-004
   4.97947214076246       1.496811537515664E-004
   4.99706744868035       1.479587139748353E-004
   5.01466275659824       1.454478434548936E-004
   5.03225806451613       1.438114894562195E-004
   5.04985337243402       1.413516445193834E-004
   5.06744868035191       1.398318347827747E-004
   5.08504398826980       1.374239325625597E-004
   5.10263929618768       1.360171797198190E-004
   5.12023460410557       1.336567693424617E-004
   5.13782991202346       1.323607429102736E-004
   5.15542521994135       1.300492146279342E-004
   5.17302052785924       1.288725590664409E-004
   5.19061583577713       1.266293292985077E-004
   5.20821114369502       1.256143521311395E-004
   5.22580645161290       1.235313258828067E-004
   5.24340175953079       1.228208036611388E-004
   5.26099706744868       1.210355600563666E-004
   5.27859237536657       1.207208254044285E-004
   5.29618768328446       1.192836762252858E-004
   5.31378299120235       1.193846257655852E-004
   5.33137829912024       1.182869389497311E-004
   5.34897360703812       1.187667688564393E-004
   5.36656891495601       1.179408147528060E-004
   5.38416422287390       1.186956157297125E-004
   5.40175953079179       1.179875589835816E-004
   5.41935483870968       1.187814670032469E-004
   5.43695014662757       1.178750344934963E-004
   5.45454545454546       1.184132522414430E-004
   5.47214076246334       1.171127989562442E-004
   5.48973607038123       1.172753209562908E-004
   5.50733137829912       1.155046608732763E-004
   5.52492668621701       1.152490295680518E-004
   5.54252199413490       1.129939606661590E-004
   5.56011730205279       1.123324609703196E-004
   5.57771260997067       1.096316520763063E-004
   5.59530791788856       1.086322230148497E-004
   5.61290322580645       1.055941288163936E-004
   5.63049853372434       1.044134621479598E-004
   5.64809384164223       1.012048039841033E-004
   5.66568914956012       9.997123093396872E-005
   5.68328445747801       9.668163422545264E-005
   5.70087976539589       9.546483818400116E-005
   5.71847507331378       9.215166906023256E-005
   5.73607038123167       9.099947827338364E-005
   5.75366568914956       8.770223498627144E-005
   5.77126099706745       8.664606081005438E-005
   5.78885630498534       8.338729297628125E-005
   5.80645161290323       8.243719779426809E-005
   5.82404692082111       7.920264254053553E-005
   5.84164222873900       7.831388364193887E-005
   5.85923753665689       7.504873486450053E-005
   5.87683284457478       7.417879928711489E-005
   5.89442815249267       7.085373223677182E-005
   5.91202346041056       6.998162040248913E-005
   5.92961876832845       6.658233546990075E-005
   5.94721407624634       6.569918401553893E-005
   5.96480938416422       6.222172099807898E-005
   5.98240469208211       6.132769868626416E-005
   6.00000000000000       5.777585254707458E-005
   6.01759530791789       5.687535464140171E-005
   6.03519061583578       5.324661151561200E-005
   6.05278592375367       5.232785031825795E-005
   6.07038123167156       4.861088578046627E-005
   6.08797653958944       4.766973513692782E-005
   6.10557184750733       4.386840629166817E-005
   6.12316715542522       4.291643907266711E-005
   6.14076246334311       3.905083409565719E-005
   6.15835777126100       3.811722960120898E-005
   6.17595307917889       3.422765207276050E-005
   6.19354838709677       3.336624119673222E-005
   6.21114369501466       2.952830119215077E-005
   6.22873900293255       2.884059077508177E-005
   6.24633431085044       2.515599107780318E-005
   6.26392961876833       2.471037085099796E-005
   6.28152492668622       2.121576543246354E-005
   6.29912023460411       2.103192561312357E-005
   6.31671554252199       1.773677553588469E-005
   6.33431085043988       1.781568007903136E-005
   6.35190615835777       1.471407530492326E-005
   6.36950146627566       1.504279718596029E-005
   6.38709677419355       1.211486759875576E-005
   6.40469208211144       1.266363187624994E-005
   6.42228739002933       9.861558226684390E-006
   6.43988269794721       1.055868940206377E-005
   6.45747800586510       7.803935318752981E-006
   6.47507331378299       8.583322031236296E-006
   6.49266862170088       5.824252806834402E-006
   6.51026392961877       6.644467983804379E-006
   6.52785923753666       3.849666490982064E-006
   6.54545454545455       4.688872610938196E-006
   6.56304985337243       1.847706484099800E-006
   6.58064516129032       2.708113328022760E-006
   6.59824046920821      -1.593788623974412E-007
   6.61583577712610       7.723948177188696E-007
   6.63343108504399      -2.029816795259487E-006
   6.65102639296188      -9.245487087606958E-007
   6.66862170087977      -3.589283968993261E-006
   6.68621700879765      -2.270540250223114E-006
   6.70381231671554      -4.776240602446834E-006
   6.72140762463343      -3.235941751195258E-006
   6.73900293255132      -5.584537740030329E-006
   6.75659824046921      -3.833913267823728E-006
   6.77419354838710      -6.044249463104965E-006
   6.79178885630499      -4.110241385179039E-006
   6.80938416422287      -6.217362499528348E-006
   6.82697947214076      -4.144902662783152E-006
   6.84457478005865      -6.198100473125515E-006
   6.86217008797654      -4.034062545188125E-006
   6.87976539589443      -6.075563821698903E-006
   6.89736070381232      -3.861079547667091E-006
   6.91495601173021      -5.931170377651670E-006
   6.93255131964809      -3.706758686739232E-006
   6.95014662756598      -5.845208354954924E-006
   6.96774193548387      -3.650555806930852E-006
   6.98533724340176      -5.895527930862125E-006
   7.00293255131965      -3.767157031270753E-006
   7.02052785923754      -6.144743118630069E-006
   7.03812316715543      -4.080209367790015E-006
   7.05571847507331      -6.554300524530578E-006
   7.07331378299120      -4.506121033130930E-006
   7.09090909090909      -7.030625645921378E-006
   7.10850439882698      -4.954851137055863E-006
   7.12609970674487      -7.485701708341036E-006
   7.14369501466276      -5.337936266232583E-006
   7.16129032258065      -7.827985049668910E-006
   7.17888563049853      -5.557170583077028E-006
   7.19648093841642      -7.946861092603366E-006
   7.21407624633431      -5.475724759842739E-006
   7.23167155425220      -7.658846274083988E-006
   7.24926686217009      -4.876508224117587E-006
   7.26686217008798      -6.772780167480751E-006
   7.28445747800587      -3.634857731004370E-006
   7.30205278592375      -5.223438439310428E-006
   7.31964809384164      -1.728747496549863E-006
   7.33724340175953      -3.025214250287962E-006
   7.35483870967742       7.931709035785828E-007
   7.37243401759531      -2.612031027078576E-007
   7.39002932551320       3.810814147217834E-006
   7.40762463343109       2.903495499750716E-006
   7.42521994134897       7.107353471044625E-006
   7.44281524926686       6.232549735879032E-006
   7.46041055718475       1.049790597476670E-005
   7.47800586510264       9.624141107865254E-006
   7.49560117302053       1.393327783695763E-005
   7.51319648093842       1.304921983000569E-005
   7.53079178885631       1.739314641386913E-005
   7.54838709677419       1.649164941218175E-005
   7.56598240469208       2.086264605563251E-005
   7.58357771260997       1.993593881589698E-005
   7.60117302052786       2.432432872061526E-005
   7.61876832844575       2.336622375515866E-005
   7.63636363636364       2.778510883895143E-005
   7.65395894428153       2.683940675924600E-005
   7.67155425219941       3.134499633220504E-005
   7.68914956011730       3.046504377113846E-005
   7.70674486803519       3.510337924765754E-005
   7.72434017595308       3.432863224815424E-005
   7.74193548387097       3.913004706079242E-005
   7.75953079178886       3.848172264368384E-005
   7.77712609970675       4.345442976740167E-005
   7.79472140762463       4.292550064852708E-005
   7.81231671554252       4.803504364900106E-005
   7.82991202346041       4.755232243973590E-005
   7.84750733137830       5.270624815373825E-005
   7.86510263929619       5.220001245607396E-005
   7.88269794721408       5.735763048807472E-005
   7.90029325513197       5.680460846511807E-005
   7.91788856304985       6.195115727806838E-005
   7.93548387096774       6.134328875026866E-005
   7.95307917888563       6.647339226199781E-005
   7.97067448680352       6.580738188751497E-005
   7.98826979472141       7.091595913250662E-005
   8.00586510263930       7.018247362866079E-005
   8.02346041055718       7.525092991845164E-005
   8.04105571847507       7.443491533787241E-005
   8.05865102639296       7.947012436893821E-005
   8.07624633431085       7.860322759681990E-005
   8.09384164222874       8.364859678006631E-005
   8.11143695014663       8.278199661452900E-005
   8.12903225806452       8.789265441841875E-005
   8.14662756598241       8.708525813858001E-005
   8.16422287390029       9.232068552272785E-005
   8.18181818181818       9.163223277403767E-005
   8.19941348973607       9.704787396736833E-005
   8.21700879765396       9.651991021808404E-005
   8.23460410557185       1.021140017414570E-004
   8.25219941348974       1.016987396708313E-004
   8.26979472140763       1.074121106824058E-004
   8.28739002932551       1.070637387196607E-004
   8.30498533724340       1.128607550740059E-004
   8.32258064516129       1.125525014397693E-004
   8.34017595307918       1.184115573122271E-004
   8.35777126099707       1.181271894214668E-004
   8.37536656891496       1.240338675147416E-004
   8.39296187683285       1.237603354818024E-004
   8.41055718475073       1.296953115460272E-004
   8.42815249266862       1.293965115912185E-004
   8.44574780058651       1.353067250860192E-004
   8.46334310850440       1.349380437289269E-004
   8.48093841642229       1.407998419773161E-004
   8.49853372434018       1.403570156005818E-004
   8.51612903225807       1.461796159148796E-004
   8.53372434017595       1.456856974390214E-004
   8.55131964809384       1.515033599429122E-004
   8.56891495601173       1.510053836386581E-004
   8.58651026392962       1.568762575341026E-004
   8.60410557184751       1.564464507026662E-004
   8.62170087976540       1.624452334083755E-004
   8.63929618768329       1.621233480091434E-004
   8.65689149560117       1.682273934145032E-004
   8.67448680351906       1.679593306023456E-004
   8.69208211143695       1.741125286388177E-004
   8.70967741935484       1.738478775911833E-004
   8.72727272727273       1.800046609305071E-004
   8.74486803519062       1.797053849668559E-004
   8.76246334310851       1.858339770608415E-004
   8.78005865102639       1.854772298456253E-004
   8.79765395894428       1.915627836241154E-004
   8.81524926686217       1.911439848328891E-004
   8.83284457478006       1.971791150422395E-004
   8.85043988269795       1.966725624328980E-004
   8.86803519061584       2.026146348302184E-004
   8.88563049853373       2.019783146936148E-004
   8.90322580645161       2.077907681250343E-004
   8.92082111436950       2.069971829469184E-004
   8.93841642228739       2.126610611976643E-004
   8.95601173020528       2.117032991091337E-004
   8.97360703812317       2.172239554950221E-004
   8.99120234604106       2.161246543296823E-004
   9.00879765395895       2.215474789055571E-004
   9.02639296187683       2.203784404565881E-004
   9.04398826979472       2.257691089675238E-004
   9.06158357771261       2.245572043114433E-004
   9.07917888563050       2.299086103039826E-004
   9.09677419354839       2.286366034724600E-004
   9.11436950146628       2.339282019576548E-004
   9.13196480938416       2.325780906106047E-004
   9.14956011730205       2.377958413021630E-004
   9.16715542521994       2.363629326153694E-004
   9.18475073313783       2.415140187602664E-004
   9.20234604105572       2.400276845428859E-004
   9.21994134897361       2.451772981173820E-004
   9.23753665689150       2.437325698770660E-004
   9.25513196480938       2.489493527420068E-004
   9.27272727272727       2.475599878509943E-004
   9.29032258064516       2.528200009195202E-004
   9.30791788856305       2.514436102992685E-004
   9.32551319648094       2.566900660837080E-004
   9.34310850439883       2.552615872209955E-004
   9.36070381231672       2.604218602032900E-004
   9.37829912023460       2.588660350583147E-004
   9.39589442815249       2.638632358421842E-004
   9.41348973607038       2.621120093078218E-004
   9.43108504398827       2.669086366120510E-004
   9.44868035190616       2.649672624370512E-004
   9.46627565982405       2.695808121483697E-004
   9.48387096774194       2.674564566063326E-004
   9.50146627565982       2.718811708821677E-004
   9.51906158357771       2.695612302502087E-004
   9.53665689149560       2.737779692654804E-004
   9.55425219941349       2.712409985803787E-004
   9.57184750733138       2.752263539350600E-004
   9.58944281524927       2.724522088682581E-004
   9.60703812316716       2.761946147400762E-004
   9.62463343108504       2.732034306376975E-004
   9.64222873900293       2.767643554879991E-004
   9.65982404692082       2.736295221161716E-004
   9.67741935483871       2.770566747763726E-004
   9.69501466275660       2.738008352970505E-004
   9.71260997067449       2.770973547532707E-004
   9.73020527859238       2.737093370991045E-004
   9.74780058651026       2.768498075827899E-004
   9.76539589442815       2.732935578781363E-004
   9.78299120234604       2.762306421697067E-004
   9.80058651026393       2.724514413123421E-004
   9.81818181818182       2.751324127868087E-004
   9.83577712609971       2.711196542785547E-004
   9.85337243401760       2.735929253228408E-004
   9.87096774193548       2.694178858505665E-004
   9.88856304985337       2.717414915762705E-004
   9.90615835777126       2.674474677762032E-004
   9.92375366568915       2.696487384900273E-004
   9.94134897360704       2.652494594754421E-004
   9.95894428152493       2.673261895210215E-004
   9.97653958944282       2.628049415090654E-004
   9.99413489736071       2.647224492509612E-004
   10.0117302052786       2.600264532501653E-004
   10.0293255131965       2.617298957450056E-004
   10.0469208211144       2.568458370059133E-004
   10.0645161290323       2.583681437089140E-004
   10.0821114369501       2.533454223028275E-004
   10.0997067448680       2.547305288707566E-004
   10.1173020527859       2.496059655055104E-004
   10.1348973607038       2.508794139999545E-004
   10.1524926686217       2.456674951910943E-004
   10.1700879765396       2.468283508420030E-004
   10.1876832844575       2.415118713568162E-004
   10.2052785923754       2.425182373510370E-004
   10.2228739002933       2.370334715907094E-004
   10.2404692082111       2.378356049576747E-004
   10.2580645161290       2.321923965903842E-004
   10.2756598240469       2.328444883921596E-004
   10.2932551319648       2.271100399228978E-004
   10.3108504398827       2.276782569290016E-004
   10.3284457478006       2.219155446070831E-004
   10.3460410557185       2.224537262420315E-004
   10.3636363636364       2.167060880078698E-004
   10.3812316715543       2.172400253861012E-004
   10.3988269794721       2.115103513010257E-004
   10.4164222873900       2.119996764549077E-004
   10.4340175953079       2.061993030846747E-004
   10.4516129032258       2.065543244722658E-004
   10.4692082111437       2.006441195290099E-004
   10.4868035190616       2.008655244589386E-004
   10.5043988269795       1.948671768152812E-004
   10.5219941348974       1.949866628494166E-004
   10.5395894428153       1.889385947739823E-004
   10.5571847507331       1.889950379155551E-004
   10.5747800586510       1.829340812416770E-004
   10.5923753665689       1.829547227348570E-004
   10.6099706744868       1.768875405673114E-004
   10.6275659824047       1.768332131131548E-004
   10.6451612903226       1.706866832931443E-004
   10.6627565982405       1.704994683851474E-004
   10.6803519061584       1.642577121309091E-004
   10.6979472140762       1.639495166137731E-004
   10.7155425219941       1.576434247987786E-004
   10.7331378299120       1.572571784681180E-004
   10.7507331378299       1.509399169060916E-004
   10.7683284457478       1.505334357432092E-004
   10.7859237536657       1.442653849180477E-004
   10.8035190615836       1.438920312133530E-004
   10.8211143695015       1.376946026461973E-004
   10.8387096774194       1.373040623346510E-004
   10.8563049853372       1.310786381413192E-004
   10.8739002932551       1.305854722090945E-004
   10.8914956011730       1.242823659796932E-004
   10.9090909090909       1.236622761442918E-004
   10.9266862170088       1.172804410531829E-004
   10.9442815249267       1.165509356162819E-004
   10.9618768328446       1.101270403143524E-004
   10.9794721407625       1.093407979535586E-004
   10.9970674486804       1.029449651289467E-004
   11.0146627565982       1.021822942822443E-004
   11.0322580645161       9.586952924861103E-005
   11.0498533724340       9.511641622504438E-005
   11.0674486803519       8.882907561845800E-005
   11.0850439882698       8.802806291407397E-005
   11.1026392961877       8.172481013115382E-005
   11.1202346041056       8.084928148197001E-005
   11.1378299120235       7.452109957378254E-005
   11.1554252199413       7.357874341248571E-005
   11.1730205278592       6.725395592907394E-005
   11.1906158357771       6.629457473300641E-005
   11.2082111436950       6.005367262160531E-005
   11.2258064516129       5.918118746433263E-005
   11.2434017595308       5.310736939676141E-005
   11.2609970674487       5.234348581667034E-005
   11.2785923753666       4.641932878064750E-005
   11.2961876832845       4.573714899863451E-005
   11.3137829912023       3.993831254927801E-005
   11.3313782991202       3.931812039728580E-005
   11.3489736070381       3.363516899136010E-005
   11.3665689149560       3.307941136810258E-005
   11.3841642228739       2.753363931970842E-005
   11.4017595307918       2.708942969432408E-005
   11.4193548387097       2.177401076886436E-005
   11.4369501466276       2.157330228193290E-005
   11.4545454545455       1.660097184983681E-005
   11.4721407624633       1.669660763481811E-005
   11.4897360703812       1.208144388636490E-005
   11.5073313782991       1.246660679598879E-005
   11.5249266862170       8.190045580006467E-006
   11.5425219941349       8.837289556255678E-006
   11.5601173020528       4.868331753519833E-006
   11.5777126099707       5.744999869236135E-006
   11.5953079178886       2.055718769394442E-006
   11.6129032258065       3.149131391942402E-006
   11.6304985337243      -2.292769785174481E-007
   11.6480938416422       1.152397383919202E-006
   11.6656891495601      -1.846539968721215E-006
   11.6832844574780      -1.394289714610128E-007
   11.7008797653959      -2.746533232550474E-006
   11.7184750733138      -7.222888047560549E-007
   11.7360703812317      -2.962417289457807E-006
   11.7536656891496      -6.633085526497190E-007
   11.7712609970675      -2.594296721077749E-006
   11.7888563049853      -9.661191717368067E-008
   11.8064516129032      -1.815230716422311E-006
   11.8240469208211       7.702690419143371E-007
   11.8416422287390      -8.141712633095294E-007
   11.8592375366569       1.845850888649345E-006
   11.8768328445748       4.243799887377435E-007
   11.8944281524927       3.195389083627959E-006
   11.9120234604106       1.974387466969606E-006
   11.9296187683284       4.890325697723768E-006
   11.9472140762463       3.899491992226368E-006
   11.9648093841642       6.981658079583782E-006
   11.9824046920821       6.232267556147590E-006
   12.0000000000000       9.474429103835763E-006
   12.0175953079179       8.931893027772707E-006
   12.0351906158358       1.227110704894315E-005
   12.0527859237537       1.188843507793927E-005
   12.0703812316716       1.532246147544724E-005
   12.0879765395894       1.513064073621689E-005
   12.1055718475073       1.870594239763362E-005
   12.1231671554252       1.876240202886573E-005
   12.1407624633431       2.254127574858273E-005
   12.1583577712610       2.291126659366173E-005
   12.1759530791789       2.695531660261659E-005
   12.1935483870968       2.769201513356707E-005
   12.2111436950147       3.202376685974539E-005
   12.2287390029326       3.306283924502256E-005
   12.2463343108504       3.751064056177642E-005
   12.2639296187683       3.865978249366774E-005
   12.2815249266862       4.308205985092508E-005
   12.2991202346041       4.425241309336231E-005
   12.3167155425220       4.859850985647489E-005
   12.3343108504399       4.977417957806411E-005
   12.3519061583578       5.405782647602401E-005
   12.3695014662757       5.528111653208811E-005
   12.3870967741935       5.956851028017715E-005
   12.4046920821114       6.092433967210108E-005
   12.4222873900293       6.527813743133379E-005
   12.4398826979472       6.674194694045070E-005
   12.4574780058651       7.106648778113315E-005
   12.4750733137830       7.257059835698891E-005
   12.4926686217009       7.686972748044497E-005
   12.5102639296188       7.848954753670359E-005
   12.5278592375367       8.291052710355617E-005
   12.5454545454545       8.487224932042708E-005
   12.5630498533724       8.972750797734182E-005
   12.5806451612903       9.244683997507780E-005
   12.5982404692082       9.828012359548645E-005
   12.6158357771261       1.024432530412454E-004
   12.6334310850440       1.097688821391320E-004
   12.6510263929619       1.152088200493380E-004
   12.6686217008798       1.232406642067363E-004
   12.6862170087977       1.289754186813668E-004
   12.7038123167155       1.367196288911412E-004
   12.7214076246334       1.417897829935114E-004
   12.7390029325513       1.483562574153620E-004
   12.7565982404692       1.519794524493788E-004
   12.7741935483871       1.567464212078987E-004
   12.7917888563050       1.585391265489432E-004
   12.8093841642229       1.615911004005292E-004
   12.8269794721408       1.628614689249288E-004
   12.8445747800587       1.671835182570453E-004
   12.8621700879765       1.716197822396647E-004
   12.8797653958944       1.804906362109952E-004
   12.8973607038123       1.908589777298170E-004
   12.9149560117302       2.067225813145238E-004
   12.9325513196481       2.252350559757790E-004
   12.9501466275660       2.501507204011014E-004
   12.9677419354839       2.787965173792064E-004
   12.9853372434018       3.148045656813268E-004
   13.0029325513196       3.559379184009433E-004
   13.0205278592375       4.060456189121781E-004
   13.0381231671554       4.623273746465753E-004
   13.0557184750733       5.264950290063895E-004
   13.0733137829912       5.945797807211039E-004
   13.0909090909091       6.672440567890165E-004
   13.1085043988270       7.398677251548598E-004
   13.1260997067449       8.120942171407922E-004
   13.1436950146628       8.785200027043301E-004
   13.1612903225806       9.375075528823510E-004
   13.1788856304985       9.823175874655794E-004
   13.1964809384164       1.009070064744096E-003
   13.2140762463343       1.007154969152937E-003
   13.2316715542522       9.714165078735984E-004
   13.2492668621701       8.988488281309126E-004
   13.2668621700880       7.915400221487920E-004
   13.2844574780059       6.503812921052730E-004
   13.3020527859238       4.798711530204259E-004
   13.3196480938416       2.833502873728704E-004
   13.3372434017595       6.730147352523732E-005
   13.3548387096774      -1.625091464495442E-004
   13.3724340175953      -3.972342778177104E-004
   13.3900293255132      -6.278332610952203E-004
   13.4076246334311      -8.404471671964102E-004
   13.4252199413490      -1.022034510354661E-003
   13.4428152492669      -1.166556203744256E-003
   13.4604105571848      -1.273067835929205E-003
   13.4780058651026      -1.341656808452966E-003
   13.4956011730205      -1.374104846159095E-003
   13.5131964809384      -1.373124641363020E-003
   13.5307917888563      -1.342233622700071E-003
   13.5483870967742      -1.286240468406404E-003
   13.5659824046921      -1.210256436918910E-003
   13.5835777126100      -1.121353997942465E-003
   13.6011730205279      -1.026981180790736E-003
   13.6187683284457      -9.371131316335467E-004
   13.6363636363636      -8.552039143941423E-004
   13.6539589442815      -7.828241279520050E-004
   13.6715542521994      -7.191500480374677E-004
   13.6891495601173      -6.647071100775772E-004
   13.7067448680352      -6.176470852759960E-004
   13.7243401759531      -5.782498491444258E-004
   13.7419354838710      -5.441136986732323E-004
   13.7595307917889      -5.155637801788976E-004
   13.7771260997067      -4.899288551309410E-004
   13.7947214076246      -4.678671024620448E-004
   13.8123167155425      -4.471558261068224E-004
   13.8299120234604      -4.304043364073633E-004
   13.8475073313783      -4.159668713563700E-004
   13.8651026392962      -4.058435397609594E-004
   13.8826979472141      -3.972517396562254E-004
   13.9002932551320      -3.917787804418518E-004
   13.9178885630499      -3.858640672508844E-004
   13.9354838709677      -3.808155288290547E-004
   13.9530791788856      -3.723593786856832E-004
   13.9706744868035      -3.615349502195159E-004
   13.9882697947214      -3.433162926858188E-004
   14.0058651026393      -3.183399006587317E-004
   14.0234604105572      -2.827140649196501E-004
   14.0410557184751      -2.424370678180458E-004
   14.0586510263930      -1.972669122160181E-004
   14.0762463343109      -1.537853963629919E-004
   14.0938416422287      -1.113436128223660E-004
   14.1114369501466      -7.647295274527363E-005
   14.1290322580645      -4.793005340157897E-005
   14.1466275659824      -3.198135842692467E-005
   14.1642228739003      -2.654117710685509E-005
   14.1818181818182      -3.719212498536301E-005
   14.1994134897361      -6.025810327159333E-005
   14.2170087976540      -9.780067420520357E-005
   14.2346041055718      -1.391791156591464E-004
   14.2521994134897      -1.845857795563675E-004
   14.2697947214076      -2.256664879070073E-004
   14.2873900293255      -2.648178632339822E-004
   14.3049853372434      -2.949577853613690E-004
   14.3225806451613      -3.199656575266182E-004
   14.3401759530792      -3.337485338779918E-004
   14.3577712609971      -3.416154868827202E-004
   14.3753665689150      -3.386125137997183E-004
   14.3929618768328      -3.318644763606155E-004
   14.4105571847507      -3.189233149003802E-004
   14.4281524926686      -3.102001696432762E-004
   14.4457478005865      -3.021203317089149E-004
   14.4633431085044      -3.020169765790283E-004
   14.4809384164223      -3.041573606315996E-004
   14.4985337243402      -3.151473995801724E-004
   14.5161290322581      -3.282914068229896E-004
   14.5337243401760      -3.498986486465973E-004
   14.5513196480938      -3.725802855200877E-004
   14.5689149560117      -4.025120882338575E-004
   14.5865102639296      -4.317219673338531E-004
   14.6041055718475      -4.663240492572676E-004
   14.6217008797654      -4.982610523774230E-004
   14.6392961876833      -5.350472756465920E-004
   14.6568914956012      -5.692484145999214E-004
   14.6744868035191      -6.085573688548074E-004
   14.6920821114370      -6.450870471339863E-004
   14.7096774193548      -6.865716436297067E-004
   14.7272727272727      -7.246534263554008E-004
   14.7448680351906      -7.670803384481967E-004
   14.7624633431085      -8.049816908860446E-004
   14.7800586510264      -8.460404379533943E-004
   14.7976539589443      -8.807311160318163E-004
   14.8152492668622      -9.164006175785488E-004
   14.8328445747801      -9.435218343356776E-004
   14.8504398826979      -9.711169337514351E-004
   14.8680351906158      -9.903215788696366E-004
   14.8856304985337      -1.010709596535210E-003
   14.9032258064516      -1.023306603311325E-003
   14.9208211143695      -1.038029213556347E-003
   14.9384164222874      -1.045679707419214E-003
   14.9560117302053      -1.056439830622166E-003
   14.9736070381232      -1.060807314067465E-003
   14.9912023460411      -1.069144906064693E-003
   15.0087976539589      -1.071450603315251E-003
   15.0263929618768      -1.077754108994685E-003
   15.0439882697947      -1.077295930211304E-003
   15.0615835777126      -1.080481136462841E-003
   15.0791788856305      -1.076506959209757E-003
   15.0967741935484      -1.076151026798045E-003
   15.1143695014663      -1.068373508650583E-003
   15.1319648093842      -1.064212062014207E-003
   15.1495601173021      -1.052256133508981E-003
   15.1671554252199      -1.043646118721149E-003
   15.1847507331378      -1.026331057953609E-003
   15.2023460410557      -1.010977999165098E-003
   15.2199413489736      -9.832753299396676E-004
   15.2375366568915      -9.526228401581193E-004
   15.2551319648094      -9.061575500587174E-004
   15.2727272727273      -8.561167400278690E-004
   15.2903225806452      -7.910386355328558E-004
   15.3079178885631      -7.250357743250754E-004
   15.3255131964809      -6.478595337301188E-004
   15.3431085043988      -5.756471527941847E-004
   15.3607038123167      -4.997532095947680E-004
   15.3782991202346      -4.392315241962707E-004
   15.3958944281525      -3.885885759415336E-004
   15.4134897360704      -3.740845936876335E-004
   15.4310850439883      -3.925470288720827E-004
   15.4486803519062      -4.588674054798204E-004
   15.4662756598240      -5.569009711060550E-004
   15.4838709677419      -6.954265521573941E-004
   15.5014662756598      -8.535621369033147E-004
   15.5190615835777      -1.036548367927363E-003
   15.5366568914956      -1.219490319204214E-003
   15.5542521994135      -1.404143920942414E-003
   15.5718475073314      -1.560962108086183E-003
   15.5894428152493      -1.686794137429806E-003
   15.6070381231672      -1.743207565063508E-003
   15.6246334310850      -1.726585391661685E-003
   15.6422287390029      -1.624053984267609E-003
   15.6598240469208      -1.461641788450085E-003
   15.6774193548387      -1.236905575495890E-003
   15.6950146627566      -9.810754803497709E-004
   15.7126099706745      -6.953075743617182E-004
   15.7302052785924      -4.141940510073766E-004
   15.7478005865103      -1.413655250989881E-004
   15.7653958944282       8.574099620842701E-005
   15.7829912023460       2.612612058729831E-004
   15.8005865102639       3.447321075524535E-004
   15.8181818181818       3.359120274943165E-004
   15.8357771260997       2.317213195349589E-004
   15.8533724340176       7.093008736409264E-005
   15.8709677419355      -1.428166959995994E-004
   15.8885630498534      -3.715128077911594E-004
   15.9061583577713      -6.134209721611819E-004
   15.9237536656892      -8.321326455723109E-004
   15.9413489736070      -1.028761023350798E-003
   15.9589442815249      -1.169578744424872E-003
   15.9765395894428      -1.260445200017810E-003
   15.9941348973607      -1.273202739248428E-003
   16.0117302052786      -1.228854537066133E-003
   16.0293255131965      -1.135423908003265E-003
   16.0469208211144      -1.039226766750298E-003
   16.0645161290323      -9.403031453130970E-004
   16.0821114369501      -8.723042575810414E-004
   16.0997067448680      -8.262845478025205E-004
   16.1173020527859      -8.287675602956570E-004
   16.1348973607038      -8.634604458877730E-004
   16.1524926686217      -9.501554045725337E-004
   16.1700879765396      -1.064384950324636E-003
   16.1876832844575      -1.217015613168474E-003
   16.2052785923754      -1.368642439373423E-003
   16.2228739002933      -1.509953029106051E-003
   16.2404692082111      -1.600471450363492E-003
   16.2580645161290      -1.655894296499788E-003
   16.2756598240469      -1.652939976317330E-003
   16.2932551319648      -1.615921479282596E-003
   16.3108504398827      -1.527590826630719E-003
   16.3284457478006      -1.417479925695235E-003
   16.3460410557185      -1.272354508523139E-003
   16.3636363636364      -1.126081596181788E-003
   16.3812316715543      -9.691068921274835E-004
   16.3988269794721      -8.401387208172588E-004
   16.4164222873900      -7.325043786844099E-004
   16.4340175953079      -6.715459955431639E-004
   16.4516129032258      -6.274424149637916E-004
   16.4692082111437      -6.177474789921560E-004
   16.4868035190616      -6.112338313525911E-004
   16.5043988269795      -6.258288339592831E-004
   16.5219941348974      -6.302341224398286E-004
   16.5395894428153      -6.435983035627098E-004
   16.5571847507331      -6.352062420262711E-004
   16.5747800586510      -6.263223524357468E-004
   16.5923753665689      -5.879594876877385E-004
   16.6099706744868      -5.470001875961762E-004
   16.6275659824047      -4.854510892429414E-004
   16.6451612903226      -4.381720348304745E-004
   16.6627565982405      -3.830545895647923E-004
   16.6803519061584      -3.503099265810094E-004
   16.6979472140762      -3.140654381547251E-004
   16.7155425219941      -3.023703684160234E-004
   16.7331378299120      -2.863255953814626E-004
   16.7507331378299      -2.921302961989402E-004
   16.7683284457478      -2.876842855747847E-004
   16.7859237536657      -2.967338396349260E-004
   16.8035190615836      -2.820368166125898E-004
   16.8211143695015      -2.626108933048017E-004
   16.8387096774194      -2.040979419751899E-004
   16.8563049853372      -1.380295823981259E-004
   16.8739002932551      -3.615325743248665E-005
   16.8914956011730       6.628651979986302E-005
   16.9090909090909       1.959360825273059E-004
   16.9266862170088       3.149885206078052E-004
   16.9442815249267       4.491449752516637E-004
   16.9618768328446       5.582013220334135E-004
   16.9794721407625       6.668911420816312E-004
   16.9970674486804       7.321298103864292E-004
   17.0146627565982       7.775540449793552E-004
   17.0322580645161       7.672961045479954E-004
   17.0498533724340       7.411374551868525E-004
   17.0674486803519       6.691421059007365E-004
   17.0850439882698       5.934266065078338E-004
   17.1026392961877       4.837053446643464E-004
   17.1202346041056       3.835159904093281E-004
   17.1378299120235       2.616592296129206E-004
   17.1554252199413       1.628079858753144E-004
   17.1730205278592       5.438705728021260E-005
   17.1906158357771      -1.816618742309878E-005
   17.2082111436950      -9.020722122650819E-005
   17.2258064516129      -1.228723908050860E-004
   17.2434017595308      -1.640777910542446E-004
   17.2609970674487      -1.767378367122125E-004
   17.2785923753666      -2.080763797463946E-004
   17.2961876832845      -2.178720078011198E-004
   17.3137829912023      -2.535032800435331E-004
   17.3313782991202      -2.717015774736134E-004
   17.3489736070381      -3.201633767464182E-004
   17.3665689149560      -3.521996351082326E-004
   17.3841642228739      -4.154942071569395E-004
   17.4017595307918      -4.585195186223719E-004
   17.4193548387097      -5.260848627504426E-004
   17.4369501466276      -5.613784442306055E-004
   17.4545454545455      -6.156394765792075E-004
   17.4721407624633      -6.339735771855626E-004
   17.4897360703812      -6.724996043363600E-004
   17.5073313782991      -6.750498304076805E-004
   17.5249266862170      -7.020020047815764E-004
   17.5425219941349      -6.949803177289193E-004
   17.5601173020528      -7.188039110319582E-004
   17.5777126099707      -7.122580884864359E-004
   17.5953079178886      -7.451533678570825E-004
   17.6129032258065      -7.526223021334199E-004
   17.6304985337243      -8.052583976399278E-004
   17.6480938416422      -8.259463878813777E-004
   17.6656891495601      -8.880213396405766E-004
   17.6832844574780      -9.081845597885978E-004
   17.7008797653959      -9.668278616906441E-004
   17.7184750733138      -9.734460244687264E-004
   17.7360703812317      -1.017266385209073E-003
   17.7536656891496      -9.988995031705069E-004
   17.7712609970675      -1.018895871312030E-003
   17.7888563049853      -9.666859657869445E-004
   17.8064516129032      -9.584386552378107E-004
   17.8240469208211      -8.725508169966901E-004
   17.8416422287390      -8.502976995018001E-004
   17.8592375366569      -7.482839971162238E-004
   17.8768328445748      -7.330940884046219E-004
   17.8944281524927      -6.259064850495151E-004
   17.9120234604106      -6.351755320831755E-004
   17.9296187683284      -5.231260011659247E-004
   17.9472140762463      -5.745128656160889E-004
   17.9648093841642      -4.277797336384219E-004
   17.9824046920821      -5.465863729070780E-004
   18.0000000000000      -6.664836316519421E-005
