  0.000000000000000E+000  1.997361291147288E-003
  1.759530791788856E-002  1.678382509477569E-003
  3.519061583577713E-002  1.586066758312163E-003
  5.278592375366570E-002  1.451685330448549E-003
  7.038123167155426E-002  1.388292807117176E-003
  8.797653958944282E-002  1.299665903283418E-003
  0.105571847507331       1.251299573148873E-003
  0.123167155425220       1.185106107634261E-003
  0.140762463343109       1.146176390027305E-003
  0.158357771260997       1.093634081074805E-003
  0.175953079178886       1.061225608487224E-003
  0.193548387096774       1.017946449903195E-003
  0.211143695014663       9.903220324659599E-004
  0.228739002932551       9.537697060862685E-004
  0.246334310850440       9.298038017983089E-004
  0.263929618768328       8.983462769211063E-004
  0.281524926686217       8.772332490979001E-004
  0.299120234604106       8.497333359464012E-004
  0.316715542521994       8.308695333463310E-004
  0.334310850439883       8.064938616198568E-004
  0.351906158357771       7.894070308437182E-004
  0.369501466275660       7.675153030569091E-004
  0.387096774193548       7.518184215306631E-004
  0.404692082111437       7.318928879284889E-004
  0.422287390029326       7.172573059151969E-004
  0.439882697947214       6.989134265207065E-004
  0.457478005865103       6.851673169724057E-004
  0.475073313782991       6.682043394166999E-004
  0.492668621700880       6.552716375751161E-004
  0.510263929618768       6.395605709682031E-004
  0.527859237536657       6.274048184728685E-004
  0.545454545454546       6.128648731701696E-004
  0.563049853372434       6.014792522224033E-004
  0.580645161290323       5.880672340046218E-004
  0.598240469208211       5.774699083729777E-004
  0.615835777126100       5.651702084673876E-004
  0.633431085043988       5.553517528434031E-004
  0.651026392961877       5.440374515864669E-004
  0.668621700879765       5.348426743030844E-004
  0.686217008797654       5.243137149802630E-004
  0.703812316715543       5.155692161175220E-004
  0.721407624633431       5.056249177707942E-004
  0.739002932551320       4.971511036142687E-004
  0.756598240469208       4.875849102806414E-004
  0.774193548387097       4.791876165178377E-004
  0.791788856304985       4.697724971666443E-004
  0.809384164222874       4.612144310197028E-004
  0.826979472140763       4.516728992658063E-004
  0.844574780058651       4.427484259063172E-004
  0.862170087976540       4.329900368243397E-004
  0.879765395894428       4.237282584466682E-004
  0.897360703812317       4.138270916708918E-004
  0.914956011730205       4.043585790995779E-004
  0.932551319648094       3.944753565692183E-004
  0.950146627565982       3.850146005960680E-004
  0.967741935483871       3.754007813018108E-004
  0.985337243401760       3.662662667628485E-004
   1.00293255131965       3.573126109674855E-004
   1.02052785923754       3.490276730341777E-004
   1.03812316715543       3.413148996346520E-004
   1.05571847507331       3.343358654492582E-004
   1.07331378299120       3.280999287082427E-004
   1.09090909090909       3.225382562223123E-004
   1.10850439882698       3.178062806570027E-004
   1.12609970674487       3.136335616188269E-004
   1.14369501466276       3.103160957825615E-004
   1.16129032258065       3.073960664086524E-004
   1.17888563049853       3.052958356304265E-004
   1.19648093841642       3.033735543683254E-004
   1.21407624633431       3.021362431937038E-004
   1.23167155425220       3.007252769018641E-004
   1.24926686217009       2.997764080770843E-004
   1.26686217008798       2.983410027336607E-004
   1.28445747800587       2.972030794313084E-004
   1.30205278592375       2.953027210868978E-004
   1.31964809384164       2.935456381723116E-004
   1.33724340175953       2.907592667491804E-004
   1.35483870967742       2.879552611718635E-004
   1.37243401759531       2.838470161176681E-004
   1.39002932551320       2.795329486136364E-004
   1.40762463343109       2.735924140948501E-004
   1.42521994134897       2.672523443194225E-004
   1.44281524926686       2.592134537851782E-004
   1.46041055718475       2.510002124284054E-004
   1.47800586510264       2.413074432752732E-004
   1.49560117302053       2.317885144801054E-004
   1.51319648093842       2.211020610681483E-004
   1.53079178885631       2.110188684140401E-004
   1.54838709677419       2.001684213531527E-004
   1.56598240469208       1.904420375124809E-004
   1.58357771260997       1.804649254395638E-004
   1.60117302052786       1.722884480912470E-004
   1.61876832844575       1.645789632547013E-004
   1.63636363636364       1.592389232747991E-004
   1.65395894428153       1.544177126735192E-004
   1.67155425219941       1.518368039996901E-004
   1.68914956011730       1.494907243683282E-004
   1.70674486803519       1.490739461086611E-004
   1.72434017595308       1.484643520624329E-004
   1.74193548387097       1.493382175944483E-004
   1.75953079178886       1.494603251583922E-004
   1.77712609970675       1.504708245163690E-004
   1.79472140762463       1.499942091164273E-004
   1.81231671554252       1.495488146070354E-004
   1.82991202346041       1.467922944534203E-004
   1.84750733137830       1.437677015768094E-004
   1.86510263929619       1.384848511639973E-004
   1.88269794721408       1.331670380890293E-004
   1.90029325513196       1.258806598774978E-004
   1.91788856304985       1.189551870921032E-004
   1.93548387096774       1.104952819477767E-004
   1.95307917888563       1.029267679611201E-004
   1.97067448680352       9.440197028551879E-005
   1.98826979472141       8.746100282491811E-005
   2.00586510263930       8.037357618237659E-005
   2.02346041055718       7.575720314597858E-005
   2.04105571847507       7.148580871463650E-005
   2.05865102639296       6.969996219114098E-005
   2.07624633431085       6.805249578351338E-005
   2.09384164222874       6.860843917918952E-005
   2.11143695014663       6.892590824720864E-005
   2.12903225806452       7.102059298023849E-005
   2.14662756598241       7.237095803804377E-005
   2.16422287390029       7.494020092527391E-005
   2.18181818181818       7.611508617393900E-005
   2.19941348973607       7.776636329659134E-005
   2.21700879765396       7.714443298091049E-005
   2.23460410557185       7.634055806371513E-005
   2.25219941348974       7.311224230298624E-005
   2.26979472140762       6.983205467921996E-005
   2.28739002932551       6.435340824913018E-005
   2.30498533724340       5.912623594485970E-005
   2.32258064516129       5.205899838660377E-005
   2.34017595307918       4.565930900836322E-005
   2.35777126099707       3.788778499250618E-005
   2.37536656891496       3.131304336502161E-005
   2.39296187683284       2.396668334477829E-005
   2.41055718475073       1.852744575367480E-005
   2.42815249266862       1.297314791764540E-005
   2.44574780058651       9.607569150562593E-006
   2.46334310850440       6.106038558577405E-006
   2.48093841642229       4.664934757680681E-006
   2.49853372434018       2.911777137188657E-006
   2.51612903225806       2.991127937611186E-006
   2.53372434017595       2.501214280885070E-006
   2.55131964809384       3.540824490536078E-006
   2.56891495601173       3.680659886390266E-006
   2.58651026392962       4.964800843422220E-006
   2.60410557184751       4.911775952627613E-006
   2.62170087976540       5.533288261021715E-006
   2.63929618768328       4.577610094636974E-006
   2.65689149560117       4.328856284184078E-006
   2.67448680351906       2.657826487761588E-006
   2.69208211143695       1.876643658526462E-006
   2.70967741935484      -9.130582531536104E-008
   2.72727272727273      -9.215705327452316E-007
   2.74486803519062      -2.642391240908107E-006
   2.76246334310850      -2.917521625229181E-006
   2.78005865102639      -3.717448257438876E-006
   2.79765395894428      -2.677126186828934E-006
   2.81524926686217      -1.681222739476213E-006
   2.83284457478006       1.474484805052728E-006
   2.85043988269795       4.593320838972052E-006
   2.86803519061584       9.669653534120665E-006
   2.88563049853372       1.446459754399549E-005
   2.90322580645161       2.090175711248422E-005
   2.92082111436950       2.672747622868357E-005
   2.93841642228739       3.380180863455829E-005
   2.95601173020528       3.985839243777789E-005
   2.97360703812317       4.668594031389349E-005
   2.99120234604106       5.199163024546341E-005
   3.00879765395894       5.744744196004469E-005
   3.02639296187683       6.081872491155271E-005
   3.04398826979472       6.405928687961378E-005
   3.06158357771261       6.525614818592450E-005
   3.07917888563050       6.643328622324239E-005
   3.09677419354839       6.575825920770031E-005
   3.11436950146628       6.526574946899825E-005
   3.13196480938416       6.318912360975151E-005
   3.14956011730205       6.156468841891603E-005
   3.16715542521994       5.869136731561012E-005
   3.18475073313783       5.661062335932332E-005
   3.20234604105572       5.370526891368555E-005
   3.21994134897361       5.201795238197510E-005
   3.23753665689150       4.983353455426340E-005
   3.25513196480938       4.894710700062591E-005
   3.27272727272727       4.759382543509967E-005
   3.29032258064516       4.750453188764978E-005
   3.30791788856305       4.693026501943381E-005
   3.32551319648094       4.755082668635462E-005
   3.34310850439883       4.764193156064107E-005
   3.36070381231672       4.883512949243245E-005
   3.37829912023460       4.943372364995468E-005
   3.39589442815249       5.101996284949829E-005
   3.41348973607038       5.192490841054346E-005
   3.43108504398827       5.371482878734142E-005
   3.44868035190616       5.481430434242153E-005
   3.46627565982405       5.677568102667864E-005
   3.48387096774194       5.806844882779213E-005
   3.50146627565982       6.020491244843548E-005
   3.51906158357771       6.169650198009624E-005
   3.53665689149560       6.401306012120372E-005
   3.55425219941349       6.570769603620774E-005
   3.57184750733138       6.820598075021763E-005
   3.58944281524927       7.010238996810437E-005
   3.60703812316716       7.277467113188928E-005
   3.62463343108504       7.484142405416344E-005
   3.64222873900293       7.760334769356171E-005
   3.65982404692082       7.971041943136518E-005
   3.67741935483871       8.242116502827695E-005
   3.69501466275660       8.443316789492084E-005
   3.71260997067449       8.696045257642295E-005
   3.73020527859238       8.874789182435937E-005
   3.74780058651026       9.096352424666888E-005
   3.76539589442815       9.239963327343751E-005
   3.78299120234604       9.417691293082095E-005
   3.80058651026393       9.513477583625443E-005
   3.81818181818182       9.635637614703448E-005
   3.83577712609971       9.678663931380760E-005
   3.85337243401760       9.751956466123431E-005
   3.87096774193548       9.756346267454181E-005
   3.88856304985337       9.796550349053082E-005
   3.90615835777126       9.778569140007325E-005
   3.92375366568915       9.802304607438532E-005
   3.94134897360704       9.778952369440751E-005
   3.95894428152493       9.803523949056286E-005
   3.97653958944282       9.792462281460466E-005
   3.99413489736070       9.835831552451583E-005
   4.01173020527859       9.855007655557390E-005
   4.02932551319648       9.930273280579694E-005
   4.04692082111437       9.981131081232822E-005
   4.06451612903226       1.007994712543898E-004
   4.08211143695015       1.015165119053555E-004
   4.09970674486804       1.026358204753980E-004
   4.11730205278592       1.034626216265657E-004
   4.13489736070381       1.046204055698513E-004
   4.15249266862170       1.054721157278190E-004
   4.17008797653959       1.065928435625771E-004
   4.18768328445748       1.074069727153946E-004
   4.20527859237537       1.084490751214377E-004
   4.22287390029326       1.092343292922576E-004
   4.24046920821114       1.102824391869296E-004
   4.25806451612903       1.111616874797239E-004
   4.27565982404692       1.123162187588168E-004
   4.29325513196481       1.133573986085658E-004
   4.31085043988270       1.146631130259806E-004
   4.32844574780059       1.158915691436911E-004
   4.34604105571848       1.173553106126143E-004
   4.36363636363636       1.187594961914480E-004
   4.38123167155425       1.203487718573227E-004
   4.39882697947214       1.218704802433226E-004
   4.41642228739003       1.234825938485572E-004
   4.43401759530792       1.249520926187129E-004
   4.45161290322581       1.263814050892040E-004
   4.46920821114370       1.276184127490914E-004
   4.48680351906158       1.287222399051686E-004
   4.50439882697947       1.296085972130212E-004
   4.52199413489736       1.302866071847803E-004
   4.53958944281525       1.307376068008988E-004
   4.55718475073314       1.309196576356348E-004
   4.57478005865103       1.308807664652493E-004
   4.59237536656892       1.305299802343689E-004
   4.60997067448680       1.299925764011158E-004
   4.62756598240469       1.291642262090374E-004
   4.64516129032258       1.282673239044775E-004
   4.66275659824047       1.271349624512562E-004
   4.68035190615836       1.260340309620229E-004
   4.69794721407625       1.247294712840703E-004
   4.71554252199414       1.235402339861042E-004
   4.73313782991202       1.221650940698942E-004
   4.75073313782991       1.209760871465753E-004
   4.76832844574780       1.196050383528635E-004
   4.78592375366569       1.184752560349371E-004
   4.80351906158358       1.171452433967100E-004
   4.82111436950147       1.160685951547393E-004
   4.83870967741935       1.147114539896663E-004
   4.85630498533724       1.135918249684221E-004
   4.87390029325513       1.121344717188081E-004
   4.89149560117302       1.109291837237434E-004
   4.90909090909091       1.093495962247502E-004
   4.92668621700880       1.080542880694355E-004
   4.94428152492669       1.063646274424252E-004
   4.96187683284458       1.050088286324325E-004
   4.97947214076246       1.032585985695943E-004
   4.99706744868035       1.019176512851064E-004
   5.01466275659824       1.002258895053292E-004
   5.03225806451613       9.907452185875949E-005
   5.04985337243402       9.762069896301581E-005
   5.06744868035191       9.678023283492387E-005
   5.08504398826980       9.562801596112474E-005
   5.10263929618768       9.512671164874195E-005
   5.12023460410557       9.427758372804206E-005
   5.13782991202346       9.409323416389694E-005
   5.15542521994135       9.350193646290398E-005
   5.17302052785924       9.356502955009303E-005
   5.19061583577713       9.313423267498511E-005
   5.20821114369502       9.330762925317607E-005
   5.22580645161290       9.284467735231379E-005
   5.24340175953079       9.291045685963858E-005
   5.26099706744868       9.223814597566818E-005
   5.27859237536657       9.207693028342942E-005
   5.29618768328446       9.110894268722193E-005
   5.31378299120235       9.065356216318292E-005
   5.33137829912024       8.933736258585955E-005
   5.34897360703812       8.854720625371663E-005
   5.36656891495601       8.685280668627712E-005
   5.38416422287390       8.570804511643274E-005
   5.40175953079179       8.362668103901644E-005
   5.41935483870968       8.213906199575703E-005
   5.43695014662757       7.972575465284721E-005
   5.45454545454546       7.799492565006147E-005
   5.47214076246334       7.536331763952935E-005
   5.48973607038123       7.349884092680545E-005
   5.50733137829912       7.075504961206829E-005
   5.52492668621701       6.886068702190404E-005
   5.54252199413490       6.610668327306368E-005
   5.56011730205279       6.428267004044073E-005
   5.57771260997067       6.161690488350199E-005
   5.59530791788856       5.995942659868951E-005
   5.61290322580645       5.747204566207303E-005
   5.63049853372434       5.603870116373766E-005
   5.64809384164223       5.372598806862898E-005
   5.66568914956012       5.246975022956052E-005
   5.68328445747801       5.027657501471465E-005
   5.70087976539589       4.914438706067217E-005
   5.71847507331378       4.701893946576962E-005
   5.73607038123167       4.595952893465315E-005
   5.75366568914956       4.385068482092701E-005
   5.77126099706745       4.281233705995809E-005
   5.78885630498534       4.066713310609956E-005
   5.80645161290323       3.959374689295592E-005
   5.82404692082111       3.735676344344084E-005
   5.84164222873900       3.621187298454101E-005
   5.85923753665689       3.387895594717771E-005
   5.87683284457478       3.267965294824230E-005
   5.89442815249267       3.027604170289808E-005
   5.91202346041056       2.905245305926799E-005
   5.92961876832845       2.661258443254518E-005
   5.94721407624634       2.540280058441528E-005
   5.96480938416422       2.296841651348151E-005
   5.98240469208211       2.181758083347125E-005
   6.00000000000000       1.943765674683500E-005
   6.01759530791789       1.839692822825968E-005
   6.03519061583578       1.611371984952871E-005
   6.05278592375367       1.520402127456469E-005
   6.07038123167156       1.302371406119260E-005
   6.08797653958944       1.224814710073423E-005
   6.10557184750733       1.017427058830370E-005
   6.12316715542522       9.536830493852181E-006
   6.14076246334311       7.574179349431262E-006
   6.15835777126100       7.080138632882329E-006
   6.17595307917889       5.234509565377205E-006
   6.19354838709677       4.889474933419756E-006
   6.21114369501466       3.164519488644584E-006
   6.22873900293255       2.960673274226368E-006
   6.24633431085044       1.329927045407485E-006
   6.26392961876833       1.231425053942005E-006
   6.28152492668622      -3.367442396119483E-007
   6.29912023460411      -3.547244896865524E-007
   6.31671554252199      -1.878799641519074E-006
   6.33431085043988      -1.828707348038028E-006
   6.35190615835777      -3.314380053658118E-006
   6.36950146627566      -3.194627502469297E-006
   6.38709677419355      -4.631151223457145E-006
   6.40469208211144      -4.418252704387350E-006
   6.42228739002933      -5.761984122666741E-006
   6.43988269794721      -5.398338389076428E-006
   6.45747800586510      -6.602547133738887E-006
   6.47507331378299      -6.064877380086714E-006
   6.49266862170088      -7.120909726126070E-006
   6.51026392961877      -6.409037010009351E-006
   6.52785923753666      -7.322780531938819E-006
   6.54545454545455      -6.447913975287656E-006
   6.56304985337243      -7.235070588181717E-006
   6.58064516129032      -6.217871326491464E-006
   6.59824046920821      -6.904469393966364E-006
   6.61583577712610      -5.780558801765665E-006
   6.63343108504399      -6.416860719339510E-006
   6.65102639296188      -5.244936466211898E-006
   6.66862170087977      -5.883233467592451E-006
   6.68621700879765      -4.705706039813988E-006
   6.70381231671554      -5.380725589159089E-006
   6.72140762463343      -4.226257132805132E-006
   6.73900293255132      -4.960314510433170E-006
   6.75659824046921      -3.844979984883499E-006
   6.77419354838710      -4.646508747705442E-006
   6.79178885630499      -3.569905729865402E-006
   6.80938416422287      -4.424068933674841E-006
   6.82697947214076      -3.347037569073604E-006
   6.84457478005865      -4.193227271626076E-006
   6.86217008797654      -3.057517432153731E-006
   6.87976539589443      -3.852244322257941E-006
   6.89736070381232      -2.624881335386730E-006
   6.91495601173021      -3.340345329617301E-006
   6.93255131964809      -1.997190408150656E-006
   6.95014662756598      -2.610832348932774E-006
   6.96774193548387      -1.130071349985377E-006
   6.98533724340176      -1.618711560235291E-006
   7.00293255131965       2.640226710585916E-008
   7.02052785923754      -3.024098803504952E-007
   7.03812316715543       1.543900431109607E-006
   7.05571847507331       1.396577979533341E-006
   7.07331378299120       3.443844751727050E-006
   7.09090909090909       3.464545274507565E-006
   7.10850439882698       5.690764674850250E-006
   7.12609970674487       5.851175730686902E-006
   7.14369501466276       8.222213727295026E-006
   7.16129032258065       8.483540426164573E-006
   7.17888563049853       1.095581997972059E-005
   7.19648093841642       1.127052021375289E-005
   7.21407624633431       1.379330406094929E-005
   7.23167155425220       1.411962491203302E-005
   7.24926686217009       1.667422978976485E-005
   7.26686217008798       1.701167675250281E-005
   7.28445747800587       1.960068511099537E-005
   7.30205278592375       1.995069371191997E-005
   7.31964809384164       2.257386454485357E-005
   7.33724340175953       2.293539935596182E-005
   7.35483870967742       2.559071952631337E-005
   7.37243401759531       2.596210870935822E-005
   7.39002932551320       2.864873944623269E-005
   7.40762463343109       2.903388024860806E-005
   7.42521994134897       3.177094552856647E-005
   7.44281524926686       3.221254997567881E-005
   7.46041055718475       3.505069255941465E-005
   7.47800586510264       3.558863123513863E-005
   7.49560117302053       3.855374239599180E-005
   7.51319648093842       3.920347879832875E-005
   7.53079178885631       4.230078708144795E-005
   7.54838709677419       4.305818863623109E-005
   7.56598240469208       4.627320910159487E-005
   7.58357771260997       4.711308086434229E-005
   7.60117302052786       5.040680146936352E-005
   7.61876832844575       5.127259130081147E-005
   7.63636363636364       5.457753090108525E-005
   7.65395894428153       5.541555729040610E-005
   7.67155425219941       5.870001923161855E-005
   7.68914956011730       5.948990613667228E-005
   7.70674486803519       6.273654176159234E-005
   7.72434017595308       6.346225090577650E-005
   7.74193548387097       6.665411062377730E-005
   7.75953079178886       6.729742532617988E-005
   7.77712609970675       7.041321180336023E-005
   7.79472140762463       7.094923974556566E-005
   7.81231671554252       7.395852157667830E-005
   7.82991202346041       7.436549327728775E-005
   7.84750733137830       7.728129758772099E-005
   7.86510263929619       7.760877540411065E-005
   7.88269794721408       8.049399407310973E-005
   7.90029325513197       8.080674092862291E-005
   7.91788856304985       8.372523248525426E-005
   7.93548387096774       8.408582500394361E-005
   7.95307917888563       8.709714398035635E-005
   7.97067448680352       8.756173426906296E-005
   7.98826979472141       9.071645947438896E-005
   8.00586510263930       9.132766269568869E-005
   8.02346041055718       9.464761649520236E-005
   8.04105571847507       9.539279038872287E-005
   8.05865102639296       9.884026078457319E-005
   8.07624633431085       9.968105149904115E-005
   8.09384164222874       1.032227616551732E-004
   8.11143695014663       1.041283494299988E-004
   8.12903225806452       1.077332907535737E-004
   8.14662756598241       1.086715638497258E-004
   8.16422287390029       1.123041889823875E-004
   8.18181818181818       1.132347544081790E-004
   8.19941348973607       1.168456258426961E-004
   8.21700879765396       1.177048880107263E-004
   8.23460410557185       1.212253337268581E-004
   8.25219941348974       1.219736071872896E-004
   8.26979472140763       1.254039477214464E-004
   8.28739002932551       1.260650292007844E-004
   8.30498533724340       1.294398968089825E-004
   8.32258064516129       1.300563891300157E-004
   8.34017595307918       1.334233695510689E-004
   8.35777126099707       1.340470801469808E-004
   8.37536656891496       1.374597778661236E-004
   8.39296187683285       1.381451434661236E-004
   8.41055718475073       1.416530593423132E-004
   8.42815249266862       1.424237893301317E-004
   8.44574780058651       1.460033398304391E-004
   8.46334310850440       1.468078961934378E-004
   8.48093841642229       1.504097884950524E-004
   8.49853372434018       1.512093798491092E-004
   8.51612903225807       1.548017023971874E-004
   8.53372434017595       1.555706998548880E-004
   8.55131964809384       1.591321203017155E-004
   8.56891495601173       1.598532488992429E-004
   8.58651026392962       1.633684289507709E-004
   8.60410557184751       1.640267100879134E-004
   8.62170087976540       1.674733795596869E-004
   8.63929618768329       1.680345545078756E-004
   8.65689149560117       1.713756964951535E-004
   8.67448680351906       1.718152239530964E-004
   8.69208211143695       1.750394200428089E-004
   8.70967741935484       1.753567521963577E-004
   8.72727272727273       1.784722537442736E-004
   8.74486803519062       1.786845556058319E-004
   8.76246334310851       1.817162296279701E-004
   8.78005865102639       1.818567192434331E-004
   8.79765395894428       1.848452745529776E-004
   8.81524926686217       1.849604461316946E-004
   8.83284457478006       1.879374170909097E-004
   8.85043988269795       1.880229081193452E-004
   8.86803519061584       1.909597508213913E-004
   8.88563049853373       1.909875947896206E-004
   8.90322580645161       1.938632300417658E-004
   8.92082111436950       1.938206946981069E-004
   8.93841642228739       1.966305278221045E-004
   8.95601173020528       1.965228338623134E-004
   8.97360703812317       1.992823097422656E-004
   8.99120234604106       1.991378773558820E-004
   9.00879765395895       2.018920746522091E-004
   9.02639296187683       2.017678440068164E-004
   9.04398826979472       2.045516085135063E-004
   9.06158357771261       2.044378291766608E-004
   9.07917888563050       2.072127874025239E-004
   9.09677419354839       2.070644154587764E-004
   9.11436950146628       2.097838938520095E-004
   9.13196480938416       2.095557544531166E-004
   9.14956011730205       2.121770214405464E-004
   9.16715542521994       2.118313033997450E-004
   9.18475073313783       2.143225068272265E-004
   9.20234604105572       2.138373341200739E-004
   9.21994134897361       2.161918287341092E-004
   9.23753665689150       2.155762920795609E-004
   9.25513196480938       2.178012431365259E-004
   9.27272727272727       2.170498019710233E-004
   9.29032258064516       2.191312697338128E-004
   9.30791788856305       2.182285428066253E-004
   9.32551319648094       2.201514657849992E-004
   9.34310850439883       2.190858042571701E-004
   9.36070381231672       2.208430241020889E-004
   9.37829912023460       2.196153683204346E-004
   9.39589442815249       2.212187713309902E-004
   9.41348973607038       2.198620459123054E-004
   9.43108504398827       2.213677545531400E-004
   9.44868035190616       2.199331788795946E-004
   9.46627565982405       2.213569742863694E-004
   9.48387096774194       2.198314474747549E-004
   9.50146627565982       2.211451791980846E-004
   9.51906158357771       2.194925217160045E-004
   9.53665689149560       2.206541970034374E-004
   9.55425219941349       2.188299110520938E-004
   9.57184750733138       2.197940124957987E-004
   9.58944281524927       2.177551878638985E-004
   9.60703812316716       2.184863578389535E-004
   9.62463343108504       2.162237293632330E-004
   9.64222873900293       2.167511321832908E-004
   9.65982404692082       2.143111161513824E-004
   9.67741935483871       2.146676271887422E-004
   9.69501466275660       2.120670023984051E-004
   9.71260997067449       2.122582005096329E-004
   9.73020527859238       2.094948860524517E-004
   9.74780058651026       2.095122516799435E-004
   9.76539589442815       2.065739329415943E-004
   9.78299120234604       2.064025900932477E-004
   9.80058651026393       2.032759294991471E-004
   9.81818181818182       2.029138188951431E-004
   9.83577712609971       1.996270989494215E-004
   9.85337243401760       1.991254581352050E-004
   9.87096774193548       1.957235197447119E-004
   9.88856304985337       1.951079977121248E-004
   9.90615835777126       1.916021608754284E-004
   9.92375366568915       1.908714838883582E-004
   9.94134897360704       1.872503218833492E-004
   9.95894428152493       1.863829728526638E-004
   9.97653958944282       1.826166207439721E-004
   9.99413489736071       1.815742392536846E-004
   10.0117302052786       1.776198945124372E-004
   10.0293255131965       1.763785435231932E-004
   10.0469208211144       1.722626373233052E-004
   10.0645161290323       1.708850024232604E-004
   10.0821114369501       1.666722255944601E-004
   10.0997067448680       1.652116333848154E-004
   10.1173020527859       1.609451852972871E-004
   10.1348973607038       1.594338200217033E-004
   10.1524926686217       1.551355219347951E-004
   10.1700879765396       1.535834039159681E-004
   10.1876832844575       1.492514143888676E-004
   10.2052785923754       1.476416600727219E-004
   10.2228739002933       1.432479541290490E-004
   10.2404692082111       1.415625088928987E-004
   10.2580645161290       1.371192657627010E-004
   10.2756598240469       1.353878960106819E-004
   10.2932551319648       1.309252481510590E-004
   10.3108504398827       1.291723248833392E-004
   10.3284457478006       1.247079055091108E-004
   10.3460410557185       1.229416837578125E-004
   10.3636363636364       1.184735195207527E-004
   10.3812316715543       1.166783865663047E-004
   10.3988269794721       1.121741274574898E-004
   10.4164222873900       1.102940049166577E-004
   10.4340175953079       1.056923191636440E-004
   10.4516129032258       1.037058141645037E-004
   10.4692082111437       9.903651952083789E-005
   10.4868035190616       9.699577605444521E-005
   10.5043988269795       9.231734629766621E-005
   10.5219941348974       9.028130221506748E-005
   10.5395894428153       8.565075269039709E-005
   10.5571847507331       8.367095339469580E-005
   10.5747800586510       7.913198335064248E-005
   10.5923753665689       7.723938001206371E-005
   10.6099706744868       7.280088673558053E-005
   10.6275659824047       7.096510303491080E-005
   10.6451612903226       6.656970142431046E-005
   10.6627565982405       6.474636414349087E-005
   10.6803519061584       6.037994023648379E-005
   10.6979472140762       5.857292750410414E-005
   10.7155425219941       5.424937077898345E-005
   10.7331378299120       5.247778758162897E-005
   10.7507331378299       4.821902371185225E-005
   10.7683284457478       4.650380306588355E-005
   10.7859237536657       4.232698865571942E-005
   10.8035190615836       4.067413880413326E-005
   10.8211143695015       3.655893575261753E-005
   10.8387096774194       3.491241110807776E-005
   10.8563049853372       3.079798994398207E-005
   10.8739002932551       2.912439290865888E-005
   10.8914956011730       2.500400140480868E-005
   10.9090909090909       2.331247702038267E-005
   10.9266862170088       1.920782662622342E-005
   10.9442815249267       1.752882378864198E-005
   10.9618768328446       1.347772455979622E-005
   10.9794721407625       1.185304759309765E-005
   10.9970674486804       7.898974080117027E-006
   11.0146627565982       6.362798380781063E-006
   11.0322580645161       2.505646164409958E-006
   11.0498533724340       1.017846448531826E-006
   11.0674486803519      -2.785968090287486E-006
   11.0850439882698      -4.248479034708000E-006
   11.1026392961877      -8.001770802176969E-006
   11.1202346041056      -9.425877823773993E-006
   11.1378299120235      -1.310028469744413E-005
   11.1554252199413      -1.444388389431385E-005
   11.1730205278592      -1.798288871359197E-005
   11.1906158357771      -1.917540248333868E-005
   11.2082111436950      -2.249197019620329E-005
   11.2258064516129      -2.344517619232490E-005
   11.2434017595308      -2.648970803881366E-005
   11.2609970674487      -2.720818902362462E-005
   11.2785923753666      -3.000749389808958E-005
   11.2961876832845      -3.051657085583498E-005
   11.3137829912023      -3.308959053224587E-005
   11.3313782991202      -3.340112772896882E-005
   11.3489736070381      -3.575043315173716E-005
   11.3665689149560      -3.585692766259839E-005
   11.3841642228739      -3.796185819582351E-005
   11.4017595307918      -3.782585759801850E-005
   11.4193548387097      -3.962607237480812E-005
   11.4369501466276      -3.918323870638530E-005
   11.4545454545455      -4.065011162883558E-005
   11.4721407624633      -3.991497449437145E-005
   11.4897360703812      -4.108214844145131E-005
   11.5073313782991      -4.009602860298912E-005
   11.5249266862170      -4.100813656647890E-005
   11.5425219941349      -3.981732945226311E-005
   11.5601173020528      -4.051992638165405E-005
   11.5777126099707      -3.916814220874527E-005
   11.5953079178886      -3.970026176191360E-005
   11.6129032258065      -3.821689763655739E-005
   11.6304985337243      -3.858516039885970E-005
   11.6480938416422      -3.695482075063923E-005
   11.6656891495601      -3.714119077683683E-005
   11.6832844574780      -3.535611066598760E-005
   11.7008797653959      -3.536023803082504E-005
   11.7184750733138      -3.342518727775493E-005
   11.7360703812317      -3.325482442967107E-005
   11.7536656891496      -3.118018765756277E-005
   11.7712609970675      -3.084672010816691E-005
   11.7888563049853      -2.864457764839015E-005
   11.8064516129032      -2.815807552078037E-005
   11.8240469208211      -2.582977484583941E-005
   11.8416422287390      -2.517417107225125E-005
   11.8592375366569      -2.269393203861635E-005
   11.8768328445748      -2.184721925047130E-005
   11.8944281524927      -1.920124180718679E-005
   11.9120234604106      -1.815563702327792E-005
   11.9296187683284      -1.534241360590005E-005
   11.9472140762463      -1.410207857233803E-005
   11.9648093841642      -1.113259391933002E-005
   11.9824046920821      -9.715836044964891E-006
   12.0000000000000      -6.618802970086005E-006
   12.0175953079179      -5.068623566084562E-006
   12.0351906158358      -1.894485611384611E-006
   12.0527859237537      -2.423762462745588E-007
   12.0703812316716       3.005223392025386E-006
   12.0879765395894       4.771225010485741E-006
   12.1055718475073       8.110144746768952E-006
   12.1231671554252       1.001127739808869E-005
   12.1407624633431       1.346313516180199E-005
   12.1583577712610       1.551987239744703E-005
   12.1759530791789       1.910025639806934E-005
   12.1935483870968       2.131955683387281E-005
   12.2111436950147       2.501276425802866E-005
   12.2287390029326       2.732863573908371E-005
   12.2463343108504       3.102365023758239E-005
   12.2639296187683       3.333670276105051E-005
   12.2815249266862       3.697725261281706E-005
   12.2991202346041       3.926691653277867E-005
   12.3167155425220       4.285850193649552E-005
   12.3343108504399       4.515361286190585E-005
   12.3519061583578       4.874579424478055E-005
   12.3695014662757       5.111602375386949E-005
   12.3870967741935       5.479711284425985E-005
   12.4046920821114       5.734854917891423E-005
   12.4222873900293       6.121691089450801E-005
   12.4398826979472       6.397811621186553E-005
   12.4574780058651       6.797652789004049E-005
   12.4750733137830       7.087049337528941E-005
   12.4926686217009       7.494739873541304E-005
   12.5102639296188       7.795296327723897E-005
   12.5278592375367       8.211860917645161E-005
   12.5454545454545       8.528046687194889E-005
   12.5630498533724       8.961688732657276E-005
   12.5806451612903       9.306015009580340E-005
   12.5982404692082       9.774304559496001E-005
   12.6158357771261       1.016899044285817E-004
   12.6334310850440       1.068533750129497E-004
   12.6510263929619       1.111719040103116E-004
   12.6686217008798       1.164816759246849E-004
   12.6862170087977       1.208112493100965E-004
   12.7038123167155       1.259482048288612E-004
   12.7214076246334       1.300308679302728E-004
   12.7390029325513       1.348188566698037E-004
   12.7565982404692       1.385863920422941E-004
   12.7741935483871       1.431068670709999E-004
   12.7917888563050       1.468543058165056E-004
   12.8093841642229       1.518027266256450E-004
   12.8269794721408       1.569458451395874E-004
   12.8445747800587       1.642157567417075E-004
   12.8621700879765       1.722546012653389E-004
   12.8797653958944       1.825723591482772E-004
   12.8973607038123       1.936779667615745E-004
   12.9149560117302       2.068211127232223E-004
   12.9325513196481       2.204267587670348E-004
   12.9501466275660       2.355054570594547E-004
   12.9677419354839       2.503959116827156E-004
   12.9853372434018       2.658431940023557E-004
   13.0029325513196       2.800188727900010E-004
   13.0205278592375       2.932118733965843E-004
   13.0381231671554       3.034676493219174E-004
   13.0557184750733       3.112136442695542E-004
   13.0733137829912       3.147749653582590E-004
   13.0909090909091       3.145514942707549E-004
   13.1085043988270       3.089566796798980E-004
   13.1260997067449       2.982833782549354E-004
   13.1436950146628       2.809658060197030E-004
   13.1612903225806       2.571271233621830E-004
   13.1788856304985       2.251269188834462E-004
   13.1964809384164       1.847746696064918E-004
   13.2140762463343       1.341025792811615E-004
   13.2316715542522       7.359837533160612E-005
   13.2492668621701       3.532452143546361E-006
   13.2668621700880      -7.428948274295311E-005
   13.2844574780059      -1.589690165183106E-004
   13.3020527859238      -2.483852140933395E-004
   13.3196480938416      -3.412076195375183E-004
   13.3372434017595      -4.350519919717356E-004
   13.3548387096774      -5.281490626126857E-004
   13.3724340175953      -6.177816005207710E-004
   13.3900293255132      -7.015969047380087E-004
   13.4076246334311      -7.761261364777576E-004
   13.4252199413490      -8.389926272829409E-004
   13.4428152492669      -8.895107936477291E-004
   13.4604105571848      -9.280746789118515E-004
   13.4780058651026      -9.550972131610397E-004
   13.4956011730205      -9.713655904127613E-004
   13.5131964809384      -9.777650302397597E-004
   13.5307917888563      -9.753072698621393E-004
   13.5483870967742      -9.652541266790095E-004
   13.5659824046921      -9.488064250455603E-004
   13.5835777126100      -9.276085253337165E-004
   13.6011730205279      -9.031278660934829E-004
   13.6187683284457      -8.773074158053289E-004
   13.6363636363636      -8.504982114821911E-004
   13.6539589442815      -8.231904183031321E-004
   13.6715542521994      -7.951378864630586E-004
   13.6891495601173      -7.668312778675501E-004
   13.7067448680352      -7.379112741025469E-004
   13.7243401759531      -7.089710241288771E-004
   13.7419354838710      -6.796078715195048E-004
   13.7595307917889      -6.505717941292862E-004
   13.7771260997067      -6.214862896978001E-004
   13.7947214076246      -5.933483341369358E-004
   13.8123167155425      -5.660158913250093E-004
   13.8299120234604      -5.406496519777501E-004
   13.8475073313783      -5.163921896263163E-004
   13.8651026392962      -4.938580645851767E-004
   13.8826979472141      -4.718374846707063E-004
   13.9002932551320      -4.508891147496217E-004
   13.9178885630499      -4.296208905995339E-004
   13.9354838709677      -4.086187983854102E-004
   13.9530791788856      -3.863786471066436E-004
   13.9706744868035      -3.635897722514182E-004
   13.9882697947214      -3.387366655892107E-004
   14.0058651026393      -3.128625589592647E-004
   14.0234604105572      -2.856471598325910E-004
   14.0410557184751      -2.601390912500635E-004
   14.0586510263930      -2.363645895551696E-004
   14.0762463343109      -2.168117050627115E-004
   14.0938416422287      -2.009303841970593E-004
   14.1114369501466      -1.908292776078798E-004
   14.1290322580645      -1.854299601904038E-004
   14.1466275659824      -1.864342467916321E-004
   14.1642228739003      -1.921413830430266E-004
   14.1818181818182      -2.036336378176777E-004
   14.1994134897361      -2.181602919664277E-004
   14.2170087976540      -2.349438330685777E-004
   14.2346041055718      -2.494329447617768E-004
   14.2521994134897      -2.621310608095268E-004
   14.2697947214076      -2.703559827076374E-004
   14.2873900293255      -2.757575369216342E-004
   14.3049853372434      -2.763338257529256E-004
   14.3225806451613      -2.744245351778881E-004
   14.3401759530792      -2.685044626565709E-004
   14.3577712609971      -2.615252346059175E-004
   14.3753665689150      -2.524461450915683E-004
   14.3929618768328      -2.449344089749743E-004
   14.4105571847507      -2.388144896017482E-004
   14.4281524926686      -2.379617978773394E-004
   14.4457478005865      -2.402388892789540E-004
   14.4633431085044      -2.478216322932595E-004
   14.4809384164223      -2.578855178912375E-004
   14.4985337243402      -2.724390332974679E-004
   14.5161290322581      -2.883981646519358E-004
   14.5337243401760      -3.077577690743148E-004
   14.5513196480938      -3.272799754965310E-004
   14.5689149560117      -3.490249179191392E-004
   14.5865102639296      -3.696796345988920E-004
   14.6041055718475      -3.914965859781267E-004
   14.6217008797654      -4.115803249078509E-004
   14.6392961876833      -4.331276903165224E-004
   14.6568914956012      -4.533842329581693E-004
   14.6744868035191      -4.753571420333934E-004
   14.6920821114370      -4.959937933025449E-004
   14.7096774193548      -5.182150554334596E-004
   14.7272727272727      -5.387208271425618E-004
   14.7448680351906      -5.603684936863167E-004
   14.7624633431085      -5.796102947150190E-004
   14.7800586510264      -5.992177486245985E-004
   14.7976539589443      -6.153390945015935E-004
   14.8152492668622      -6.305762018062977E-004
   14.8328445747801      -6.413222795376941E-004
   14.8504398826979      -6.511906463737876E-004
   14.8680351906158      -6.569617522757773E-004
   14.8856304985337      -6.624567224675200E-004
   14.9032258064516      -6.644088850962852E-004
   14.9208211143695      -6.667482849055928E-004
   14.9384164222874      -6.661050774989192E-004
   14.9560117302053      -6.664757977609200E-004
   14.9736070381232      -6.643388433217461E-004
   14.9912023460411      -6.637000353487563E-004
   15.0087976539589      -6.607503784909365E-004
   15.0263929618768      -6.593430152597417E-004
   15.0439882697947      -6.556410836194034E-004
   15.0615835777126      -6.539209063317586E-004
   15.0791788856305      -6.504444114229361E-004
   15.0967741935484      -6.496732602933649E-004
   15.1143695014663      -6.478159795833318E-004
   15.1319648093842      -6.494429857181942E-004
   15.1495601173021      -6.506259630581985E-004
   15.1671554252199      -6.559486021613044E-004
   15.1847507331378      -6.611873731375305E-004
   15.2023460410557      -6.706010022912025E-004
   15.2199413489736      -6.782569207607595E-004
   15.2375366568915      -6.858948941882365E-004
   15.2551319648094      -6.870354041060700E-004
   15.2727272727273      -6.848169684308558E-004
   15.2903225806452      -6.736630537612186E-004
   15.3079178885631      -6.577632402339790E-004
   15.3255131964809      -6.323398047794382E-004
   15.3431085043988      -6.027265141631792E-004
   15.3607038123167      -5.651814645879344E-004
   15.3782991202346      -5.267160336491534E-004
   15.3958944281525      -4.855494980564103E-004
   15.4134897360704      -4.531947553977046E-004
   15.4310850439883      -4.318683642197857E-004
   15.4486803519062      -4.296517996188398E-004
   15.4662756598240      -4.422899383973469E-004
   15.4838709677419      -4.742203352897305E-004
   15.5014662756598      -5.185100811561038E-004
   15.5190615835777      -5.774979877338072E-004
   15.5366568914956      -6.420415200265407E-004
   15.5542521994135      -7.124642312729613E-004
   15.5718475073314      -7.771236877757926E-004
   15.5894428152493      -8.336233092198482E-004
   15.6070381231672      -8.656596756877906E-004
   15.6246334310850      -8.696828197776257E-004
   15.6422287390029      -8.407136142410865E-004
   15.6598240469208      -7.891150999473441E-004
   15.6774193548387      -7.150094144005149E-004
   15.6950146627566      -6.311408524315216E-004
   15.7126099706745      -5.392716368276919E-004
   15.7302052785924      -4.535322531919049E-004
   15.7478005865103      -3.766629049712324E-004
   15.7653958944282      -3.237904504545736E-004
   15.7829912023460      -2.982881167453005E-004
   15.8005865102639      -3.159351374551671E-004
   15.8181818181818      -3.759955513153992E-004
   15.8357771260997      -4.757432147876722E-004
   15.8533724340176      -5.977380733467771E-004
   15.8709677419355      -7.378546820446832E-004
   15.8885630498534      -8.800272527888417E-004
   15.9061583577713      -1.021732615219456E-003
   15.9237536656892      -1.148309650614100E-003
   15.9413489736070      -1.259104388851635E-003
   15.9589442815249      -1.341300785291412E-003
   15.9765395894428      -1.396996109731690E-003
   15.9941348973607      -1.416640394300189E-003
   16.0117302052786      -1.409980910502504E-003
   16.0293255131965      -1.382130364764262E-003
   16.0469208211144      -1.349849277952041E-003
   16.0645161290323      -1.312307535415549E-003
   16.0821114369501      -1.280268715054082E-003
   16.0997067448680      -1.248972385039671E-003
   16.1173020527859      -1.226134514944932E-003
   16.1348973607038      -1.204064346481028E-003
   16.1524926686217      -1.187882933622390E-003
   16.1700879765396      -1.166957128617684E-003
   16.1876832844575      -1.143363148384936E-003
   16.2052785923754      -1.101841253165797E-003
   16.2228739002933      -1.041989973474328E-003
   16.2404692082111      -9.570468624467470E-004
   16.2580645161290      -8.592431247065650E-004
   16.2756598240469      -7.463531800402432E-004
   16.2932551319648      -6.322822648854223E-004
   16.3108504398827      -5.156673530351826E-004
   16.3284457478006      -4.110397930093743E-004
   16.3460410557185      -3.171297613128917E-004
   16.3636363636364      -2.485461838871196E-004
   16.3812316715543      -2.034392840355450E-004
   16.3988269794721      -1.955738149732059E-004
   16.4164222873900      -2.181896067337631E-004
   16.4340175953079      -2.710084429125634E-004
   16.4516129032258      -3.372582179615284E-004
   16.4692082111437      -4.181433256651015E-004
   16.4868035190616      -4.994170183167809E-004
   16.5043988269795      -5.845692772417010E-004
   16.5219941348974      -6.610980246594143E-004
   16.5395894428153      -7.345786288969751E-004
   16.5571847507331      -7.943485332456320E-004
   16.5747800586510      -8.485455633543358E-004
   16.5923753665689      -8.892530307106180E-004
   16.6099706744868      -9.301944755218689E-004
   16.6275659824047      -9.702511447217934E-004
   16.6451612903226      -1.022316876755692E-003
   16.6627565982405      -1.077753970084155E-003
   16.6803519061584      -1.144684703246382E-003
   16.6979472140762      -1.211511440549336E-003
   16.7155425219941      -1.284191990845986E-003
   16.7331378299120      -1.348950950619901E-003
   16.7507331378299      -1.409933360359716E-003
   16.7683284457478      -1.451137638277078E-003
   16.7859237536657      -1.474472069022199E-003
   16.8035190615836      -1.460290264582513E-003
   16.8211143695015      -1.408792274238825E-003
   16.8387096774194      -1.310035333357952E-003
   16.8563049853372      -1.179014409411245E-003
   16.8739002932551      -1.011391344127572E-003
   16.8914956011730      -8.245801663505498E-004
   16.9090909090909      -6.157658752425352E-004
   16.9266862170088      -4.038766070052347E-004
   16.9442815249267      -1.871166062220219E-004
   16.9618768328446       1.424912809567136E-005
   16.9794721407625       2.010164533249803E-004
   16.9970674486804       3.513385022473860E-004
   17.0146627565982       4.657109285163736E-004
   17.0322580645161       5.326928659783994E-004
   17.0498533724340       5.692640255522660E-004
   17.0674486803519       5.698435145325485E-004
   17.0850439882698       5.523801701622699E-004
   17.1026392961877       5.113074396159473E-004
   17.1202346041056       4.649624882158309E-004
   17.1378299120235       4.074709653038014E-004
   17.1554252199413       3.573496667094977E-004
   17.1730205278592       3.081463005401865E-004
   17.1906158357771       2.782766340832217E-004
   17.2082111436950       2.597751617619526E-004
   17.2258064516129       2.650074024401126E-004
   17.2434017595308       2.759692251185543E-004
   17.2609970674487       3.019636379371594E-004
   17.2785923753666       3.257868549568161E-004
   17.2961876832845       3.580050911875543E-004
   17.3137829912023       3.817136184566703E-004
   17.3313782991202       4.085591098520829E-004
   17.3489736070381       4.217880372430048E-004
   17.3665689149560       4.341635495584753E-004
   17.3841642228739       4.291227775668069E-004
   17.4017595307918       4.208808272894861E-004
   17.4193548387097       3.943719003982967E-004
   17.4369501466276       3.677486818217341E-004
   17.4545454545455       3.265884203827621E-004
   17.4721407624633       2.891148011417064E-004
   17.4897360703812       2.398453431011700E-004
   17.5073313782991       1.975856419965547E-004
   17.5249266862170       1.459868605905471E-004
   17.5425219941349       1.047414409283966E-004
   17.5601173020528       5.667286658469467E-005
   17.5777126099707       2.269049051451622E-005
   17.5953079178886      -1.508396915129212E-005
   17.6129032258065      -3.367965055200031E-005
   17.6304985337243      -5.172644569853418E-005
   17.6480938416422      -4.645925185814975E-005
   17.6656891495601      -3.993768824358246E-005
   17.6832844574780      -8.862887201963155E-006
   17.7008797653959       2.215094441048143E-005
   17.7184750733138       7.768893688690693E-005
   17.7360703812317       1.302731993586211E-004
   17.7536656891496       2.062546013177655E-004
   17.7712609970675       2.745974786045200E-004
   17.7888563049853       3.638583243605557E-004
   17.8064516129032       4.378468289963062E-004
   17.8240469208211       5.270909517137618E-004
   17.8416422287390       5.902118973593764E-004
   17.8592375366569       6.657472806989400E-004
   17.8768328445748       7.068014463988876E-004
   17.8944281524927       7.613443163455140E-004
   17.9120234604106       7.718433938860216E-004
   17.9296187683284       8.011700145132845E-004
   17.9472140762463       7.719480266280112E-004
   17.9648093841642       7.770586041965004E-004
   17.9824046920821       6.921989490071085E-004
   18.0000000000000       7.227378626273713E-004
