  0.000000000000000E+000  2.217622823125215E-003
  1.759530791788856E-002  1.273361011245135E-003
  3.519061583577713E-002  1.265765107659364E-003
  5.278592375366570E-002  9.556518998773147E-004
  7.038123167155426E-002  9.556939664762410E-004
  8.797653958944282E-002  7.739369102498019E-004
  0.105571847507331       7.772400734972900E-004
  0.123167155425220       6.506201516104678E-004
  0.140762463343109       6.555334074582620E-004
  0.158357771260997       5.594238833513246E-004
  0.175953079178886       5.651521315400485E-004
  0.193548387096774       4.883017092932487E-004
  0.211143695014663       4.944150689521501E-004
  0.228739002932551       4.307508935752331E-004
  0.246334310850440       4.369798283226524E-004
  0.263929618768328       3.828293370387225E-004
  0.281524926686217       3.889841321490563E-004
  0.299120234604106       3.419640148413567E-004
  0.316715542521994       3.479175580866423E-004
  0.334310850439883       3.064001111985609E-004
  0.351906158357771       3.120692239020000E-004
  0.369501466275660       2.749014338039668E-004
  0.387096774193548       2.802400751486486E-004
  0.404692082111437       2.465936513098786E-004
  0.422287390029326       2.516201912678569E-004
  0.439882697947214       2.209672315821435E-004
  0.457478005865103       2.258052325515459E-004
  0.475073313782991       1.977850670157832E-004
  0.492668621700880       2.025280483613860E-004
  0.510263929618768       1.768416490311676E-004
  0.527859237536657       1.815540658729047E-004
  0.545454545454546       1.579483530845641E-004
  0.563049853372434       1.626669330564387E-004
  0.580645161290323       1.409128315236695E-004
  0.598240469208211       1.456352879718167E-004
  0.615835777126100       1.254832686261191E-004
  0.633431085043988       1.300924140922240E-004
  0.651026392961877       1.111965862649416E-004
  0.668621700879765       1.155286909196734E-004
  0.686217008797654       9.761307641262626E-005
  0.703812316715543       1.015623222183630E-004
  0.721407624633431       8.441343470743077E-005
  0.739002932551320       8.790556577495151E-005
  0.756598240469208       7.135472411196297E-005
  0.774193548387097       7.434141079353996E-005
  0.791788856304985       5.826083724967669E-005
  0.809384164222874       6.072776018461580E-005
  0.826979472140763       4.509048101769919E-005
  0.844574780058651       4.722431075313234E-005
  0.862170087976540       3.224940934103426E-005
  0.879765395894428       3.436230403926914E-005
  0.897360703812317       2.029076889267561E-005
  0.914956011730205       2.268214556078593E-005
  0.932551319648094       9.754670407139371E-006
  0.950146627565982       1.271969005244508E-005
  0.967741935483871       1.181199405335343E-006
  0.985337243401760       5.015562009398191E-006
   1.00293255131965      -4.879715296196713E-006
   1.02052785923754       8.893364065196140E-008
   1.03812316715543      -8.117851082252368E-006
   1.05571847507331      -2.200497870886053E-006
   1.07331378299120      -9.093188446075304E-006
   1.09090909090909      -2.596280978361537E-006
   1.10850439882698      -8.588601426060924E-006
   1.12609970674487      -1.904300621618407E-006
   1.14369501466276      -7.430076285138115E-006
   1.16129032258065      -9.758712987928130E-007
   1.17888563049853      -6.496773550486945E-006
   1.19648093841642      -7.305834944370121E-007
   1.21407624633431      -6.766488112029095E-006
   1.23167155425220      -2.185358212200061E-006
   1.24926686217009      -9.146578299232156E-006
   1.26686217008798      -5.987040065389720E-006
   1.28445747800587      -1.404090256977208E-005
   1.30205278592375      -1.240294285675478E-005
   1.31964809384164      -2.163143489041347E-005
   1.33724340175953      -2.154232454421266E-005
   1.35483870967742      -3.195365728977001E-005
   1.37243401759531      -3.336174680367926E-005
   1.39002932551320      -4.486868515233091E-005
   1.40762463343109      -4.758445732892790E-005
   1.42521994134897      -5.978121148857475E-005
   1.44281524926686      -6.300638078761993E-005
   1.46041055718475      -7.488013872026085E-005
   1.47800586510264      -7.762414118215074E-005
   1.49560117302053      -8.829929403022968E-005
   1.51319648093842      -8.974714914194026E-005
   1.53079178885631      -9.848608315198366E-005
   1.54838709677419      -9.795052009099792E-005
   1.56598240469208      -1.041435528782807E-004
   1.58357771260997      -1.010803228923348E-004
   1.60117302052786      -1.042978092628303E-004
   1.61876832844575      -9.853298221820602E-005
   1.63636363636364      -9.927839572623803E-005
   1.65395894428153      -9.202886494353598E-005
   1.67155425219941      -9.173645216272506E-005
   1.68914956011730      -8.431209168028722E-005
   1.70674486803519      -8.419157169911972E-005
   1.72434017595308      -7.770516462597575E-005
   1.74193548387097      -7.879766923782650E-005
   1.75953079178886      -7.420157912811846E-005
   1.77712609970675      -7.737833027957993E-005
   1.79472140762463      -7.542759496484899E-005
   1.81231671554252      -8.124630700317794E-005
   1.82991202346041      -8.187281528003622E-005
   1.84750733137830      -8.935067585956019E-005
   1.86510263929619      -9.107444947636912E-005
   1.88269794721408      -9.878539487150788E-005
   1.90029325513196      -1.003186321737204E-004
   1.91788856304985      -1.070862824013982E-004
   1.93548387096774      -1.073385037975884E-004
   1.95307917888563      -1.121672468456009E-004
   1.97067448680352      -1.102307616843038E-004
   1.98826979472141      -1.123274801619674E-004
   2.00586510263930      -1.075637743995193E-004
   2.02346041055718      -1.067494660016835E-004
   2.04105571847507      -9.986288909721115E-005
   2.05865102639296      -9.756415205044795E-005
   2.07624633431085      -9.005809791094043E-005
   2.09384164222874      -8.761844933387623E-005
   2.11143695014663      -8.071000663795571E-005
   2.12903225806452      -7.924920451694749E-005
   2.14662756598241      -7.395934586763189E-005
   2.16422287390029      -7.440744290294187E-005
   2.18181818181818      -7.155459175274336E-005
   2.19941348973607      -7.459810878649842E-005
   2.21700879765396      -7.456611819576679E-005
   2.23460410557185      -7.985311260740280E-005
   2.25219941348974      -8.145189549398424E-005
   2.26979472140762      -8.753933130452651E-005
   2.28739002932551      -8.945937601079581E-005
   2.30498533724340      -9.517870373423567E-005
   2.32258064516129      -9.635232734791521E-005
   2.34017595307918      -1.007313221470380E-004
   2.35777126099707      -1.002715493585551E-004
   2.37536656891496      -1.025213061739277E-004
   2.39296187683284      -9.974568999193246E-005
   2.41055718475073      -9.936794841660649E-005
   2.42815249266862      -9.425292532058729E-005
   2.44574780058651      -9.193286302344122E-005
   2.46334310850440      -8.553969876319715E-005
   2.48093841642229      -8.228783405860341E-005
   2.49853372434018      -7.548977897393544E-005
   2.51612903225806      -7.209065850019431E-005
   2.53372434017595      -6.559170674108887E-005
   2.55131964809384      -6.268062462045184E-005
   2.56891495601173      -5.704024158010004E-005
   2.58651026392962      -5.509781939564838E-005
   2.60410557184751      -5.068228971197240E-005
   2.62170087976540      -4.981499751629010E-005
   2.63929618768328      -4.623454103815418E-005
   2.65689149560117      -4.566475729070468E-005
   2.67448680351906      -4.211957689922249E-005
   2.69208211143695      -4.117034086950662E-005
   2.70967741935484      -3.706818145798462E-005
   2.72727272727273      -3.522166316379235E-005
   2.74486803519062      -3.010797056253602E-005
   2.76246334310850      -2.697848612695106E-005
   2.78005865102639      -2.053980276017269E-005
   2.79765395894428      -1.590982195242308E-005
   2.81524926686217      -8.113562882131269E-006
   2.83284457478006      -2.406789955708509E-006
   2.85043988269795       5.808371556312092E-006
   2.86803519061584       1.149776086546443E-005
   2.88563049853372       1.915037236891070E-005
   2.90322580645161       2.395063863284166E-005
   2.92082111436950       3.025563228466778E-005
   2.93841642228739       3.345480607296069E-005
   2.95601173020528       3.777571140671953E-005
   2.97360703812317       3.881410341936729E-005
   2.99120234604106       4.068527193555264E-005
   3.00879765395894       3.924065734726918E-005
   3.02639296187683       3.872629952299627E-005
   3.04398826979472       3.547095555251725E-005
   3.06158357771261       3.361430024508994E-005
   3.07917888563050       2.955913292269178E-005
   3.09677419354839       2.724851689545399E-005
   3.11436950146628       2.319578065698548E-005
   3.13196480938416       2.116522606626841E-005
   3.14956011730205       1.778414640035735E-005
   3.16715542521994       1.664233637110357E-005
   3.18475073313783       1.447262560900537E-005
   3.20234604105572       1.467612084192580E-005
   3.21994134897361       1.399246282788115E-005
   3.23753665689150       1.545709631937524E-005
   3.25513196480938       1.584912628534293E-005
   3.27272727272727       1.811260084742532E-005
   3.29032258064516       1.918803709224562E-005
   3.30791788856305       2.191132373544234E-005
   3.32551319648094       2.336741713476763E-005
   3.34310850439883       2.627980783896190E-005
   3.36070381231672       2.787173830352489E-005
   3.37829912023460       3.075658651072583E-005
   3.39589442815249       3.229504706568322E-005
   3.41348973607038       3.500789212814741E-005
   3.43108504398827       3.643120200793260E-005
   3.44868035190616       3.900014705643746E-005
   3.46627565982405       4.035794934291147E-005
   3.48387096774194       4.281205922987626E-005
   3.50146627565982       4.411216266238834E-005
   3.51906158357771       4.644746059399596E-005
   3.53665689149560       4.767356325315998E-005
   3.55425219941349       4.986483879859148E-005
   3.57184750733138       5.097953890528280E-005
   3.58944281524927       5.297791726847285E-005
   3.60703812316716       5.391123859770931E-005
   3.62463343108504       5.561317247797472E-005
   3.64222873900293       5.623075434021674E-005
   3.65982404692082       5.751390709938918E-005
   3.67741935483871       5.772764947564432E-005
   3.69501466275660       5.853266327647032E-005
   3.71260997067449       5.830127307556650E-005
   3.73020527859238       5.860541227415764E-005
   3.74780058651026       5.792197313395235E-005
   3.76539589442815       5.773779811577576E-005
   3.78299120234604       5.663532577357077E-005
   3.80058651026393       5.602644705642259E-005
   3.81818181818182       5.462438099338183E-005
   3.83577712609971       5.380371385558981E-005
   3.85337243401760       5.236693493422542E-005
   3.87096774193548       5.157147437899555E-005
   3.88856304985337       5.028743198049139E-005
   3.90615835777126       4.967229889073556E-005
   3.92375366568915       4.866812715273536E-005
   3.94134897360704       4.833713070304024E-005
   3.95894428152493       4.769108397644260E-005
   3.97653958944282       4.769660473899281E-005
   3.99413489736070       4.742751752236814E-005
   4.01173020527859       4.773623518765278E-005
   4.02932551319648       4.771344592272832E-005
   4.04692082111437       4.811430301221239E-005
   4.06451612903226       4.813464778444108E-005
   4.08211143695015       4.848158775642536E-005
   4.09970674486804       4.844032418622819E-005
   4.11730205278592       4.865876843057144E-005
   4.13489736070381       4.850509807456839E-005
   4.15249266862170       4.856822319979667E-005
   4.17008797653959       4.829759948006778E-005
   4.18768328445748       4.822757972010218E-005
   4.20527859237537       4.789574950174418E-005
   4.22287390029326       4.779526244130205E-005
   4.24046920821114       4.752034564432932E-005
   4.25806451612903       4.745901911317654E-005
   4.27565982404692       4.724417371963578E-005
   4.29325513196481       4.718991263231642E-005
   4.31085043988270       4.698152686492288E-005
   4.32844574780059       4.686533310611108E-005
   4.34604105571848       4.657925726719896E-005
   4.36363636363636       4.630402282582640E-005
   4.38123167155425       4.582715295289238E-005
   4.39882697947214       4.526191602419472E-005
   4.41642228739003       4.443619294329444E-005
   4.43401759530792       4.341864629672906E-005
   4.45161290322581       4.213579770323671E-005
   4.46920821114370       4.063230434688561E-005
   4.48680351906158       3.889987974907071E-005
   4.50439882697947       3.694111222386867E-005
   4.52199413489736       3.480673621014475E-005
   4.53958944281525       3.245771481807742E-005
   4.55718475073314       3.000243944419499E-005
   4.57478005865103       2.736403755015812E-005
   4.59237536656892       2.471102986758975E-005
   4.60997067448680       2.194370289267307E-005
   4.62756598240469       1.930020395993793E-005
   4.64516129032258       1.661824142211471E-005
   4.66275659824047       1.414041364302865E-005
   4.68035190615836       1.163817601672828E-005
   4.69794721407625       9.383755477794791E-006
   4.71554252199414       7.096045583214299E-006
   4.73313782991202       5.079012984775859E-006
   4.75073313782991       3.002295866499707E-006
   4.76832844574780       1.200055060520878E-006
   4.78592375366569      -7.074004135660811E-007
   4.80351906158358      -2.363041864771167E-006
   4.82111436950147      -4.201622370991191E-006
   4.83870967741935      -5.819859021223520E-006
   4.85630498533724      -7.651970467047208E-006
   4.87390029325513      -9.238973990269524E-006
   4.89149560117302      -1.104030924536927E-005
   4.90909090909091      -1.255668607906417E-005
   4.92668621700880      -1.427492994731087E-005
   4.94428152492669      -1.565873108097334E-005
   4.96187683284458      -1.722133040706209E-005
   4.97947214076246      -1.839034179147053E-005
   4.99706744868035      -1.970210958827125E-005
   5.01466275659824      -2.054785579513873E-005
   5.03225806451613      -2.151899773343375E-005
   5.04985337243402      -2.203283519989599E-005
   5.06744868035191      -2.273445617814899E-005
   5.08504398826980      -2.302216864262201E-005
   5.10263929618768      -2.357131421399269E-005
   5.12023460410557      -2.375909678362373E-005
   5.13782991202346      -2.428844490156467E-005
   5.15542521994135      -2.451632407600671E-005
   5.17302052785924      -2.517203249365457E-005
   5.19061583577713      -2.559443034571093E-005
   5.20821114369502      -2.654019532179321E-005
   5.22580645161290      -2.731202696744738E-005
   5.24340175953079      -2.863740694225048E-005
   5.26099706744868      -2.976313442381413E-005
   5.27859237536657      -3.142746240325933E-005
   5.29618768328446      -3.285521196690060E-005
   5.31378299120235      -3.479886260567209E-005
   5.33137829912024      -3.646328261821830E-005
   5.34897360703812      -3.861392713095484E-005
   5.36656891495601      -4.043627928440526E-005
   5.38416422287390      -4.270582592860678E-005
   5.40175953079179      -4.458582011139548E-005
   5.41935483870968      -4.684994904723591E-005
   5.43695014662757      -4.863882424890873E-005
   5.45454545454546      -5.075339031420834E-005
   5.47214076246334      -5.233935999861242E-005
   5.48973607038123      -5.421869427349223E-005
   5.50733137829912      -5.553425838848877E-005
   5.52492668621701      -5.712506281172430E-005
   5.54252199413490      -5.813131576143505E-005
   5.56011730205279      -5.940812878017444E-005
   5.57771260997067      -6.009571879034792E-005
   5.59530791788856      -6.106730456127379E-005
   5.61290322580645      -6.147555495269831E-005
   5.63049853372434      -6.222930082040242E-005
   5.64809384164223      -6.247946218421970E-005
   5.66568914956012      -6.312401768990140E-005
   5.68328445747801      -6.329705198270108E-005
   5.70087976539589      -6.389437488538526E-005
   5.71847507331378      -6.404089760987387E-005
   5.73607038123167      -6.463170721049513E-005
   5.75366568914956      -6.478497325065198E-005
   5.77126099706745      -6.539453989584837E-005
   5.78885630498534      -6.557274850322665E-005
   5.80645161290323      -6.620907356917205E-005
   5.82404692082111      -6.640091841723204E-005
   5.84164222873900      -6.702193325495635E-005
   5.85923753665689      -6.716735870221028E-005
   5.87683284457478      -6.771501415772028E-005
   5.89442815249267      -6.776408599132369E-005
   5.91202346041056      -6.819314361536358E-005
   5.92961876832845      -6.810557386497473E-005
   5.94721407624634      -6.837946840003072E-005
   5.96480938416422      -6.812359874239712E-005
   5.98240469208211      -6.821525918699936E-005
   6.00000000000000      -6.777106638681923E-005
   6.01759530791789      -6.767205900659048E-005
   6.03519061583578      -6.705238312620255E-005
   6.05278592375367      -6.679049128564074E-005
   6.07038123167156      -6.602224346567926E-005
   6.08797653958944      -6.561713587997901E-005
   6.10557184750733      -6.471654936039677E-005
   6.12316715542522      -6.418192264580289E-005
   6.14076246334311      -6.316228564990472E-005
   6.15835777126100      -6.251108356676112E-005
   6.17595307917889      -6.138710582786618E-005
   6.19354838709677      -6.063645747731780E-005
   6.21114369501466      -5.943263086824467E-005
   6.22873900293255      -5.861841605397943E-005
   6.24633431085044      -5.737504876820956E-005
   6.26392961876833      -5.652511075350681E-005
   6.28152492668622      -5.525487204726733E-005
   6.29912023460411      -5.437114252224482E-005
   6.31671554252199      -5.306899570994727E-005
   6.33431085043988      -5.213969613944025E-005
   6.35190615835777      -5.078853645356421E-005
   6.36950146627566      -4.979063518720550E-005
   6.38709677419355      -4.836221520410354E-005
   6.40469208211144      -4.726061836556670E-005
   6.42228739002933      -4.571815074543419E-005
   6.43988269794721      -4.449307349971696E-005
   6.45747800586510      -4.284867084179130E-005
   6.47507331378299      -4.153076766274837E-005
   6.49266862170088      -3.981934330671985E-005
   6.51026392961877      -3.844400503842551E-005
   6.52785923753666      -3.670174452385342E-005
   6.54545454545455      -3.530508049601280E-005
   6.56304985337243      -3.356887814529433E-005
   6.58064516129032      -3.218827294225317E-005
   6.59824046920821      -3.049766229635746E-005
   6.61583577712610      -2.917604498898139E-005
   6.63343108504399      -2.757388713622187E-005
   6.65102639296188      -2.633957745546825E-005
   6.66862170087977      -2.483507346769952E-005
   6.68621700879765      -2.368435266728309E-005
   6.70381231671554      -2.226631445738356E-005
   6.72140762463343      -2.118093600704190E-005
   6.73900293255132      -1.982499299171865E-005
   6.75659824046921      -1.877366776875931E-005
   6.77419354838710      -1.744168580508990E-005
   6.79178885630499      -1.637768857446305E-005
   6.80938416422287      -1.501188056594271E-005
   6.82697947214076      -1.386827783111055E-005
   6.84457478005865      -1.241318399756225E-005
   6.86217008797654      -1.116115866481402E-005
   6.87976539589443      -9.606825654576607E-006
   6.89736070381232      -8.242483079189317E-006
   6.91495601173021      -6.588038093851524E-006
   6.93255131964809      -5.111677935202995E-006
   6.95014662756598      -3.358314825350944E-006
   6.96774193548387      -1.770872944005296E-006
   6.98533724340176       8.063898291821044E-008
   7.00293255131965       1.779546847602674E-006
   7.02052785923754       3.726820155275932E-006
   7.03812316715543       5.519602611567875E-006
   7.05571847507331       7.522111853948890E-006
   7.07331378299120       9.357650956458637E-006
   7.09090909090909       1.136444464951579E-005
   7.10850439882698       1.319441871290781E-005
   7.12609970674487       1.515976471114438E-005
   7.14369501466276       1.694213377606279E-005
   7.16129032258065       1.882789194149953E-005
   7.17888563049853       2.053004729489676E-005
   7.19648093841642       2.231039834019001E-005
   7.21407624633431       2.391924905729529E-005
   7.23167155425220       2.560325674217487E-005
   7.24926686217009       2.714624528468726E-005
   7.26686217008798       2.876013314052850E-005
   7.28445747800587       3.025476136297205E-005
   7.30205278592375       3.181040747333948E-005
   7.31964809384164       3.326628698251908E-005
   7.33724340175953       3.477225718050117E-005
   7.35483870967742       3.619870451378784E-005
   7.37243401759531       3.766619554512424E-005
   7.39002932551320       3.907862577470963E-005
   7.40762463343109       4.053129177836999E-005
   7.42521994134897       4.196632687922400E-005
   7.44281524926686       4.344164325267460E-005
   7.46041055718475       4.491631716837156E-005
   7.47800586510264       4.640746031981701E-005
   7.49560117302053       4.790157607450114E-005
   7.51319648093842       4.937975634905923E-005
   7.53079178885631       5.085809756201498E-005
   7.54838709677419       5.228259296334918E-005
   7.56598240469208       5.370010381750778E-005
   7.58357771260997       5.502192025157168E-005
   7.60117302052786       5.632668374061621E-005
   7.61876832844575       5.749560122830825E-005
   7.63636363636364       5.865695570268353E-005
   7.65395894428153       5.967220765487375E-005
   7.67155425219941       6.070421074646717E-005
   7.68914956011730       6.157924684205296E-005
   7.70674486803519       6.249324278803269E-005
   7.72434017595308       6.323764979295304E-005
   7.74193548387097       6.404244022429133E-005
   7.75953079178886       6.466477144083144E-005
   7.77712609970675       6.537022902593452E-005
   7.79472140762463       6.588340276667760E-005
   7.81231671554252       6.651254304650067E-005
   7.82991202346041       6.696698225482982E-005
   7.84750733137830       6.760019280868856E-005
   7.86510263929619       6.807815094458361E-005
   7.88269794721408       6.877976964534930E-005
   7.90029325513197       6.932861772515804E-005
   7.91788856304985       7.013270221973295E-005
   7.93548387096774       7.077405029861293E-005
   7.95307917888563       7.169021439079993E-005
   7.97067448680352       7.242101479764789E-005
   7.98826979472141       7.343239704834563E-005
   8.00586510263930       7.421762705541613E-005
   8.02346041055718       7.526424824791158E-005
   8.04105571847507       7.602695364108521E-005
   8.05865102639296       7.704146845225124E-005
   8.07624633431085       7.773447127163683E-005
   8.09384164222874       7.868066711898696E-005
   8.11143695014663       7.927216517711699E-005
   8.12903225806452       8.012070134121882E-005
   8.14662756598241       8.058242070178760E-005
   8.16422287390029       8.130553525850596E-005
   8.18181818181818       8.160980414655928E-005
   8.19941348973607       8.218017695574235E-005
   8.21700879765396       8.230554829541820E-005
   8.23460410557185       8.273051432396405E-005
   8.25219941348974       8.272635457382852E-005
   8.26979472140763       8.307382252699013E-005
   8.28739002932551       8.300326179284836E-005
   8.30498533724340       8.332797749858354E-005
   8.32258064516129       8.323735887748544E-005
   8.34017595307918       8.357666444727380E-005
   8.35777126099707       8.349321999904917E-005
   8.37536656891496       8.386228468290030E-005
   8.39296187683285       8.378604400279292E-005
   8.41055718475073       8.416080455653016E-005
   8.42815249266862       8.403102223570574E-005
   8.44574780058651       8.432954959525926E-005
   8.46334310850440       8.408103685513713E-005
   8.48093841642229       8.426597573259751E-005
   8.49853372434018       8.387740727598736E-005
   8.51612903225807       8.393592930098153E-005
   8.53372434017595       8.339992040691878E-005
   8.55131964809384       8.332776511132979E-005
   8.56891495601173       8.264141506128318E-005
   8.58651026392962       8.243510131418387E-005
   8.60410557184751       8.159154626761572E-005
   8.62170087976540       8.123782180426297E-005
   8.63929618768329       8.022443050399741E-005
   8.65689149560117       7.972614843159675E-005
   8.67448680351906       7.856328385439040E-005
   8.69208211143695       7.794948117112314E-005
   8.70967741935484       7.667020686174969E-005
   8.72727272727273       7.597592516476286E-005
   8.74486803519062       7.461566728902505E-005
   8.76246334310851       7.387501209721611E-005
   8.78005865102639       7.246447834916482E-005
   8.79765395894428       7.170139327739928E-005
   8.81524926686217       7.024820746204422E-005
   8.83284457478006       6.943837711941955E-005
   8.85043988269795       6.789641525150933E-005
   8.86803519061584       6.700335152095124E-005
   8.88563049853373       6.535652680430054E-005
   8.90322580645161       6.437805971378451E-005
   8.92082111436950       6.263404864334227E-005
   8.93841642228739       6.158517610731969E-005
   8.95601173020528       5.976478216407731E-005
   8.97360703812317       5.867016061895534E-005
   8.99120234604106       5.680015186546436E-005
   9.00879765395895       5.568349927452483E-005
   9.02639296187683       5.376410440322089E-005
   9.04398826979472       5.258101093860778E-005
   9.06158357771261       5.054169303341746E-005
   9.07917888563050       4.922882604484497E-005
   9.09677419354839       4.702229106186027E-005
   9.11436950146628       4.554482945635288E-005
   9.13196480938416       4.314765087320558E-005
   9.14956011730205       4.149249089917578E-005
   9.16715542521994       3.890182672985383E-005
   9.18475073313783       3.707609103717283E-005
   9.20234604105572       3.430992508127670E-005
   9.21994134897361       3.234064330700503E-005
   9.23753665689150       2.942267829701638E-005
   9.25513196480938       2.731650634794169E-005
   9.27272727272727       2.424294854440227E-005
   9.29032258064516       2.199737526198998E-005
   9.30791788856305       1.877080182337013E-005
   9.32551319648094       1.639392846577743E-005
   9.34310850439883       1.302889160011916E-005
   9.36070381231672       1.054185422806347E-005
   9.37829912023460       7.067038554772087E-006
   9.39589442815249       4.506490293866656E-006
   9.41348973607038       9.664704866240160E-007
   9.43108504398827      -1.634441396500333E-006
   9.44868035190616      -5.246227479470261E-006
   9.46627565982405      -7.927826297787433E-006
   9.48387096774194      -1.165763680761092E-005
   9.50146627565982      -1.446091743663855E-005
   9.51906158357771      -1.834244421304695E-005
   9.53665689149560      -2.129295495310307E-005
   9.55425219941349      -2.534181622522012E-005
   9.57184750733138      -2.844379182933865E-005
   9.58944281524927      -3.264974633766722E-005
   9.60703812316716      -3.587244249513625E-005
   9.62463343108504      -4.017708499945226E-005
   9.64222873900293      -4.345243746699549E-005
   9.65982404692082      -4.781153032879574E-005
   9.67741935483871      -5.112484907091244E-005
   9.69501466275660      -5.553653633843518E-005
   9.71260997067449      -5.889063484028561E-005
   9.73020527859238      -6.335856957489604E-005
   9.74780058651026      -6.675568911704050E-005
   9.76539589442815      -7.127789388307477E-005
   9.78299120234604      -7.470944503374033E-005
   9.80058651026393      -7.926582091985454E-005
   9.81818181818182      -8.269233781115554E-005
   9.83577712609971      -8.722705761980300E-005
   9.85337243401760      -9.060637866822391E-005
   9.87096774193548      -9.510767012398080E-005
   9.88856304985337      -9.844747161993614E-005
   9.90615835777126      -1.029310088617850E-004
   9.92375366568915      -1.062512676338628E-004
   9.94134897360704      -1.107377066329570E-004
   9.95894428152493      -1.140577570974899E-004
   9.97653958944282      -1.185612866686590E-004
   9.99413489736071      -1.218865542223319E-004
   10.0117302052786      -1.263918295917722E-004
   10.0293255131965      -1.296667325231731E-004
   10.0469208211144      -1.340872907880159E-004
   10.0645161290323      -1.372382945301733E-004
   10.0821114369501      -1.415318025750520E-004
   10.0997067448680      -1.445390949284444E-004
   10.1173020527859      -1.486999524518240E-004
   10.1348973607038      -1.515693259321592E-004
   10.1524926686217      -1.556115594918370E-004
   10.1700879765396      -1.583637684216981E-004
   10.1876832844575      -1.623119910284595E-004
   10.2052785923754      -1.649722955527588E-004
   10.2228739002933      -1.688384934122803E-004
   10.2404692082111      -1.713900378325827E-004
   10.2580645161290      -1.751385697853180E-004
   10.2756598240469      -1.775540862792623E-004
   10.2932551319648      -1.811728701724055E-004
   10.3108504398827      -1.834524064795848E-004
   10.3284457478006      -1.869509941247708E-004
   10.3460410557185      -1.891127567463012E-004
   10.3636363636364      -1.925160950215708E-004
   10.3812316715543      -1.945909392050786E-004
   10.3988269794721      -1.979329323064634E-004
   10.4164222873900      -1.999482179312941E-004
   10.4340175953079      -2.032167029513870E-004
   10.4516129032258      -2.051080075892497E-004
   10.4692082111437      -2.082226313869019E-004
   10.4868035190616      -2.099252221024491E-004
   10.5043988269795      -2.128383994111643E-004
   10.5219941348974      -2.143207430106264E-004
   10.5395894428153      -2.170156915562792E-004
   10.5571847507331      -2.182766164668544E-004
   10.5747800586510      -2.207678363864312E-004
   10.5923753665689      -2.218399096784562E-004
   10.6099706744868      -2.241816843138225E-004
   10.6275659824047      -2.251336533455759E-004
   10.6451612903226      -2.273724718771799E-004
   10.6627565982405      -2.282083191301996E-004
   10.6803519061584      -2.303245563866759E-004
   10.6979472140762      -2.310224951264742E-004
   10.7155425219941      -2.329969524496612E-004
   10.7331378299120      -2.335435236466718E-004
   10.7507331378299      -2.353696782874901E-004
   10.7683284457478      -2.357680794282379E-004
   10.7859237536657      -2.374605534852843E-004
   10.8035190615836      -2.377423736169516E-004
   10.8211143695015      -2.393518791922451E-004
   10.8387096774194      -2.395657579500189E-004
   10.8563049853372      -2.411024456572365E-004
   10.8739002932551      -2.412224223999683E-004
   10.8914956011730      -2.426470718810581E-004
   10.9090909090909      -2.426318518029242E-004
   10.9266862170088      -2.439037306518426E-004
   10.9442815249267      -2.437168788282155E-004
   10.9618768328446      -2.448054328661407E-004
   10.9794721407625      -2.444264629652721E-004
   10.9970674486804      -2.453249865400485E-004
   11.0146627565982      -2.447730058583264E-004
   11.0322580645161      -2.455297469683608E-004
   11.0498533724340      -2.448505506472557E-004
   11.0674486803519      -2.454747879222266E-004
   11.0850439882698      -2.446480389447785E-004
   11.1026392961877      -2.451043279737708E-004
   11.1202346041056      -2.440869468135192E-004
   11.1378299120235      -2.443272818474594E-004
   11.1554252199413      -2.430701194919885E-004
   11.1730205278592      -2.430463130342454E-004
   11.1906158357771      -2.415066784032686E-004
   11.2082111436950      -2.411891653771674E-004
   11.2258064516129      -2.393762636765764E-004
   11.2434017595308      -2.388258069767743E-004
   11.2609970674487      -2.368185427083077E-004
   11.2785923753666      -2.360930713709139E-004
   11.2961876832845      -2.339272120639143E-004
   11.3137829912023      -2.330469484015152E-004
   11.3313782991202      -2.307312852745036E-004
   11.3489736070381      -2.296948697662907E-004
   11.3665689149560      -2.272204907995188E-004
   11.3841642228739      -2.260120547533888E-004
   11.4017595307918      -2.233591467253735E-004
   11.4193548387097      -2.219650364733465E-004
   11.4369501466276      -2.191570448530444E-004
   11.4545454545455      -2.176464814965325E-004
   11.4721407624633      -2.147668153767988E-004
   11.4897360703812      -2.132124533687160E-004
   11.5073313782991      -2.103229471196304E-004
   11.5249266862170      -2.087757120048253E-004
   11.5425219941349      -2.059177378462053E-004
   11.5601173020528      -2.044082798756845E-004
   11.5777126099707      -2.016021094495901E-004
   11.5953079178886      -2.001378199919652E-004
   11.6129032258065      -1.973746770587453E-004
   11.6304985337243      -1.959298485319733E-004
   11.6480938416422      -1.931867148420304E-004
   11.6656891495601      -1.917562869548044E-004
   11.6832844574780      -1.890421821585054E-004
   11.7008797653959      -1.876391193308380E-004
   11.7184750733138      -1.849687371134534E-004
   11.7360703812317      -1.836068495408623E-004
   11.7536656891496      -1.809930734906899E-004
   11.7712609970675      -1.796820851103156E-004
   11.7888563049853      -1.771312434923794E-004
   11.8064516129032      -1.758700063244936E-004
   11.8240469208211      -1.733703617317051E-004
   11.8416422287390      -1.721407752079732E-004
   11.8592375366569      -1.696845834511650E-004
   11.8768328445748      -1.684936419147517E-004
   11.8944281524927      -1.660979967083161E-004
   11.9120234604106      -1.649680261181856E-004
   11.9296187683284      -1.626604455009902E-004
   11.9472140762463      -1.616222299049561E-004
   11.9648093841642      -1.594374999591210E-004
   11.9824046920821      -1.585282780756230E-004
   12.0000000000000      -1.565068373542234E-004
   12.0175953079179      -1.557645088199403E-004
   12.0351906158358      -1.539249799250829E-004
   12.0527859237537      -1.533368495619818E-004
   12.0703812316716      -1.516539911614833E-004
   12.0879765395894      -1.511988622519723E-004
   12.1055718475073      -1.496598546432344E-004
   12.1231671554252      -1.493325338367630E-004
   12.1407624633431      -1.479420526637711E-004
   12.1583577712610      -1.477573655747197E-004
   12.1759530791789      -1.465442207777006E-004
   12.1935483870968      -1.465477248480248E-004
   12.2111436950147      -1.455855774651072E-004
   12.2287390029326      -1.458742181487747E-004
   12.2463343108504      -1.452357997026352E-004
   12.2639296187683      -1.458174287866102E-004
   12.2815249266862      -1.454651390030175E-004
   12.2991202346041      -1.462832642899134E-004
   12.3167155425220      -1.461529395793965E-004
   12.3343108504399      -1.471393894426788E-004
   12.3519061583578      -1.471645442255143E-004
   12.3695014662757      -1.482580677329681E-004
   12.3870967741935      -1.483904036920594E-004
   12.4046920821114      -1.495680970566451E-004
   12.4222873900293      -1.498458568923512E-004
   12.4398826979472      -1.512205535555336E-004
   12.4574780058651      -1.517668471357250E-004
   12.4750733137830      -1.534044636251970E-004
   12.4926686217009      -1.542343383723025E-004
   12.5102639296188      -1.561181089979169E-004
   12.5278592375367      -1.571933430099330E-004
   12.5454545454545      -1.592702571608043E-004
   12.5630498533724      -1.605316683621200E-004
   12.5806451612903      -1.627463428512877E-004
   12.5982404692082      -1.641618652784124E-004
   12.6158357771261      -1.665701842000533E-004
   12.6334310850440      -1.684102992665203E-004
   12.6510263929619      -1.714500618190026E-004
   12.6686217008798      -1.740892476815586E-004
   12.6862170087977      -1.779662909689209E-004
   12.7038123167155      -1.814677031011811E-004
   12.7214076246334      -1.861174413975325E-004
   12.7390029325513      -1.902909591846250E-004
   12.7565982404692      -1.953888290142104E-004
   12.7741935483871      -1.997575476687016E-004
   12.7917888563050      -2.046395316593988E-004
   12.8093841642229      -2.082658754870380E-004
   12.8269794721408      -2.118812463988338E-004
   12.8445747800587      -2.143461819600209E-004
   12.8621700879765      -2.173643336228388E-004
   12.8797653958944      -2.200268138953731E-004
   12.8973607038123      -2.240595899792037E-004
   12.9149560117302      -2.286794079418853E-004
   12.9325513196481      -2.356005297998458E-004
   12.9501466275660      -2.441481092331878E-004
   12.9677419354839      -2.560158841567257E-004
   12.9853372434018      -2.706410052210560E-004
   13.0029325513196      -2.897178034279792E-004
   13.0205278592375      -3.127383012225926E-004
   13.0381231671554      -3.409479779652548E-004
   13.0557184750733      -3.734343759724269E-004
   13.0733137829912      -4.112012284544257E-004
   13.0909090909091      -4.533254223900660E-004
   13.1085043988270      -5.006627231427416E-004
   13.1260997067449      -5.522832057943814E-004
   13.1436950146628      -6.088758329510110E-004
   13.1612903225806      -6.694729738468425E-004
   13.1788856304985      -7.345277380889769E-004
   13.1964809384164      -8.029199438395735E-004
   13.2140762463343      -8.743430218278850E-004
   13.2316715542522      -9.458338803985960E-004
   13.2492668621701      -1.015620641637948E-003
   13.2668621700880      -1.081022376033583E-003
   13.2844574780059      -1.140658529602397E-003
   13.3020527859238      -1.192268012135041E-003
   13.3196480938416      -1.234691977572014E-003
   13.3372434017595      -1.266044977041166E-003
   13.3548387096774      -1.285393103618491E-003
   13.3724340175953      -1.291287568491655E-003
   13.3900293255132      -1.283141155287581E-003
   13.4076246334311      -1.260379653640289E-003
   13.4252199413490      -1.224841377137049E-003
   13.4428152492669      -1.179154509496913E-003
   13.4604105571848      -1.125743933945214E-003
   13.4780058651026      -1.066615199910021E-003
   13.4956011730205      -1.003686259011813E-003
   13.5131964809384      -9.387008150360281E-004
   13.5307917888563      -8.732041198603256E-004
   13.5483870967742      -8.087479622509849E-004
   13.5659824046921      -7.465132111884863E-004
   13.5835777126100      -6.878194496979350E-004
   13.6011730205279      -6.333375457334895E-004
   13.6187683284457      -5.834700274371131E-004
   13.6363636363636      -5.371266203233109E-004
   13.6539589442815      -4.942149665104704E-004
   13.6715542521994      -4.539714687610573E-004
   13.6891495601173      -4.166851138016483E-004
   13.7067448680352      -3.817000619856293E-004
   13.7243401759531      -3.495470657662049E-004
   13.7419354838710      -3.195980107627834E-004
   13.7595307917889      -2.925851221685951E-004
   13.7771260997067      -2.678718870261940E-004
   13.7947214076246      -2.463674706103346E-004
   13.8123167155425      -2.273253203943190E-004
   13.8299120234604      -2.112135570627963E-004
   13.8475073313783      -1.964914408620833E-004
   13.8651026392962      -1.836253539017128E-004
   13.8826979472141      -1.711496926003305E-004
   13.9002932551320      -1.598133895922853E-004
   13.9178885630499      -1.482343546110577E-004
   13.9354838709677      -1.374841285543101E-004
   13.9530791788856      -1.263264244381370E-004
   13.9706744868035      -1.162669221325473E-004
   13.9882697947214      -1.063927208435998E-004
   14.0058651026393      -9.912030897880469E-005
   14.0234604105572      -9.471343709660061E-005
   14.0410557184751      -9.587027884386665E-005
   14.0586510263930      -1.012518037522080E-004
   14.0762463343109      -1.124588972950651E-004
   14.0938416422287      -1.273792867639385E-004
   14.1114369501466      -1.471746025701527E-004
   14.1290322580645      -1.691490628736807E-004
   14.1466275659824      -1.941202887126102E-004
   14.1642228739003      -2.188175192350727E-004
   14.1818181818182      -2.436525004032856E-004
   14.1994134897361      -2.645887072493835E-004
   14.2170087976540      -2.814930782961792E-004
   14.2346041055718      -2.916921461315979E-004
   14.2521994134897      -2.982209862221532E-004
   14.2697947214076      -2.996607726099604E-004
   14.2873900293255      -2.995407012748025E-004
   14.3049853372434      -2.965190195857393E-004
   14.3225806451613      -2.943666943242691E-004
   14.3401759530792      -2.916711580294985E-004
   14.3577712609971      -2.923483419420450E-004
   14.3753665689150      -2.948068135481469E-004
   14.3929618768328      -3.029914395253918E-004
   14.4105571847507      -3.147534489060516E-004
   14.4281524926686      -3.322964058573835E-004
   14.4457478005865      -3.511707825750419E-004
   14.4633431085044      -3.733537636451088E-004
   14.4809384164223      -3.947069969829977E-004
   14.4985337243402      -4.176639868013968E-004
   14.5161290322581      -4.382154380631151E-004
   14.5337243401760      -4.591917164100550E-004
   14.5513196480938      -4.766871228094626E-004
   14.5689149560117      -4.939458826150753E-004
   14.5865102639296      -5.072177378078069E-004
   14.6041055718475      -5.203331670796892E-004
   14.6217008797654      -5.300439463307358E-004
   14.6392961876833      -5.405639231174192E-004
   14.6568914956012      -5.479451752946155E-004
   14.6744868035191      -5.561149068929233E-004
   14.6920821114370      -5.607911863582451E-004
   14.7096774193548      -5.659482771177320E-004
   14.7272727272727      -5.670813615079525E-004
   14.7448680351906      -5.682948202043106E-004
   14.7624633431085      -5.649132455942593E-004
   14.7800586510264      -5.612388564665133E-004
   14.7976539589443      -5.525043565019175E-004
   14.8152492668622      -5.435104587176476E-004
   14.8328445747801      -5.302029575970886E-004
   14.8504398826979      -5.180940970684376E-004
   14.8680351906158      -5.027752369482488E-004
   14.8856304985337      -4.896958597343796E-004
   14.9032258064516      -4.740897921586260E-004
   14.9208211143695      -4.614350263268507E-004
   14.9384164222874      -4.466407948649489E-004
   14.9560117302053      -4.352333916015587E-004
   14.9736070381232      -4.217969716102683E-004
   14.9912023460411      -4.119010278438663E-004
   15.0087976539589      -3.997718838450299E-004
   15.0263929618768      -3.911957887146532E-004
   15.0439882697947      -3.805258200510378E-004
   15.0615835777126      -3.739335354213709E-004
   15.0791788856305      -3.654992395061880E-004
   15.0967741935484      -3.614636345475402E-004
   15.1143695014663      -3.555372537973024E-004
   15.1319648093842      -3.539611974458065E-004
   15.1495601173021      -3.499714487384096E-004
   15.1671554252199      -3.496756231053376E-004
   15.1847507331378      -3.455951893971287E-004
   15.2023460410557      -3.432006987197271E-004
   15.2199413489736      -3.333023316335376E-004
   15.2375366568915      -3.215037174147423E-004
   15.2551319648094      -3.008449725595058E-004
   15.2727272727273      -2.791666021722315E-004
   15.2903225806452      -2.503555136477983E-004
   15.3079178885631      -2.233765267983403E-004
   15.3255131964809      -1.926500343987182E-004
   15.3431085043988      -1.681499530933645E-004
   15.3607038123167      -1.448347412109903E-004
   15.3782991202346      -1.338313078084804E-004
   15.3958944281525      -1.309365741506960E-004
   15.4134897360704      -1.487833211625021E-004
   15.4310850439883      -1.788917200498661E-004
   15.4486803519062      -2.255587257914743E-004
   15.4662756598240      -2.757080562292116E-004
   15.4838709677419      -3.330599101113359E-004
   15.5014662756598      -3.839434269840290E-004
   15.5190615835777      -4.322188350199047E-004
   15.5366568914956      -4.640059277162748E-004
   15.5542521994135      -4.836659333088636E-004
   15.5718475073314      -4.775474141430496E-004
   15.5894428152493      -4.511410099284470E-004
   15.6070381231672      -3.928114625699401E-004
   15.6246334310850      -3.185778767140873E-004
   15.6422287390029      -2.311284665194449E-004
   15.6598240469208      -1.504728719898144E-004
   15.6774193548387      -7.519576539823122E-005
   15.6950146627566      -2.280307763176445E-005
   15.7126099706745       1.107180628954105E-005
   15.7302052785924       1.112316601714766E-005
   15.7478005865103      -1.516624858642361E-005
   15.7653958944282      -8.033253036362218E-005
   15.7829912023460      -1.724707722109664E-004
   15.8005865102639      -2.985641511106956E-004
   15.8181818181818      -4.332637513627132E-004
   15.8357771260997      -5.688110727519353E-004
   15.8533724340176      -6.823755138682140E-004
   15.8709677419355      -7.774229700242999E-004
   15.8885630498534      -8.372450740001593E-004
   15.9061583577713      -8.706518269631202E-004
   15.9237536656892      -8.646201491254145E-004
   15.9413489736070      -8.322675106577180E-004
   15.9589442815249      -7.639978431792931E-004
   15.9765395894428      -6.776470314649107E-004
   15.9941348973607      -5.682065574801010E-004
   16.0117302052786      -4.621142675877252E-004
   16.0293255131965      -3.583375928330595E-004
   16.0469208211144      -2.735723022532469E-004
   16.0645161290323      -1.942923040534674E-004
   16.0821114369501      -1.325290818962686E-004
   16.0997067448680      -7.187784966133770E-005
   16.1173020527859      -2.309629496944104E-005
   16.1348973607038       3.175352088643413E-005
   16.1524926686217       8.222278929297694E-005
   16.1700879765396       1.470169186198817E-004
   16.1876832844575       2.151592211400916E-004
   16.2052785923754       3.045589373298681E-004
   16.2228739002933       3.960689102047269E-004
   16.2404692082111       4.948952769380918E-004
   16.2580645161290       5.772916121973129E-004
   16.2756598240469       6.525857921726365E-004
   16.2932551319648       6.994356915238806E-004
   16.3108504398827       7.303140066835578E-004
   16.3284457478006       7.258654335733026E-004
   16.3460410557185       7.017377015753532E-004
   16.3636363636364       6.409126562417858E-004
   16.3812316715543       5.631726027493397E-004
   16.3988269794721       4.557273512240605E-004
   16.4164222873900       3.482022159523638E-004
   16.4340175953079       2.357401513518939E-004
   16.4516129032258       1.433246101840307E-004
   16.4692082111437       5.645483775701933E-005
   16.4868035190616      -4.146181673305383E-006
   16.5043988269795      -5.687603410929596E-005
   16.5219941348974      -8.294090125201348E-005
   16.5395894428153      -1.036004033237217E-004
   16.5571847507331      -1.014682344437577E-004
   16.5747800586510      -1.005095949269021E-004
   16.5923753665689      -8.486719003900680E-005
   16.6099706744868      -8.200116578850746E-005
   16.6275659824047      -7.334207902520484E-005
   16.6451612903226      -7.739667468303880E-005
   16.6627565982405      -6.796841113228036E-005
   16.6803519061584      -6.297402652107598E-005
   16.6979472140762      -3.526995953788470E-005
   16.7155425219941      -3.572633254701807E-006
   16.7331378299120       5.970949590290842E-005
   16.7507331378299       1.345492902136246E-004
   16.7683284457478       2.485233439593085E-004
   16.7859237536657       3.795391745906872E-004
   16.8035190615836       5.536565244215413E-004
   16.8211143695015       7.393493210248512E-004
   16.8387096774194       9.487948892592249E-004
   16.8563049853372       1.144461061299053E-003
   16.8739002932551       1.343276812975782E-003
   16.8914956011730       1.509624220876340E-003
   16.9090909090909       1.663892584873065E-003
   16.9266862170088       1.771629369794776E-003
   16.9442815249267       1.856549882217327E-003
   16.9618768328446       1.885498956568649E-003
   16.9794721407625       1.886278100222364E-003
   16.9970674486804       1.828383739774763E-003
   17.0146627565982       1.749290520624986E-003
   17.0322580645161       1.632273386568185E-003
   17.0498533724340       1.521136067866979E-003
   17.0674486803519       1.392078585075535E-003
   17.0850439882698       1.285392226824427E-003
   17.1026392961877       1.172654478100773E-003
   17.1202346041056       1.092930160886136E-003
   17.1378299120235       1.013888921327935E-003
   17.1554252199413       9.737580354409868E-004
   17.1730205278592       9.360441563053266E-004
   17.1906158357771       9.376570544829685E-004
   17.2082111436950       9.354944509335076E-004
   17.2258064516129       9.605843445611589E-004
   17.2434017595308       9.654771952235286E-004
   17.2609970674487       9.880148229067741E-004
   17.2785923753666       9.829657193732707E-004
   17.2961876832845       9.923611412498050E-004
   17.3137829912023       9.704528452161339E-004
   17.3313782991202       9.628384153406855E-004
   17.3489736070381       9.225654508569838E-004
   17.3665689149560       8.988439925991088E-004
   17.3841642228739       8.432751656812263E-004
   17.4017595307918       8.093057849935553E-004
   17.4193548387097       7.477687074573476E-004
   17.4369501466276       7.160838476465070E-004
   17.4545454545455       6.599403513061617E-004
   17.4721407624633       6.386111380420279E-004
   17.4897360703812       5.934613077332383E-004
   17.5073313782991       5.872701254715404E-004
   17.5249266862170       5.569607458901298E-004
   17.5425219941349       5.695836567868148E-004
   17.5601173020528       5.571272881812686E-004
   17.5777126099707       5.916845171483308E-004
   17.5953079178886       5.996246198233590E-004
   17.6129032258065       6.588722937379446E-004
   17.6304985337243       6.876491834041743E-004
   17.6480938416422       7.684969166251601E-004
   17.6656891495601       8.108662177123905E-004
   17.6832844574780       9.056029617499306E-004
   17.7008797653959       9.526807795159612E-004
   17.7184750733138       1.053171564595886E-003
   17.7360703812317       1.095393551757632E-003
   17.7536656891496       1.193218647450330E-003
   17.7712609970675       1.220213330834744E-003
   17.7888563049853       1.306684856620848E-003
   17.8064516129032       1.306762072259093E-003
   17.8240469208211       1.373684208902902E-003
   17.8416422287390       1.338784330261468E-003
   17.8592375366569       1.389534685579172E-003
   17.8768328445748       1.320721840836354E-003
   17.8944281524927       1.367858117199603E-003
   17.9120234604106       1.267422300222365E-003
   17.9296187683284       1.336626967201761E-003
   17.9472140762463       1.206793091253411E-003
   17.9648093841642       1.369432604794807E-003
   17.9824046920821       1.210346002421378E-003
   18.0000000000000       1.948177302716629E-003
