  0.000000000000000E+000 -1.698379249573377E-003
  1.759530791788856E-002 -1.226131274639284E-003
  3.519061583577713E-002 -1.179923351303340E-003
  5.278592375366570E-002 -1.010774999404582E-003
  7.038123167155426E-002 -9.808509226532328E-004
  8.797653958944282E-002 -8.770226798666099E-004
  0.105571847507331      -8.553184602055140E-004
  0.123167155425220      -7.808649905747552E-004
  0.140762463343109      -7.641746435645932E-004
  0.158357771260997      -7.065622466126737E-004
  0.175953079178886      -6.932362670521833E-004
  0.193548387096774      -6.465611285431765E-004
  0.211143695014663      -6.356317184303887E-004
  0.228739002932551      -5.966281197785174E-004
  0.246334310850440      -5.874717723104192E-004
  0.263929618768328      -5.541189637526406E-004
  0.281524926686217      -5.462909648182384E-004
  0.299120234604106      -5.172410382478634E-004
  0.316715542521994      -5.104135414998076E-004
  0.334310850439883      -4.847194208091548E-004
  0.351906158357771      -4.786416969004029E-004
  0.369501466275660      -4.556091619776515E-004
  0.387096774193548      -4.500834430758865E-004
  0.404692082111437      -4.291867349791703E-004
  0.422287390029326      -4.240644857578650E-004
  0.439882697947214      -4.049416474650939E-004
  0.457478005865103      -4.001817567132770E-004
  0.475073313782991      -3.826125908690450E-004
  0.492668621700880      -3.782083156137586E-004
  0.510263929618768      -3.620274917806473E-004
  0.527859237536657      -3.579809396783916E-004
  0.545454545454546      -3.430615664305466E-004
  0.563049853372434      -3.393794353671370E-004
  0.580645161290323      -3.256205761989734E-004
  0.598240469208211      -3.223081097829904E-004
  0.615835777126100      -3.096150555767769E-004
  0.633431085043988      -3.066264840515526E-004
  0.651026392961877      -2.948219112877139E-004
  0.668621700879765      -2.920297198733400E-004
  0.686217008797654      -2.809269532775586E-004
  0.703812316715543      -2.782149616860600E-004
  0.721407624633431      -2.676482927003219E-004
  0.739002932551320      -2.649081286822774E-004
  0.756598240469208      -2.547243133177579E-004
  0.774193548387097      -2.518495317505603E-004
  0.791788856304985      -2.418995552336408E-004
  0.809384164222874      -2.387748384336394E-004
  0.826979472140763      -2.289192374919718E-004
  0.844574780058651      -2.255095458397690E-004
  0.862170087976540      -2.157766476038755E-004
  0.879765395894428      -2.121977797069613E-004
  0.897360703812317      -2.027004349220728E-004
  0.914956011730205      -1.991118373665908E-004
  0.932551319648094      -1.900037902002413E-004
  0.950146627565982      -1.866031672585051E-004
  0.967741935483871      -1.780825324342980E-004
  0.985337243401760      -1.751169752848367E-004
   1.00293255131965      -1.674509436321781E-004
   1.02052785923754      -1.652546149805839E-004
   1.03812316715543      -1.587324826904841E-004
   1.05571847507331      -1.574610798506601E-004
   1.07331378299120      -1.520719863961463E-004
   1.09090909090909      -1.516577434692792E-004
   1.10850439882698      -1.472788673906614E-004
   1.12609970674487      -1.475800134250279E-004
   1.14369501466276      -1.440265375823879E-004
   1.16129032258065      -1.448416535925787E-004
   1.17888563049853      -1.418682713984497E-004
   1.19648093841642      -1.429260318281053E-004
   1.21407624633431      -1.401933119056870E-004
   1.23167155425220      -1.410993472251845E-004
   1.24926686217009      -1.382004076119868E-004
   1.26686217008798      -1.386249964767278E-004
   1.28445747800587      -1.352811705574528E-004
   1.30205278592375      -1.349860444213180E-004
   1.31964809384164      -1.309701236087477E-004
   1.33724340175953      -1.297509588274032E-004
   1.35483870967742      -1.248619437585775E-004
   1.37243401759531      -1.225342655004288E-004
   1.39002932551320      -1.165868930957435E-004
   1.40762463343109      -1.129777883757434E-004
   1.42521994134897      -1.058677108167571E-004
   1.44281524926686      -1.011172614081034E-004
   1.46041055718475      -9.324791175557864E-005
   1.47800586510264      -8.788693706532340E-005
   1.49560117302053      -7.980807483436610E-005
   1.51319648093842      -7.440956058282502E-005
   1.53079178885631      -6.670629183633627E-005
   1.54838709677419      -6.187996758315689E-005
   1.56598240469208      -5.517887041656165E-005
   1.58357771260997      -5.158404607183310E-005
   1.60117302052786      -4.657914941791697E-005
   1.61876832844575      -4.492002066587980E-005
   1.63636363636364      -4.204455369303046E-005
   1.65395894428153      -4.221289658745429E-005
   1.67155425219941      -4.096364259242711E-005
   1.68914956011730      -4.234098095253835E-005
   1.70674486803519      -4.204750643148855E-005
   1.72434017595308      -4.392841396214185E-005
   1.74193548387097      -4.384588251346935E-005
   1.75953079178886      -4.545359305658317E-005
   1.77712609970675      -4.476225128673259E-005
   1.79472140762463      -4.523306293624353E-005
   1.81231671554252      -4.301168440763214E-005
   1.82991202346041      -4.158721061607474E-005
   1.84750733137830      -3.763428078716928E-005
   1.86510263929619      -3.468213254477242E-005
   1.88269794721408      -2.959470597136667E-005
   1.90029325513196      -2.577688513558834E-005
   1.91788856304985      -2.025607077601907E-005
   1.93548387096774      -1.631279059065811E-005
   1.95307917888563      -1.113022669527224E-005
   1.97067448680352      -7.871341346719116E-006
   1.98826979472141      -3.874535999071699E-006
   2.00586510263930      -2.204630082420347E-006
   2.02346041055718      -2.385075157822631E-007
   2.04105571847507      -5.668829263614367E-007
   2.05865102639296      -4.005849957279400E-007
   2.07624633431085      -2.147911411948034E-006
   2.09384164222874      -3.116746852414199E-006
   2.11143695014663      -5.580784713175121E-006
   2.12903225806452      -6.947479973238608E-006
   2.14662756598241      -9.363526457047605E-006
   2.16422287390029      -1.033179962521537E-005
   2.18181818181818      -1.187332107858513E-005
   2.19941348973607      -1.157439779306840E-005
   2.21700879765396      -1.136562203482218E-005
   2.23460410557185      -9.202932109885195E-006
   2.25219941348974      -7.257817481392828E-006
   2.26979472140762      -3.692695819405595E-006
   2.28739002932551      -6.035282156483801E-007
   2.30498533724340       3.737708920296831E-006
   2.32258064516129       7.316291157456356E-006
   2.34017595307918       1.175813923436981E-005
   2.35777126099707       1.512767674702614E-005
   2.37536656891496       1.895149464100317E-005
   2.39296187683284       2.136712792963519E-005
   2.41055718475073       2.380469651681321E-005
   2.42815249266862       2.462746650559008E-005
   2.44574780058651       2.546980193020912E-005
   2.46334310850440       2.492657753947275E-005
   2.48093841642229       2.457321106867137E-005
   2.49853372434018       2.309016627623697E-005
   2.51612903225806       2.198422079520324E-005
   2.53372434017595       2.001545511315269E-005
   2.55131964809384       1.862316488258947E-005
   2.56891495601173       1.664380157218515E-005
   2.58651026392962       1.545236469865366E-005
   2.60410557184751       1.396129178655130E-005
   2.62170087976540       1.342329975976769E-005
   2.63929618768328       1.261928182292611E-005
   2.65689149560117       1.257497838367985E-005
   2.67448680351906       1.210910799681116E-005
   2.69208211143695       1.218066022802392E-005
   2.70967741935484       1.166579903058088E-005
   2.72727272727273       1.146066958888275E-005
   2.74486803519062       1.049709588105168E-005
   2.76246334310850       9.610520462572496E-006
   2.78005865102639       7.785144510551077E-006
   2.79765395894428       5.795712866435258E-006
   2.81524926686217       2.695031460748301E-006
   2.83284457478006      -6.263843969090982E-007
   2.85043988269795      -4.844650075523426E-006
   2.86803519061584      -9.048809766278424E-006
   2.88563049853372      -1.385627506707307E-005
   2.90322580645161      -1.839867944558104E-005
   2.92082111436950      -2.323985778699050E-005
   2.93841642228739      -2.755284060016166E-005
   2.95601173020528      -3.184966697881202E-005
   2.97360703812317      -3.534152734016771E-005
   2.99120234604106      -3.848801716351126E-005
   3.00879765395894      -4.053365730983033E-005
   3.02639296187683      -4.200430307855342E-005
   3.04398826979472      -4.243428436155836E-005
   3.06158357771261      -4.245970102174954E-005
   3.07917888563050      -4.167486673643358E-005
   3.09677419354839      -4.068532786163002E-005
   3.11436950146628      -3.912983956819038E-005
   3.13196480938416      -3.758248737972815E-005
   3.14956011730205      -3.572335187030054E-005
   3.16715542521994      -3.409637498786179E-005
   3.18475073313783      -3.242177714195426E-005
   3.20234604105572      -3.121719657267749E-005
   3.21994134897361      -3.020873838789500E-005
   3.23753665689150      -2.974591505445723E-005
   3.25513196480938      -2.945672326448647E-005
   3.27272727272727      -2.963478276360498E-005
   3.29032258064516      -2.993443394974388E-005
   3.30791788856305      -3.061818221196024E-005
   3.32551319648094      -3.136719670579397E-005
   3.34310850439883      -3.241557680464664E-005
   3.36070381231672      -3.347055576365052E-005
   3.37829912023460      -3.473997304879122E-005
   3.39589442815249      -3.595635534166033E-005
   3.41348973607038      -3.730721451278752E-005
   3.43108504398827      -3.857817301655115E-005
   3.44868035190616      -3.996882977181608E-005
   3.46627565982405      -4.129615702048527E-005
   3.48387096774194      -4.273566877664152E-005
   3.50146627565982      -4.412349509562098E-005
   3.51906158357771      -4.561287657814514E-005
   3.53665689149560      -4.705778042900294E-005
   3.55425219941349      -4.859020464966402E-005
   3.57184750733138      -5.007998842736719E-005
   3.58944281524927      -5.163797584665747E-005
   3.60703812316716      -5.314493540584803E-005
   3.62463343108504      -5.467839172682597E-005
   3.64222873900293      -5.611769871973575E-005
   3.65982404692082      -5.752514613787649E-005
   3.67741935483871      -5.880221536163412E-005
   3.69501466275660      -6.000143532083352E-005
   3.71260997067449      -6.104166686148201E-005
   3.73020527859238      -6.196568919012986E-005
   3.74780058651026      -6.270811507325596E-005
   3.76539589442815      -6.330326939409538E-005
   3.78299120234604      -6.370121322925475E-005
   3.80058651026393      -6.393112761660505E-005
   3.81818181818182      -6.397149821099285E-005
   3.83577712609971      -6.388561422872291E-005
   3.85337243401760      -6.368828701755553E-005
   3.87096774193548      -6.343077424121352E-005
   3.88856304985337      -6.313068936417715E-005
   3.90615835777126      -6.282778771051964E-005
   3.92375366568915      -6.254334201780558E-005
   3.94134897360704      -6.230730853971323E-005
   3.95894428152493      -6.214350866935917E-005
   3.97653958944282      -6.207223306344276E-005
   3.99413489736070      -6.211697670334166E-005
   4.01173020527859      -6.228061558306927E-005
   4.02932551319648      -6.254901011019500E-005
   4.04692082111437      -6.288252095351664E-005
   4.06451612903226      -6.326787057101583E-005
   4.08211143695015      -6.367278015593987E-005
   4.09970674486804      -6.409257089484089E-005
   4.11730205278592      -6.449930140491427E-005
   4.13489736070381      -6.489490063360664E-005
   4.15249266862170      -6.525667557387314E-005
   4.17008797653959      -6.559329725725036E-005
   4.18768328445748      -6.589059095909939E-005
   4.20527859237537      -6.617002996824136E-005
   4.22287390029326      -6.644425427976317E-005
   4.24046920821114      -6.674860849689962E-005
   4.25806451612903      -6.708284694035423E-005
   4.27565982404692      -6.746169210578357E-005
   4.29325513196481      -6.787813749390788E-005
   4.31085043988270      -6.833538127334609E-005
   4.32844574780059      -6.882351857971876E-005
   4.34604105571848      -6.933473814388222E-005
   4.36363636363636      -6.985703368776058E-005
   4.38123167155425      -7.036934317897397E-005
   4.39882697947214      -7.085466858714344E-005
   4.41642228739003      -7.126666910851270E-005
   4.43401759530792      -7.158045031462957E-005
   4.45161290322581      -7.175894217970470E-005
   4.46920821114370      -7.180535656661282E-005
   4.48680351906158      -7.168631642180863E-005
   4.50439882697947      -7.142081152756114E-005
   4.52199413489736      -7.097388935012253E-005
   4.53958944281525      -7.037942644387117E-005
   4.55718475073314      -6.959992930757613E-005
   4.57478005865103      -6.868594476227947E-005
   4.59237536656892      -6.759924711179929E-005
   4.60997067448680      -6.641715533825765E-005
   4.62756598240469      -6.512050945578486E-005
   4.64516129032258      -6.380877564221068E-005
   4.66275659824047      -6.243645730201500E-005
   4.68035190615836      -6.109952642430872E-005
   4.69794721407625      -5.973231899553529E-005
   4.71554252199414      -5.843555997046922E-005
   4.73313782991202      -5.712507323058066E-005
   4.75073313782991      -5.590794792323916E-005
   4.76832844574780      -5.468059739758617E-005
   4.78592375366569      -5.355559467236446E-005
   4.80351906158358      -5.240443284548029E-005
   4.82111436950147      -5.133333854566936E-005
   4.83870967741935      -5.018798235124341E-005
   4.85630498533724      -4.910338030866648E-005
   4.87390029325513      -4.792657493265903E-005
   4.89149560117302      -4.681598198990264E-005
   4.90909090909091      -4.561014865945166E-005
   4.92668621700880      -4.448874027037872E-005
   4.94428152492669      -4.328014768537256E-005
   4.96187683284458      -4.218601999817905E-005
   4.97947214076246      -4.102549983141225E-005
   4.99706744868035      -4.002612558695347E-005
   5.01466275659824      -3.900639231694039E-005
   5.03225806451613      -3.821490243952017E-005
   5.04985337243402      -3.742454616889395E-005
   5.06744868035191      -3.687547560652974E-005
   5.08504398826980      -3.631008406838230E-005
   5.10263929618768      -3.597843947815711E-005
   5.12023460410557      -3.559723437280281E-005
   5.13782991202346      -3.542882578750883E-005
   5.15542521994135      -3.516420757837042E-005
   5.17302052785924      -3.507787701574922E-005
   5.19061583577713      -3.483271162685734E-005
   5.20821114369502      -3.470932685773621E-005
   5.22580645161290      -3.434090344457119E-005
   5.24340175953079      -3.404717695078749E-005
   5.26099706744868      -3.346952935892538E-005
   5.27859237536657      -3.296188094753531E-005
   5.29618768328446      -3.215086549946591E-005
   5.31378299120235      -3.141685192333634E-005
   5.33137829912024      -3.036889426691898E-005
   5.34897360703812      -2.941296040357939E-005
   5.36656891495601      -2.813970868443415E-005
   5.38416422287390      -2.698149512142541E-005
   5.40175953079179      -2.551197164826508E-005
   5.41935483870968      -2.419829360376932E-005
   5.43695014662757      -2.260764406160064E-005
   5.45454545454546      -2.123250842785609E-005
   5.47214076246334      -1.960997473070053E-005
   5.48973607038123      -1.825176048838437E-005
   5.50733137829912      -1.666790586052545E-005
   5.52492668621701      -1.539123397628182E-005
   5.54252199413490      -1.390493088332332E-005
   5.56011730205279      -1.276328288244685E-005
   5.57771260997067      -1.142168311364127E-005
   5.59530791788856      -1.045497977856886E-005
   5.61290322580645      -9.284789772689136E-006
   5.63049853372434      -8.488497319229024E-006
   5.64809384164223      -7.445749889558796E-006
   5.66568914956012      -6.760569387480084E-006
   5.68328445747801      -5.791776195212601E-006
   5.70087976539589      -5.171673213980883E-006
   5.71847507331378      -4.235243620024087E-006
   5.73607038123167      -3.642254083177830E-006
   5.75366568914956      -2.702828694494765E-006
   5.77126099706745      -2.104035646845165E-006
   5.78885630498534      -1.130507263974658E-006
   5.80645161290323      -4.967905631680924E-007
   5.82404692082111       5.332393425782275E-007
   5.84164222873900       1.205381902465406E-006
   5.85923753665689       2.274636616284069E-006
   5.87683284457478       2.958811359197684E-006
   5.89442815249267       4.039825944136321E-006
   5.91202346041056       4.707847371900220E-006
   5.92961876832845       5.772087284852755E-006
   5.94721407624634       6.394952900341561E-006
   5.96480938416422       7.413363446185830E-006
   5.98240469208211       7.961963953396441E-006
   6.00000000000000       8.906026725514597E-006
   6.01759530791789       9.354698744430249E-006
   6.03519061583578       1.020991405633447E-005
   6.05278592375367       1.055884080541306E-005
   6.07038123167156       1.133178116573677E-005
   6.08797653958944       1.158647482930008E-005
   6.10557184750733       1.228128758913933E-005
   6.12316715542522       1.244480558573964E-005
   6.14076246334311       1.306403758164025E-005
   6.15835777126100       1.313857679867802E-005
   6.17595307917889       1.368478447357698E-005
   6.19354838709677       1.367380761347993E-005
   6.21114369501466       1.415388245962430E-005
   6.22873900293255       1.407345102548011E-005
   6.24633431085044       1.451349097864292E-005
   6.26392961876833       1.438963148419204E-005
   6.28152492668622       1.480843546525539E-005
   6.29912023460411       1.465306281363685E-005
   6.31671554252199       1.505718252083386E-005
   6.33431085043988       1.487169259317663E-005
   6.35190615835777       1.525752185446496E-005
   6.36950146627566       1.503284037924707E-005
   6.38709677419355       1.538520441620120E-005
   6.40469208211144       1.509779160341677E-005
   6.42228739002933       1.538297071401515E-005
   6.43988269794721       1.499799946300358E-005
   6.45747800586510       1.519681367791627E-005
   6.47507331378299       1.471233765725441E-005
   6.49266862170088       1.483120157641142E-005
   6.51026392961877       1.425779971184102E-005
   6.52785923753666       1.431044087644357E-005
   6.54545454545455       1.366432461271612E-005
   6.56304985337243       1.366935530810952E-005
   6.58064516129032       1.297164202309411E-005
   6.59824046920821       1.295345837693778E-005
   6.61583577712610       1.223422943808591E-005
   6.63343108504399       1.222982048344731E-005
   6.65102639296188       1.152509151898164E-005
   6.66862170087977       1.156093957298376E-005
   6.68621700879765       1.088811257990670E-005
   6.70381231671554       1.097545167680090E-005
   6.72140762463343       1.034048088289042E-005
   6.73900293255132       1.048018729628577E-005
   6.75659824046921       9.878633860790994E-006
   6.77419354838710       1.006033311047941E-005
   6.79178885630499       9.474710167976405E-006
   6.80938416422287       9.670330247737506E-006
   6.82697947214076       9.057919272069167E-006
   6.84457478005865       9.218458888210388E-006
   6.86217008797654       8.540384009914802E-006
   6.87976539589443       8.640362539388567E-006
   6.89736070381232       7.878169773405678E-006
   6.91495601173021       7.902618785031130E-006
   6.93255131964809       7.043461734277747E-006
   6.95014662756598       6.980595672089185E-006
   6.96774193548387       6.012944224500732E-006
   6.98533724340176       5.850539546270782E-006
   7.00293255131965       4.760080414569731E-006
   7.02052785923754       4.480894710858980E-006
   7.03812316715543       3.254334016267550E-006
   7.05571847507331       2.859702383529384E-006
   7.07331378299120       1.512145645116929E-006
   7.09090909090909       1.023363066908801E-006
   7.10850439882698      -4.207599086477718E-007
   7.12609970674487      -9.771501325923040E-007
   7.14369501466276      -2.489807590975807E-006
   7.16129032258065      -3.084885537807913E-006
   7.17888563049853      -4.636786764169830E-006
   7.19648093841642      -5.241685808256246E-006
   7.21407624633431      -6.806765152357211E-006
   7.23167155425220      -7.406936892463040E-006
   7.24926686217009      -8.987292664685659E-006
   7.26686217008798      -9.592625834865362E-006
   7.28445747800587      -1.119655220226151E-005
   7.30205278592375      -1.181287433296816E-005
   7.31964809384164      -1.344464465022183E-005
   7.33724340175953      -1.407548718580031E-005
   7.35483870967742      -1.573843599436383E-005
   7.37243401759531      -1.638792435611118E-005
   7.39002932551320      -1.808801680808753E-005
   7.40762463343109      -1.876714768312356E-005
   7.42521994134897      -2.052693638892247E-005
   7.44281524926686      -2.126948746685886E-005
   7.46041055718475      -2.311932758786234E-005
   7.47800586510264      -2.394234079617430E-005
   7.49560117302053      -2.588811598087451E-005
   7.51319648093842      -2.678960703873106E-005
   7.53079178885631      -2.882231453491315E-005
   7.54838709677419      -2.978696768731186E-005
   7.56598240469208      -3.188492986885331E-005
   7.58357771260997      -3.288464946834814E-005
   7.60117302052786      -3.501224961725270E-005
   7.61876832844575      -3.600362021476880E-005
   7.63636363636364      -3.811858701963053E-005
   7.65395894428153      -3.907548097238482E-005
   7.67155425219941      -4.116683681389738E-005
   7.68914956011730      -4.208337038107312E-005
   7.70674486803519      -4.414595856295324E-005
   7.72434017595308      -4.501698603416059E-005
   7.74193548387097      -4.704497362340974E-005
   7.75953079178886      -4.786396695064064E-005
   7.77712609970675      -4.984982836886205E-005
   7.79472140762463      -5.060858610480402E-005
   7.81231671554252      -5.254491449537906E-005
   7.82991202346041      -5.324905608545960E-005
   7.84750733137830      -5.516727266569271E-005
   7.86510263929619      -5.586542228361400E-005
   7.88269794721408      -5.781417821731866E-005
   7.90029325513197      -5.855008575242767E-005
   7.91788856304985      -6.056818474368622E-005
   7.93548387096774      -6.137580086429132E-005
   7.95307917888563      -6.349169361833740E-005
   7.97067448680352      -6.439353987065159E-005
   7.98826979472141      -6.662242257057375E-005
   8.00586510263930      -6.762373816215065E-005
   8.02346041055718      -6.995262871838520E-005
   8.04105571847507      -7.101866959572854E-005
   8.05865102639296      -7.340463698430797E-005
   8.07624633431085      -7.449918735358631E-005
   8.09384164222874      -7.691217275437139E-005
   8.11143695014663      -7.800782522806561E-005
   8.12903225806452      -8.042118108164879E-005
   8.14662756598241      -8.149111739917740E-005
   8.16422287390029      -8.387658586827616E-005
   8.18181818181818      -8.489027445047165E-005
   8.19941348973607      -8.721317607629216E-005
   8.21700879765396      -8.813114876082976E-005
   8.23460410557185      -9.035892745566196E-005
   8.25219941348974      -9.117578631164017E-005
   8.26979472140763      -9.332776869629760E-005
   8.28739002932551      -9.407221677305499E-005
   8.30498533724340      -9.617939187183206E-005
   8.32258064516129      -9.688331854794463E-005
   8.34017595307918      -9.897688283620621E-005
   8.35777126099707      -9.967003028342688E-005
   8.37536656891496      -1.017764839729180E-004
   8.39296187683285      -1.024805831437033E-004
   8.41055718475073      -1.046111538842933E-004
   8.42815249266862      -1.053130296822922E-004
   8.44574780058651      -1.074257034249014E-004
   8.46334310850440      -1.080764599573197E-004
   8.48093841642229      -1.101330940854983E-004
   8.49853372434018      -1.107050043553822E-004
   8.51612903225807      -1.126840300206004E-004
   8.53372434017595      -1.131603377591214E-004
   8.55131964809384      -1.150481066445661E-004
   8.56891495601173      -1.154175337403114E-004
   8.58651026392962      -1.172034987110312E-004
   8.60410557184751      -1.174545052505472E-004
   8.62170087976540      -1.191215302726047E-004
   8.63929618768329      -1.192315676888886E-004
   8.65689149560117      -1.207611593763341E-004
   8.67448680351906      -1.207236201291019E-004
   8.69208211143695      -1.221183469807162E-004
   8.70967741935484      -1.219423006205957E-004
   8.72727272727273      -1.232160806251345E-004
   8.74486803519062      -1.229197811471018E-004
   8.76246334310851      -1.240940753093418E-004
   8.78005865102639      -1.237017666096158E-004
   8.79765395894428      -1.248020738597348E-004
   8.81524926686217      -1.243364845765012E-004
   8.83284457478006      -1.253680583173360E-004
   8.85043988269795      -1.248108956419774E-004
   8.86803519061584      -1.257478901049477E-004
   8.88563049853373      -1.250806379979003E-004
   8.90322580645161      -1.259125432577318E-004
   8.92082111436950      -1.251319788828510E-004
   8.93841642228739      -1.258619255723420E-004
   8.95601173020528      -1.249777865639161E-004
   8.97360703812317      -1.256216729539589E-004
   8.99120234604106      -1.246567028581290E-004
   9.00879765395895      -1.252441427391428E-004
   9.02639296187683      -1.242259124084134E-004
   9.04398826979472      -1.247598250832250E-004
   9.06158357771261      -1.236622294688989E-004
   9.07917888563050      -1.241057797389819E-004
   9.09677419354839      -1.228942861913309E-004
   9.11436950146628      -1.232164263680415E-004
   9.13196480938416      -1.218645608494533E-004
   9.14956011730205      -1.220434973323716E-004
   9.16715542521994      -1.205352734079989E-004
   9.18475073313783      -1.205612417791703E-004
   9.20234604105572      -1.188952982559296E-004
   9.21994134897361      -1.187772680952295E-004
   9.23753665689150      -1.169690375346763E-004
   9.25513196480938      -1.167159784964522E-004
   9.27272727272727      -1.147649753142172E-004
   9.29032258064516      -1.143728919582337E-004
   9.30791788856305      -1.122761576843931E-004
   9.32551319648094      -1.117441345310796E-004
   9.34310850439883      -1.095045509759327E-004
   9.36070381231672      -1.088398467029529E-004
   9.37829912023460      -1.064710604409785E-004
   9.39589442815249      -1.056952239010825E-004
   9.41348973607038      -1.032314506143029E-004
   9.43108504398827      -1.023861023089730E-004
   9.44868035190616      -9.985376107362306E-005
   9.46627565982405      -9.893756576302586E-005
   9.48387096774194      -9.631974713418722E-005
   9.50146627565982      -9.531047855043976E-005
   9.51906158357771      -9.258363005157625E-005
   9.53665689149560      -9.145776805853095E-005
   9.55425219941349      -8.860055081055771E-005
   9.57184750733138      -8.734015921843383E-005
   9.58944281524927      -8.434078379934634E-005
   9.60703812316716      -8.294463203684022E-005
   9.62463343108504      -7.982351294058479E-005
   9.64222873900293      -7.833318174158642E-005
   9.65982404692082      -7.513159507128375E-005
   9.67741935483871      -7.357177334833533E-005
   9.69501466275660      -7.030240536812368E-005
   9.71260997067449      -6.867890348768980E-005
   9.73020527859238      -6.534364288456718E-005
   9.74780058651026      -6.365579538686627E-005
   9.76539589442815      -6.025360460525359E-005
   9.78299120234604      -5.850142352597955E-005
   9.80058651026393      -5.503694658246274E-005
   9.81818181818182      -5.323697260799100E-005
   9.83577712609971      -4.974643261119392E-005
   9.85337243401760      -4.794074395970198E-005
   9.87096774193548      -4.445262779894896E-005
   9.88856304985337      -4.265399231641448E-005
   9.90615835777126      -3.917155540989807E-005
   9.92375366568915      -3.737581769166960E-005
   9.94134897360704      -3.388985815788839E-005
   9.95894428152493      -3.208350345255964E-005
   9.97653958944282      -2.857829597146322E-005
   9.99413489736071      -2.674457262051722E-005
   10.0117302052786      -2.320828513153550E-005
   10.0293255131965      -2.135752731750842E-005
   10.0469208211144      -1.783374560371467E-005
   10.0645161290323      -1.602139965602001E-005
   10.0821114369501      -1.255562917633249E-005
   10.0997067448680      -1.081416849670572E-005
   10.1173020527859      -7.429244309221400E-006
   10.1348973607038      -5.772427412314873E-006
   10.1524926686217      -2.474392075403703E-006
   10.1700879765396      -9.004003342887312E-007
   10.1876832844575       2.319501158129816E-006
   10.2052785923754       3.826750969548515E-006
   10.2228739002933       6.985550262547325E-006
   10.2404692082111       8.429206219144364E-006
   10.2580645161290       1.151017445318300E-005
   10.2756598240469       1.286838338113427E-005
   10.2932551319648       1.585470110123099E-005
   10.3108504398827       1.711748546572703E-005
   10.3284457478006       2.000560767167339E-005
   10.3460410557185       2.117679328396177E-005
   10.3636363636364       2.397768948145690E-005
   10.3812316715543       2.507669846260072E-005
   10.3988269794721       2.781875805644243E-005
   10.4164222873900       2.888307476774402E-005
   10.4340175953079       3.159355900417986E-005
   10.4516129032258       3.261505249885220E-005
   10.4692082111437       3.525702264142526E-005
   10.4868035190616       3.619365221274255E-005
   10.5043988269795       3.872791763051635E-005
   10.5219941348974       3.954572391994707E-005
   10.5395894428153       4.194426422966439E-005
   10.5571847507331       4.262311563931663E-005
   10.5747800586510       4.487485412761970E-005
   10.5923753665689       4.541584206333557E-005
   10.6099706744868       4.753970833843882E-005
   10.6275659824047       4.798534328884984E-005
   10.6451612903226       5.002929322909193E-005
   10.6627565982405       5.040711607125208E-005
   10.6803519061584       5.237642244350838E-005
   10.6979472140762       5.268244960097083E-005
   10.7155425219941       5.456928282484696E-005
   10.7331378299120       5.479515973677304E-005
   10.7507331378299       5.659220074619200E-005
   10.7683284457478       5.673437510937899E-005
   10.7859237536657       5.844375543184960E-005
   10.8035190615836       5.851539630042355E-005
   10.8211143695015       6.016927674052188E-005
   10.8387096774194       6.021876661591543E-005
   10.8563049853372       6.185476500976256E-005
   10.8739002932551       6.189447478661523E-005
   10.8914956011730       6.350785643808331E-005
   10.9090909090909       6.352481431951365E-005
   10.9266862170088       6.509686279628478E-005
   10.9442815249267       6.506967087551941E-005
   10.9618768328446       6.657751582649512E-005
   10.9794721407625       6.648482982741675E-005
   10.9970674486804       6.791103486343287E-005
   11.0146627565982       6.774855585463462E-005
   11.0322580645161       6.911465935524549E-005
   11.0498533724340       6.892141578586627E-005
   11.0674486803519       7.025524038421982E-005
   11.0850439882698       7.003917530158019E-005
   11.1026392961877       7.133394128521666E-005
   11.1202346041056       7.107813101035621E-005
   11.1378299120235       7.230803378550673E-005
   11.1554252199413       7.197977396984901E-005
   11.1730205278592       7.310562584447843E-005
   11.1906158357771       7.266093742220720E-005
   11.2082111436950       7.363543331033170E-005
   11.2258064516129       7.303922007192515E-005
   11.2434017595308       7.386188989410256E-005
   11.2609970674487       7.314424034527517E-005
   11.2785923753666       7.384810036649075E-005
   11.2961876832845       7.303375691761882E-005
   11.3137829912023       7.363525083090471E-005
   11.3313782991202       7.273341078931234E-005
   11.3489736070381       7.323389368817595E-005
   11.3665689149560       7.223856781217080E-005
   11.3841642228739       7.262346647502214E-005
   11.4017595307918       7.151078626823220E-005
   11.4193548387097       7.174736515255850E-005
   11.4369501466276       7.049461528716577E-005
   11.4545454545455       7.059157917690978E-005
   11.4721407624633       6.923212687661573E-005
   11.4897360703812       6.922815744010488E-005
   11.5073313782991       6.780062776633137E-005
   11.5249266862170       6.773221352289479E-005
   11.5425219941349       6.627062336399169E-005
   11.5601173020528       6.616779062953037E-005
   11.5777126099707       6.469775462314245E-005
   11.5953079178886       6.457953070733311E-005
   11.6129032258065       6.311001564409164E-005
   11.6304985337243       6.296891918608429E-005
   11.6480938416422       6.148311157922705E-005
   11.6656891495601       6.130733642750264E-005
   11.6832844574780       5.980310959418093E-005
   11.7008797653959       5.959538717086270E-005
   11.7184750733138       5.807847600939449E-005
   11.7360703812317       5.784565897620446E-005
   11.7536656891496       5.632383916338218E-005
   11.7712609970675       5.607310877279857E-005
   11.7888563049853       5.455272800243646E-005
   11.8064516129032       5.428694527683796E-005
   11.8240469208211       5.276318730584099E-005
   11.8416422287390       5.246733475489898E-005
   11.8592375366569       5.092432860848918E-005
   11.8768328445748       5.058943484454033E-005
   11.8944281524927       4.902552803951002E-005
   11.9120234604106       4.865457421136799E-005
   11.9296187683284       4.707747708400413E-005
   11.9472140762463       4.668197351238317E-005
   11.9648093841642       4.510777988328308E-005
   11.9824046920821       4.470812577349846E-005
   12.0000000000000       4.316324051565878E-005
   12.0175953079179       4.279180593987896E-005
   12.0351906158358       4.130593021386294E-005
   12.0527859237537       4.097342454834608E-005
   12.0703812316716       3.954019171405908E-005
   12.0879765395894       3.923430922886538E-005
   12.1055718475073       3.784146820725458E-005
   12.1231671554252       3.755095895057326E-005
   12.1407624633431       3.619043248458935E-005
   12.1583577712610       3.591121964212606E-005
   12.1759530791789       3.458599475428134E-005
   12.1935483870968       3.433085190364924E-005
   12.2111436950147       3.307397660988616E-005
   12.2287390029326       3.290761343117696E-005
   12.2463343108504       3.179671238919601E-005
   12.2639296187683       3.176905804057814E-005
   12.2815249266862       3.081815198651992E-005
   12.2991202346041       3.091991183495096E-005
   12.3167155425220       3.010475642436872E-005
   12.3343108504399       3.029928653210211E-005
   12.3519061583578       2.957400091254376E-005
   12.3695014662757       2.980769089597218E-005
   12.3870967741935       2.911424752018671E-005
   12.4046920821114       2.932929975924589E-005
   12.4222873900293       2.863392367901638E-005
   12.4398826979472       2.885333787856502E-005
   12.4574780058651       2.822103129312595E-005
   12.4750733137830       2.849876129230525E-005
   12.4926686217009       2.795403849552465E-005
   12.5102639296188       2.828939780705742E-005
   12.5278592375367       2.780940769712009E-005
   12.5454545454545       2.815821940147577E-005
   12.5630498533724       2.767901435784090E-005
   12.5806451612903       2.795824552727515E-005
   12.5982404692082       2.738078670248030E-005
   12.6158357771261       2.749883965895669E-005
   12.6334310850440       2.684258868502576E-005
   12.6510263929619       2.699504179144432E-005
   12.6686217008798       2.652533386959525E-005
   12.6862170087977       2.693172334993430E-005
   12.7038123167155       2.679990631253418E-005
   12.7214076246334       2.753918285052781E-005
   12.7390029325513       2.774278805290151E-005
   12.7565982404692       2.871567697633290E-005
   12.7741935483871       2.903278001854576E-005
   12.7917888563050       2.985264600979787E-005
   12.8093841642229       2.961398783788643E-005
   12.8269794721408       2.923033245665082E-005
   12.8445747800587       2.736907103566272E-005
   12.8621700879765       2.526651609874772E-005
   12.8797653958944       2.186621465701061E-005
   12.8973607038123       1.847705074126965E-005
   12.9149560117302       1.420651221604585E-005
   12.9325513196481       1.040119259170316E-005
   12.9501466275660       6.316645379002506E-006
   12.9677419354839       3.335258039281114E-006
   12.9853372434018       8.743308140237438E-007
   13.0029325513196       3.975042743021296E-007
   13.0205278592375       1.555817332092535E-006
   13.0381231671554       5.726042353489669E-006
   13.0557184750733       1.235752008261126E-005
   13.0733137829912       2.261488462978184E-005
   13.0909090909091       3.595491240154508E-005
   13.1085043988270       5.345207741330632E-005
   13.1260997067449       7.460949288829050E-005
   13.1436950146628       1.004370396670826E-004
   13.1612903225806       1.305033055789486E-004
   13.1788856304985       1.657752228746562E-004
   13.1964809384164       2.059159025218268E-004
   13.2140762463343       2.517946464241342E-004
   13.2316715542522       3.021577908037078E-004
   13.2492668621701       3.563613886484490E-004
   13.2668621700880       4.126353442426419E-004
   13.2844574780059       4.701737700297053E-004
   13.3020527859238       5.271982722470442E-004
   13.3196480938416       5.827759769368199E-004
   13.3372434017595       6.351297190932588E-004
   13.3548387096774       6.831975362193646E-004
   13.3724340175953       7.251912811391925E-004
   13.3900293255132       7.598929032226168E-004
   13.4076246334311       7.854531984099861E-004
   13.4252199413490       8.014366770339619E-004
   13.4428152492669       8.083277222764559E-004
   13.4604105571848       8.071626015026021E-004
   13.4780058651026       7.987293561264584E-004
   13.4956011730205       7.840797934999939E-004
   13.5131964809384       7.641343227047290E-004
   13.5307917888563       7.399261868613862E-004
   13.5483870967742       7.124866803590989E-004
   13.5659824046921       6.828165358639357E-004
   13.5835777126100       6.520470380955667E-004
   13.6011730205279       6.211335471654126E-004
   13.6187683284457       5.910422467767398E-004
   13.6363636363636       5.616357155599146E-004
   13.6539589442815       5.330525044061391E-004
   13.6715542521994       5.049909008601920E-004
   13.6891495601173       4.777174399269624E-004
   13.7067448680352       4.509155244623676E-004
   13.7243401759531       4.249804411341660E-004
   13.7419354838710       3.995865160192470E-004
   13.7595307917889       3.752697915055945E-004
   13.7771260997067       3.517161035713023E-004
   13.7947214076246       3.296365681504352E-004
   13.8123167155425       3.087934139783377E-004
   13.8299120234604       2.898334371278947E-004
   13.8475073313783       2.719270501812455E-004
   13.8651026392962       2.554656706762009E-004
   13.8826979472141       2.394806137501701E-004
   13.9002932551320       2.244310010510070E-004
   13.9178885630499       2.092923035122624E-004
   13.9354838709677       1.946443523574821E-004
   13.9530791788856       1.794611522888168E-004
   13.9706744868035       1.645171661976659E-004
   13.9882697947214       1.488930453167174E-004
   14.0058651026393       1.338384203999057E-004
   14.0234604105572       1.193901239299491E-004
   14.0410557184751       1.078113198309951E-004
   14.0586510263930       9.874018758573153E-005
   14.0762463343109       9.379783969597062E-005
   14.0938416422287       9.208866778584479E-005
   14.1114369501466       9.490286831051170E-005
   14.1290322580645       1.008982657309014E-004
   14.1466275659824       1.110535705038105E-004
   14.1642228739003       1.235384818424792E-004
   14.1818181818182       1.388985396721318E-004
   14.1994134897361       1.545480700879894E-004
   14.2170087976540       1.699621222293676E-004
   14.2346041055718       1.821511477169647E-004
   14.2521994134897       1.922538722987595E-004
   14.2697947214076       1.985899275692942E-004
   14.2873900293255       2.030066288352373E-004
   14.3049853372434       2.041736322184572E-004
   14.3225806451613       2.043449882215938E-004
   14.3401759530792       2.023937204657980E-004
   14.3577712609971       2.009108183082897E-004
   14.3753665689150       1.989395944667767E-004
   14.3929618768328       1.994175471068503E-004
   14.4105571847507       2.016114876910274E-004
   14.4281524926686       2.079930183692735E-004
   14.4457478005865       2.161694829648441E-004
   14.4633431085044       2.277516188336049E-004
   14.4809384164223       2.401300108414174E-004
   14.4985337243402       2.549895733508608E-004
   14.5161290322581       2.696438995884562E-004
   14.5337243401760       2.859046050671201E-004
   14.5513196480938       3.010496059621245E-004
   14.5689149560117       3.170603449094062E-004
   14.5865102639296       3.312339590819681E-004
   14.6041055718475       3.458404667615794E-004
   14.6217008797654       3.585433495192165E-004
   14.6392961876833       3.721764033857506E-004
   14.6568914956012       3.842248617298037E-004
   14.6744868035191       3.973324780509798E-004
   14.6920821114370       4.087316009128623E-004
   14.7096774193548       4.210393238839697E-004
   14.7272727272727       4.312968958833222E-004
   14.7448680351906       4.421338249025161E-004
   14.7624633431085       4.504179568354339E-004
   14.7800586510264       4.588036749931424E-004
   14.7976539589443       4.639855313499366E-004
   14.8152492668622       4.687030946424991E-004
   14.8328445747801       4.699947760589059E-004
   14.8504398826979       4.712996667960062E-004
   14.8680351906158       4.697153497744188E-004
   14.8856304985337       4.687560986170375E-004
   14.9032258064516       4.653773267945252E-004
   14.9208211143695       4.631527767616672E-004
   14.9384164222874       4.588803682319530E-004
   14.9560117302053       4.561799832262136E-004
   14.9736070381232       4.516688837754751E-004
   14.9912023460411       4.489843020564040E-004
   15.0087976539589       4.444874053635653E-004
   15.0263929618768       4.418126416998983E-004
   15.0439882697947       4.373479264490518E-004
   15.0615835777126       4.350547438423678E-004
   15.0791788856305       4.312765471851920E-004
   15.0967741935484       4.300843329342938E-004
   15.1143695014663       4.276721765374015E-004
   15.1319648093842       4.281609750717263E-004
   15.1495601173021       4.275202846495286E-004
   15.1671554252199       4.298301890830211E-004
   15.1847507331378       4.306791357989326E-004
   15.2023460410557       4.337750526810438E-004
   15.2199413489736       4.333247628740028E-004
   15.2375366568915       4.319159427540180E-004
   15.2551319648094       4.242807589320765E-004
   15.2727272727273       4.144315179284336E-004
   15.2903225806452       3.978173594759028E-004
   15.3079178885631       3.793287960744917E-004
   15.3255131964809       3.549760397943622E-004
   15.3431085043988       3.305326831752369E-004
   15.3607038123167       3.026836921958300E-004
   15.3782991202346       2.783870955555504E-004
   15.3958944281525       2.555426271708539E-004
   15.4134897360704       2.437557048508389E-004
   15.4310850439883       2.414264033795014E-004
   15.4486803519062       2.537821863176639E-004
   15.4662756598240       2.746264593090868E-004
   15.4838709677419       3.072650212998407E-004
   15.5014662756598       3.440335595650073E-004
   15.5190615835777       3.872909900597195E-004
   15.5366568914956       4.282578394388339E-004
   15.5542521994135       4.685084709874590E-004
   15.5718475073314       4.981599575537907E-004
   15.5894428152493       5.178824302970749E-004
   15.6070381231672       5.162714550508402E-004
   15.6246334310850       4.968852160355865E-004
   15.6422287390029       4.582227825686819E-004
   15.6598240469208       4.115828810166627E-004
   15.6774193548387       3.564710383835000E-004
   15.6950146627566       3.044593438799977E-004
   15.7126099706745       2.548266214457270E-004
   15.7302052785924       2.190507990056775E-004
   15.7478005865103       1.958146267402582E-004
   15.7653958944282       1.961237155118055E-004
   15.7829912023460       2.174571581095287E-004
   15.8005865102639       2.692385390703573E-004
   15.8181818181818       3.425079125710352E-004
   15.8357771260997       4.332761430120990E-004
   15.8533724340176       5.258839016777254E-004
   15.8709677419355       6.195613399584559E-004
   15.8885630498534       7.013836959564903E-004
   15.9061583577713       7.731561236608733E-004
   15.9237536656892       8.238736607672167E-004
   15.9413489736070       8.576900749419518E-004
   15.9589442815249       8.656406826900952E-004
   15.9765395894428       8.547850280297700E-004
   15.9941348973607       8.192658732271541E-004
   16.0117302052786       7.726836684146121E-004
   16.0293255131965       7.174222352481825E-004
   16.0469208211144       6.670079857499760E-004
   16.0645161290323       6.167330357245130E-004
   16.0821114369501       5.756977156826313E-004
   16.0997067448680       5.363563695378881E-004
   16.1173020527859       5.059327684448102E-004
   16.1348973607038       4.749743983438658E-004
   16.1524926686217       4.493709747255576E-004
   16.1700879765396       4.180179104371316E-004
   16.1876832844575       3.855427042669759E-004
   16.2052785923754       3.389224199775385E-004
   16.2228739002933       2.842812349499427E-004
   16.2404692082111       2.166478207029522E-004
   16.2580645161290       1.494855968397145E-004
   16.2756598240469       7.855079287118804E-005
   16.2932551319648       1.727971744051249E-005
   16.3108504398827      -3.923214788665075E-005
   16.3284457478006      -7.792935468648676E-005
   16.3460410557185      -1.047514782765679E-004
   16.3636363636364      -1.074026362409557E-004
   16.3812316715543      -9.350244656533036E-005
   16.3988269794721      -5.259400774441763E-005
   16.4164222873900       2.064922114421275E-006
   16.4340175953079       7.178125908064642E-005
   16.4516129032258       1.403512598789330E-004
   16.4692082111437       2.131126750313535E-004
   16.4868035190616       2.765071928742310E-004
   16.5043988269795       3.382787909107273E-004
   16.5219941348974       3.863519929654967E-004
   16.5395894428153       4.304302285345517E-004
   16.5571847507331       4.597882285901884E-004
   16.5747800586510       4.862613849005006E-004
   16.5923753665689       5.009447791504945E-004
   16.6099706744868       5.195077084738489E-004
   16.6275659824047       5.353929973778216E-004
   16.6451612903226       5.609227295974778E-004
   16.6627565982405       5.834316980382326E-004
   16.6803519061584       6.127840533106046E-004
   16.6979472140762       6.345928118406078E-004
   16.7155425219941       6.579692346640460E-004
   16.7331378299120       6.673444018773478E-004
   16.7507331378299       6.714169802706664E-004
   16.7683284457478       6.535706919712158E-004
   16.7859237536657       6.221477786863323E-004
   16.8035190615836       5.593239193586445E-004
   16.8211143695015       4.757448439387680E-004
   16.8387096774194       3.625891766851612E-004
   16.8563049853372       2.393005617274719E-004
   16.8739002932551       9.806429780868875E-005
   16.8914956011730      -4.118348009043160E-005
   16.9090909090909      -1.867133776597747E-004
   16.9266862170088      -3.182701273461699E-004
   16.9442815249267      -4.447729824331469E-004
   16.9618768328446      -5.457762856501298E-004
   16.9794721407625      -6.311157591592419E-004
   16.9970674486804      -6.805001651976543E-004
   17.0146627565982      -7.068786060975789E-004
   17.0322580645161      -6.993039846119376E-004
   17.0498533724340      -6.803494318571910E-004
   17.0674486803519      -6.393386512889795E-004
   17.0850439882698      -5.981073299883747E-004
   17.1026392961877      -5.444138371000769E-004
   17.1202346041056      -4.998596896767737E-004
   17.1378299120235      -4.507286483004102E-004
   17.1554252199413      -4.184216650219941E-004
   17.1730205278592      -3.875332410560004E-004
   17.1906158357771      -3.789676977118984E-004
   17.2082111436950      -3.743585345800169E-004
   17.2258064516129      -3.898295173922885E-004
   17.2434017595308      -4.009548527103202E-004
   17.2609970674487      -4.248196803494295E-004
   17.2785923753666      -4.381365009279631E-004
   17.2961876832845      -4.600130184283950E-004
   17.3137829912023      -4.671279041505362E-004
   17.3313782991202      -4.803129813633554E-004
   17.3489736070381      -4.759092261949093E-004
   17.3665689149560      -4.765053412533888E-004
   17.3841642228739      -4.580408085028217E-004
   17.4017595307918      -4.452323711233997E-004
   17.4193548387097      -4.144589476485961E-004
   17.4369501466276      -3.936203032173857E-004
   17.4545454545455      -3.576221096154799E-004
   17.4721407624633      -3.350234622803153E-004
   17.4897360703812      -2.987578109065261E-004
   17.5073313782991      -2.788522008192062E-004
   17.5249266862170      -2.463192143243904E-004
   17.5425219941349      -2.330583851369673E-004
   17.5601173020528      -2.080120428914260E-004
   17.5777126099707      -2.053707775605796E-004
   17.5953079178886      -1.918333498013713E-004
   17.6129032258065      -2.045519781785731E-004
   17.6304985337243      -2.071219019738132E-004
   17.6480938416422      -2.382017894814597E-004
   17.6656891495601      -2.567919667777689E-004
   17.6832844574780      -3.046289192704808E-004
   17.7008797653959      -3.362800860806298E-004
   17.7184750733138      -3.975695696455188E-004
   17.7360703812317      -4.377445185084114E-004
   17.7536656891496      -5.078192971687012E-004
   17.7712609970675      -5.503388504058265E-004
   17.7888563049853      -6.229528223511195E-004
   17.8064516129032      -6.591538061373255E-004
   17.8240469208211      -7.253124164133824E-004
   17.8416422287390      -7.446776020104018E-004
   17.8592375366569      -7.990359811434063E-004
   17.8768328445748      -7.965905095207453E-004
   17.8944281524927      -8.399353980540265E-004
   17.9120234604106      -8.124026564048591E-004
   17.9296187683284      -8.514341152735150E-004
   17.9472140762463      -7.951947173291363E-004
   17.9648093841642      -8.546277280447893E-004
   17.9824046920821      -7.621607670077609E-004
   18.0000000000000      -1.029354779115906E-003
