  0.000000000000000E+000 -4.012730195839295E-003
  1.759530791788856E-002 -2.127408400443686E-003
  3.519061583577713E-002 -2.177889469649205E-003
  5.278592375366570E-002 -1.581146679017012E-003
  7.038123167155426E-002 -1.626139394633549E-003
  8.797653958944282E-002 -1.283374484329779E-003
  0.105571847507331      -1.323897406950843E-003
  0.123167155425220      -1.088092396604174E-003
  0.140762463343109      -1.124930282231151E-003
  0.158357771260997      -9.474650561557289E-004
  0.175953079178886      -9.812145934753051E-004
  0.193548387096774      -8.402043020628566E-004
  0.211143695014663      -8.713306211382262E-004
  0.228739002932551      -7.551258799312846E-004
  0.246334310850440      -7.840078028003804E-004
  0.263929618768328      -6.857131165279069E-004
  0.281524926686217      -7.126632530642656E-004
  0.299120234604106      -6.278784847026820E-004
  0.316715542521994      -6.531577975871770E-004
  0.334310850439883      -5.789181541202826E-004
  0.351906158357771      -6.027503301172117E-004
  0.369501466275660      -5.369756841365867E-004
  0.387096774193548      -5.595596356969738E-004
  0.404692082111437      -5.007506250896116E-004
  0.422287390029326      -5.222778376872723E-004
  0.439882697947214      -4.693226701583441E-004
  0.457478005865103      -4.899246527043219E-004
  0.475073313782991      -4.419099908495152E-004
  0.492668621700880      -4.616456530013339E-004
  0.510263929618768      -4.178147495849806E-004
  0.527859237536657      -4.367006860309913E-004
  0.545454545454546      -3.964093598803158E-004
  0.563049853372434      -4.144198243755554E-004
  0.580645161290323      -3.770928763539824E-004
  0.598240469208211      -3.941436934195807E-004
  0.615835777126100      -3.592096668550227E-004
  0.633431085043988      -3.751143332080942E-004
  0.651026392961877      -3.420537999904869E-004
  0.668621700879765      -3.567501471033584E-004
  0.686217008797654      -3.252645514986673E-004
  0.703812316715543      -3.388040548951608E-004
  0.721407624633431      -3.087148928964753E-004
  0.739002932551320      -3.212125130866378E-004
  0.756598240469208      -2.924390842218511E-004
  0.774193548387097      -3.040747894798764E-004
  0.791788856304985      -2.766420531799819E-004
  0.809384164222874      -2.877012641824920E-004
  0.826979472140763      -2.618098476697442E-004
  0.844574780058651      -2.726849632545738E-004
  0.862170087976540      -2.484842206279590E-004
  0.879765395894428      -2.593668077355305E-004
  0.897360703812317      -2.368535537561052E-004
  0.914956011730205      -2.478339055875877E-004
  0.932551319648094      -2.269485251579731E-004
  0.950146627565982      -2.380570847543386E-004
  0.967741935483871      -2.186988290188878E-004
  0.985337243401760      -2.299138874160444E-004
   1.00293255131965      -2.119377782604817E-004
   1.02052785923754      -2.231731048950408E-004
   1.03812316715543      -2.063839678612997E-004
   1.05571847507331      -2.175386341355855E-004
   1.07331378299120      -2.017809928782269E-004
   1.09090909090909      -2.127823852455841E-004
   1.10850439882698      -1.979102746557105E-004
   1.12609970674487      -2.086729615591365E-004
   1.14369501466276      -1.945250854043297E-004
   1.16129032258065      -2.049330607602312E-004
   1.17888563049853      -1.913109010834719E-004
   1.19648093841642      -2.011856142791197E-004
   1.21407624633431      -1.877873621372960E-004
   1.23167155425220      -1.967976694948913E-004
   1.24926686217009      -1.832747741032133E-004
   1.26686217008798      -1.912670498484466E-004
   1.28445747800587      -1.775528367106457E-004
   1.30205278592375      -1.845868787512873E-004
   1.31964809384164      -1.707662235436586E-004
   1.33724340175953      -1.770294500260006E-004
   1.35483870967742      -1.633155495384634E-004
   1.37243401759531      -1.691296903544317E-004
   1.39002932551320      -1.558954656699926E-004
   1.40762463343109      -1.618001633820828E-004
   1.42521994134897      -1.497308538107542E-004
   1.44281524926686      -1.564761490944464E-004
   1.46041055718475      -1.460613096685792E-004
   1.47800586510264      -1.538956225274643E-004
   1.49560117302053      -1.452006830061097E-004
   1.51319648093842      -1.541181907126504E-004
   1.53079178885631      -1.470277398818662E-004
   1.54838709677419      -1.568629499819118E-004
   1.56598240469208      -1.511111597900620E-004
   1.58357771260997      -1.615399468255770E-004
   1.60117302052786      -1.566768152678542E-004
   1.61876832844575      -1.671249040457445E-004
   1.63636363636364      -1.624522329771105E-004
   1.65395894428153      -1.723461540437231E-004
   1.67155425219941      -1.674767746645998E-004
   1.68914956011730      -1.765755118896559E-004
   1.70674486803519      -1.713113395538820E-004
   1.72434017595308      -1.794775474184075E-004
   1.74193548387097      -1.736936633214046E-004
   1.75953079178886      -1.808437180964030E-004
   1.77712609970675      -1.744569264551417E-004
   1.79472140762463      -1.805359444316238E-004
   1.81231671554252      -1.734758089688125E-004
   1.82991202346041      -1.784286492558196E-004
   1.84750733137830      -1.706630719054411E-004
   1.86510263929619      -1.745473997692705E-004
   1.88269794721408      -1.661859280660328E-004
   1.90029325513196      -1.691736762516252E-004
   1.91788856304985      -1.604185291848037E-004
   1.93548387096774      -1.627706149259512E-004
   1.95307917888563      -1.539195372957360E-004
   1.97067448680352      -1.560052759113567E-004
   1.98826979472141      -1.474899089281532E-004
   2.00586510263930      -1.498705393060309E-004
   2.02346041055718      -1.424068564212149E-004
   2.04105571847507      -1.458421296560002E-004
   2.05865102639296      -1.399317740005295E-004
   2.07624633431085      -1.446287489422555E-004
   2.09384164222874      -1.402883628470737E-004
   2.11143695014663      -1.461577395551463E-004
   2.12903225806452      -1.431873123698373E-004
   2.14662756598241      -1.499440692163304E-004
   2.16422287390029      -1.479506448183614E-004
   2.18181818181818      -1.550993603313473E-004
   2.19941348973607      -1.534339279483782E-004
   2.21700879765396      -1.601123225006680E-004
   2.23460410557185      -1.577324363591783E-004
   2.25219941348974      -1.630859899384821E-004
   2.26979472140762      -1.595209088111309E-004
   2.28739002932551      -1.633551212286691E-004
   2.30498533724340      -1.585502265502912E-004
   2.32258064516129      -1.609311648314162E-004
   2.34017595307918      -1.550428115512732E-004
   2.35777126099707      -1.562289004012799E-004
   2.37536656891496      -1.496070856765735E-004
   2.39296187683284      -1.500695460555018E-004
   2.41055718475073      -1.433437271722126E-004
   2.42815249266862      -1.439038848555668E-004
   2.44574780058651      -1.378640075977852E-004
   2.46334310850440      -1.390481942854260E-004
   2.48093841642229      -1.339654220233371E-004
   2.49853372434018      -1.359254413355431E-004
   2.51612903225806      -1.318665853051087E-004
   2.53372434017595      -1.346128178105282E-004
   2.55131964809384      -1.315277459243882E-004
   2.56891495601173      -1.349651570507732E-004
   2.58651026392962      -1.327006982146612E-004
   2.60410557184751      -1.366200273867056E-004
   2.62170087976540      -1.348854142228229E-004
   2.63929618768328      -1.389713291940768E-004
   2.65689149560117      -1.375139481904607E-004
   2.67448680351906      -1.416092590454047E-004
   2.69208211143695      -1.403082883580395E-004
   2.70967741935484      -1.443138610339280E-004
   2.72727272727273      -1.430733268680922E-004
   2.74486803519062      -1.469014200816926E-004
   2.76246334310850      -1.456276500127645E-004
   2.78005865102639      -1.491843101533104E-004
   2.79765395894428      -1.477670576072451E-004
   2.81524926686217      -1.509209539077576E-004
   2.83284457478006      -1.491907225022611E-004
   2.85043988269795      -1.517838463657677E-004
   2.86803519061584      -1.496292102059392E-004
   2.88563049853372      -1.516021418916709E-004
   2.90322580645161      -1.489896207136781E-004
   2.92082111436950      -1.503376294648787E-004
   2.93841642228739      -1.472802555840633E-004
   2.95601173020528      -1.480427430573403E-004
   2.97360703812317      -1.445993143349214E-004
   2.99120234604106      -1.448669056572972E-004
   3.00879765395894      -1.411647740276549E-004
   3.02639296187683      -1.411320994318299E-004
   3.04398826979472      -1.374031635297174E-004
   3.06158357771261      -1.372790031069774E-004
   3.07917888563050      -1.336733030696786E-004
   3.09677419354839      -1.335760644047636E-004
   3.11436950146628      -1.301859995675297E-004
   3.13196480938416      -1.301939417705796E-004
   3.14956011730205      -1.270781768296905E-004
   3.16715542521994      -1.272383051091785E-004
   3.18475073313783      -1.244236955637944E-004
   3.20234604105572      -1.247456937971527E-004
   3.21994134897361      -1.221998344926874E-004
   3.23753665689150      -1.225948502700182E-004
   3.25513196480938      -1.201892600729340E-004
   3.27272727272727      -1.205445204124904E-004
   3.29032258064516      -1.181867010677008E-004
   3.30791788856305      -1.184290445883495E-004
   3.32551319648094      -1.160553656070254E-004
   3.34310850439883      -1.161362126520234E-004
   3.36070381231672      -1.137067473797998E-004
   3.37829912023460      -1.136029337376215E-004
   3.39589442815249      -1.111082997954961E-004
   3.41348973607038      -1.108440466108956E-004
   3.43108504398827      -1.083633339500502E-004
   3.44868035190616      -1.080695347879297E-004
   3.46627565982405      -1.057251221540435E-004
   3.48387096774194      -1.054950749931368E-004
   3.50146627565982      -1.033522048413640E-004
   3.51906158357771      -1.032353166163183E-004
   3.53665689149560      -1.013235371911377E-004
   3.55425219941349      -1.013356228057314E-004
   3.57184750733138      -9.964995857803549E-005
   3.58944281524927      -9.976794013566278E-005
   3.60703812316716      -9.825151025792647E-005
   3.62463343108504      -9.836699715547288E-005
   3.64222873900293      -9.685664283109933E-005
   3.65982404692082      -9.681180286897197E-005
   3.67741935483871      -9.518797167132227E-005
   3.69501466275660      -9.489816925448477E-005
   3.71260997067449      -9.309383992047251E-005
   3.73020527859238      -9.251119833117057E-005
   3.74780058651026      -9.049040027011104E-005
   3.76539589442815      -8.959555093574563E-005
   3.78299120234604      -8.735106944978956E-005
   3.80058651026393      -8.615689947848983E-005
   3.81818181818182      -8.372855434820180E-005
   3.83577712609971      -8.232386411985688E-005
   3.85337243401760      -7.982942858008735E-005
   3.87096774193548      -7.832927038525542E-005
   3.88856304985337      -7.586602331679790E-005
   3.90615835777126      -7.436102028612948E-005
   3.92375366568915      -7.201140285303850E-005
   3.94134897360704      -7.058238149552028E-005
   3.95894428152493      -6.842196585171110E-005
   3.97653958944282      -6.714485352843435E-005
   3.99413489736070      -6.524613656220992E-005
   4.01173020527859      -6.419478481847548E-005
   4.02932551319648      -6.261231160616354E-005
   4.04692082111437      -6.179827507654377E-005
   4.06451612903226      -6.049806801531641E-005
   4.08211143695015      -5.987213418515721E-005
   4.09970674486804      -5.879782606886392E-005
   4.11730205278592      -5.830189086528079E-005
   4.13489736070381      -5.738957518326895E-005
   4.15249266862170      -5.695828278758239E-005
   4.17008797653959      -5.613676520943842E-005
   4.18768328445748      -5.569695868554920E-005
   4.20527859237537      -5.488603534336471E-005
   4.22287390029326      -5.436197560399255E-005
   4.24046920821114      -5.351196053550743E-005
   4.25806451612903      -5.289782227750596E-005
   4.27565982404692      -5.202250010244131E-005
   4.29325513196481      -5.133658386002210E-005
   4.31085043988270      -5.045137462939609E-005
   4.32844574780059      -4.970923625962888E-005
   4.34604105571848      -4.882488463436715E-005
   4.36363636363636      -4.803525455929570E-005
   4.38123167155425      -4.715276686687183E-005
   4.39882697947214      -4.630961978362291E-005
   4.41642228739003      -4.540172648174281E-005
   4.43401759530792      -4.444540483433460E-005
   4.45161290322581      -4.343001251950400E-005
   4.46920821114370      -4.229337754482950E-005
   4.48680351906158      -4.112409927701817E-005
   4.50439882697947      -3.977892143138596E-005
   4.52199413489736      -3.843881373423553E-005
   4.53958944281525      -3.688191359510379E-005
   4.55718475073314      -3.537786933049397E-005
   4.57478005865103      -3.363068260201968E-005
   4.59237536656892      -3.199720712115699E-005
   4.60997067448680      -3.011820221482559E-005
   4.62756598240469      -2.844810219910512E-005
   4.64516129032258      -2.655957137937998E-005
   4.66275659824047      -2.496627890298925E-005
   4.68035190615836      -2.315973607258501E-005
   4.69794721407625      -2.171713462148277E-005
   4.71554252199414      -2.005854891101435E-005
   4.73313782991202      -1.882356886746078E-005
   4.75073313782991      -1.736544799155523E-005
   4.76832844574780      -1.638349806623430E-005
   4.78592375366569      -1.516755525677606E-005
   4.80351906158358      -1.447262623855035E-005
   4.82111436950147      -1.352036908142338E-005
   4.83870967741935      -1.310115484764070E-005
   4.85630498533724      -1.237159069617184E-005
   4.87390029325513      -1.217657335518485E-005
   4.89149560117302      -1.162315954881289E-005
   4.90909090909091      -1.160733542724550E-005
   4.92668621700880      -1.118924341774520E-005
   4.94428152492669      -1.131290485009927E-005
   4.96187683284458      -1.099492070006157E-005
   4.97947214076246      -1.122520253636580E-005
   4.99706744868035      -1.098143502407406E-005
   5.01466275659824      -1.130292153643119E-005
   5.03225806451613      -1.114588394229078E-005
   5.04985337243402      -1.159427940775877E-005
   5.06744868035191      -1.156102792857007E-005
   5.08504398826980      -1.215816389833849E-005
   5.10263929618768      -1.226011465283685E-005
   5.12023460410557      -1.300629883963448E-005
   5.13782991202346      -1.323591829684924E-005
   5.15542521994135      -1.411263223532612E-005
   5.17302052785924      -1.444190180490965E-005
   5.19061583577713      -1.540641540555801E-005
   5.20821114369502      -1.577288567065051E-005
   5.22580645161290      -1.672699718723161E-005
   5.24340175953079      -1.701093314243137E-005
   5.26099706744868      -1.785109570592220E-005
   5.27859237536657      -1.798551113461191E-005
   5.29618768328446      -1.866759755818253E-005
   5.31378299120235      -1.862580334347843E-005
   5.33137829912024      -1.913567402740482E-005
   5.34897360703812      -1.891774171619055E-005
   5.36656891495601      -1.926739827963476E-005
   5.38416422287390      -1.890140575908358E-005
   5.40175953079179      -1.913695706928685E-005
   5.41935483870968      -1.870122039690398E-005
   5.43695014662757      -1.893107970244316E-005
   5.45454545454546      -1.853099437694269E-005
   5.47214076246334      -1.882605391420693E-005
   5.48973607038123      -1.850770905931282E-005
   5.50733137829912      -1.889781486180347E-005
   5.52492668621701      -1.868080130799226E-005
   5.54252199413490      -1.917466157920789E-005
   5.56011730205279      -1.905974904947975E-005
   5.57771260997067      -1.964761851116744E-005
   5.59530791788856      -1.961561935595021E-005
   5.61290322580645      -2.026165015894959E-005
   5.63049853372434      -2.025883611799506E-005
   5.64809384164223      -2.090472963990822E-005
   5.66568914956012      -2.089099793352067E-005
   5.68328445747801      -2.151310963002737E-005
   5.70087976539589      -2.147584948426680E-005
   5.71847507331378      -2.206726634333840E-005
   5.73607038123167      -2.200645868594780E-005
   5.75366568914956      -2.257160282444012E-005
   5.77126099706745      -2.249857781058725E-005
   5.78885630498534      -2.305454997288899E-005
   5.80645161290323      -2.299760863336721E-005
   5.82404692082111      -2.358644359801764E-005
   5.84164222873900      -2.359467730279919E-005
   5.85923753665689      -2.424923617277383E-005
   5.87683284457478      -2.433496050207949E-005
   5.89442815249267      -2.505321567601637E-005
   5.91202346041056      -2.520674457764877E-005
   5.92961876832845      -2.597059921451265E-005
   5.94721407624634      -2.616789236893738E-005
   5.96480938416422      -2.694526877234159E-005
   5.98240469208211      -2.714731388648924E-005
   6.00000000000000      -2.788823847080672E-005
   6.01759530791789      -2.803236072938745E-005
   6.03519061583578      -2.866969879597257E-005
   6.05278592375367      -2.871360532926388E-005
   6.07038123167156      -2.923573606590987E-005
   6.08797653958944      -2.918575124831537E-005
   6.10557184750733      -2.960649749961834E-005
   6.12316715542522      -2.948357540060680E-005
   6.14076246334311      -2.982828970368768E-005
   6.15835777126100      -2.966366490559741E-005
   6.17595307917889      -2.996793463138491E-005
   6.19354838709677      -2.980410355702483E-005
   6.21114369501466      -3.011828274189151E-005
   6.22873900293255      -3.001118071900007E-005
   6.24633431085044      -3.037521038694633E-005
   6.26392961876833      -3.033803093739222E-005
   6.28152492668622      -3.074589623167559E-005
   6.29912023460411      -3.076512440668041E-005
   6.31671554252199      -3.119675098135176E-005
   6.33431085043988      -3.124807143743457E-005
   6.35190615835777      -3.167355404004975E-005
   6.36950146627566      -3.172286645863860E-005
   6.38709677419355      -3.210173966091879E-005
   6.40469208211144      -3.210190250591827E-005
   6.42228739002933      -3.237922464270654E-005
   6.43988269794721      -3.228303426674612E-005
   6.45747800586510      -3.243465841520298E-005
   6.47507331378299      -3.223831531830035E-005
   6.49266862170088      -3.226696595128722E-005
   6.51026392961877      -3.197691813749768E-005
   6.52785923753666      -3.189011047647752E-005
   6.54545454545455      -3.151543194974613E-005
   6.56304985337243      -3.132171604078505E-005
   6.58064516129032      -3.087095300132992E-005
   6.59824046920821      -3.057633617848852E-005
   6.61583577712610      -3.005088984088332E-005
   6.63343108504399      -2.964595601625289E-005
   6.65102639296188      -2.903114021360846E-005
   6.66862170087977      -2.850543087483452E-005
   6.68621700879765      -2.779936982411468E-005
   6.70381231671554      -2.715616321747400E-005
   6.72140762463343      -2.636733689585882E-005
   6.73900293255132      -2.561859777744090E-005
   6.75659824046921      -2.476350954468812E-005
   6.77419354838710      -2.392919185688617E-005
   6.79178885630499      -2.303284462027416E-005
   6.80938416422287      -2.214336042562765E-005
   6.82697947214076      -2.124312483478604E-005
   6.84457478005865      -2.033467849385273E-005
   6.86217008797654      -1.945851218011154E-005
   6.87976539589443      -1.855064451192600E-005
   6.89736070381232      -1.771519419430860E-005
   6.91495601173021      -1.682225947634084E-005
   6.93255131964809      -1.604117510332751E-005
   6.95014662756598      -1.517539226609112E-005
   6.96774193548387      -1.446063474826205E-005
   6.98533724340176      -1.363274592877899E-005
   7.00293255131965      -1.299471476661404E-005
   7.02052785923754      -1.221272202550382E-005
   7.03812316715543      -1.165578240507750E-005
   7.05571847507331      -1.091969167971139E-005
   7.07331378299120      -1.044352586296409E-005
   7.09090909090909      -9.753340068586465E-006
   7.10850439882698      -9.359004531283643E-006
   7.12609970674487      -8.715803550150656E-006
   7.14369501466276      -8.405167729141624E-006
   7.16129032258065      -7.810683934170743E-006
   7.17888563049853      -7.586088625552659E-006
   7.19648093841642      -7.042334035131922E-006
   7.21407624633431      -6.905414910761766E-006
   7.23167155425220      -6.407847993544945E-006
   7.24926686217009      -6.343740142961455E-006
   7.26686217008798      -5.870136182825353E-006
   7.28445747800587      -5.856063189964920E-006
   7.30205278592375      -5.383882379468783E-006
   7.31964809384164      -5.398029892476213E-006
   7.33724340175953      -4.905292152264817E-006
   7.35483870967742      -4.925966173074257E-006
   7.37243401759531      -4.390241471040266E-006
   7.39002932551320      -4.394373950200592E-006
   7.40762463343109      -3.789806697091943E-006
   7.42521994134897      -3.749068355853091E-006
   7.44281524926686      -3.051713406988489E-006
   7.46041055718475      -2.956283595124016E-006
   7.47800586510264      -2.168848286482734E-006
   7.49560117302053      -2.029293798261993E-006
   7.51319648093842      -1.167924736680016E-006
   7.53079178885631      -1.006246238158017E-006
   7.54838709677419      -9.845770340995152E-008
   7.56598240469208       5.125253014627573E-008
   7.58357771260997       9.640425291502914E-007
   7.60117302052786       1.049894915131702E-006
   7.61876832844575       1.901901683946598E-006
   7.63636363636364       1.855330295342815E-006
   7.65395894428153       2.604096922606922E-006
   7.67155425219941       2.414911726396643E-006
   7.68914956011730       3.067483103928563E-006
   7.70674486803519       2.751092019932865E-006
   7.72434017595308       3.329330583935905E-006
   7.74193548387097       2.912550907167966E-006
   7.75953079178886       3.448053294320526E-006
   7.77712609970675       2.966853395108951E-006
   7.79472140762463       3.500640323211589E-006
   7.81231671554252       3.002379484785447E-006
   7.82991202346041       3.585095320762288E-006
   7.84750733137830       3.110021640853514E-006
   7.86510263929619       3.764575435713319E-006
   7.88269794721408       3.324455047259415E-006
   7.90029325513197       4.057652332558302E-006
   7.91788856304985       3.655490081269780E-006
   7.93548387096774       4.466977941685497E-006
   7.95307917888563       4.098819133517520E-006
   7.97067448680352       4.980734912946614E-006
   7.98826979472141       4.633789134391102E-006
   8.00586510263930       5.566045472814932E-006
   8.02346041055718       5.209501324575351E-006
   8.04105571847507       6.156999784181410E-006
   8.05865102639296       5.766859405336083E-006
   8.07624633431085       6.721045096003956E-006
   8.09384164222874       6.297568838790186E-006
   8.11143695014663       7.263692078322073E-006
   8.12903225806452       6.815835465306265E-006
   8.14662756598241       7.805664465806058E-006
   8.16422287390029       7.347453534824307E-006
   8.18181818181818       8.376659987758356E-006
   8.19941348973607       7.924813707894587E-006
   8.21700879765396       9.008979869341836E-006
   8.23460410557185       8.573046138839247E-006
   8.25219941348974       9.714829904154503E-006
   8.26979472140763       9.297196570488796E-006
   8.28739002932551       1.050269661001819E-005
   8.30498533724340       1.011309750512091E-005
   8.32258064516129       1.139507113977898E-005
   8.34017595307918       1.104926067172626E-005
   8.35777126099707       1.242621270653982E-005
   8.37536656891496       1.214571100424729E-005
   8.39296187683285       1.364216813747683E-005
   8.41055718475073       1.345527445446520E-005
   8.42815249266862       1.509992724137609E-005
   8.44574780058651       1.502749314876997E-005
   8.46334310850440       1.683040057531659E-005
   8.48093841642229       1.687792819393812E-005
   8.49853372434018       1.884407239488720E-005
   8.51612903225807       1.901713846144673E-005
   8.53372434017595       2.115264499459246E-005
   8.55131964809384       2.145847946730254E-005
   8.56891495601173       2.377149218517796E-005
   8.58651026392962       2.421971179421943E-005
   8.60410557184751       2.672121690745225E-005
   8.62170087976540       2.732268551072825E-005
   8.63929618768329       3.001555948719747E-005
   8.65689149560117       3.076108367035343E-005
   8.67448680351906       3.362948493450968E-005
   8.69208211143695       3.450301086584587E-005
   8.70967741935484       3.753125164015664E-005
   8.72727272727273       3.851813418662846E-005
   8.74486803519062       4.169224594382902E-005
   8.76246334310851       4.277981539318238E-005
   8.78005865102639       4.608799046094196E-005
   8.79765395894428       4.726593420600097E-005
   8.81524926686217       5.069858846671999E-005
   8.83284457478006       5.195679098642947E-005
   8.85043988269795       5.550091284711613E-005
   8.86803519061584       5.682562608411445E-005
   8.88563049853373       6.046852878860993E-005
   8.90322580645161       6.184952938675107E-005
   8.92082111436950       6.558303021014833E-005
   8.93841642228739       6.701514705006404E-005
   8.95601173020528       7.083681869579112E-005
   8.97360703812317       7.232170265638783E-005
   8.99120234604106       7.623752902539727E-005
   9.00879765395895       7.778868923973891E-005
   9.02639296187683       8.181990428601896E-005
   9.04398826979472       8.345734136670670E-005
   9.06158357771261       8.761002575202518E-005
   9.07917888563050       8.932807419520408E-005
   9.09677419354839       9.359093286659006E-005
   9.11436950146628       9.537630683360082E-005
   9.13196480938416       9.973437722248895E-005
   9.14956011730205       1.015721786248087E-004
   9.16715542521994       1.060105912576838E-004
   9.18475073313783       1.078878307171235E-004
   9.20234604105572       1.123963159943596E-004
   9.21994134897361       1.143098758315043E-004
   9.23753665689150       1.188914867999055E-004
   9.25513196480938       1.208416026051454E-004
   9.27272727272727       1.254854574344661E-004
   9.29032258064516       1.274535944760421E-004
   9.30791788856305       1.321357448254142E-004
   9.32551319648094       1.340946460818823E-004
   9.34310850439883       1.387842468367118E-004
   9.36070381231672       1.407008620453340E-004
   9.37829912023460       1.453619385487588E-004
   9.39589442815249       1.471985208591308E-004
   9.41348973607038       1.517910256160512E-004
   9.43108504398827       1.535119163367001E-004
   9.44868035190616       1.580116638813924E-004
   9.46627565982405       1.596034774386828E-004
   9.48387096774194       1.639994183155061E-004
   9.50146627565982       1.654517211462930E-004
   9.51906158357771       1.697329282219250E-004
   9.53665689149560       1.710356007283255E-004
   9.55425219941349       1.751919273795264E-004
   9.57184750733138       1.763364252043474E-004
   9.58944281524927       1.803605299855119E-004
   9.60703812316716       1.813439292408077E-004
   9.62463343108504       1.852409289714920E-004
   9.64222873900293       1.860778962485091E-004
   9.65982404692082       1.898607080942702E-004
   9.67741935483871       1.905558587314241E-004
   9.69501466275660       1.942209080310758E-004
   9.71260997067449       1.947660440581078E-004
   9.73020527859238       1.983000613412543E-004
   9.74780058651026       1.986786198933473E-004
   9.76539589442815       2.020607286787919E-004
   9.78299120234604       2.022489674041470E-004
   9.80058651026393       2.054512621295416E-004
   9.81818181818182       2.054203220457785E-004
   9.83577712609971       2.084213698158132E-004
   9.85337243401760       2.081667312207888E-004
   9.87096774193548       2.109703347326930E-004
   9.88856304985337       2.104959273234217E-004
   9.90615835777126       2.131026374973604E-004
   9.92375366568915       2.124067853714749E-004
   9.94134897360704       2.148110261017888E-004
   9.95894428152493       2.138853581057862E-004
   9.97653958944282       2.160740173334903E-004
   9.99413489736071       2.149013501124175E-004
   10.0117302052786       2.168499852325775E-004
   10.0293255131965       2.154035391805838E-004
   10.0469208211144       2.170947391098841E-004
   10.0645161290323       2.153741749331753E-004
   10.0821114369501       2.168156726863683E-004
   10.0997067448680       2.148316908752747E-004
   10.1173020527859       2.160338916871865E-004
   10.1348973607038       2.137973615942141E-004
   10.1524926686217       2.147694408547201E-004
   10.1700879765396       2.122888317930032E-004
   10.1876832844575       2.130363221202117E-004
   10.2052785923754       2.103146012031894E-004
   10.2228739002933       2.108364345985365E-004
   10.2404692082111       2.078769831722701E-004
   10.2580645161290       2.081871227207643E-004
   10.2756598240469       2.050135819635327E-004
   10.2932551319648       2.051376035988182E-004
   10.3108504398827       2.017769957942327E-004
   10.3284457478006       2.017409421935358E-004
   10.3460410557185       1.982193460962048E-004
   10.3636363636364       1.980470615279666E-004
   10.3812316715543       1.943869987787428E-004
   10.3988269794721       1.940968205074401E-004
   10.4164222873900       1.903111727116634E-004
   10.4340175953079       1.899061461485923E-004
   10.4516129032258       1.859956426861615E-004
   10.4692082111437       1.854807817239095E-004
   10.4868035190616       1.814568332098914E-004
   10.5043988269795       1.808454165365663E-004
   10.5219941348974       1.767235673324453E-004
   10.5395894428153       1.760307013371141E-004
   10.5571847507331       1.718266731615494E-004
   10.5747800586510       1.710659664347887E-004
   10.5923753665689       1.667919410251785E-004
   10.6099706744868       1.659694625135417E-004
   10.6275659824047       1.616234549242049E-004
   10.6451612903226       1.607321018409146E-004
   10.6627565982405       1.563153822863536E-004
   10.6803519061584       1.553661640958367E-004
   10.6979472140762       1.508974329162663E-004
   10.7155425219941       1.499123592243425E-004
   10.7331378299120       1.454178127772076E-004
   10.7507331378299       1.444245472186882E-004
   10.7683284457478       1.399345841218687E-004
   10.7859237536657       1.389635628080551E-004
   10.8035190615836       1.345093314638251E-004
   10.8211143695015       1.335852115064817E-004
   10.8387096774194       1.291781973803802E-004
   10.8563049853372       1.282996701389317E-004
   10.8739002932551       1.239404588717895E-004
   10.8914956011730       1.231133030470176E-004
   10.9090909090909       1.188137825453894E-004
   10.9266862170088       1.180533303542867E-004
   10.9442815249267       1.138339777942313E-004
   10.9618768328446       1.131636990133325E-004
   10.9794721407625       1.090531179032389E-004
   10.9970674486804       1.085050361294644E-004
   11.0146627565982       1.045411004528624E-004
   11.0322580645161       1.041504114215923E-004
   11.0498533724340       1.003558142054766E-004
   11.0674486803519       1.001304581368448E-004
   11.0850439882698       9.650947040047907E-005
   11.1026392961877       9.645222549861890E-005
   11.1202346041056       9.300895877449461E-005
   11.1378299120235       9.312338927757519E-005
   11.1554252199413       8.986311842436179E-005
   11.1730205278592       9.015403186819911E-005
   11.1906158357771       8.708312322155319E-005
   11.2082111436950       8.755551926586445E-005
   11.2258064516129       8.467585953207831E-005
   11.2434017595308       8.532199263062938E-005
   11.2609970674487       8.262199374028527E-005
   11.2785923753666       8.343140783406659E-005
   11.2961876832845       8.090611564924058E-005
   11.3137829912023       8.187666461390116E-005
   11.3313782991202       7.952895647138259E-005
   11.3489736070381       8.066644816023561E-005
   11.3665689149560       7.850769064592818E-005
   11.3841642228739       7.982746130962931E-005
   11.4017595307918       7.788070952797425E-005
   11.4193548387097       7.941349326060729E-005
   11.4369501466276       7.771487306061433E-005
   11.4545454545455       7.948689417652365E-005
   11.4721407624633       7.805124911959761E-005
   11.4897360703812       8.007024800644121E-005
   11.5073313782991       7.890461998287593E-005
   11.5249266862170       8.117593671978129E-005
   11.5425219941349       8.028728774731615E-005
   11.5601173020528       8.281789511271701E-005
   11.5777126099707       8.221654269479122E-005
   11.5953079178886       8.501895078285416E-005
   11.6129032258065       8.472486638700524E-005
   11.6304985337243       8.782381206707229E-005
   11.6480938416422       8.785755325070196E-005
   11.6656891495601       9.125749185029127E-005
   11.6832844574780       9.161334688116555E-005
   11.7008797653959       9.530156422556621E-005
   11.7184750733138       9.596421632159134E-005
   11.7360703812317       9.992112935550751E-005
   11.7536656891496       1.008696616132888E-004
   11.7712609970675       1.050707834810010E-004
   11.7888563049853       1.062796761397858E-004
   11.8064516129032       1.106955834481930E-004
   11.8240469208211       1.121344328749008E-004
   11.8416422287390       1.167354416063509E-004
   11.8592375366569       1.183821815318532E-004
   11.8768328445748       1.231500787244023E-004
   11.8944281524927       1.249899088687921E-004
   11.9120234604106       1.299098971534990E-004
   11.9296187683284       1.319304228579758E-004
   11.9472140762463       1.369898992554707E-004
   11.9648093841642       1.391809249085256E-004
   11.9824046920821       1.443696193471710E-004
   12.0000000000000       1.467235796724934E-004
   12.0175953079179       1.520340336017176E-004
   12.0351906158358       1.545443862471756E-004
   12.0527859237537       1.599659819850982E-004
   12.0703812316716       1.626215612941035E-004
   12.0879765395894       1.681422847955994E-004
   12.1055718475073       1.709338304763935E-004
   12.1231671554252       1.765449199581240E-004
   12.1407624633431       1.794672696814525E-004
   12.1583577712610       1.851649995801432E-004
   12.1759530791789       1.882193308086821E-004
   12.1935483870968       1.940082300723950E-004
   12.2111436950147       1.972078974605434E-004
   12.2287390029326       2.031065034453353E-004
   12.2463343108504       2.064648367725263E-004
   12.2639296187683       2.124679668794276E-004
   12.2815249266862       2.159689325830194E-004
   12.2991202346041       2.220544576319198E-004
   12.3167155425220       2.256752477342490E-004
   12.3343108504399       2.318182085288031E-004
   12.3519061583578       2.355355966872703E-004
   12.3695014662757       2.417128770505412E-004
   12.3870967741935       2.455081195192740E-004
   12.4046920821114       2.517055099656227E-004
   12.4222873900293       2.555756953445521E-004
   12.4398826979472       2.617924422216125E-004
   12.4574780058651       2.657246272823977E-004
   12.4750733137830       2.719278469258695E-004
   12.4926686217009       2.758800699779932E-004
   12.5102639296188       2.820208913752740E-004
   12.5278592375367       2.859421970774754E-004
   12.5454545454545       2.919664037583038E-004
   12.5630498533724       2.958037042496922E-004
   12.5806451612903       3.016586046958987E-004
   12.5982404692082       3.053657716387446E-004
   12.6158357771261       3.110186183005600E-004
   12.6334310850440       3.145917389046027E-004
   12.6510263929619       3.200498615875705E-004
   12.6686217008798       3.234795440996167E-004
   12.6862170087977       3.287069674487618E-004
   12.7038123167155       3.319407996535555E-004
   12.7214076246334       3.368695378309650E-004
   12.7390029325513       3.398288122762372E-004
   12.7565982404692       3.443675669818555E-004
   12.7741935483871       3.469522924958651E-004
   12.7917888563050       3.509901535572749E-004
   12.8093841642229       3.530840574914122E-004
   12.8269794721408       3.565175188526044E-004
   12.8445747800587       3.580636047199618E-004
   12.8621700879765       3.608696125767720E-004
   12.8797653958944       3.618447154567462E-004
   12.8973607038123       3.639811145455550E-004
   12.9149560117302       3.643267715386000E-004
   12.9325513196481       3.657145762924026E-004
   12.9501466275660       3.653323248145569E-004
   12.9677419354839       3.658472340301330E-004
   12.9853372434018       3.645845228731520E-004
   13.0029325513196       3.640303836053268E-004
   13.0205278592375       3.616338216010950E-004
   13.0381231671554       3.597354008692885E-004
   13.0557184750733       3.560088826846937E-004
   13.0733137829912       3.526710697453384E-004
   13.0909090909091       3.475745395747519E-004
   13.1085043988270       3.427809003886154E-004
   13.1260997067449       3.363157700315489E-004
   13.1436950146628       3.300760953940853E-004
   13.1612903225806       3.222593801116164E-004
   13.1788856304985       3.145895271019419E-004
   13.1964809384164       3.054329295746025E-004
   13.2140762463343       2.963235594096626E-004
   13.2316715542522       2.858037199995851E-004
   13.2492668621701       2.752686928221065E-004
   13.2668621700880       2.634804423947314E-004
   13.2844574780059       2.516736759224404E-004
   13.3020527859238       2.388095691982557E-004
   13.3196480938416       2.259514718548921E-004
   13.3372434017595       2.122607586526915E-004
   13.3548387096774       1.986255851474792E-004
   13.3724340175953       1.844125116364372E-004
   13.3900293255132       1.703349084546739E-004
   13.4076246334311       1.559805003175045E-004
   13.4252199413490       1.418882831135560E-004
   13.4428152492669       1.278101145580822E-004
   13.4604105571848       1.140299182079135E-004
   13.4780058651026       1.004741101562483E-004
   13.4956011730205       8.721224005451917E-005
   13.5131964809384       7.436559437320717E-005
   13.5307917888563       6.179058490717427E-005
   13.5483870967742       4.980963569564562E-005
   13.5659824046921       3.806335557861712E-005
   13.5835777126100       2.707865889629874E-005
   13.6011730205279       1.627437054572356E-005
   13.6187683284457       6.375461205676558E-006
   13.6363636363636      -3.437863202989278E-006
   13.6539589442815      -1.222489171201052E-005
   13.6715542521994      -2.101817195421823E-005
   13.6891495601173      -2.865079439349194E-005
   13.7067448680352      -3.637778155102495E-005
   13.7243401759531      -4.280556163784660E-005
   13.7419354838710      -4.941801284024627E-005
   13.7595307917889      -5.459343278575107E-005
   13.7771260997067      -6.005189708706837E-005
   13.7947214076246      -6.394478326014591E-005
   13.8123167155425      -6.825060054170532E-005
   13.8299120234604      -7.094600148506802E-005
   13.8475073313783      -7.429317086146156E-005
   13.8651026392962      -7.601360248277475E-005
   13.8826979472141      -7.858949563044134E-005
   13.9002932551320      -7.947976871973842E-005
   13.9178885630499      -8.139917719863285E-005
   13.9354838709677      -8.154249447614842E-005
   13.9530791788856      -8.286149855914172E-005
   13.9706744868035      -8.228116735911050E-005
   13.9882697947214      -8.299065281392232E-005
   14.0058651026393      -8.163021250893351E-005
   14.0234604105572      -8.163729347577935E-005
   14.0410557184751      -7.944631174298672E-005
   14.0586510263930      -7.883123665313180E-005
   14.0762463343109      -7.598327103666964E-005
   14.0938416422287      -7.495038498455300E-005
   14.1114369501466      -7.165483646726800E-005
   14.1290322580645      -7.041570941180995E-005
   14.1466275659824      -6.687566577966309E-005
   14.1642228739003      -6.562361161073152E-005
   14.1818181818182      -6.201000870005447E-005
   14.1994134897361      -6.088489231371477E-005
   14.2170087976540      -5.725858262883676E-005
   14.2346041055718      -5.617803544673741E-005
   14.2521994134897      -5.235150385523068E-005
   14.2697947214076      -5.116203000959177E-005
   14.2873900293255      -4.705637418237965E-005
   14.3049853372434      -4.573656172319199E-005
   14.3225806451613      -4.137031894616480E-005
   14.3401759530792      -3.997734084846375E-005
   14.3577712609971      -3.543877223338626E-005
   14.3753665689150      -3.409608258198654E-005
   14.3929618768328      -2.954042176033422E-005
   14.4105571847507      -2.844474949845521E-005
   14.4281524926686      -2.405931806786590E-005
   14.4457478005865      -2.328112525515344E-005
   14.4633431085044      -1.898661182737541E-005
   14.4809384164223      -1.838580149027921E-005
   14.4985337243402      -1.403301696772946E-005
   14.5161290322581      -1.346617582388002E-005
   14.5337243401760      -8.916214519526677E-006
   14.5513196480938      -8.257811311973618E-006
   14.5689149560117      -3.397078396764536E-006
   14.5865102639296      -2.556397265902316E-006
   14.6041055718475       2.676073196556994E-006
   14.6217008797654       3.682582957913683E-006
   14.6392961876833       9.154653377812711E-006
   14.6568914956012       1.012686675768798E-005
   14.6744868035191       1.567217634073018E-005
   14.6920821114370       1.649166379916242E-005
   14.7096774193548       2.203045102920728E-005
   14.7272727272727       2.264508072304727E-005
   14.7448680351906       2.815734377090126E-005
   14.7624633431085       2.857479595427115E-005
   14.7800586510264       3.410765422784656E-005
   14.7976539589443       3.442034413485404E-005
   14.8152492668622       4.015398463652728E-005
   14.8328445747801       4.063636875326843E-005
   14.8504398826979       4.682715812632085E-005
   14.8680351906158       4.758838578554972E-005
   14.8856304985337       5.421902162858041E-005
   14.9032258064516       5.515509022498078E-005
   14.9208211143695       6.205667105237503E-005
   14.9384164222874       6.293019031910105E-005
   14.9560117302053       6.980110787997786E-005
   14.9736070381232       7.022998642720050E-005
   14.9912023460411       7.659725944613927E-005
   15.0087976539589       7.595865839217020E-005
   15.0263929618768       8.104196400586347E-005
   15.0439882697947       7.861814234777461E-005
   15.0615835777126       8.204249465541336E-005
   15.0791788856305       7.776143147034107E-005
   15.0967741935484       7.961171809543380E-005
   15.1143695014663       7.364898752151036E-005
   15.1319648093842       7.418058305773160E-005
   15.1495601173021       6.685189657861368E-005
   15.1671554252199       6.644298876766014E-005
   15.1847507331378       5.817782503898577E-005
   15.2023460410557       5.731841206835104E-005
   15.2199413489736       4.862632240282050E-005
   15.2375366568915       4.770489586600913E-005
   15.2551319648094       3.873027362104564E-005
   15.2727272727273       3.776426708344316E-005
   15.2903225806452       2.852161667796743E-005
   15.3079178885631       2.755982357023679E-005
   15.3255131964809       1.812812852794438E-005
   15.3431085043988       1.729418965748203E-005
   15.3607038123167       7.837618258859647E-006
   15.3782991202346       7.354041386825438E-006
   15.3958944281525      -1.844674936560875E-006
   15.4134897360704      -1.610806743006954E-006
   15.4310850439883      -1.022810482228964E-005
   15.4486803519062      -9.223946245143999E-006
   15.4662756598240      -1.749717274879370E-005
   15.4838709677419      -1.604635851437813E-005
   15.5014662756598      -2.428905129016498E-005
   15.5190615835777      -2.265486517202536E-005
   15.5366568914956      -3.106646414902805E-005
   15.5542521994135      -2.934316311012486E-005
   15.5718475073314      -3.787917974669100E-005
   15.5894428152493      -3.580211998870475E-005
   15.6070381231672      -4.379415023745692E-005
   15.6246334310850      -3.973237574154484E-005
   15.6422287390029      -4.439069630712874E-005
   15.6598240469208      -3.535035636721931E-005
   15.6774193548387      -3.444726651106206E-005
   15.6950146627566      -1.895458976405384E-005
   15.7126099706745      -1.158916554222872E-005
   15.7302052785924       1.074623400961743E-005
   15.7478005865103       2.444261742391565E-005
   15.7653958944282       5.294431795424425E-005
   15.7829912023460       7.163770701720150E-005
   15.8005865102639       1.041108411081118E-004
   15.8181818181818       1.241515365758171E-004
   15.8357771260997       1.553964608831077E-004
   15.8533724340176       1.717382412116890E-004
   15.8709677419355       1.984181880504934E-004
   15.8885630498534       2.091028546957739E-004
   15.9061583577713       2.300711089300384E-004
   15.9237536656892       2.345417269638728E-004
   15.9413489736070       2.497481400280741E-004
   15.9589442815249       2.483987727350956E-004
   15.9765395894428       2.586890330269192E-004
   15.9941348973607       2.528229990297156E-004
   16.0117302052786       2.600964716980157E-004
   16.0293255131965       2.520618944466055E-004
   16.0469208211144       2.583308162960883E-004
   16.0645161290323       2.492239228321527E-004
   16.0821114369501       2.550141651004681E-004
   16.0997067448680       2.451704265979576E-004
   16.1173020527859       2.507720352873487E-004
   16.1348973607038       2.404619725358279E-004
   16.1524926686217       2.461870480128518E-004
   16.1700879765396       2.357721666961956E-004
   16.1876832844575       2.420953703961389E-004
   16.2052785923754       2.322107156254247E-004
   16.2228739002933       2.399972838920844E-004
   16.2404692082111       2.314094237440133E-004
   16.2580645161290       2.408973870358515E-004
   16.2756598240469       2.333023627060213E-004
   16.2932551319648       2.439589965076904E-004
   16.3108504398827       2.366833859777873E-004
   16.3284457478006       2.477656582299443E-004
   16.3460410557185       2.399923518605829E-004
   16.3636363636364       2.506647669322538E-004
   16.3812316715543       2.415301958478959E-004
   16.3988269794721       2.509730665679700E-004
   16.4164222873900       2.398126495021535E-004
   16.4340175953079       2.479629035153591E-004
   16.4516129032258       2.353793341861653E-004
   16.4692082111437       2.430224882099513E-004
   16.4868035190616       2.295634018493782E-004
   16.5043988269795       2.370431570035066E-004
   16.5219941348974       2.228260128886669E-004
   16.5395894428153       2.300788426034915E-004
   16.5571847507331       2.147922806670732E-004
   16.5747800586510       2.212657253106651E-004
   16.5923753665689       2.039873637563309E-004
   16.6099706744868       2.082079813308535E-004
   16.6275659824047       1.866917128120595E-004
   16.6451612903226       1.864942669942565E-004
   16.6627565982405       1.597287542242765E-004
   16.6803519061584       1.553696481053204E-004
   16.6979472140762       1.243227708552302E-004
   16.7155425219941       1.173506620397159E-004
   16.7331378299120       8.403784322604835E-005
   16.7507331378299       7.701153114919701E-005
   16.7683284457478       4.450704040339837E-005
   16.7859237536657       4.120703466038878E-005
   16.8035190615836       1.420091442908467E-005
   16.8211143695015       2.033161733828015E-005
   16.8387096774194       3.277695391693203E-006
   16.8563049853372       1.920428499411941E-005
   16.8739002932551       8.768174402317808E-006
   16.8914956011730       2.964187184462214E-005
   16.9090909090909       2.009505663381545E-005
   16.9266862170088       3.960128881900066E-005
   16.9442815249267       2.402946432391262E-005
   16.9618768328446       3.482906451479500E-005
   16.9794721407625       5.368561804962035E-006
   16.9970674486804      -7.824498270500024E-007
   17.0146627565982      -5.233578785348158E-005
   17.0322580645161      -7.899232011731238E-005
   17.0498533724340      -1.467325499007591E-004
   17.0674486803519      -1.811641772869642E-004
   17.0850439882698      -2.512248476261610E-004
   17.1026392961877      -2.799188906420936E-004
   17.1202346041056      -3.394216361729363E-004
   17.1378299120235      -3.500256316252497E-004
   17.1554252199413      -3.875001810325440E-004
   17.1730205278592      -3.694191687708158E-004
   17.1906158357771      -3.757487181851795E-004
   17.2082111436950      -3.222278218411133E-004
   17.2258064516129      -2.984583151959072E-004
   17.2434017595308      -2.233455590784695E-004
   17.2609970674487      -1.915885625228242E-004
   17.2785923753666      -1.158980334182363E-004
   17.2961876832845      -9.406102643209438E-005
   17.3137829912023      -3.302538427899510E-005
   17.3313782991202      -3.433557166461243E-005
   17.3489736070381       1.233684587330919E-006
   17.3665689149560      -3.195609883799555E-005
   17.3841642228739      -2.756631873906190E-005
   17.4017595307918      -9.487006949169307E-005
   17.4193548387097      -1.162298251432982E-004
   17.4369501466276      -2.013160458124844E-004
   17.4545454545455      -2.259415668287057E-004
   17.4721407624633      -3.107215071697324E-004
   17.4897360703812      -3.258555549843080E-004
   17.5073313782991      -4.020035884505417E-004
   17.5249266862170      -4.019748618943219E-004
   17.5425219941349      -4.673550566947219E-004
   17.5601173020528      -4.522969764756885E-004
   17.5777126099707      -5.110606644050750E-004
   17.5953079178886      -4.882563064710604E-004
   17.6129032258065      -5.548429200386918E-004
   17.6304985337243      -5.445686567915969E-004
   17.6480938416422      -6.391511434204371E-004
   17.6656891495601      -6.502034548317054E-004
   17.6832844574780      -7.743621453682284E-004
   17.7008797653959      -8.016923684848582E-004
   17.7184750733138      -9.491923978051134E-004
   17.7360703812317      -9.812889060497642E-004
   17.7536656891496      -1.141016837372165E-003
   17.7712609970675      -1.160680860575676E-003
   17.7888563049853      -1.316899239061881E-003
   17.8064516129032      -1.299309716686784E-003
   17.8240469208211      -1.430431419684628E-003
   17.8416422287390      -1.350972851699223E-003
   17.8592375366569      -1.457583833826650E-003
   17.8768328445748      -1.315465152066659E-003
   17.8944281524927      -1.423598984304678E-003
   17.9120234604106      -1.224840092159361E-003
   17.9296187683284      -1.391641555588386E-003
   17.9472140762463      -1.145611568387815E-003
   17.9648093841642      -1.529648251581096E-003
   17.9824046920821      -1.248337775768750E-003
   18.0000000000000      -2.897553954751845E-003
