  0.000000000000000E+000 -2.607662748484453E-003
  1.759530791788856E-002 -2.078723132581747E-003
  3.519061583577713E-002 -1.930823048678761E-003
  5.278592375366570E-002 -1.719941569066838E-003
  7.038123167155426E-002 -1.623802442990080E-003
  8.797653958944282E-002 -1.490480022079546E-003
  0.105571847507331      -1.419838754941602E-003
  0.123167155425220      -1.323624729566096E-003
  0.140762463343109      -1.268280168742151E-003
  0.158357771260997      -1.194087128471440E-003
  0.175953079178886      -1.148899540924665E-003
  0.193548387096774      -1.089295323874548E-003
  0.211143695014663      -1.051290671990665E-003
  0.228739002932551      -1.002031040895679E-003
  0.246334310850440      -9.693381945841377E-004
  0.263929618768328      -9.277754609153558E-004
  0.281524926686217      -8.991531545640420E-004
  0.299120234604106      -8.635289398375895E-004
  0.316715542521994      -8.381171806608395E-004
  0.334310850439883      -8.072106051442204E-004
  0.351906158357771      -7.843978375300882E-004
  0.369501466275660      -7.573365751115941E-004
  0.387096774193548      -7.366848843628905E-004
  0.404692082111437      -7.128420052913280E-004
  0.422287390029326      -6.940625578000793E-004
  0.439882697947214      -6.730282652749253E-004
  0.457478005865103      -6.559568478006287E-004
  0.475073313782991      -6.374243427984129E-004
  0.492668621700880      -6.219138589415678E-004
  0.510263929618768      -6.056209343425778E-004
  0.527859237536657      -5.915375264321415E-004
  0.545454545454546      -5.772545556732022E-004
  0.563049853372434      -5.644671394839605E-004
  0.580645161290323      -5.519763172713237E-004
  0.598240469208211      -5.403341763654545E-004
  0.615835777126100      -5.293739134629132E-004
  0.633431085043988      -5.185738368520624E-004
  0.651026392961877      -5.086785876314084E-004
  0.668621700879765      -4.983068671162403E-004
  0.686217008797654      -4.890660792136353E-004
  0.703812316715543      -4.788036944379590E-004
  0.721407624633431      -4.698920897702488E-004
  0.739002932551320      -4.594865706345524E-004
  0.756598240469208      -4.506472289379570E-004
  0.774193548387097      -4.399102707630301E-004
  0.791788856304985      -4.309619424576162E-004
  0.809384164222874      -4.198014405665817E-004
  0.826979472140763      -4.107598648755780E-004
  0.844574780058651      -3.994075312379639E-004
  0.862170087976540      -3.905747319601996E-004
  0.879765395894428      -3.793311859166681E-004
  0.897360703812317      -3.709430388214696E-004
  0.914956011730205      -3.600373616881555E-004
  0.932551319648094      -3.522812793234109E-004
  0.950146627565982      -3.419001466130836E-004
  0.967741935483871      -3.349269560426512E-004
  0.985337243401760      -3.252189415096681E-004
   1.00293255131965      -3.191391037322166E-004
   1.02052785923754      -3.101920942811735E-004
   1.03812316715543      -3.050214622850381E-004
   1.05571847507331      -2.968238012949459E-004
   1.07331378299120      -2.925357596849090E-004
   1.09090909090909      -2.850814555862059E-004
   1.10850439882698      -2.816594273475370E-004
   1.12609970674487      -2.749404001367674E-004
   1.14369501466276      -2.723588000354592E-004
   1.16129032258065      -2.663494329806223E-004
   1.17888563049853      -2.645560780596599E-004
   1.19648093841642      -2.591876086538647E-004
   1.21407624633431      -2.580405097654367E-004
   1.23167155425220      -2.530105076200048E-004
   1.24926686217009      -2.520055136529143E-004
   1.26686217008798      -2.467743962357317E-004
   1.28445747800587      -2.454314229289227E-004
   1.30205278592375      -2.395945725044625E-004
   1.31964809384164      -2.375570024498421E-004
   1.33724340175953      -2.308177332812157E-004
   1.35483870967742      -2.278367015815946E-004
   1.37243401759531      -2.200146790852485E-004
   1.39002932551320      -2.159789874852420E-004
   1.40762463343109      -2.070898435924296E-004
   1.42521994134897      -2.022914494485754E-004
   1.44281524926686      -1.930373044501684E-004
   1.46041055718475      -1.883677077054514E-004
   1.47800586510264      -1.795563668182885E-004
   1.49560117302053      -1.756857284558843E-004
   1.51319648093842      -1.679021750323132E-004
   1.53079178885631      -1.653339780412417E-004
   1.54838709677419      -1.590165703232127E-004
   1.56598240469208      -1.581142181590941E-004
   1.58357771260997      -1.535543139326295E-004
   1.60117302052786      -1.545085841834755E-004
   1.61876832844575      -1.517220697662607E-004
   1.63636363636364      -1.542285418707570E-004
   1.65395894428153      -1.526695985117782E-004
   1.67155425219941      -1.561800835250094E-004
   1.68914956011730      -1.553953727633679E-004
   1.70674486803519      -1.595110212892408E-004
   1.72434017595308      -1.591449917485467E-004
   1.74193548387097      -1.635350196492175E-004
   1.75953079178886      -1.632825275372786E-004
   1.77712609970675      -1.676541642954216E-004
   1.79472140762463      -1.672361502384636E-004
   1.81231671554252      -1.713031081437041E-004
   1.82991202346041      -1.704008137355039E-004
   1.84750733137830      -1.738025253942265E-004
   1.86510263929619      -1.720716885978959E-004
   1.88269794721408      -1.745098401253301E-004
   1.90029325513196      -1.717027354017277E-004
   1.91788856304985      -1.729696875070064E-004
   1.93548387096774      -1.689259046226900E-004
   1.95307917888563      -1.689067969074484E-004
   1.97067448680352      -1.635714418670619E-004
   1.98826979472141      -1.622808198093593E-004
   2.00586510263930      -1.557863469819061E-004
   2.02346041055718      -1.536227886714064E-004
   2.04105571847507      -1.467760096949036E-004
   2.05865102639296      -1.447508827622338E-004
   2.07624633431085      -1.384630766145329E-004
   2.09384164222874      -1.373268260919295E-004
   2.11143695014663      -1.322395343271341E-004
   2.12903225806452      -1.325351683714969E-004
   2.14662756598241      -1.291030790979612E-004
   2.16422287390029      -1.311892060642510E-004
   2.18181818181818      -1.296664053592242E-004
   2.19941348973607      -1.336572313389225E-004
   2.21700879765396      -1.338935010319756E-004
   2.23460410557185      -1.391228939588938E-004
   2.25219941348974      -1.400216139047050E-004
   2.26979472140762      -1.453907570439607E-004
   2.28739002932551      -1.460444161756402E-004
   2.30498533724340      -1.507853486344220E-004
   2.32258064516129      -1.505359489238604E-004
   2.34017595307918      -1.540828643580218E-004
   2.35777126099707      -1.524573350905787E-004
   2.37536656891496      -1.544308016003974E-004
   2.39296187683284      -1.511616971085067E-004
   2.41055718475073      -1.514633442408208E-004
   2.42815249266862      -1.468084249471934E-004
   2.44574780058651      -1.461064460849370E-004
   2.46334310850440      -1.408646506110610E-004
   2.48093841642229      -1.398369006286089E-004
   2.49853372434018      -1.345665447736338E-004
   2.51612903225806      -1.336915466816286E-004
   2.53372434017595      -1.288100362526968E-004
   2.55131964809384      -1.284487949696309E-004
   2.56891495601173      -1.242668916292768E-004
   2.58651026392962      -1.246749840722932E-004
   2.60410557184751      -1.213850054189648E-004
   2.62170087976540      -1.226417120088207E-004
   2.63929618768328      -1.201678447435772E-004
   2.65689149560117      -1.221067664782883E-004
   2.67448680351906      -1.203056636893033E-004
   2.69208211143695      -1.228223985911585E-004
   2.70967741935484      -1.216117311127439E-004
   2.72727272727273      -1.246346973201431E-004
   2.74486803519062      -1.239511438284628E-004
   2.76246334310850      -1.274187943949707E-004
   2.78005865102639      -1.272017759432141E-004
   2.79765395894428      -1.310472361492200E-004
   2.81524926686217      -1.312111764404488E-004
   2.83284457478006      -1.352844891937187E-004
   2.85043988269795      -1.356042585645217E-004
   2.86803519061584      -1.396565004260241E-004
   2.88563049853372      -1.399038016145273E-004
   2.90322580645161      -1.437255985101057E-004
   2.92082111436950      -1.437084455064172E-004
   2.93841642228739      -1.471209897445149E-004
   2.95601173020528      -1.466759274771443E-004
   2.97360703812317      -1.495291610895091E-004
   2.99120234604106      -1.485238461072104E-004
   3.00879765395894      -1.507085015310633E-004
   3.02639296187683      -1.491031261928348E-004
   3.04398826979472      -1.506974954294894E-004
   3.06158357771261      -1.486571736023875E-004
   3.07917888563050      -1.498354981555728E-004
   3.09677419354839      -1.475226642152496E-004
   3.11436950146628      -1.484387768493486E-004
   3.13196480938416      -1.460034381888038E-004
   3.14956011730205      -1.468029345027925E-004
   3.16715542521994      -1.443896780703699E-004
   3.18475073313783      -1.452150073301676E-004
   3.20234604105572      -1.429677475920972E-004
   3.21994134897361      -1.439519335882981E-004
   3.23753665689150      -1.419479557175972E-004
   3.25513196480938      -1.430765615727906E-004
   3.27272727272727      -1.412482784565633E-004
   3.29032258064516      -1.424403022746190E-004
   3.30791788856305      -1.407032043643939E-004
   3.32551319648094      -1.418693441163412E-004
   3.34310850439883      -1.401317334427124E-004
   3.36070381231672      -1.411760942125208E-004
   3.37829912023460      -1.393398500695555E-004
   3.39589442815249      -1.401600065797345E-004
   3.41348973607038      -1.381240523164737E-004
   3.43108504398827      -1.386590193162418E-004
   3.44868035190616      -1.364566900236254E-004
   3.46627565982405      -1.368120343735668E-004
   3.48387096774194      -1.345682493423151E-004
   3.50146627565982      -1.348671000716818E-004
   3.51906158357771      -1.327041678553460E-004
   3.53665689149560      -1.330657909409441E-004
   3.55425219941349      -1.311011082738598E-004
   3.57184750733138      -1.316385773912195E-004
   3.58944281524927      -1.299814299430106E-004
   3.60703812316716      -1.307949814769224E-004
   3.62463343108504      -1.295065563436511E-004
   3.64222873900293      -1.305617364765420E-004
   3.65982404692082      -1.295195898323267E-004
   3.67741935483871      -1.306687904321791E-004
   3.69501466275660      -1.297329325073997E-004
   3.71260997067449      -1.308409232676902E-004
   3.73020527859238      -1.298811284023981E-004
   3.74780058651026      -1.308203770900661E-004
   3.76539589442815      -1.297127156484404E-004
   3.78299120234604      -1.303609613415126E-004
   3.80058651026393      -1.289856349192080E-004
   3.81818181818182      -1.292302041981915E-004
   3.83577712609971      -1.275164306347174E-004
   3.85337243401760      -1.273555747924296E-004
   3.87096774193548      -1.253474436463442E-004
   3.88856304985337      -1.248370582050962E-004
   3.90615835777126      -1.225967583437579E-004
   3.92375366568915      -1.218041122289937E-004
   3.94134897360704      -1.194057308648946E-004
   3.95894428152493      -1.184113861869343E-004
   3.97653958944282      -1.159448818222211E-004
   3.99413489736070      -1.148498399569034E-004
   4.01173020527859      -1.124365365188435E-004
   4.02932551319648      -1.113837706776784E-004
   4.04692082111437      -1.091589932269886E-004
   4.06451612903226      -1.082419368098446E-004
   4.08211143695015      -1.062627182330489E-004
   4.09970674486804      -1.055171016691392E-004
   4.11730205278592      -1.038048272810504E-004
   4.13489736070381      -1.032384861228585E-004
   4.15249266862170      -1.017890356712962E-004
   4.17008797653959      -1.013844616234139E-004
   4.18768328445748      -1.001662535260948E-004
   4.20527859237537      -9.987160013300226E-005
   4.22287390029326      -9.880599158946867E-005
   4.24046920821114      -9.852983171438788E-005
   4.25806451612903      -9.755055303867434E-005
   4.27565982404692      -9.726175759360986E-005
   4.29325513196481      -9.635789445159061E-005
   4.31085043988270      -9.605577851789573E-005
   4.32844574780059      -9.523483237719167E-005
   4.34604105571848      -9.493251603984584E-005
   4.36363636363636      -9.421297946237690E-005
   4.38123167155425      -9.393281771810652E-005
   4.39882697947214      -9.334105883728253E-005
   4.41642228739003      -9.310715746119101E-005
   4.43401759530792      -9.263621033762777E-005
   4.45161290322581      -9.238391742258919E-005
   4.46920821114370      -9.193459831895366E-005
   4.48680351906158      -9.156101038026392E-005
   4.50439882697947      -9.103438382035698E-005
   4.52199413489736      -9.044392520640422E-005
   4.53958944281525      -8.974845830514187E-005
   4.55718475073314      -8.885334776388572E-005
   4.57478005865103      -8.790602594205349E-005
   4.59237536656892      -8.662831214494409E-005
   4.60997067448680      -8.536020942906014E-005
   4.62756598240469      -8.366317159919060E-005
   4.64516129032258      -8.210023685876176E-005
   4.66275659824047      -8.005804659286674E-005
   4.68035190615836      -7.828524370602022E-005
   4.69794721407625      -7.598010316284666E-005
   4.71554252199414      -7.407902796659557E-005
   4.73313782991202      -7.159265223893444E-005
   4.75073313782991      -6.964644160730525E-005
   4.76832844574780      -6.706409199959457E-005
   4.78592375366569      -6.516183377901697E-005
   4.80351906158358      -6.257899813360062E-005
   4.82111436950147      -6.082316282918255E-005
   4.83870967741935      -5.832971442291371E-005
   4.85630498533724      -5.677179195744074E-005
   4.87390029325513      -5.438526285836539E-005
   4.89149560117302      -5.302773661804752E-005
   4.90909090909091      -5.074205540212631E-005
   4.92668621700880      -4.957206455876310E-005
   4.94428152492669      -4.736835134671205E-005
   4.96187683284458      -4.636147821930836E-005
   4.97947214076246      -4.420974368457211E-005
   4.99706744868035      -4.333014519291843E-005
   5.01466275659824      -4.118965544915256E-005
   5.03225806451613      -4.041049680078862E-005
   5.04985337243402      -3.829475080002793E-005
   5.06744868035191      -3.766296045281917E-005
   5.08504398826980      -3.562790726526956E-005
   5.10263929618768      -3.519907161810531E-005
   5.12023460410557      -3.329883856451572E-005
   5.13782991202346      -3.312480314252093E-005
   5.15542521994135      -3.140830665414168E-005
   5.17302052785924      -3.153392485240280E-005
   5.19061583577713      -3.004060993242052E-005
   5.20821114369502      -3.049508228995549E-005
   5.22580645161290      -2.921880838464643E-005
   5.24340175953079      -2.992940000508290E-005
   5.26099706744868      -2.874904001583695E-005
   5.27859237536657      -2.959110408074749E-005
   5.29618768328446      -2.839367102265541E-005
   5.31378299120235      -2.926261769823135E-005
   5.33137829912024      -2.795105307416817E-005
   5.34897360703812      -2.875665252724981E-005
   5.36656891495601      -2.724806318141401E-005
   5.38416422287390      -2.791538861536962E-005
   5.40175953079179      -2.614572447339793E-005
   5.41935483870968      -2.663629473475936E-005
   5.43695014662757      -2.462643180854941E-005
   5.45454545454546      -2.502083407114274E-005
   5.47214076246334      -2.286624302699935E-005
   5.48973607038123      -2.324909640176355E-005
   5.50733137829912      -2.102562112235057E-005
   5.52492668621701      -2.146555605944126E-005
   5.54252199413490      -1.923602095200728E-005
   5.56011730205279      -1.978982888252078E-005
   5.57771260997067      -1.760522266692617E-005
   5.59530791788856      -1.831664475372605E-005
   5.61290322580645      -1.620917499281205E-005
   5.63049853372434      -1.708158552268087E-005
   5.64809384164223      -1.501851209045164E-005
   5.66568914956012      -1.600375196013230E-005
   5.68328445747801      -1.394220826016542E-005
   5.70087976539589      -1.500387369730511E-005
   5.71847507331378      -1.291246829205474E-005
   5.73607038123167      -1.402286358578997E-005
   5.75366568914956      -1.187808608443829E-005
   5.77126099706745      -1.301748059381694E-005
   5.78885630498534      -1.080486722514857E-005
   5.80645161290323      -1.196615596782108E-005
   5.82404692082111      -9.698596971392837E-006
   5.84164222873900      -1.092618927645093E-005
   5.85923753665689      -8.667370728948473E-006
   5.87683284457478      -1.001962370417748E-005
   5.89442815249267      -7.817534826884365E-006
   5.91202346041056      -9.333977653496362E-006
   5.92961876832845      -7.221305916161944E-006
   5.94721407624634      -8.927034503764804E-006
   5.96480938416422      -6.921621013489849E-006
   5.98240469208211      -8.824947979534932E-006
   6.00000000000000      -6.923402684427669E-006
   6.01759530791789      -8.997883133242137E-006
   6.03519061583578      -7.138990445280098E-006
   6.05278592375367      -9.304217366706460E-006
   6.07038123167156      -7.421069720939346E-006
   6.08797653958944      -9.629080534475663E-006
   6.10557184750733      -7.687054697209311E-006
   6.12316715542522      -9.912589252659083E-006
   6.14076246334311      -7.895539320059923E-006
   6.15835777126100      -1.013021324140467E-005
   6.17595307917889      -8.039016021754944E-006
   6.19354838709677      -1.029328275633309E-005
   6.21114369501466      -8.154549951037858E-006
   6.22873900293255      -1.048050960649718E-005
   6.24633431085044      -8.366469490536996E-006
   6.26392961876833      -1.082992599770057E-005
   6.28152492668622      -8.789505952679406E-006
   6.29912023460411      -1.142629575568301E-005
   6.31671554252199      -9.487278837065915E-006
   6.33431085043988      -1.231709073763040E-005
   6.35190615835777      -1.049261997374021E-005
   6.36950146627566      -1.352050624087045E-005
   6.38709677419355      -1.180766210637114E-005
   6.40469208211144      -1.501809988541394E-005
   6.42228739002933      -1.338139742638042E-005
   6.43988269794721      -1.671667458426353E-005
   6.45747800586510      -1.509820760246869E-005
   6.47507331378299      -1.851618110404185E-005
   6.49266862170088      -1.688781096752617E-005
   6.51026392961877      -2.036746924865718E-005
   6.52785923753666      -1.871470880076926E-005
   6.54545454545455      -2.224552006966094E-005
   6.56304985337243      -2.056247747865820E-005
   6.58064516129032      -2.414128114856144E-005
   6.59824046920821      -2.242853565084657E-005
   6.61583577712610      -2.605638054300773E-005
   6.63343108504399      -2.430742977882700E-005
   6.65102639296188      -2.796033676809996E-005
   6.66862170087977      -2.614228633687351E-005
   6.68621700879765      -2.978727674574666E-005
   6.70381231671554      -2.787095302584659E-005
   6.72140762463343      -3.148116336541724E-005
   6.73900293255132      -2.944361930957600E-005
   6.75659824046921      -3.299871391509997E-005
   6.77419354838710      -3.082415608763109E-005
   6.79178885630499      -3.431200531848885E-005
   6.80938416422287      -3.199562330975482E-005
   6.82697947214076      -3.542298269735287E-005
   6.84457478005865      -3.298639622706963E-005
   6.86217008797654      -3.637873840934089E-005
   6.87976539589443      -3.384463273364908E-005
   6.89736070381232      -3.722050186925681E-005
   6.91495601173021      -3.460670278272220E-005
   6.93255131964809      -3.798228657427993E-005
   6.95014662756598      -3.530550479847504E-005
   6.96774193548387      -3.869674654782802E-005
   6.98533724340176      -3.597419586115011E-005
   7.00293255131965      -3.939837251920706E-005
   7.02052785923754      -3.664915277689412E-005
   7.03812316715543      -4.012287482710733E-005
   7.05571847507331      -3.735954113530469E-005
   7.07331378299120      -4.089061454252389E-005
   7.09090909090909      -3.812075934775662E-005
   7.10850439882698      -4.171583477222775E-005
   7.12609970674487      -3.894730236577659E-005
   7.14369501466276      -4.261397605087366E-005
   7.16129032258065      -3.985623901700054E-005
   7.17888563049853      -4.360455121817742E-005
   7.19648093841642      -4.087076484017592E-005
   7.21407624633431      -4.471676040402508E-005
   7.23167155425220      -4.202587507303916E-005
   7.24926686217009      -4.598065482351781E-005
   7.26686217008798      -4.333303546893704E-005
   7.28445747800587      -4.738846526641095E-005
   7.30205278592375      -4.477309258523704E-005
   7.31964809384164      -4.891438795190092E-005
   7.33724340175953      -4.631495703187808E-005
   7.35483870967742      -5.052245304035434E-005
   7.37243401759531      -4.791766764278122E-005
   7.39002932551320      -5.216598213110412E-005
   7.40762463343109      -4.952637948967495E-005
   7.42521994134897      -5.377446420952221E-005
   7.44281524926686      -5.104792028875078E-005
   7.46041055718475      -5.524114273571050E-005
   7.47800586510264      -5.238210938414114E-005
   7.49560117302053      -5.648185918665562E-005
   7.51319648093842      -5.345886953038842E-005
   7.53079178885631      -5.743853510878512E-005
   7.54838709677419      -5.423213182633094E-005
   7.56598240469208      -5.807815890297264E-005
   7.58357771260997      -5.468439196305265E-005
   7.60117302052786      -5.840396400284912E-005
   7.61876832844575      -5.485497225952277E-005
   7.63636363636364      -5.851587945659585E-005
   7.65395894428153      -5.489861595257605E-005
   7.67155425219941      -5.857233427414001E-005
   7.68914956011730      -5.493942080458005E-005
   7.70674486803519      -5.866447826167070E-005
   7.72434017595308      -5.504543228244135E-005
   7.74193548387097      -5.884166526383407E-005
   7.75953079178886      -5.524934181134039E-005
   7.77712609970675      -5.912042907799150E-005
   7.79472140762463      -5.555071284527670E-005
   7.81231671554252      -5.947888778445758E-005
   7.82991202346041      -5.589599917924773E-005
   7.84750733137830      -5.983070396834098E-005
   7.86510263929619      -5.618816606601129E-005
   7.88269794721408      -6.009125852336861E-005
   7.90029325513197      -5.635808848099725E-005
   7.91788856304985      -6.020122093644344E-005
   7.93548387096774      -5.635320929508706E-005
   7.95307917888563      -6.011383796503644E-005
   7.97067448680352      -5.613251325590919E-005
   7.98826979472141      -5.979459155623153E-005
   8.00586510263930      -5.567067353121113E-005
   8.02346041055718      -5.923791822758549E-005
   8.04105571847507      -5.499913881467587E-005
   8.05865102639296      -5.851138015008687E-005
   8.07624633431085      -5.419445844161949E-005
   8.09384164222874      -5.767902057113265E-005
   8.11143695014663      -5.330657652434502E-005
   8.12903225806452      -5.677998170531886E-005
   8.14662756598241      -5.236526113820387E-005
   8.16422287390029      -5.583533696763591E-005
   8.18181818181818      -5.138305011534301E-005
   8.19941348973607      -5.484871972961118E-005
   8.21700879765396      -5.035421563153291E-005
   8.23460410557185      -5.380997312292991E-005
   8.25219941348974      -4.927738315814241E-005
   8.26979472140763      -5.273377220218877E-005
   8.28739002932551      -4.817611639442052E-005
   8.30498533724340      -5.164358433900681E-005
   8.32258064516129      -4.707044205001906E-005
   8.34017595307918      -5.055479484035290E-005
   8.35777126099707      -4.597009369047564E-005
   8.37536656891496      -4.947028528595233E-005
   8.39296187683285      -4.486944674756439E-005
   8.41055718475073      -4.837239882487983E-005
   8.42815249266862      -4.373340935506380E-005
   8.44574780058651      -4.721126210902646E-005
   8.46334310850440      -4.251323002451669E-005
   8.48093841642229      -4.595142133756235E-005
   8.49853372434018      -4.118456614021214E-005
   8.51612903225807      -4.457342394162131E-005
   8.53372434017595      -3.972961851599886E-005
   8.55131964809384      -4.305928325446454E-005
   8.56891495601173      -3.812860451335141E-005
   8.58651026392962      -4.138566608547541E-005
   8.60410557184751      -3.635186466839848E-005
   8.62170087976540      -3.951224272892228E-005
   8.63929618768329      -3.434962760056153E-005
   8.65689149560117      -3.739446592956417E-005
   8.67448680351906      -3.209696303148478E-005
   8.69208211143695      -3.502550863583975E-005
   8.70967741935484      -2.959705455483454E-005
   8.72727272727273      -3.241436554472587E-005
   8.74486803519062      -2.686287802145323E-005
   8.76246334310851      -2.957670999771672E-005
   8.78005865102639      -2.391175622835867E-005
   8.79765395894428      -2.653041644857040E-005
   8.81524926686217      -2.076065315982126E-005
   8.83284457478006      -2.329108053459520E-005
   8.85043988269795      -1.742741126355179E-005
   8.86803519061584      -1.988353212542031E-005
   8.88563049853373      -1.394370076095208E-005
   8.90322580645161      -1.634296041024192E-005
   8.92082111436950      -1.034594351461260E-005
   8.93841642228739      -1.270575238923456E-005
   8.95601173020528      -6.669342967755821E-006
   8.97360703812317      -9.004527784045785E-006
   8.99120234604106      -2.941997966447750E-006
   9.00879765395895      -5.258610331354434E-006
   9.02639296187683       8.370784352591740E-007
   9.04398826979472      -1.435427038271868E-006
   9.06158357771261       4.721436258442166E-006
   9.07917888563050       2.513818627566063E-006
   9.09677419354839       8.743198603122909E-006
   9.11436950146628       6.607722890711779E-006
   9.13196480938416       1.291137074447431E-005
   9.14956011730205       1.084768938107717E-005
   9.16715542521994       1.722124626650120E-005
   9.18475073313783       1.522425609808777E-005
   9.20234604105572       2.166038913592225E-005
   9.21994134897361       1.972775065458645E-005
   9.23753665689150       2.623582895728426E-005
   9.25513196480938       2.439073970641693E-005
   9.27272727272727       3.099261710519859E-005
   9.29032258064516       2.925162379864060E-005
   9.30791788856305       3.595659240098831E-005
   9.32551319648094       3.432481520609511E-005
   9.34310850439883       4.113141523973304E-005
   9.36070381231672       3.960329067356725E-005
   9.37829912023460       4.649887431308598E-005
   9.39589442815249       4.505640951743083E-005
   9.41348973607038       5.201264350978964E-005
   9.43108504398827       5.061977923950342E-005
   9.44868035190616       5.760015669964584E-005
   9.46627565982405       5.623119184014098E-005
   9.48387096774194       6.321573270420940E-005
   9.50146627565982       6.185439879802028E-005
   9.51906158357771       6.882634275964445E-005
   9.53665689149560       6.745726710794636E-005
   9.55425219941349       7.439965182251959E-005
   9.57184750733138       7.300660012636478E-005
   9.58944281524927       7.990123650159403E-005
   9.60703812316716       7.846692282526038E-005
   9.62463343108504       8.530052326897805E-005
   9.64222873900293       8.382895777886622E-005
   9.65982404692082       9.061977419798944E-005
   9.67741935483871       8.913363822286833E-005
   9.69501466275660       9.589960878439754E-005
   9.71260997067449       9.441440170705195E-005
   9.73020527859238       1.011658467231349E-004
   9.74780058651026       9.968889395711574E-005
   9.76539589442815       1.064270380478537E-004
   9.78299120234604       1.049550616003763E-004
   9.80058651026393       1.116677806993035E-004
   9.81818181818182       1.101789922401132E-004
   9.83577712609971       1.168359202135762E-004
   9.85337243401760       1.153094798389969E-004
   9.87096774193548       1.219037044734813E-004
   9.88856304985337       1.203421381876778E-004
   9.90615835777126       1.268776982440876E-004
   9.92375366568915       1.252871929576447E-004
   9.94134897360704       1.317685704524433E-004
   9.95894428152493       1.301533682066837E-004
   9.97653958944282       1.365807183814232E-004
   9.99413489736071       1.349377400770540E-004
   10.0117302052786       1.412978443335068E-004
   10.0293255131965       1.395997708992199E-004
   10.0469208211144       1.458545281936361E-004
   10.0645161290323       1.440712728219490E-004
   10.0821114369501       1.502013485243658E-004
   10.0997067448680       1.483223157177218E-004
   10.1173020527859       1.543202646334530E-004
   10.1348973607038       1.523422193863874E-004
   10.1524926686217       1.582054070711699E-004
   10.1700879765396       1.561277761689569E-004
   10.1876832844575       1.618540335466051E-004
   10.2052785923754       1.596733162681914E-004
   10.2228739002933       1.652507136649824E-004
   10.2404692082111       1.629485866110750E-004
   10.2580645161290       1.683599895066475E-004
   10.2756598240469       1.659307712278955E-004
   10.2932551319648       1.711775960939876E-004
   10.3108504398827       1.686293945130588E-004
   10.3284457478006       1.737228795805398E-004
   10.3460410557185       1.710717089412177E-004
   10.3636363636364       1.760296544317283E-004
   10.3812316715543       1.732969772993753E-004
   10.3988269794721       1.781414603507354E-004
   10.4164222873900       1.753499060746299E-004
   10.4340175953079       1.800934480981059E-004
   10.4516129032258       1.772433880576161E-004
   10.4692082111437       1.818801680936393E-004
   10.4868035190616       1.789697739275569E-004
   10.5043988269795       1.835002729613121E-004
   10.5219941348974       1.805341501684610E-004
   10.5395894428153       1.849643154206720E-004
   10.5571847507331       1.819517891204408E-004
   10.5747800586510       1.862915185468517E-004
   10.5923753665689       1.832448684524829E-004
   10.6099706744868       1.875046413893097E-004
   10.6275659824047       1.844266510089122E-004
   10.6451612903226       1.885913403696803E-004
   10.6627565982405       1.854588631750363E-004
   10.6803519061584       1.895076131104244E-004
   10.6979472140762       1.863075735541595E-004
   10.7155425219941       1.902317856791135E-004
   10.7331378299120       1.869620840812461E-004
   10.7507331378299       1.907637834317531E-004
   10.7683284457478       1.874330320864937E-004
   10.7859237536657       1.911255343567708E-004
   10.8035190615836       1.877551241912048E-004
   10.8211143695015       1.913644598274406E-004
   10.8387096774194       1.879753636489462E-004
   10.8563049853372       1.915026126101425E-004
   10.8739002932551       1.880839462601767E-004
   10.8914956011730       1.915150352960390E-004
   10.9090909090909       1.880551410826986E-004
   10.9266862170088       1.913795584691340E-004
   10.9442815249267       1.878721367780727E-004
   10.9618768328446       1.910863314312214E-004
   10.9794721407625       1.875338912780323E-004
   10.9970674486804       1.906458251980823E-004
   11.0146627565982       1.870681595267660E-004
   11.0322580645161       1.901098592777636E-004
   11.0498533724340       1.865425035136813E-004
   11.0674486803519       1.895377437973875E-004
   11.0850439882698       1.859956377277967E-004
   11.1026392961877       1.889535728268250E-004
   11.1202346041056       1.854445301786591E-004
   11.1378299120235       1.883706627607924E-004
   11.1554252199413       1.849008340837157E-004
   11.1730205278592       1.878005854880986E-004
   11.1906158357771       1.843775298793567E-004
   11.2082111436950       1.872597171731937E-004
   11.2258064516129       1.838940534624581E-004
   11.2434017595308       1.867608635249789E-004
   11.2609970674487       1.834433166026190E-004
   11.2785923753666       1.862770193561356E-004
   11.2961876832845       1.829891048944721E-004
   11.3137829912023       1.857699976939925E-004
   11.3313782991202       1.824935776073002E-004
   11.3489736070381       1.852037707997067E-004
   11.3665689149560       1.819239818439272E-004
   11.3841642228739       1.845506783952787E-004
   11.4017595307918       1.812606912356017E-004
   11.4193548387097       1.838068936106898E-004
   11.4369501466276       1.805285526398581E-004
   11.4545454545455       1.830257388192808E-004
   11.4721407624633       1.797872322472938E-004
   11.4897360703812       1.822552393847460E-004
   11.5073313782991       1.790730855967778E-004
   11.5249266862170       1.815247763262030E-004
   11.5425219941349       1.784112532161467E-004
   11.5601173020528       1.808572847459175E-004
   11.5777126099707       1.778244200950084E-004
   11.5953079178886       1.802776516159703E-004
   11.6129032258065       1.773450236369896E-004
   11.6304985337243       1.798388205723990E-004
   11.6480938416422       1.770553089095797E-004
   11.6656891495601       1.796374283966975E-004
   11.6832844574780       1.770424828964902E-004
   11.7008797653959       1.797436558938158E-004
   11.7184750733138       1.773631339149188E-004
   11.7360703812317       1.802033458610205E-004
   11.7536656891496       1.780536161029339E-004
   11.7712609970675       1.810439951477114E-004
   11.7888563049853       1.791326447179671E-004
   11.8064516129032       1.822746273017186E-004
   11.8240469208211       1.805964051530401E-004
   11.8416422287390       1.838765205942845E-004
   11.8592375366569       1.824173692191851E-004
   11.8768328445748       1.858236461669975E-004
   11.8944281524927       1.845746323359588E-004
   11.9120234604106       1.880982595837073E-004
   11.9296187683284       1.870520800147855E-004
   11.9472140762463       1.906854649855122E-004
   11.9648093841642       1.898359643142705E-004
   11.9824046920821       1.935729178944258E-004
   12.0000000000000       1.929159502747318E-004
   12.0175953079179       1.967537589312458E-004
   12.0351906158358       1.962897879548396E-004
   12.0527859237537       2.002274419766927E-004
   12.0703812316716       1.999531795930917E-004
   12.0879765395894       2.039844637426167E-004
   12.1055718475073       2.038937072128749E-004
   12.1231671554252       2.080115504763095E-004
   12.1407624633431       2.080985453579562E-004
   12.1583577712610       2.122976168504309E-004
   12.1759530791789       2.125599782658124E-004
   12.1935483870968       2.168407288529958E-004
   12.2111436950147       2.172875022635488E-004
   12.2287390029326       2.216752249538104E-004
   12.2463343108504       2.223482631238910E-004
   12.2639296187683       2.268826817211505E-004
   12.2815249266862       2.278108400288073E-004
   12.2991202346041       2.325109929385440E-004
   12.3167155425220       2.337080190541147E-004
   12.3343108504399       2.385823472038982E-004
   12.3519061583578       2.400539143920306E-004
   12.3695014662757       2.451049928389792E-004
   12.3870967741935       2.468532808048032E-004
   12.4046920821114       2.520842019680425E-004
   12.4222873900293       2.541238267269180E-004
   12.4398826979472       2.595695481747957E-004
   12.4574780058651       2.619470944556340E-004
   12.4750733137830       2.676446388479355E-004
   12.4926686217009       2.703842561363582E-004
   12.5102639296188       2.763466499364338E-004
   12.5278592375367       2.794528310510879E-004
   12.5454545454545       2.856756015446772E-004
   12.5630498533724       2.891366513693571E-004
   12.5806451612903       2.956001095159567E-004
   12.5982404692082       2.993901134615576E-004
   12.6158357771261       3.060663779414503E-004
   12.6334310850440       3.101836589030670E-004
   12.6510263929619       3.171175023774179E-004
   12.6686217008798       3.216307991721124E-004
   12.6862170087977       3.288838767379881E-004
   12.7038123167155       3.338424177496199E-004
   12.7214076246334       3.414502381046692E-004
   12.7390029325513       3.468761508572352E-004
   12.7565982404692       3.548450903952412E-004
   12.7741935483871       3.607279553844022E-004
   12.7917888563050       3.690264603124446E-004
   12.8093841642229       3.753065608470082E-004
   12.8269794721408       3.838482874712233E-004
   12.8445747800587       3.904551275014526E-004
   12.8621700879765       3.992209755908845E-004
   12.8797653958944       4.061720922345216E-004
   12.8973607038123       4.151878878981297E-004
   12.9149560117302       4.225084723139883E-004
   12.9325513196481       4.317929799123659E-004
   12.9501466275660       4.394916859064592E-004
   12.9677419354839       4.490373923241632E-004
   12.9853372434018       4.570841991564891E-004
   13.0029325513196       4.668231064271199E-004
   13.0205278592375       4.750664130807523E-004
   13.0381231671554       4.847117032609801E-004
   13.0557184750733       4.927902061046946E-004
   13.0733137829912       5.020164014224838E-004
   13.0909090909091       5.096624860890232E-004
   13.1085043988270       5.182372275588051E-004
   13.1260997067449       5.252444708368875E-004
   13.1436950146628       5.329794245999065E-004
   13.1612903225806       5.391735020062874E-004
   13.1788856304985       5.459019451976929E-004
   13.1964809384164       5.511178010479391E-004
   13.2140762463343       5.566557525487725E-004
   13.2316715542522       5.606501927263902E-004
   13.2492668621701       5.647002025893979E-004
   13.2668621700880       5.671922693398077E-004
   13.2844574780059       5.695269632023074E-004
   13.3020527859238       5.703364451530663E-004
   13.3196480938416       5.708145609019230E-004
   13.3372434017595       5.698376650432678E-004
   13.3548387096774       5.683922015912088E-004
   13.3724340175953       5.656017742395677E-004
   13.3900293255132       5.622498675641007E-004
   13.4076246334311       5.577250167616561E-004
   13.4252199413490       5.526553805393450E-004
   13.4428152492669       5.467118425903180E-004
   13.4604105571848       5.402822995065478E-004
   13.4780058651026       5.332409131346944E-004
   13.4956011730205       5.257367514590975E-004
   13.5131964809384       5.178662221050025E-004
   13.5307917888563       5.095458119157425E-004
   13.5483870967742       5.010992872526809E-004
   13.5659824046921       4.922128059486544E-004
   13.5835777126100       4.834402880387079E-004
   13.6011730205279       4.742389131808152E-004
   13.6187683284457       4.653887102597742E-004
   13.6363636363636       4.560904050343316E-004
   13.6539589442815       4.473301933899480E-004
   13.6715542521994       4.380750200611145E-004
   13.6891495601173       4.295452428041794E-004
   13.7067448680352       4.204798551336393E-004
   13.7243401759531       4.123353070028617E-004
   13.7419354838710       4.036239443850062E-004
   13.7595307917889       3.960406657047121E-004
   13.7771260997067       3.878737221393352E-004
   13.7947214076246       3.810610421006436E-004
   13.8123167155425       3.736721068482573E-004
   13.8299120234604       3.678386824419285E-004
   13.8475073313783       3.613053027697344E-004
   13.8651026392962       3.563869596277322E-004
   13.8826979472141       3.505868719435899E-004
   13.9002932551320       3.464521709296844E-004
   13.9178885630499       3.412538494719370E-004
   13.9354838709677       3.377769321042962E-004
   13.9530791788856       3.330653243892253E-004
   13.9706744868035       3.301489552709968E-004
   13.9882697947214       3.258539084896963E-004
   14.0058651026393       3.234780773902349E-004
   14.0234604105572       3.196784324824527E-004
   14.0410557184751       3.180163990949607E-004
   14.0586510263930       3.148608397790022E-004
   14.0762463343109       3.139534943162112E-004
   14.0938416422287       3.113983474039186E-004
   14.1114369501466       3.111473874346024E-004
   14.1290322580645       3.090496670749443E-004
   14.1466275659824       3.092738592742498E-004
   14.1642228739003       3.074170561055293E-004
   14.1818181818182       3.078664961476256E-004
   14.1994134897361       3.059670209210176E-004
   14.2170087976540       3.063428684805800E-004
   14.2346041055718       3.042039855670295E-004
   14.2521994134897       3.045269717391983E-004
   14.2697947214076       3.023079913624114E-004
   14.2873900293255       3.027500255751215E-004
   14.3049853372434       3.006023371819396E-004
   14.3225806451613       3.012907046612314E-004
   14.3401759530792       2.993135936069333E-004
   14.3577712609971       3.003151921906428E-004
   14.3753665689150       2.985356859936150E-004
   14.3929618768328       2.998265794203663E-004
   14.4105571847507       2.981377265335807E-004
   14.4281524926686       2.994969844129336E-004
   14.4457478005865       2.976468415103873E-004
   14.4633431085044       2.989297599946532E-004
   14.4809384164223       2.968982394505331E-004
   14.4985337243402       2.981552158643276E-004
   14.5161290322581       2.960365765043376E-004
   14.5337243401760       2.973961924695171E-004
   14.5513196480938       2.953475419447863E-004
   14.5689149560117       2.969923300399737E-004
   14.5865102639296       2.952202561770540E-004
   14.6041055718475       2.973819911544112E-004
   14.6217008797654       2.961159672616410E-004
   14.6392961876833       2.989191167542676E-004
   14.6568914956012       2.981150855969116E-004
   14.6744868035191       3.014247977234152E-004
   14.6920821114370       3.009376563672757E-004
   14.7096774193548       3.046127807008185E-004
   14.7272727272727       3.043080379138839E-004
   14.7448680351906       3.082234024654039E-004
   14.7624633431085       3.079882100596241E-004
   14.7800586510264       3.120484790285431E-004
   14.7976539589443       3.118140881714228E-004
   14.8152492668622       3.160177423943750E-004
   14.8328445747801       3.159648039600782E-004
   14.8504398826979       3.207014390980506E-004
   14.8680351906158       3.212709322016768E-004
   14.8856304985337       3.269177401214332E-004
   14.9032258064516       3.284205841997228E-004
   14.9208211143695       3.352311786156889E-004
   14.9384164222874       3.378638111386338E-004
   14.9560117302053       3.459725673995032E-004
   14.9736070381232       3.497955643433987E-004
   14.9912023460411       3.591686933853003E-004
   15.0087976539589       3.639872407752021E-004
   15.0263929618768       3.740831233592383E-004
   15.0439882697947       3.789539837171164E-004
   15.0615835777126       3.887419945704072E-004
   15.0791788856305       3.928281025182854E-004
   15.0967741935484       4.016586939231134E-004
   15.1143695014663       4.044402915108003E-004
   15.1319648093842       4.119050970497460E-004
   15.1495601173021       4.130767308402650E-004
   15.1671554252199       4.189731272622510E-004
   15.1847507331378       4.184430179013134E-004
   15.2023460410557       4.228155359608594E-004
   15.2199413489736       4.208131098010951E-004
   15.2375366568915       4.240138556622969E-004
   15.2551319648094       4.207837951295026E-004
   15.2727272727273       4.228528173589411E-004
   15.2903225806452       4.183277034926751E-004
   15.3079178885631       4.191606543828338E-004
   15.3255131964809       4.132240340579867E-004
   15.3431085043988       4.127112205603673E-004
   15.3607038123167       4.052756493309052E-004
   15.3782991202346       4.033734031788888E-004
   15.3958944281525       3.944687482517243E-004
   15.4134897360704       3.913605525554674E-004
   15.4310850439883       3.813787449934000E-004
   15.4486803519062       3.774500157447598E-004
   15.4662756598240       3.664920738912008E-004
   15.4838709677419       3.615613654142883E-004
   15.5014662756598       3.492705429590971E-004
   15.5190615835777       3.428518710849202E-004
   15.5366568914956       3.286309484583259E-004
   15.5542521994135       3.200259578969556E-004
   15.5718475073314       3.030799904235732E-004
   15.5894428152493       2.913985136998153E-004
   15.6070381231672       2.707513395547742E-004
   15.6246334310850       2.554783729969339E-004
   15.6422287390029       2.323142777881334E-004
   15.6598240469208       2.165528723397696E-004
   15.6774193548387       1.946980316061171E-004
   15.6950146627566       1.822279072301350E-004
   15.7126099706745       1.653477151967324E-004
   15.7302052785924       1.597005295537179E-004
   15.7478005865103       1.511631772954666E-004
   15.7653958944282       1.555049453611465E-004
   15.7829912023460       1.582040645928879E-004
   15.8005865102639       1.750208672500134E-004
   15.8181818181818       1.903402155899791E-004
   15.8357771260997       2.182323032366682E-004
   15.8533724340176       2.417948444148110E-004
   15.8709677419355       2.756414093977428E-004
   15.8885630498534       3.029507848849937E-004
   15.9061583577713       3.388288016901649E-004
   15.9237536656892       3.664217450819124E-004
   15.9413489736070       4.012809520760350E-004
   15.9589442815249       4.265091770831438E-004
   15.9765395894428       4.581262124586519E-004
   15.9941348973607       4.792497960059003E-004
   16.0117302052786       5.066039850811295E-004
   16.0293255131965       5.238040455311222E-004
   16.0469208211144       5.481040020945581E-004
   16.0645161290323       5.625956777690088E-004
   16.0821114369501       5.845474526543721E-004
   16.0997067448680       5.966977970016846E-004
   16.1173020527859       6.164969623346814E-004
   16.1348973607038       6.263996755017183E-004
   16.1524926686217       6.440922292101886E-004
   16.1700879765396       6.517897221453839E-004
   16.1876832844575       6.674682858748563E-004
   16.2052785923754       6.732026273963921E-004
   16.2228739002933       6.875209801611577E-004
   16.2404692082111       6.924903039714039E-004
   16.2580645161290       7.067461105004213E-004
   16.2756598240469       7.118524426735163E-004
   16.2932551319648       7.265530442531657E-004
   16.3108504398827       7.320242627531253E-004
   16.3284457478006       7.471613147298157E-004
   16.3460410557185       7.527703759777632E-004
   16.3636363636364       7.679054694557735E-004
   16.3812316715543       7.729892730730250E-004
   16.3988269794721       7.872057888919143E-004
   16.4164222873900       7.905609826019705E-004
   16.4340175953079       8.027568236588345E-004
   16.4516129032258       8.040735347252719E-004
   16.4692082111437       8.147306559429786E-004
   16.4868035190616       8.147728761815451E-004
   16.5043988269795       8.247068592075515E-004
   16.5219941348974       8.242807405467778E-004
   16.5395894428153       8.342541331203416E-004
   16.5571847507331       8.340374709775010E-004
   16.5747800586510       8.445968420191370E-004
   16.5923753665689       8.449251707324027E-004
   16.6099706744868       8.559552666803468E-004
   16.6275659824047       8.554526880466301E-004
   16.6451612903226       8.639074478195461E-004
   16.6627565982405       8.589600912199681E-004
   16.6803519061584       8.618457658779155E-004
   16.6979472140762       8.501959847066243E-004
   16.7155425219941       8.458605924064386E-004
   16.7331378299120       8.264414891061048E-004
   16.7507331378299       8.144556672223679E-004
   16.7683284457478       7.875720965761536E-004
   16.7859237536657       7.691940282444251E-004
   16.8035190615836       7.375743188348305E-004
   16.8211143695015       7.183914362745312E-004
   16.8387096774194       6.908264685513609E-004
   16.8563049853372       6.795164466406281E-004
   16.8739002932551       6.614604146887112E-004
   16.8914956011730       6.606099539727987E-004
   16.9090909090909       6.526465214304381E-004
   16.9266862170088       6.610898076126006E-004
   16.9442815249267       6.603327499666071E-004
   16.9618768328446       6.733764708215060E-004
   16.9794721407625       6.729939713905584E-004
   16.9970674486804       6.810701133065184E-004
   17.0146627565982       6.671513102959059E-004
   17.0322580645161       6.531624932445164E-004
   17.0498533724340       6.133224611364146E-004
   17.0674486803519       5.746624570532028E-004
   17.0850439882698       5.130486839270715E-004
   17.1026392961877       4.574609182925266E-004
   17.1202346041056       3.844512056102927E-004
   17.1378299120235       3.246405218249832E-004
   17.1554252199413       2.551308929854506E-004
   17.1730205278592       2.083061823825753E-004
   17.1906158357771       1.620819410182226E-004
   17.2082111436950       1.515792222002355E-004
   17.2258064516129       1.527951523240691E-004
   17.2434017595308       1.927334310246573E-004
   17.2609970674487       2.389679888122621E-004
   17.2785923753666       3.169337599520188E-004
   17.2961876832845       3.925191044415702E-004
   17.3137829912023       4.911352787588206E-004
   17.3313782991202       5.773371975767699E-004
   17.3489736070381       6.768364377721908E-004
   17.3665689149560       7.529225584697709E-004
   17.3841642228739       8.317727048996780E-004
   17.4017595307918       8.753674919698411E-004
   17.4193548387097       9.128379676194386E-004
   17.4369501466276       9.143511225404819E-004
   17.4545454545455       9.183273807228969E-004
   17.4721407624633       8.948453381839584E-004
   17.4897360703812       8.831703050478705E-004
   17.5073313782991       8.517066145873803E-004
   17.5249266862170       8.406009398784583E-004
   17.5425219941349       8.162401390767235E-004
   17.5601173020528       8.196096589668111E-004
   17.5777126099707       8.144425853990084E-004
   17.5953079178886       8.421026014068582E-004
   17.6129032258065       8.607581680204341E-004
   17.6304985337243       9.049876311044691E-004
   17.6480938416422       9.252889980272645E-004
   17.6656891495601       9.607899641043858E-004
   17.6832844574780       9.623578272081137E-004
   17.7008797653959       9.741584220696307E-004
   17.7184750733138       9.457060946911472E-004
   17.7360703812317       9.265652762241779E-004
   17.7536656891496       8.641166316732136E-004
   17.7712609970675       8.145827494904932E-004
   17.7888563049853       7.227929078732602E-004
   17.8064516129032       6.551458997284305E-004
   17.8240469208211       5.574596385261465E-004
   17.8416422287390       5.087051203506606E-004
   17.8592375366569       4.414714257626647E-004
   17.8768328445748       4.418820513595131E-004
   17.8944281524927       4.263105332547400E-004
   17.9120234604106       4.974212790819143E-004
   17.9296187683284       5.470772769900989E-004
   17.9472140762463       7.097243343157481E-004
   17.9648093841642       8.291034996326654E-004
   17.9824046920821       1.115649883947897E-003
   18.0000000000000       1.239083980120764E-003
