  0.000000000000000E+000  5.116622476461520E-003
  1.759530791788856E-002  1.947537254857351E-003
  3.519061583577713E-002  2.211257483605146E-003
  5.278592375366570E-002  1.256329501329924E-003
  7.038123167155426E-002  1.451988645374839E-003
  8.797653958944282E-002  9.170522449650552E-004
  0.105571847507331       1.075664324844589E-003
  0.123167155425220       7.126912828382115E-004
  0.140762463343109       8.470760825752559E-004
  0.158357771260997       5.759272581279136E-004
  0.175953079178886       6.929434947856193E-004
  0.193548387096774       4.782529948630748E-004
  0.211143695014663       5.821070308861054E-004
  0.228739002932551       4.053661361074579E-004
  0.246334310850440       4.988744889799577E-004
  0.263929618768328       3.492751182766386E-004
  0.281524926686217       4.344267306314161E-004
  0.299120234604106       3.051466832632330E-004
  0.316715542521994       3.834068392791324E-004
  0.334310850439883       2.698880311134998E-004
  0.351906158357771       3.423735892813480E-004
  0.369501466275660       2.414343491310007E-004
  0.387096774193548       3.090211879976975E-004
  0.404692082111437       2.183651556801228E-004
  0.422287390029326       2.817521140246352E-004
  0.439882697947214       1.996257193256823E-004
  0.457478005865103       2.592742834405383E-004
  0.475073313782991       1.842213528800286E-004
  0.492668621700880       2.404350826582323E-004
  0.510263929618768       1.712624035236866E-004
  0.527859237536657       2.242460081331845E-004
  0.545454545454546       1.599484957769263E-004
  0.563049853372434       2.098193332965662E-004
  0.580645161290323       1.495161803384775E-004
  0.598240469208211       1.962969609811664E-004
  0.615835777126100       1.391608980648496E-004
  0.633431085043988       1.828201080749646E-004
  0.651026392961877       1.283054186272038E-004
  0.668621700879765       1.691302034939564E-004
  0.686217008797654       1.170458125081677E-004
  0.703812316715543       1.554409523158050E-004
  0.721407624633431       1.057406497305663E-004
  0.739002932551320       1.421638498791726E-004
  0.756598240469208       9.492067530502707E-005
  0.774193548387097       1.298882302837415E-004
  0.791788856304985       8.530204121940887E-005
  0.809384164222874       1.194345821350898E-004
  0.826979472140763       7.785098566661480E-005
  0.844574780058651       1.116722763224469E-004
  0.862170087976540       7.308706011764743E-005
  0.879765395894428       1.066900554408624E-004
  0.897360703812317       7.088026578799589E-005
  0.914956011730205       1.042356694581533E-004
  0.932551319648094       7.091950823583232E-005
  0.950146627565982       1.039256842681061E-004
  0.967741935483871       7.277984912569519E-005
  0.985337243401760       1.052733961790431E-004
   1.00293255131965       7.593108538237524E-005
   1.02052785923754       1.076851771945192E-004
   1.03812316715543       7.977345871256909E-005
   1.05571847507331       1.106210042268994E-004
   1.07331378299120       8.387443528023058E-005
   1.09090909090909       1.136915331597244E-004
   1.10850439882698       8.785180763291798E-005
   1.12609970674487       1.164913442218640E-004
   1.14369501466276       9.127957897178445E-005
   1.16129032258065       1.185529311658676E-004
   1.17888563049853       9.364550243433753E-005
   1.19648093841642       1.192871604088476E-004
   1.21407624633431       9.425157104676227E-005
   1.23167155425220       1.179255000657640E-004
   1.24926686217009       9.256832205670204E-005
   1.26686217008798       1.144749983207515E-004
   1.28445747800587       8.909613071793973E-005
   1.30205278592375       1.097039544525700E-004
   1.31964809384164       8.476867643990199E-005
   1.33724340175953       1.046809734516024E-004
   1.35483870967742       8.079108357365880E-005
   1.37243401759531       1.007501334253425E-004
   1.39002932551320       7.867344661288667E-005
   1.40762463343109       9.963981533093055E-005
   1.42521994134897       8.034843779826593E-005
   1.44281524926686       1.030517201512666E-004
   1.46041055718475       8.663450645693967E-005
   1.47800586510264       1.108094463690365E-004
   1.49560117302053       9.679047270013287E-005
   1.51319648093842       1.219133786725704E-004
   1.53079178885631       1.096406895127286E-004
   1.54838709677419       1.350318504111354E-004
   1.56598240469208       1.237086663023056E-004
   1.58357771260997       1.485348294936591E-004
   1.60117302052786       1.371882670896120E-004
   1.61876832844575       1.604131573898976E-004
   1.63636363636364       1.480657446092909E-004
   1.65395894428153       1.691519090225912E-004
   1.67155425219941       1.555976319436655E-004
   1.68914956011730       1.745192759106207E-004
   1.70674486803519       1.597576038756053E-004
   1.72434017595308       1.765873786326065E-004
   1.74193548387097       1.606883065022361E-004
   1.75953079178886       1.755501703872938E-004
   1.77712609970675       1.586247943870315E-004
   1.79472140762463       1.716711279891721E-004
   1.81231671554252       1.538481849210621E-004
   1.82991202346041       1.652666151708183E-004
   1.84750733137830       1.468089161616403E-004
   1.86510263929619       1.570093455841010E-004
   1.88269794721408       1.383755259251539E-004
   1.90029325513196       1.478849514828628E-004
   1.91788856304985       1.296179993178488E-004
   1.93548387096774       1.390441860110926E-004
   1.95307917888563       1.217748495640297E-004
   1.97067448680352       1.318248880693291E-004
   1.98826979472141       1.163076334947659E-004
   2.00586510263930       1.278642756523865E-004
   2.02346041055718       1.150198074461936E-004
   2.04105571847507       1.287222010855081E-004
   2.05865102639296       1.185471416586875E-004
   2.07624633431085       1.339576808601962E-004
   2.09384164222874       1.258158871343109E-004
   2.11143695014663       1.422077819140431E-004
   2.12903225806452       1.352607755081257E-004
   2.14662756598241       1.517238492182500E-004
   2.16422287390029       1.449525841369022E-004
   2.18181818181818       1.603792284478170E-004
   2.19941348973607       1.525246864878556E-004
   2.21700879765396       1.655113106506704E-004
   2.23460410557185       1.553040729739829E-004
   2.25219941348974       1.652986538316944E-004
   2.26979472140762       1.528712288260297E-004
   2.28739002932551       1.603305231578186E-004
   2.30498533724340       1.462640547023420E-004
   2.32258064516129       1.518881331779642E-004
   2.34017595307918       1.369606252463068E-004
   2.35777126099707       1.416283737344302E-004
   2.37536656891496       1.267976059982091E-004
   2.39296187683284       1.315845677602977E-004
   2.41055718475073       1.180566824830628E-004
   2.42815249266862       1.241962376140087E-004
   2.44574780058651       1.127849597255960E-004
   2.46334310850440       1.205082926918659E-004
   2.48093841642229       1.110977978563137E-004
   2.49853372434018       1.201841283949182E-004
   2.51612903225806       1.124724680265388E-004
   2.53372434017595       1.225750122787066E-004
   2.55131964809384       1.161571481999704E-004
   2.56891495601173       1.268369792246060E-004
   2.58651026392962       1.212191187764346E-004
   2.60410557184751       1.319406029432715E-004
   2.62170087976540       1.265425944772235E-004
   2.63929618768328       1.368200736755816E-004
   2.65689149560117       1.313444538469857E-004
   2.67448680351906       1.410276146133348E-004
   2.69208211143695       1.353517413488267E-004
   2.70967741935484       1.443367931101351E-004
   2.72727272727273       1.383512646066367E-004
   2.74486803519062       1.465361160756688E-004
   2.76246334310850       1.401250360176038E-004
   2.78005865102639       1.473922014539849E-004
   2.79765395894428       1.404125597578599E-004
   2.81524926686217       1.465967296592742E-004
   2.83284457478006       1.388702177911312E-004
   2.85043988269795       1.438836563012797E-004
   2.86803519061584       1.354309894536758E-004
   2.88563049853372       1.393729684043206E-004
   2.90322580645161       1.303241302777850E-004
   2.92082111436950       1.333627094445479E-004
   2.93841642228739       1.239065400618206E-004
   2.95601173020528       1.262661431781006E-004
   2.97360703812317       1.166508569238517E-004
   2.99120234604106       1.186235396247641E-004
   3.00879765395894       1.091890177432795E-004
   3.02639296187683       1.111773779061861E-004
   3.04398826979472       1.022851908458296E-004
   3.06158357771261       1.045241465368988E-004
   3.07917888563050       9.628758691325729E-005
   3.09677419354839       9.884073978068647E-005
   3.11436950146628       9.128109621158770E-005
   3.13196480938416       9.414583900019319E-005
   3.14956011730205       8.722633562918123E-005
   3.16715542521994       9.034382529913842E-005
   3.18475073313783       8.396783571020151E-005
   3.20234604105572       8.720567361580195E-005
   3.21994134897361       8.116871783497053E-005
   3.23753665689150       8.427027114847732E-005
   3.25513196480938       7.833609636633351E-005
   3.27272727272727       8.115405666280321E-005
   3.29032258064516       7.523036764218647E-005
   3.30791788856305       7.771483332713098E-005
   3.32551319648094       7.177596489898348E-005
   3.34310850439883       7.393390417290599E-005
   3.36070381231672       6.800865678241459E-005
   3.37829912023460       6.990472221496557E-005
   3.39589442815249       6.408991043952339E-005
   3.41348973607038       6.588652833568538E-005
   3.43108504398827       6.041136969967398E-005
   3.44868035190616       6.234066557748598E-005
   3.46627565982405       5.734352225296004E-005
   3.48387096774194       5.946536607589258E-005
   3.50146627565982       5.495221506653524E-005
   3.51906158357771       5.724198751958376E-005
   3.53665689149560       5.315201234031054E-005
   3.55425219941349       5.552364228920044E-005
   3.57184750733138       5.173413397141219E-005
   3.58944281524927       5.403307726485132E-005
   3.60703812316716       5.033209855313706E-005
   3.62463343108504       5.228420648857638E-005
   3.64222873900293       4.838530198577825E-005
   3.65982404692082       4.980208346816702E-005
   3.67741935483871       4.561681558938232E-005
   3.69501466275660       4.647072222418979E-005
   3.71260997067449       4.200133685734181E-005
   3.73020527859238       4.232721975751929E-005
   3.74780058651026       3.762928003640538E-005
   3.76539589442815       3.751179275949635E-005
   3.78299120234604       3.269228936096307E-005
   3.80058651026393       3.227573772574059E-005
   3.81818181818182       2.752493398469776E-005
   3.83577712609971       2.705210898455138E-005
   3.85337243401760       2.259626605171488E-005
   3.87096774193548       2.223859455162270E-005
   3.88856304985337       1.820089350639371E-005
   3.90615835777126       1.806137349374674E-005
   3.92375366568915       1.452290413481893E-005
   3.94134897360704       1.467189754706506E-005
   3.95894428152493       1.168540299658351E-005
   3.97653958944282       1.216600006950272E-005
   3.99413489736070       9.755541454789373E-006
   4.01173020527859       1.057242577640950E-005
   4.02932551319648       8.685068729558883E-006
   4.04692082111437       9.719179219255150E-006
   4.06451612903226       8.200720948491537E-006
   4.08211143695015       9.310399139716970E-006
   4.09970674486804       8.028486030910131E-006
   4.11730205278592       9.093762519773569E-006
   4.13489736070381       7.931822303708889E-006
   4.15249266862170       8.846443359481447E-006
   4.17008797653959       7.701369988119440E-006
   4.18768328445748       8.373862621981823E-006
   4.20527859237537       7.162486118284287E-006
   4.22287390029326       7.545740915241919E-006
   4.24046920821114       6.278210712370003E-006
   4.25806451612903       6.431227991984465E-006
   4.27565982404692       5.162036902622215E-006
   4.29325513196481       5.125604878947310E-006
   4.31085043988270       3.878512537869396E-006
   4.32844574780059       3.667628134305267E-006
   4.34604105571848       2.441849496838955E-006
   4.36363636363636       2.045789838107902E-006
   4.38123167155425       8.109605413844575E-007
   4.39882697947214       1.809346582421975E-007
   4.41642228739003      -1.151810504070934E-006
   4.43401759530792      -2.136768793760763E-006
   4.45161290322581      -3.672809279113696E-006
   4.46920821114370      -5.052389395591606E-006
   4.48680351906158      -6.786412542872406E-006
   4.50439882697947      -8.523536555928412E-006
   4.52199413489736      -1.039970341694963E-005
   4.53958944281525      -1.241559638837607E-005
   4.55718475073314      -1.433921893279340E-005
   4.57478005865103      -1.651550637577036E-005
   4.59237536656892      -1.834777692396054E-005
   4.60997067448680      -2.050778985172583E-005
   4.62756598240469      -2.203686744288184E-005
   4.64516129032258      -2.397312916395720E-005
   4.66275659824047      -2.505668661390753E-005
   4.68035190615836      -2.668053845936865E-005
   4.69794721407625      -2.726190502472938E-005
   4.71554252199414      -2.853176908694877E-005
   4.73313782991202      -2.858748517986398E-005
   4.75073313782991      -2.949028310423543E-005
   4.76832844574780      -2.902373956640551E-005
   4.78592375366569      -2.957445096494803E-005
   4.80351906158358      -2.862305235108135E-005
   4.82111436950147      -2.889084382590351E-005
   4.83870967741935      -2.757178681544946E-005
   4.85630498533724      -2.768599816787459E-005
   4.87390029325513      -2.610982155682897E-005
   4.89149560117302      -2.615424695729734E-005
   4.90909090909091      -2.439222719945148E-005
   4.92668621700880      -2.442234936472568E-005
   4.94428152492669      -2.252108185149108E-005
   4.96187683284458      -2.256845052456482E-005
   4.97947214076246      -2.054864621773973E-005
   4.99706744868035      -2.061364139438508E-005
   5.01466275659824      -1.844941232546412E-005
   5.03225806451613      -1.846588805533769E-005
   5.04985337243402      -1.608939715539163E-005
   5.06744868035191      -1.602371872262703E-005
   5.08504398826980      -1.344157606974500E-005
   5.10263929618768      -1.332070371774256E-005
   5.12023460410557      -1.058035648845605E-005
   5.13782991202346      -1.046484559585722E-005
   5.15542521994135      -7.645466891117814E-006
   5.17302052785924      -7.628935910913085E-006
   5.19061583577713      -4.847443092524156E-006
   5.20821114369502      -5.074880990068101E-006
   5.22580645161290      -2.511445813509509E-006
   5.24340175953079      -3.141250577751557E-006
   5.26099706744868      -8.777641184337815E-007
   5.27859237536657      -1.918576366660365E-006
   5.29618768328446       6.882187497755064E-008
   5.31378299120235      -1.333712398286996E-006
   5.33137829912024       4.435745042582085E-007
   5.34897360703812      -1.233973485424440E-006
   5.36656891495601       4.355843389721326E-007
   5.38416422287390      -1.391407291221456E-006
   5.40175953079179       3.199052948838141E-007
   5.41935483870968      -1.469722535718398E-006
   5.43695014662757       4.717906667457677E-007
   5.45454545454546      -1.153094283075407E-006
   5.47214076246334       1.066815121022396E-006
   5.48973607038123      -3.817581367873569E-007
   5.50733137829912       2.105492030941159E-006
   5.52492668621701       8.096955968719165E-007
   5.54252199413490       3.525522183552316E-006
   5.56011730205279       2.334567022665382E-006
   5.57771260997067       5.216533973882411E-006
   5.59530791788856       4.057158796397867E-006
   5.61290322580645       7.011326981283341E-006
   5.63049853372434       5.782766082593352E-006
   5.64809384164223       8.732575639239706E-006
   5.66568914956012       7.406299760532969E-006
   5.68328445747801       1.034880655471282E-005
   5.70087976539589       8.936660408685060E-006
   5.71847507331378       1.188954980513926E-005
   5.73607038123167       1.041883275043979E-005
   5.75366568914956       1.341365687245530E-005
   5.77126099706745       1.192546957081427E-005
   5.78885630498534       1.500903532108664E-005
   5.80645161290323       1.356436180027742E-005
   5.82404692082111       1.680470204229934E-005
   5.84164222873900       1.545656405793560E-005
   5.85923753665689       1.885975785049191E-005
   5.87683284457478       1.758192060315869E-005
   5.89442815249267       2.110483844642936E-005
   5.91202346041056       1.984822982109858E-005
   5.92961876832845       2.343264264395570E-005
   5.94721407624634       2.213554565438510E-005
   5.96480938416422       2.571177959181253E-005
   5.98240469208211       2.430119658815735E-005
   6.00000000000000       2.778738655485505E-005
   6.01759530791789       2.618047328090812E-005
   6.03519061583578       2.951668376629595E-005
   6.05278592375367       2.771305522010341E-005
   6.07038123167156       3.093846979164398E-005
   6.08797653958944       2.899097949856298E-005
   6.10557184750733       3.215869423583753E-005
   6.12316715542522       3.012426085821178E-005
   6.14076246334311       3.328992997135187E-005
   6.15835777126100       3.122731055011030E-005
   6.17595307917889       3.444817422380983E-005
   6.19354838709677       3.241775208527092E-005
   6.21114369501466       3.575226868229167E-005
   6.22873900293255       3.379887512823978E-005
   6.24633431085044       3.724615614081354E-005
   6.26392961876833       3.532993765513251E-005
   6.28152492668622       3.883275193864686E-005
   6.29912023460411       3.689599751402994E-005
   6.31671554252199       4.039250811576128E-005
   6.33431085043988       3.837382901944160E-005
   6.35190615835777       4.179878787549489E-005
   6.36950146627566       3.963347116082501E-005
   6.38709677419355       4.291833745893585E-005
   6.40469208211144       4.053840277387735E-005
   6.42228739002933       4.362009122665947E-005
   6.43988269794721       4.099606856954323E-005
   6.45747800586510       4.388329027074064E-005
   6.47507331378299       4.104328377822896E-005
   6.49266862170088       4.376139160837885E-005
   6.51026392961877       4.073025339711088E-005
   6.52785923753666       4.329906951826564E-005
   6.54545454545455       4.009531173845437E-005
   6.56304985337243       4.252723138549871E-005
   6.58064516129032       3.916017898799087E-005
   6.59824046920821       4.145539322841684E-005
   6.61583577712610       3.791541081955687E-005
   6.63343108504399       4.005046686689518E-005
   6.65102639296188       3.632162433903086E-005
   6.66862170087977       3.829808379623835E-005
   6.68621700879765       3.439890787329987E-005
   6.70381231671554       3.624140787040020E-005
   6.72140762463343       3.220429066093774E-005
   6.73900293255132       3.394788845830492E-005
   6.75659824046921       2.981398897108582E-005
   6.77419354838710       3.150175052518818E-005
   6.79178885630499       2.732009023598478E-005
   6.80938416422287       2.900383394256481E-005
   6.82697947214076       2.482847475126454E-005
   6.84457478005865       2.654684487882007E-005
   6.86217008797654       2.239885693968814E-005
   6.87976539589443       2.416037876916794E-005
   6.89736070381232       2.004708064734578E-005
   6.91495601173021       2.185535567379714E-005
   6.93255131964809       1.778070086559010E-005
   6.95014662756598       1.963631073689544E-005
   6.96774193548387       1.560115979162187E-005
   6.98533724340176       1.750119125921714E-005
   7.00293255131965       1.350182427442410E-005
   7.02052785923754       1.543590685281110E-005
   7.03812316715543       1.145775451655584E-005
   7.05571847507331       1.340766441766728E-005
   7.07331378299120       9.437294386585248E-006
   7.09090909090909       1.139055857511880E-005
   7.10850439882698       7.418578044566269E-006
   7.12609970674487       9.364589723680827E-006
   7.14369501466276       5.382180313358444E-006
   7.16129032258065       7.309834608214969E-006
   7.17888563049853       3.306418396409446E-006
   7.19648093841642       5.201102508165749E-006
   7.21407624633431       1.158179148076373E-006
   7.23167155425220       2.986972951666427E-006
   7.24926686217009      -1.138237047268467E-006
   7.26686217008798       5.806775657250275E-007
   7.28445747800587      -3.662218964393418E-006
   7.30205278592375      -2.084866745110953E-006
   7.31964809384164      -6.471592523332962E-006
   7.33724340175953      -5.060537266808839E-006
   7.35483870967742      -9.611608723659439E-006
   7.37243401759531      -8.386971202422724E-006
   7.39002932551320      -1.311932982436764E-005
   7.40762463343109      -1.209907006592819E-005
   7.42521994134897      -1.702403964247347E-005
   7.44281524926686      -1.620200396620780E-005
   7.46041055718475      -2.128639284469410E-005
   7.47800586510264      -2.061587437532915E-005
   7.49560117302053      -2.580512541918954E-005
   7.51319648093842      -2.522828184542086E-005
   7.53079178885631      -3.045832025438553E-005
   7.54838709677419      -2.990793485092360E-005
   7.56598240469208      -3.510502713120485E-005
   7.58357771260997      -3.450332085776461E-005
   7.60117302052786      -3.958119341003128E-005
   7.61876832844575      -3.884032052213689E-005
   7.63636363636364      -4.373765919405407E-005
   7.65395894428153      -4.285791997884663E-005
   7.67155425219941      -4.761581168028652E-005
   7.68914956011730      -4.665079514849168E-005
   7.70674486803519      -5.132398530860559E-005
   7.72434017595308      -5.033127613080756E-005
   7.74193548387097      -5.497659207565333E-005
   7.75953079178886      -5.401476141503660E-005
   7.77712609970675      -5.868941364033278E-005
   7.79472140762463      -5.781706191193027E-005
   7.81231671554252      -6.257746466640611E-005
   7.82991202346041      -6.184004000885748E-005
   7.84750733137830      -6.670019495080658E-005
   7.86510263929619      -6.608609488585223E-005
   7.88269794721408      -7.102272045699163E-005
   7.90029325513197      -7.050664001547944E-005
   7.91788856304985      -7.548983992338035E-005
   7.93548387096774      -7.503969968701025E-005
   7.95307917888563      -8.003212935467433E-005
   7.97067448680352      -7.960723328367210E-005
   7.98826979472141      -8.456113012318528E-005
   8.00586510263930      -8.410657080230420E-005
   8.02346041055718      -8.895884575230380E-005
   8.04105571847507      -8.842514001335044E-005
   8.05865102639296      -9.315672583912951E-005
   8.07624633431085      -9.254985774568609E-005
   8.09384164222874      -9.717382431462986E-005
   8.11143695014663      -9.651153733364326E-005
   8.12903225806452      -1.010463415720900E-004
   8.14662756598241      -1.003490075226190E-004
   8.16422287390029      -1.048136035879718E-004
   8.18181818181818      -1.040999436078905E-004
   8.19941348973607      -1.085088181624959E-004
   8.21700879765396      -1.077871210405654E-004
   8.23460410557185      -1.121361787667833E-004
   8.25219941348974      -1.114000698609872E-004
   8.26979472140763      -1.156900836019799E-004
   8.28739002932551      -1.149504833518944E-004
   8.30498533724340      -1.191968395057036E-004
   8.32258064516129      -1.184741261714558E-004
   8.34017595307918      -1.226990735533030E-004
   8.35777126099707      -1.220188287865497E-004
   8.37536656891496      -1.262485312844618E-004
   8.39296187683285      -1.256389357847218E-004
   8.41055718475073      -1.298998509128822E-004
   8.42815249266862      -1.293795496114366E-004
   8.44574780058651      -1.336716877644581E-004
   8.46334310850440      -1.332298537091722E-004
   8.48093841642229      -1.375413296981745E-004
   8.49853372434018      -1.371702739332608E-004
   8.51612903225807      -1.414947721082965E-004
   8.53372434017595      -1.411909068347640E-004
   8.55131964809384      -1.455251958026422E-004
   8.56891495601173      -1.452869687094212E-004
   8.58651026392962      -1.496286495577188E-004
   8.60410557184751      -1.494531880699610E-004
   8.62170087976540      -1.537911811867479E-004
   8.63929618768329      -1.536520871822148E-004
   8.65689149560117      -1.579467773699663E-004
   8.67448680351906      -1.578067593517334E-004
   8.69208211143695      -1.620265247969581E-004
   8.70967741935484      -1.618597954281955E-004
   8.72727272727273      -1.659822328602310E-004
   8.74486803519062      -1.657708216524148E-004
   8.76246334310851      -1.697804378025180E-004
   8.78005865102639      -1.695124965673037E-004
   8.79765395894428      -1.733990994767807E-004
   8.81524926686217      -1.730662587124942E-004
   8.83284457478006      -1.768190522888682E-004
   8.85043988269795      -1.764099248743152E-004
   8.86803519061584      -1.800200596221625E-004
   8.88563049853373      -1.795321792218515E-004
   8.90322580645161      -1.830018341500730E-004
   8.92082111436950      -1.824430615756251E-004
   8.93841642228739      -1.857844348989647E-004
   8.95601173020528      -1.851727821335930E-004
   8.97360703812317      -1.884088010301213E-004
   8.99120234604106      -1.877740345238126E-004
   9.00879765395895      -1.909416145538160E-004
   9.02639296187683      -1.903231951723585E-004
   9.04398826979472      -1.934437195765145E-004
   9.06158357771261      -1.928372325289294E-004
   9.07917888563050      -1.958926455642893E-004
   9.09677419354839      -1.952792432909353E-004
   9.11436950146628      -1.982513171985430E-004
   9.13196480938416      -1.976154373617717E-004
   9.14956011730205      -2.004911253000212E-004
   9.16715542521994      -1.998241350444469E-004
   9.18475073313783      -2.025994389816232E-004
   9.20234604105572      -2.019051460345134E-004
   9.21994134897361      -2.045931185978859E-004
   9.23753665689150      -2.038859659846603E-004
   9.25513196480938      -2.064833073564887E-004
   9.27272727272727      -2.057408841160953E-004
   9.29032258064516      -2.082160777017583E-004
   9.30791788856305      -2.074040274375052E-004
   9.32551319648094      -2.097208051365673E-004
   9.34310850439883      -2.088029095037085E-004
   9.36070381231672      -2.109252626834889E-004
   9.37829912023460      -2.098674409282723E-004
   9.39589442815249      -2.117637304589146E-004
   9.41348973607038      -2.105409549559233E-004
   9.43108504398827      -2.122019299015113E-004
   9.44868035190616      -2.108249389354152E-004
   9.46627565982405      -2.122684892753156E-004
   9.48387096774194      -2.107528141736035E-004
   9.50146627565982      -2.119916656710129E-004
   9.51906158357771      -2.103495231756787E-004
   9.53665689149560      -2.113960378126179E-004
   9.55425219941349      -2.096414215518249E-004
   9.57184750733138      -2.105120481243359E-004
   9.58944281524927      -2.086658902514482E-004
   9.60703812316716      -2.093894384128265E-004
   9.62463343108504      -2.074925352580476E-004
   9.64222873900293      -2.081112484747691E-004
   9.65982404692082      -2.061881909631351E-004
   9.67741935483871      -2.067059595537714E-004
   9.69501466275660      -2.047495390164122E-004
   9.71260997067449      -2.051527106271645E-004
   9.73020527859238      -2.031448270852193E-004
   9.74780058651026      -2.034121191571307E-004
   9.76539589442815      -2.013295687893141E-004
   9.78299120234604      -2.014371099445103E-004
   9.80058651026393      -1.992574299365769E-004
   9.81818181818182      -1.991911079366776E-004
   9.83577712609971      -1.969216383681574E-004
   9.85337243401760      -1.967076123903483E-004
   9.87096774193548      -1.943730845129868E-004
   9.88856304985337      -1.940255899368749E-004
   9.90615835777126      -1.916317762905702E-004
   9.92375366568915      -1.911498482477865E-004
   9.94134897360704      -1.886898349561640E-004
   9.95894428152493      -1.880613266347482E-004
   9.97653958944282      -1.855179736493909E-004
   9.99413489736071      -1.847212761938362E-004
   10.0117302052786      -1.820694758821140E-004
   10.0293255131965      -1.810880975093418E-004
   10.0469208211144      -1.783363410767143E-004
   10.0645161290323      -1.771993419793523E-004
   10.0821114369501      -1.743794830473672E-004
   10.0997067448680      -1.731150217246821E-004
   10.1173020527859      -1.702510888391612E-004
   10.1348973607038      -1.688795354423599E-004
   10.1524926686217      -1.659877990333988E-004
   10.1700879765396      -1.645218076634166E-004
   10.1876832844575      -1.616107728727359E-004
   10.2052785923754      -1.600552644067272E-004
   10.2228739002933      -1.571301930744125E-004
   10.2404692082111      -1.555032775975173E-004
   10.2580645161290      -1.525981249211973E-004
   10.2756598240469      -1.509387377281427E-004
   10.2932551319648      -1.480882543652572E-004
   10.3108504398827      -1.464267024647016E-004
   10.3284457478006      -1.436557274136594E-004
   10.3460410557185      -1.420117124842113E-004
   10.3636363636364      -1.393334655216615E-004
   10.3812316715543      -1.377135940241052E-004
   10.3988269794721      -1.351256113719774E-004
   10.4164222873900      -1.335158516624250E-004
   10.4340175953079      -1.309945190020659E-004
   10.4516129032258      -1.293781649146339E-004
   10.4692082111437      -1.269208260258005E-004
   10.4868035190616      -1.253033718434695E-004
   10.5043988269795      -1.229166302090828E-004
   10.5219941348974      -1.213046975995163E-004
   10.5395894428153      -1.189927619046777E-004
   10.5571847507331      -1.173881159731996E-004
   10.5747800586510      -1.151478526826038E-004
   10.5923753665689      -1.135419499126127E-004
   10.6099706744868      -1.113545164900409E-004
   10.6275659824047      -1.097199237154773E-004
   10.6451612903226      -1.075645259590189E-004
   10.6627565982405      -1.059033353412951E-004
   10.6803519061584      -1.037979793887543E-004
   10.6979472140762      -1.021349518994893E-004
   10.7155425219941      -1.001059870845523E-004
   10.7331378299120      -9.846869115470594E-005
   10.7507331378299      -9.654199688085421E-005
   10.7683284457478      -9.495454266637053E-005
   10.7859237536657      -9.314905551268935E-005
   10.8035190615836      -9.162294203781249E-005
   10.8211143695015      -8.993232966934359E-005
   10.8387096774194      -8.844176752577976E-005
   10.8563049853372      -8.683820439666196E-005
   10.8739002932551      -8.537315361824436E-005
   10.8914956011730      -8.386048294470341E-005
   10.9090909090909      -8.243433719282861E-005
   10.9266862170088      -8.103148989287250E-005
   10.9442815249267      -7.966882742478367E-005
   10.9618768328446      -7.840325146171595E-005
   10.9794721407625      -7.713510490218355E-005
   10.9970674486804      -7.603856907647330E-005
   11.0146627565982      -7.489564257516091E-005
   11.0322580645161      -7.398250842809495E-005
   11.0498533724340      -7.295545901824408E-005
   11.0674486803519      -7.220349869908424E-005
   11.0850439882698      -7.127340074540437E-005
   11.1026392961877      -7.066705335903044E-005
   11.1202346041056      -6.982253136224638E-005
   11.1378299120235      -6.935183166617021E-005
   11.1554252199413      -6.858566147979991E-005
   11.1730205278592      -6.824320938374188E-005
   11.1906158357771      -6.754878468079497E-005
   11.2082111436950      -6.732382623086657E-005
   11.2258064516129      -6.668259038981639E-005
   11.2434017595308      -6.654762285489926E-005
   11.2609970674487      -6.593812949166047E-005
   11.2785923753666      -6.588361686593601E-005
   11.2961876832845      -6.530818086684091E-005
   11.3137829912023      -6.534332478671291E-005
   11.3313782991202      -6.481946896454124E-005
   11.3489736070381      -6.496730454164982E-005
   11.3665689149560      -6.452583657057317E-005
   11.3841642228739      -6.482274667922020E-005
   11.4017595307918      -6.450887556465606E-005
   11.4193548387097      -6.500513450982828E-005
   11.4369501466276      -6.486247577939975E-005
   11.4545454545455      -6.557637064927131E-005
   11.4721407624633      -6.560698129219294E-005
   11.4897360703812      -6.653597261238645E-005
   11.5073313782991      -6.673963021455329E-005
   11.5249266862170      -6.788409877063118E-005
   11.5425219941349      -6.826510212522441E-005
   11.5601173020528      -6.963111361844351E-005
   11.5777126099707      -7.020071713859525E-005
   11.5953079178886      -7.180293046837671E-005
   11.6129032258065      -7.258347218998628E-005
   11.6304985337243      -7.444068676525029E-005
   11.6480938416422      -7.543042408738710E-005
   11.6656891495601      -7.751386386354186E-005
   11.6832844574780      -7.867399968760541E-005
   11.7008797653959      -8.094052022874113E-005
   11.7184750733138      -8.222814860869138E-005
   11.7360703812317      -8.463279233859075E-005
   11.7536656891496      -8.600433194647656E-005
   11.7712609970675      -8.850215592811825E-005
   11.7888563049853      -8.991455489910482E-005
   11.8064516129032      -9.246147573090092E-005
   11.8240469208211      -9.387557372107085E-005
   11.8416422287390      -9.644109904558064E-005
   11.8592375366569      -9.784018974885267E-005
   11.8768328445748      -1.004120895531206E-004
   11.8944281524927      -1.017873634761950E-004
   11.9120234604106      -1.043566631530980E-004
   11.9296187683284      -1.057023002949862E-004
   11.9472140762463      -1.082630489740930E-004
   11.9648093841642      -1.095763396422186E-004
   11.9824046920821      -1.121256819308504E-004
   12.0000000000000      -1.134069343055626E-004
   12.0175953079179      -1.159438924293300E-004
   12.0351906158358      -1.171911783773007E-004
   12.0527859237537      -1.197084692566272E-004
   12.0703812316716      -1.209166613978840E-004
   12.0879765395894      -1.234107837603405E-004
   12.1055718475073      -1.245818810727480E-004
   12.1231671554252      -1.270567530219867E-004
   12.1407624633431      -1.282004172482048E-004
   12.1583577712610      -1.306680623631510E-004
   12.1759530791789      -1.318028564786183E-004
   12.1935483870968      -1.342853495472631E-004
   12.2111436950147      -1.354416190612957E-004
   12.2287390029326      -1.379640519499888E-004
   12.2463343108504      -1.391440463562056E-004
   12.2639296187683      -1.416791707623213E-004
   12.2815249266862      -1.428475896621201E-004
   12.2991202346041      -1.453588090609041E-004
   12.3167155425220      -1.464835717249570E-004
   12.3343108504399      -1.489403534127301E-004
   12.3519061583578      -1.499974581907144E-004
   12.3695014662757      -1.523794134443894E-004
   12.3870967741935      -1.533576380683617E-004
   12.4046920821114      -1.556615503505821E-004
   12.4222873900293      -1.565687307730730E-004
   12.4398826979472      -1.587890151335762E-004
   12.4574780058651      -1.595885410754205E-004
   12.4750733137830      -1.616622036425652E-004
   12.4926686217009      -1.622874898910916E-004
   12.5102639296188      -1.641464452696188E-004
   12.5278592375367      -1.645346987520884E-004
   12.5454545454545      -1.661195357237111E-004
   12.5630498533724      -1.662215855210646E-004
   12.5806451612903      -1.674927244797300E-004
   12.5982404692082      -1.672889489649428E-004
   12.6158357771261      -1.682558925339739E-004
   12.6334310850440      -1.677867835808698E-004
   12.6510263929619      -1.684656992872971E-004
   12.6686217008798      -1.676907443683530E-004
   12.6862170087977      -1.679966116183679E-004
   12.7038123167155      -1.668118037039658E-004
   12.7214076246334      -1.666247380491184E-004
   12.7390029325513      -1.649036360257687E-004
   12.7565982404692      -1.640894999596352E-004
   12.7741935483871      -1.616992166011709E-004
   12.7917888563050      -1.601266973607659E-004
   12.8093841642229      -1.569561780580934E-004
   12.8269794721408      -1.545653578269470E-004
   12.8445747800587      -1.506199522369917E-004
   12.8621700879765      -1.474174959014180E-004
   12.8797653958944      -1.426599564428039E-004
   12.8973607038123      -1.385615363356746E-004
   12.9149560117302      -1.328757851536584E-004
   12.9325513196481      -1.277315491141460E-004
   12.9501466275660      -1.209401325429875E-004
   12.9677419354839      -1.145390216984745E-004
   12.9853372434018      -1.063994973680955E-004
   13.0029325513196      -9.845415938523311E-005
   13.0205278592375      -8.865152314815142E-005
   13.0381231671554      -7.892616403394018E-005
   13.0557184750733      -6.742699219643680E-005
   13.0733137829912      -5.603068381050649E-005
   13.0909090909091      -4.298759126667892E-005
   13.1085043988270      -3.008105072450806E-005
   13.1260997067449      -1.566166176648900E-005
   13.1436950146628      -1.409219524230093E-006
   13.1612903225806       1.422320938233254E-005
   13.1788856304985       2.966899974998929E-005
   13.1964809384164       4.637201920992168E-005
   13.2140762463343       6.289089566782391E-005
   13.2316715542522       8.051789977737633E-005
   13.2492668621701       9.785186522613819E-005
   13.2668621700880       1.160184611881644E-004
   13.2844574780059       1.337285997208496E-004
   13.3020527859238       1.519710275776462E-004
   13.3196480938416       1.695811243597545E-004
   13.3372434017595       1.874071082255775E-004
   13.3548387096774       2.044157216522641E-004
   13.3724340175953       2.213080953709810E-004
   13.3900293255132       2.371864276414730E-004
   13.4076246334311       2.525921846798061E-004
   13.4252199413490       2.668054215365252E-004
   13.4428152492669       2.803210975720453E-004
   13.4604105571848       2.926619471222803E-004
   13.4780058651026       3.041876451385589E-004
   13.4956011730205       3.145956012421377E-004
   13.5131964809384       3.240913392636122E-004
   13.5307917888563       3.325513758950452E-004
   13.5483870967742       3.400202553027449E-004
   13.5659824046921       3.465613875076423E-004
   13.5835777126100       3.520547535547634E-004
   13.6011730205279       3.567640476180307E-004
   13.6187683284457       3.604132775200031E-004
   13.6363636363636       3.634706198052896E-004
   13.6539589442815       3.654476058325157E-004
   13.6715542521994       3.669895587992756E-004
   13.6891495601173       3.674046839223855E-004
   13.7067448680352       3.675410666028759E-004
   13.7243401759531       3.665048063875698E-004
   13.7419354838710       3.653608785455768E-004
   13.7595307917889       3.630129693177696E-004
   13.7771260997067       3.607603615385839E-004
   13.7947214076246       3.573118111970484E-004
   13.8123167155425       3.542508192645224E-004
   13.8299120234604       3.501383915812443E-004
   13.8475073313783       3.467719505665778E-004
   13.8651026392962       3.423940500244299E-004
   13.8826979472141       3.389851229539498E-004
   13.9002932551320       3.345098511872810E-004
   13.9178885630499       3.311666722377138E-004
   13.9354838709677       3.266456455345554E-004
   13.9530791788856       3.233777524355798E-004
   13.9706744868035       3.187749449271192E-004
   13.9882697947214       3.155116489472271E-004
   14.0058651026393       3.107173089975141E-004
   14.0234604105572       3.073750050956270E-004
   14.0410557184751       3.024582524780983E-004
   14.0586510263930       2.992963170090171E-004
   14.0762463343109       2.945649705184981E-004
   14.0938416422287       2.918578109569114E-004
   14.1114369501466       2.875360606494508E-004
   14.1290322580645       2.854628479196993E-004
   14.1466275659824       2.816707792082867E-004
   14.1642228739003       2.802931872558900E-004
   14.1818181818182       2.770110824335716E-004
   14.1994134897361       2.762103406277778E-004
   14.2170087976540       2.731447172368186E-004
   14.2346041055718       2.724510331457652E-004
   14.2521994134897       2.691561552801116E-004
   14.2697947214076       2.683403137818618E-004
   14.2873900293255       2.647486522517279E-004
   14.3049853372434       2.638349022965346E-004
   14.3225806451613       2.600236499842062E-004
   14.3401759530792       2.591351709065857E-004
   14.3577712609971       2.552536688676671E-004
   14.3753665689150       2.545658314843744E-004
   14.3929618768328       2.507964854621394E-004
   14.4105571847507       2.504836794054525E-004
   14.4281524926686       2.468738571308231E-004
   14.4457478005865       2.467603192262443E-004
   14.4633431085044       2.429939748786712E-004
   14.4809384164223       2.427926615390123E-004
   14.4985337243402       2.386427817878153E-004
   14.5161290322581       2.381865654870390E-004
   14.5337243401760       2.335329069486030E-004
   14.5513196480938       2.327596292295598E-004
   14.5689149560117       2.275918860038052E-004
   14.5865102639296       2.265633114021427E-004
   14.6041055718475       2.210303026341391E-004
   14.6217008797654       2.200470777835441E-004
   14.6392961876833       2.145650058657843E-004
   14.6568914956012       2.139941152668792E-004
   14.6744868035191       2.087632648421982E-004
   14.6920821114370       2.086982988018362E-004
   14.7096774193548       2.037396749296260E-004
   14.7272727272727       2.041539549162203E-004
   14.7448680351906       1.993872337449408E-004
   14.7624633431085       2.001588996561912E-004
   14.7800586510264       1.954030693526323E-004
   14.7976539589443       1.962902513116474E-004
   14.8152492668622       1.912000080767190E-004
   14.8328445747801       1.918472658261058E-004
   14.8504398826979       1.862891073391732E-004
   14.8680351906158       1.868819800669804E-004
   14.8856304985337       1.812162470959630E-004
   14.9032258064516       1.822144781290240E-004
   14.9208211143695       1.769668926555219E-004
   14.9384164222874       1.789694024595074E-004
   14.9560117302053       1.747982588721050E-004
   14.9736070381232       1.785420689882846E-004
   14.9912023460411       1.762612050958939E-004
   15.0087976539589       1.826822535781223E-004
   15.0263929618768       1.831969801303975E-004
   15.0439882697947       1.927408005789636E-004
   15.0615835777126       1.958260372397883E-004
   15.0791788856305       2.079166557561657E-004
   15.0967741935484       2.128926254464336E-004
   15.1143695014663       2.268129519325626E-004
   15.1319648093842       2.329266930885262E-004
   15.1495601173021       2.479172044541696E-004
   15.1671554252199       2.543983613803833E-004
   15.1847507331378       2.697089018163972E-004
   15.2023460410557       2.758373203302047E-004
   15.2199413489736       2.909029655264038E-004
   15.2375366568915       2.964438662181649E-004
   15.2551319648094       3.113297097816754E-004
   15.2727272727273       3.163396509382314E-004
   15.2903225806452       3.309849840388740E-004
   15.3079178885631       3.352942779157233E-004
   15.3255131964809       3.494559075900956E-004
   15.3431085043988       3.527399651591461E-004
   15.3607038123167       3.660371365983802E-004
   15.3782991202346       3.678474274805495E-004
   15.3958944281525       3.797928430864828E-004
   15.4134897360704       3.796390941196092E-004
   15.4310850439883       3.900114956755299E-004
   15.4486803519062       3.881040276599936E-004
   15.4662756598240       3.973012839426359E-004
   15.4838709677419       3.938788916009210E-004
   15.5014662756598       4.019260268562392E-004
   15.5190615835777       3.967710886974823E-004
   15.5366568914956       4.032005590659506E-004
   15.5542521994135       3.955245555425256E-004
   15.5718475073314       3.991649747523909E-004
   15.5894428152493       3.872531913007066E-004
   15.6070381231672       3.854904519633027E-004
   15.6246334310850       3.652952950769758E-004
   15.6422287390029       3.535672325228632E-004
   15.6598240469208       3.221457266929476E-004
   15.6774193548387       2.997957669466426E-004
   15.6950146627566       2.579388112737764E-004
   15.7126099706745       2.267720027978503E-004
   15.7302052785924       1.771534285945942E-004
   15.7478005865103       1.407018115904928E-004
   15.7653958944282       8.771559840711341E-005
   15.7829912023460       5.138142476688977E-005
   15.8005865102639       1.693887880500455E-006
   15.8181818181818      -2.611544869551147E-005
   15.8357771260997      -6.373721139913164E-005
   15.8533724340176      -7.728785781277862E-005
   15.8709677419355      -1.010098344209831E-004
   15.8885630498534      -1.004724694138851E-004
   15.9061583577713      -1.114479054031849E-004
   15.9237536656892      -9.864245526913390E-005
   15.9413489736070      -9.924423739490915E-005
   15.9589442815249      -7.698426204764778E-005
   15.9765395894428      -7.045594180335754E-005
   15.9941348973607      -4.236246158343421E-005
   16.0117302052786      -3.272832805475523E-005
   16.0293255131965      -2.537509132939097E-006
   16.0469208211144       7.931290576874473E-006
   16.0645161290323       3.949435957191108E-005
   16.0821114369501       5.056384274417419E-005
   16.0997067448680       8.326865223920025E-005
   16.1173020527859       9.460951861310013E-005
   16.1348973607038       1.280531371733657E-004
   16.1524926686217       1.391270858416817E-004
   16.1700879765396       1.726688428374631E-004
   16.1876832844575       1.826654186840864E-004
   16.2052785923754       2.153399264522433E-004
   16.2228739002933       2.232464226081814E-004
   16.2404692082111       2.546807244528612E-004
   16.2580645161290       2.610928835798290E-004
   16.2756598240469       2.924389997533194E-004
   16.2932551319648       2.985216978892084E-004
   16.3108504398827       3.309160720687986E-004
   16.3284457478006       3.376836510252599E-004
   16.3460410557185       3.720466396275908E-004
   16.3636363636364       3.802228176166563E-004
   16.3812316715543       4.170859559485226E-004
   16.3988269794721       4.268351438273848E-004
   16.4164222873900       4.657443355825375E-004
   16.4340175953079       4.755737777667058E-004
   16.4516129032258       5.146689189849584E-004
   16.4692082111437       5.232822856246220E-004
   16.4868035190616       5.620620227471333E-004
   16.5043988269795       5.694209477559272E-004
   16.5219941348974       6.082868327366226E-004
   16.5395894428153       6.151050965866723E-004
   16.5571847507331       6.551706715784987E-004
   16.5747800586510       6.628970006415073E-004
   16.5923753665689       7.061144125827380E-004
   16.6099706744868       7.173082275650843E-004
   16.6275659824047       7.665320588534001E-004
   16.6451612903226       7.824290168099737E-004
   16.6627565982405       8.363309588006024E-004
   16.6803519061584       8.538822326121605E-004
   16.6979472140762       9.088129935618325E-004
   16.7155425219941       9.238816970840637E-004
   16.7331378299120       9.754209207694331E-004
   16.7507331378299       9.832087375132160E-004
   16.7683284457478       1.026342287893150E-003
   16.7859237536657       1.021481468576784E-003
   16.8035190615836       1.050652499725423E-003
   16.8211143695015       1.028487184110012E-003
   16.8387096774194       1.044076737135958E-003
   16.8563049853372       1.011657372502546E-003
   16.8739002932551       1.023861133128978E-003
   16.8914956011730       9.911627096210773E-004
   16.9090909090909       1.009496024355288E-003
   16.9266862170088       9.852696093137312E-004
   16.9442815249267       1.017778440262188E-003
   16.9618768328446       1.008921231408118E-003
   16.9794721407625       1.061186426300161E-003
   16.9970674486804       1.071016288960241E-003
   17.0146627565982       1.141611074961545E-003
   17.0322580645161       1.157037660305188E-003
   17.0498533724340       1.221420095037283E-003
   17.0674486803519       1.216658369738513E-003
   17.0850439882698       1.254586244619709E-003
   17.1026392961877       1.214068470444551E-003
   17.1202346041056       1.214144494459969E-003
   17.1378299120235       1.130088915356463E-003
   17.1554252199413       1.088706050111694E-003
   17.1730205278592       9.618010999599660E-004
   17.1906158357771       8.854341163585606E-004
   17.2082111436950       7.307629819930604E-004
   17.2258064516129       6.505555769001094E-004
   17.2434017595308       5.125853284230656E-004
   17.2609970674487       4.700751067290036E-004
   17.2785923753666       3.767130190875023E-004
   17.2961876832845       3.900115380233609E-004
   17.3137829912023       3.521577432376381E-004
   17.3313782991202       4.266747685872454E-004
   17.3489736070381       4.437897238918060E-004
   17.3665689149560       5.737815215309484E-004
   17.3841642228739       6.332281161019837E-004
   17.4017595307918       7.982013009414677E-004
   17.4193548387097       8.659295121407115E-004
   17.4369501466276       1.021858615529371E-003
   17.4545454545455       1.060026511397906E-003
   17.4721407624633       1.187508428940756E-003
   17.4897360703812       1.188098684775296E-003
   17.5073313782991       1.287022757271262E-003
   17.5249266862170       1.254333668142532E-003
   17.5425219941349       1.334782103762527E-003
   17.5601173020528       1.282112613230684E-003
   17.5777126099707       1.363379544331208E-003
   17.5953079178886       1.313746656792517E-003
   17.6129032258065       1.427513512061437E-003
   17.6304985337243       1.412185594307570E-003
   17.6480938416422       1.577035866396343E-003
   17.6656891495601       1.591239622918857E-003
   17.6832844574780       1.794185055181467E-003
   17.7008797653959       1.817711157604328E-003
   17.7184750733138       2.040248554625322E-003
   17.7360703812317       2.048554710754629E-003
   17.7536656891496       2.270538137273183E-003
   17.7712609970675       2.236358182759115E-003
   17.7888563049853       2.437963455944408E-003
   17.8064516129032       2.331783888296075E-003
   17.8240469208211       2.501143906026452E-003
   17.8416422287390       2.316356419550609E-003
   17.8592375366569       2.492085962078105E-003
   17.8768328445748       2.256108361748875E-003
   17.8944281524927       2.508907022475666E-003
   17.9120234604106       2.252956122109206E-003
   17.9296187683284       2.707020220708350E-003
   17.9472140762463       2.468208937476253E-003
   17.9648093841642       3.439630194286315E-003
   17.9824046920821       3.273013182369659E-003
   18.0000000000000       6.770954665901593E-003
