  0.000000000000000E+000  4.985396097715967E-003
  1.759530791788856E-002  3.072241707409740E-003
  3.519061583577713E-002  3.030459485858875E-003
  5.278592375366570E-002  2.400600558804960E-003
  7.038123167155426E-002  2.384716441078237E-003
  8.797653958944282E-002  2.016173880718947E-003
  0.105571847507331       2.011288353095044E-003
  0.123167155425220       1.755207974855868E-003
  0.140762463343109       1.755941527196887E-003
  0.158357771260997       1.562123278220530E-003
  0.175953079178886       1.565953937923097E-003
  0.193548387096774       1.411426358186701E-003
  0.211143695014663       1.416982826681654E-003
  0.228739002932551       1.289317996506652E-003
  0.246334310850440       1.295772568833206E-003
  0.263929618768328       1.187507774397813E-003
  0.281524926686217       1.194353945476380E-003
  0.299120234604106       1.100676796643153E-003
  0.316715542521994       1.107588054845554E-003
  0.334310850439883       1.025216237040655E-003
  0.351906158357771       1.031971450400777E-003
  0.369501466275660       9.585657052459546E-004
  0.387096774193548       9.650048696871778E-004
  0.404692082111437       8.988296712892147E-004
  0.422287390029326       9.048171339517603E-004
  0.439882697947214       8.445544680921605E-004
  0.457478005865103       8.500413272188720E-004
  0.475073313782991       7.947602655583813E-004
  0.492668621700880       7.997931816374268E-004
  0.510263929618768       7.488220269297348E-004
  0.527859237536657       7.535009523842853E-004
  0.545454545454546       7.063630171874160E-004
  0.563049853372434       7.108396289242081E-004
  0.580645161290323       6.672247121629722E-004
  0.598240469208211       6.717205956397485E-004
  0.615835777126100       6.315059079345573E-004
  0.633431085043988       6.363762298025025E-004
  0.651026392961877       5.995630330718202E-004
  0.668621700879765       6.050622220740688E-004
  0.686217008797654       5.715407521244244E-004
  0.703812316715543       5.778063238505131E-004
  0.721407624633431       5.474358830841322E-004
  0.739002932551320       5.545489629690113E-004
  0.756598240469208       5.271745223728318E-004
  0.774193548387097       5.351711592477926E-004
  0.791788856304985       5.106218151235724E-004
  0.809384164222874       5.194892549611408E-004
  0.826979472140763       4.975306560751889E-004
  0.844574780058651       5.070917036580695E-004
  0.862170087976540       4.873203636317231E-004
  0.879765395894428       4.972842819784897E-004
  0.897360703812317       4.792742057571708E-004
  0.914956011730205       4.893254181055092E-004
  0.932551319648094       4.726310888857991E-004
  0.950146627565982       4.824111598351414E-004
  0.967741935483871       4.665439304066480E-004
  0.985337243401760       4.756204871612409E-004
   1.00293255131965       4.599902469579732E-004
   1.02052785923754       4.677591731356589E-004
   1.03812316715543       4.516736962017905E-004
   1.05571847507331       4.577376481473908E-004
   1.07331378299120       4.409949008772211E-004
   1.09090909090909       4.453802783981023E-004
   1.10850439882698       4.280394106599566E-004
   1.12609970674487       4.309553566777298E-004
   1.14369501466276       4.132467425378646E-004
   1.16129032258065       4.150668938244361E-004
   1.17888563049853       3.974058317997738E-004
   1.19648093841642       3.987200086398912E-004
   1.21407624633431       3.818400212987421E-004
   1.23167155425220       3.836446578352530E-004
   1.24926686217009       3.684534118778086E-004
   1.26686217008798       3.714005361244709E-004
   1.28445747800587       3.582490879900493E-004
   1.30205278592375       3.625865988884331E-004
   1.31964809384164       3.515808248051565E-004
   1.33724340175953       3.573653055440644E-004
   1.35483870967742       3.484444746313184E-004
   1.37243401759531       3.555687129907511E-004
   1.39002932551320       3.485026864637596E-004
   1.40762463343109       3.566482498120370E-004
   1.42521994134897       3.509008086861018E-004
   1.44281524926686       3.594067836053061E-004
   1.46041055718475       3.543115552525221E-004
   1.47800586510264       3.626619361247435E-004
   1.49560117302053       3.577564665134862E-004
   1.51319648093842       3.655562561166416E-004
   1.53079178885631       3.604472613100129E-004
   1.54838709677419       3.673444989554099E-004
   1.56598240469208       3.616657834359919E-004
   1.58357771260997       3.673184754363888E-004
   1.60117302052786       3.606950862855453E-004
   1.61876832844575       3.647348609930888E-004
   1.63636363636364       3.568519759891885E-004
   1.65395894428153       3.591941752098400E-004
   1.67155425219941       3.501399942135000E-004
   1.68914956011730       3.509842282185691E-004
   1.70674486803519       3.409950084250929E-004
   1.72434017595308       3.406438451884330E-004
   1.74193548387097       3.300513385359473E-004
   1.75953079178886       3.289015003956930E-004
   1.77712609970675       3.181395383201781E-004
   1.79472140762463       3.167049241890886E-004
   1.81231671554252       3.063644368602373E-004
   1.82991202346041       3.053187358477944E-004
   1.84750733137830       2.959641001292790E-004
   1.86510263929619       2.956850745730406E-004
   1.88269794721408       2.875486510735819E-004
   1.90029325513196       2.882311592579998E-004
   1.91788856304985       2.814689272669907E-004
   1.93548387096774       2.832683473789583E-004
   1.95307917888563       2.780195917289495E-004
   1.97067448680352       2.810948722505881E-004
   1.98826979472141       2.775283197841082E-004
   2.00586510263930       2.821154689608655E-004
   2.02346041055718       2.805466657185491E-004
   2.04105571847507       2.869558670962443E-004
   2.05865102639296       2.874535616245188E-004
   2.07624633431085       2.954925890615847E-004
   2.09384164222874       2.976787952692792E-004
   2.11143695014663       3.068484599932160E-004
   2.12903225806452       3.100890051279057E-004
   2.14662756598241       3.196347750803251E-004
   2.16422287390029       3.230203437053351E-004
   2.18181818181818       3.318627854210500E-004
   2.19941348973607       3.340565559091854E-004
   2.21700879765396       3.404673932984012E-004
   2.23460410557185       3.394774332808243E-004
   2.25219941348974       3.419619091262375E-004
   2.26979472140762       3.371703161154669E-004
   2.28739002932551       3.357090503422285E-004
   2.30498533724340       3.274301302626408E-004
   2.32258064516129       3.226196539441488E-004
   2.34017595307918       3.116940324192304E-004
   2.35777126099707       3.046360655141298E-004
   2.37536656891496       2.924384461187279E-004
   2.39296187683284       2.848521752363399E-004
   2.41055718475073       2.736127727706330E-004
   2.42815249266862       2.682945968931645E-004
   2.44574780058651       2.605982088536769E-004
   2.46334310850440       2.590937722488039E-004
   2.48093841642229       2.555539408887754E-004
   2.49853372434018       2.579981203380913E-004
   2.51612903225806       2.584181976232146E-004
   2.53372434017595       2.643433465381135E-004
   2.55131964809384       2.679919151544268E-004
   2.56891495601173       2.764106271518843E-004
   2.58651026392962       2.820024121435591E-004
   2.60410557184751       2.912453425740811E-004
   2.62170087976540       2.965777582369905E-004
   2.63929618768328       3.042552635990608E-004
   2.65689149560117       3.075502008252980E-004
   2.67448680351906       3.127247781319274E-004
   2.69208211143695       3.135036513159314E-004
   2.70967741935484       3.159610205485958E-004
   2.72727272727273       3.142065960164132E-004
   2.74486803519062       3.141076894232214E-004
   2.76246334310850       3.101398659018703E-004
   2.78005865102639       3.079798144800797E-004
   2.79765395894428       3.024861256390777E-004
   2.81524926686217       2.992418487211219E-004
   2.83284457478006       2.934607530011091E-004
   2.85043988269795       2.902690051106321E-004
   2.86803519061584       2.849319196491214E-004
   2.88563049853372       2.822297412244177E-004
   2.90322580645161       2.776162588514730E-004
   2.92082111436950       2.755826372954438E-004
   2.93841642228739       2.717812956732890E-004
   2.95601173020528       2.704309352536696E-004
   2.97360703812317       2.673738862140756E-004
   2.99120234604106       2.665567787192913E-004
   3.00879765395894       2.639669035434225E-004
   3.02639296187683       2.632290941248126E-004
   3.04398826979472       2.605436343095729E-004
   3.06158357771261       2.594249648776767E-004
   3.07917888563050       2.563508630877589E-004
   3.09677419354839       2.546726278839258E-004
   3.11436950146628       2.510996467758541E-004
   3.13196480938416       2.488174623870710E-004
   3.14956011730205       2.447558117639717E-004
   3.16715542521994       2.419443804284835E-004
   3.18475073313783       2.375349986648782E-004
   3.20234604105572       2.344342443775375E-004
   3.21994134897361       2.300765604073647E-004
   3.23753665689150       2.272657063679296E-004
   3.25513196480938       2.235275100286528E-004
   3.27272727272727       2.214052244853208E-004
   3.29032258064516       2.185365825393556E-004
   3.30791788856305       2.172656482975380E-004
   3.32551319648094       2.153525994984009E-004
   3.34310850439883       2.149563829334425E-004
   3.36070381231672       2.139536455953986E-004
   3.37829912023460       2.143190892771228E-004
   3.39589442815249       2.140255360515450E-004
   3.41348973607038       2.148208110067086E-004
   3.43108504398827       2.147128317097398E-004
   3.44868035190616       2.153393752827382E-004
   3.46627565982405       2.149274493094468E-004
   3.48387096774194       2.150414122408034E-004
   3.50146627565982       2.140644806484918E-004
   3.51906158357771       2.134655146564124E-004
   3.53665689149560       2.117672814870433E-004
   3.55425219941349       2.103436320527658E-004
   3.57184750733138       2.078493717129764E-004
   3.58944281524927       2.055706126857182E-004
   3.60703812316716       2.022994488305366E-004
   3.62463343108504       1.992803477986694E-004
   3.64222873900293       1.954634632378977E-004
   3.65982404692082       1.919959261722944E-004
   3.67741935483871       1.879055487859485E-004
   3.69501466275660       1.842403253064752E-004
   3.71260997067449       1.801144645061359E-004
   3.73020527859238       1.764878429718810E-004
   3.74780058651026       1.725603585624234E-004
   3.76539589442815       1.692125993494946E-004
   3.78299120234604       1.657298788348393E-004
   3.80058651026393       1.629264756462449E-004
   3.81818181818182       1.601723202967280E-004
   3.83577712609971       1.581565372085453E-004
   3.85337243401760       1.562247344042034E-004
   3.87096774193548       1.549531476842818E-004
   3.88856304985337       1.537328207177018E-004
   3.90615835777126       1.530615577755939E-004
   3.92375366568915       1.523766216717580E-004
   3.94134897360704       1.521037315986423E-004
   3.95894428152493       1.517210490909784E-004
   3.97653958944282       1.515832912589979E-004
   3.99413489736070       1.511980428603507E-004
   4.01173020527859       1.508345462034698E-004
   4.02932551319648       1.500526674673249E-004
   4.04692082111437       1.491722399060218E-004
   4.06451612903226       1.478783876993983E-004
   4.08211143695015       1.464831034591302E-004
   4.09970674486804       1.447279047094482E-004
   4.11730205278592       1.429044103203417E-004
   4.13489736070381       1.408009862782022E-004
   4.15249266862170       1.386907716151337E-004
   4.17008797653959       1.364051403152741E-004
   4.18768328445748       1.342057698419932E-004
   4.20527859237537       1.319735173361538E-004
   4.22287390029326       1.299597997783089E-004
   4.24046920821114       1.280099345668792E-004
   4.25806451612903       1.262733697053651E-004
   4.27565982404692       1.245775129273299E-004
   4.29325513196481       1.230401870064345E-004
   4.31085043988270       1.214884240499245E-004
   4.32844574780059       1.200167018942856E-004
   4.34604105571848       1.184492828850989E-004
   4.36363636363636       1.168598611458356E-004
   4.38123167155425       1.150618284494337E-004
   4.39882697947214       1.131020156543936E-004
   4.41642228739003       1.107606862454037E-004
   4.43401759530792       1.081093841557503E-004
   4.45161290322581       1.050319494304889E-004
   4.46920821114370       1.016729332816116E-004
   4.48680351906158       9.794205491989593E-005
   4.50439882697947       9.401332856316738E-005
   4.52199413489736       8.980788984265472E-005
   4.53958944281525       8.552895921920695E-005
   4.55718475073314       8.110573823874352E-005
   4.57478005865103       7.677770016207433E-005
   4.59237536656892       7.248677879775638E-005
   4.60997067448680       6.853625986584532E-005
   4.62756598240469       6.486286294991494E-005
   4.64516129032258       6.169260804467251E-005
   4.66275659824047       5.883415512159692E-005
   4.68035190615836       5.649210160535814E-005
   4.69794721407625       5.442759902344721E-005
   4.71554252199414       5.285230134583293E-005
   4.73313782991202       5.148476863006432E-005
   4.75073313782991       5.055116118655474E-005
   4.76832844574780       4.972600739460121E-005
   4.78592375366569       4.925234300195774E-005
   4.80351906158358       4.875254428374009E-005
   4.82111436950147       4.849364543428498E-005
   4.83870967741935       4.810454701370778E-005
   4.85630498533724       4.795140666596851E-005
   4.87390029325513       4.764525710059303E-005
   4.89149560117302       4.759791111294291E-005
   4.90909090909091       4.738168792360244E-005
   4.92668621700880       4.745236864502986E-005
   4.94428152492669       4.733775203981987E-005
   4.96187683284458       4.753811298091937E-005
   4.97947214076246       4.753141513578711E-005
   4.99706744868035       4.786163072322150E-005
   5.01466275659824       4.794252749207606E-005
   5.03225806451613       4.833553482873264E-005
   5.04985337243402       4.838463614098140E-005
   5.06744868035191       4.871379485671650E-005
   5.08504398826980       4.862232676314683E-005
   5.10263929618768       4.879733266455489E-005
   5.12023460410557       4.848693254801611E-005
   5.13782991202346       4.844226565233654E-005
   5.15542521994135       4.785732248413081E-005
   5.17302052785924       4.754997738182719E-005
   5.19061583577713       4.665895481931942E-005
   5.20821114369502       4.607622844936022E-005
   5.22580645161290       4.490291600112829E-005
   5.24340175953079       4.412357909333682E-005
   5.26099706744868       4.277571980411632E-005
   5.27859237536657       4.190472816739648E-005
   5.29618768328446       4.047635146734830E-005
   5.31378299120235       3.960373563706952E-005
   5.33137829912024       3.818066501495050E-005
   5.34897360703812       3.739157487221999E-005
   5.36656891495601       3.605720358836106E-005
   5.38416422287390       3.543646466050712E-005
   5.40175953079179       3.427660625705449E-005
   5.41935483870968       3.391014988307366E-005
   5.43695014662757       3.298453178561940E-005
   5.45454545454546       3.288344488544933E-005
   5.47214076246334       3.216669581671947E-005
   5.48973607038123       3.229496191738814E-005
   5.50733137829912       3.174481409509290E-005
   5.52492668621701       3.205680573602239E-005
   5.54252199413490       3.162293002264802E-005
   5.56011730205279       3.206566845755041E-005
   5.57771260997067       3.169061002905757E-005
   5.59530791788856       3.220367679007073E-005
   5.61290322580645       3.182236409331912E-005
   5.63049853372434       3.235031079351937E-005
   5.64809384164223       3.193652227431086E-005
   5.66568914956012       3.248251579743373E-005
   5.68328445747801       3.204869817858802E-005
   5.70087976539589       3.262754918688930E-005
   5.71847507331378       3.218833438691392E-005
   5.73607038123167       3.281578652562149E-005
   5.75366568914956       3.238626490086998E-005
   5.77126099706745       3.307822140855422E-005
   5.78885630498534       3.267352171346073E-005
   5.80645161290323       3.344586219542613E-005
   5.82404692082111       3.308063662005454E-005
   5.84164222873900       3.394685128176398E-005
   5.85923753665689       3.363137729901335E-005
   5.87683284457478       3.460110834954359E-005
   5.89442815249267       3.434396780291233E-005
   5.91202346041056       3.542632829842403E-005
   5.92961876832845       3.523591839125615E-005
   5.94721407624634       3.644010150109409E-005
   5.96480938416422       3.632531579762027E-005
   5.98240469208211       3.766162737180892E-005
   6.00000000000000       3.763370568822323E-005
   6.01759530791789       3.911693723042830E-005
   6.03519061583578       3.918974723710018E-005
   6.05278592375367       4.082471604117553E-005
   6.07038123167156       4.098990889458652E-005
   6.08797653958944       4.276101559679125E-005
   6.10557184750733       4.299746890903593E-005
   6.12316715542522       4.487985448471487E-005
   6.14076246334311       4.515806275528218E-005
   6.15835777126100       4.711858600098260E-005
   6.17595307917889       4.740036350357318E-005
   6.19354838709677       4.939616444143036E-005
   6.21114369501466       4.963145528146530E-005
   6.22873900293255       5.161223247592100E-005
   6.24633431085044       5.176678716681754E-005
   6.26392961876833       5.372113191427426E-005
   6.28152492668622       5.379374681684370E-005
   6.29912023460411       5.572272195657365E-005
   6.31671554252199       5.571379826474204E-005
   6.33431085043988       5.761698876612772E-005
   6.35190615835777       5.752345629706173E-005
   6.36950146627566       5.939481620477564E-005
   6.38709677419355       5.920520432587564E-005
   6.40469208211144       6.102492438949594E-005
   6.42228739002933       6.070138504356108E-005
   6.43988269794721       6.241238255533754E-005
   6.45747800586510       6.189767828882644E-005
   6.47507331378299       6.346074979559465E-005
   6.49266862170088       6.273062734699163E-005
   6.51026392961877       6.413188918934436E-005
   6.52785923753666       6.318048908628936E-005
   6.54545454545455       6.442190160237849E-005
   6.56304985337243       6.325826281637509E-005
   6.58064516129032       6.435704865334622E-005
   6.59824046920821       6.300753759846325E-005
   6.61583577712610       6.400503227459273E-005
   6.63343108504399       6.252947080237611E-005
   6.65102639296188       6.349071000331813E-005
   6.66862170087977       6.194083087559491E-005
   6.68621700879765       6.290407389664297E-005
   6.70381231671554       6.130966974927300E-005
   6.72140762463343       6.229876853316355E-005
   6.73900293255132       6.067803135082737E-005
   6.75659824046921       6.170592642788480E-005
   6.77419354838710       6.006556844998892E-005
   6.79178885630499       6.113173739874426E-005
   6.80938416422287       5.945899516566103E-005
   6.82697947214076       6.053040732075618E-005
   6.84457478005865       5.877807733363767E-005
   6.86217008797654       5.981672662007182E-005
   6.87976539589443       5.796604896363736E-005
   6.89736070381232       5.896708975481824E-005
   6.91495601173021       5.702278432868700E-005
   6.93255131964809       5.799954533295999E-005
   6.95014662756598       5.598303900258537E-005
   6.96774193548387       5.696558854819029E-005
   6.98533724340176       5.491675737322491E-005
   7.00293255131965       5.595850882719769E-005
   7.02052785923754       5.394912116988715E-005
   7.03812316715543       5.512579270293340E-005
   7.05571847507331       5.320147954716499E-005
   7.07331378299120       5.452052073951962E-005
   7.09090909090909       5.266728727855141E-005
   7.10850439882698       5.410203887194376E-005
   7.12609970674487       5.228263488043966E-005
   7.14369501466276       5.378584589580672E-005
   7.16129032258065       5.194268932406436E-005
   7.17888563049853       5.344471383163514E-005
   7.19648093841642       5.149282374261215E-005
   7.21407624633431       5.288364104868838E-005
   7.23167155425220       5.069006271897141E-005
   7.24926686217009       5.185485734955959E-005
   7.26686217008798       4.935622267171097E-005
   7.28445747800587       5.027106708854637E-005
   7.30205278592375       4.746542133982210E-005
   7.31964809384164       4.814439354309927E-005
   7.33724340175953       4.506008625929976E-005
   7.35483870967742       4.554485657806323E-005
   7.37243401759531       4.223757381918077E-005
   7.39002932551320       4.259910869706967E-005
   7.40762463343109       3.916085003259577E-005
   7.42521994134897       3.951085525344292E-005
   7.44281524926686       3.604072821217472E-005
   7.46041055718475       3.643031125816139E-005
   7.47800586510264       3.294053496983822E-005
   7.49560117302053       3.336577479251713E-005
   7.51319648093842       2.984453507724448E-005
   7.53079178885631       3.028760519357815E-005
   7.54838709677419       2.671298095378334E-005
   7.56598240469208       2.714812811387241E-005
   7.58357771260997       2.349142364124001E-005
   7.60117302052786       2.388634596663160E-005
   7.61876832844575       2.011253702646317E-005
   7.63636363636364       2.043567394637656E-005
   7.65395894428153       1.652682410812384E-005
   7.67155425219941       1.677203348597677E-005
   7.68914956011730       1.272764046117548E-005
   7.70674486803519       1.289713527097073E-005
   7.72434017595308       8.722537355674870E-006
   7.74193548387097       8.824220640320998E-006
   7.75953079178886       4.530876271408472E-006
   7.77712609970675       4.579701717379828E-006
   7.79472140762463       1.877996760950851E-007
   7.81231671554252       2.111443367153187E-007
   7.82991202346041      -4.244204107757603E-006
   7.84750733137830      -4.215288465575319E-006
   7.86510263929619      -8.715869399955865E-006
   7.88269794721408      -8.673388012486769E-006
   7.90029325513197      -1.321471786680453E-005
   7.91788856304985      -1.315625652221095E-005
   7.93548387096774      -1.773596576954579E-005
   7.95307917888563      -1.765902847103190E-005
   7.97067448680352      -2.227246927214461E-005
   7.98826979472141      -2.216964336213113E-005
   8.00586510263930      -2.680231338898149E-005
   8.02346041055718      -2.664665131585939E-005
   8.04105571847507      -3.126123206598969E-005
   8.05865102639296      -3.102402323578914E-005
   8.07624633431085      -3.560938789189684E-005
   8.09384164222874      -3.529306877577697E-005
   8.11143695014663      -3.985974894156840E-005
   8.12903225806452      -3.948254058877101E-005
   8.14662756598241      -4.405460031086959E-005
   8.16422287390029      -4.364718530710238E-005
   8.18181818181818      -4.826097440904249E-005
   8.19941348973607      -4.786724427602880E-005
   8.21700879765396      -5.257424719953836E-005
   8.23460410557185      -5.224675843407391E-005
   8.25219941348974      -5.708335440907752E-005
   8.26979472140763      -5.684126901532576E-005
   8.28739002932551      -6.181814136888406E-005
   8.30498533724340      -6.166980765290855E-005
   8.32258064516129      -6.679276814670571E-005
   8.34017595307918      -6.674301248491326E-005
   8.35777126099707      -7.201465729723202E-005
   8.37536656891496      -7.206475336794724E-005
   8.39296187683285      -7.748304686153157E-005
   8.41055718475073      -7.762620244763024E-005
   8.42815249266862      -8.317061112853798E-005
   8.44574780058651      -8.337193251395535E-005
   8.46334310850440      -8.900419554426502E-005
   8.48093841642229      -8.923359018102865E-005
   8.49853372434018      -9.493019076945758E-005
   8.51612903225807      -9.517015998933305E-005
   8.53372434017595      -1.009175573599824E-004
   8.55131964809384      -1.011595486912837E-004
   8.56891495601173      -1.069526370268253E-004
   8.58651026392962      -1.071964731486225E-004
   8.60410557184751      -1.130389907973764E-004
   8.62170087976540      -1.132927060217346E-004
   8.63929618768329      -1.191885894746634E-004
   8.65689149560117      -1.194472580568619E-004
   8.67448680351906      -1.253850049938879E-004
   8.69208211143695      -1.256379496625486E-004
   8.70967741935484      -1.316077432008551E-004
   8.72727272727273      -1.318479671341234E-004
   8.74486803519062      -1.378444106722482E-004
   8.76246334310851      -1.380699773797804E-004
   8.78005865102639      -1.440933752922382E-004
   8.79765395894428      -1.443089211683480E-004
   8.81524926686217      -1.503669105887077E-004
   8.83284457478006      -1.505796726185637E-004
   8.85043988269795      -1.566691476180688E-004
   8.86803519061584      -1.568684934562102E-004
   8.88563049853373      -1.629768295682617E-004
   8.90322580645161      -1.631531162140105E-004
   8.92082111436950      -1.692728385123981E-004
   8.93841642228739      -1.694232545088232E-004
   8.95601173020528      -1.755553640235055E-004
   8.97360703812317      -1.756877532287074E-004
   8.99120234604106      -1.818470512943861E-004
   9.00879765395895      -1.819898265478458E-004
   9.02639296187683      -1.882199393416223E-004
   9.04398826979472      -1.884175813828069E-004
   9.06158357771261      -1.947384339854285E-004
   9.07917888563050      -1.949876471300581E-004
   9.09677419354839      -2.013826097039420E-004
   9.11436950146628      -2.016604580282113E-004
   9.13196480938416      -2.081002251678161E-004
   9.14956011730205      -2.083740622435738E-004
   9.16715542521994      -2.148214401582425E-004
   9.18475073313783      -2.150518225160579E-004
   9.20234604105572      -2.214632233367199E-004
   9.21994134897361      -2.216054927510636E-004
   9.23753665689150      -2.279406143937695E-004
   9.25513196480938      -2.279685413582469E-004
   9.27272727272727      -2.342101754761887E-004
   9.29032258064516      -2.341112532267746E-004
   9.30791788856305      -2.402481920323456E-004
   9.32551319648094      -2.400146493633249E-004
   9.34310850439883      -2.460410423935465E-004
   9.36070381231672      -2.456716965422166E-004
   9.37829912023460      -2.515903557610636E-004
   9.39589442815249      -2.510962163157234E-004
   9.41348973607038      -2.569306413966095E-004
   9.43108504398827      -2.563556455706973E-004
   9.44868035190616      -2.621532507602334E-004
   9.46627565982405      -2.615277209576058E-004
   9.48387096774194      -2.672977029760341E-004
   9.50146627565982      -2.666196165393529E-004
   9.51906158357771      -2.723503415999896E-004
   9.53665689149560      -2.716021713213833E-004
   9.55425219941349      -2.772690547040849E-004
   9.57184750733138      -2.764219292094617E-004
   9.58944281524927      -2.819900362257563E-004
   9.60703812316716      -2.810053435288121E-004
   9.62463343108504      -2.864362950815662E-004
   9.64222873900293      -2.852929194883646E-004
   9.65982404692082      -2.905849421843313E-004
   9.67741935483871      -2.892899787424918E-004
   9.69501466275660      -2.944478600406196E-004
   9.71260997067449      -2.930052624367154E-004
   9.73020527859238      -2.980299457987713E-004
   9.74780058651026      -2.964400703236351E-004
   9.76539589442815      -3.013293349431018E-004
   9.78299120234604      -2.995901533846637E-004
   9.80058651026393      -3.043408730453873E-004
   9.81818181818182      -3.024544578067901E-004
   9.83577712609971      -3.070787852397015E-004
   9.85337243401760      -3.050670524900846E-004
   9.87096774193548      -3.095819325386657E-004
   9.88856304985337      -3.074539739156533E-004
   9.90615835777126      -3.118594922998741E-004
   9.92375366568915      -3.096093839543056E-004
   9.94134897360704      -3.138913140067354E-004
   9.95894428152493      -3.114985873237981E-004
   9.97653958944282      -3.156270142072803E-004
   9.99413489736071      -3.130532297439930E-004
   10.0117302052786      -3.169752095807620E-004
   10.0293255131965      -3.141628547177495E-004
   10.0469208211144      -3.178424911991676E-004
   10.0645161290323      -3.147934317435763E-004
   10.0821114369501      -3.182520419128050E-004
   10.0997067448680      -3.149954113653874E-004
   10.1173020527859      -3.182639838277108E-004
   10.1348973607038      -3.148337206225149E-004
   10.1524926686217      -3.179457911504809E-004
   10.1700879765396      -3.143769033801443E-004
   10.1876832844575      -3.173660346961016E-004
   10.2052785923754      -3.136928449095147E-004
   10.2228739002933      -3.165909940650996E-004
   10.2404692082111      -3.128437012119289E-004
   10.2580645161290      -3.156751934137837E-004
   10.2756598240469      -3.118752700385273E-004
   10.2932551319648      -3.146570156674071E-004
   10.3108504398827      -3.108191696464447E-004
   10.3284457478006      -3.135606623631824E-004
   10.3460410557185      -3.096910293832655E-004
   10.3636363636364      -3.123915809626629E-004
   10.3812316715543      -3.084836781261865E-004
   10.3988269794721      -3.111257981025133E-004
   10.4164222873900      -3.071480098142623E-004
   10.4340175953079      -3.096873404844273E-004
   10.4516129032258      -3.056104119268183E-004
   10.4692082111437      -3.080445717329929E-004
   10.4868035190616      -3.038853525628923E-004
   10.5043988269795      -3.062382437871220E-004
   10.5219941348974      -3.020271058505803E-004
   10.5395894428153      -3.043311231555118E-004
   10.5571847507331      -3.001038628254161E-004
   10.5747800586510      -3.023943137099773E-004
   10.5923753665689      -2.981870994465868E-004
   10.6099706744868      -3.004952817143070E-004
   10.6275659824047      -2.963271869454104E-004
   10.6451612903226      -2.986501096250381E-004
   10.6627565982405      -2.945096807814999E-004
   10.6803519061584      -2.968385812974693E-004
   10.6979472140762      -2.927242738114266E-004
   10.7155425219941      -2.950599766940573E-004
   10.7331378299120      -2.909765883342228E-004
   10.7507331378299      -2.933241995505704E-004
   10.7683284457478      -2.892789326971193E-004
   10.7859237536657      -2.916438373041701E-004
   10.8035190615836      -2.876407403300917E-004
   10.8211143695015      -2.900170072978268E-004
   10.8387096774194      -2.860391422493614E-004
   10.8563049853372      -2.884065696747983E-004
   10.8739002932551      -2.844459005731632E-004
   10.8914956011730      -2.868060384729245E-004
   10.9090909090909      -2.828731532045480E-004
   10.9266862170088      -2.852415688727947E-004
   10.9442815249267      -2.813590088295625E-004
   10.9618768328446      -2.837620351331132E-004
   10.9794721407625      -2.799624871516848E-004
   10.9970674486804      -2.824363946894220E-004
   11.0146627565982      -2.787614683391241E-004
   11.0322580645161      -2.813380960718601E-004
   11.0498533724340      -2.777962873894309E-004
   11.0674486803519      -2.804631228094446E-004
   11.0850439882698      -2.770391580644462E-004
   11.1026392961877      -2.797807748123456E-004
   11.1202346041056      -2.764621933298645E-004
   11.1378299120235      -2.792662661567870E-004
   11.1554252199413      -2.760435651219325E-004
   11.1730205278592      -2.789002349586838E-004
   11.1906158357771      -2.757654401930419E-004
   11.2082111436950      -2.786638253817526E-004
   11.2258064516129      -2.756007374153767E-004
   11.2434017595308      -2.785153434415138E-004
   11.2609970674487      -2.755018609414379E-004
   11.2785923753666      -2.784196310607260E-004
   11.2961876832845      -2.754543361407082E-004
   11.3137829912023      -2.783810202362196E-004
   11.3313782991202      -2.754794840837641E-004
   11.3489736070381      -2.784378695903743E-004
   11.3665689149560      -2.756337401761862E-004
   11.3841642228739      -2.786670023880166E-004
   11.4017595307918      -2.760193119234455E-004
   11.4193548387097      -2.792046923807125E-004
   11.4369501466276      -2.767999790099637E-004
   11.4545454545455      -2.801982768129532E-004
   11.4721407624633      -2.780653868196439E-004
   11.4897360703812      -2.816868422444886E-004
   11.5073313782991      -2.798299497921182E-004
   11.5249266862170      -2.836726214039592E-004
   11.5425219941349      -2.820883279017591E-004
   11.5601173020528      -2.861454964325508E-004
   11.5777126099707      -2.848276347244239E-004
   11.5953079178886      -2.890915931251475E-004
   11.6129032258065      -2.880351357763442E-004
   11.6304985337243      -2.925006052053798E-004
   11.6480938416422      -2.916993017209793E-004
   11.6656891495601      -2.963533627396289E-004
   11.6832844574780      -2.957921839630286E-004
   11.7008797653959      -3.006168592749124E-004
   11.7184750733138      -3.002786719472756E-004
   11.7360703812317      -3.052551933954789E-004
   11.7536656891496      -3.051229501283242E-004
   11.7712609970675      -3.102334196357682E-004
   11.7888563049853      -3.102917676942006E-004
   11.8064516129032      -3.155211732817701E-004
   11.8240469208211      -3.157595758099877E-004
   11.8416422287390      -3.210983284689414E-004
   11.8592375366569      -3.215082365087879E-004
   11.8768328445748      -3.269446010367510E-004
   11.8944281524927      -3.275152261290250E-004
   11.9120234604106      -3.330373565520217E-004
   11.9296187683284      -3.337592957188386E-004
   11.9472140762463      -3.393577454555221E-004
   11.9648093841642      -3.402250051020623E-004
   11.9824046920821      -3.458949374287705E-004
   12.0000000000000      -3.469079289597222E-004
   12.0175953079179      -3.526539159050374E-004
   12.0351906158358      -3.538223568873774E-004
   12.0527859237537      -3.596476973341100E-004
   12.0703812316716      -3.609679378459830E-004
   12.0879765395894      -3.668633272378742E-004
   12.1055718475073      -3.683267190034430E-004
   12.1231671554252      -3.742824479268692E-004
   12.1407624633431      -3.758822552873181E-004
   12.1583577712610      -3.818924877010357E-004
   12.1759530791789      -3.836280676624196E-004
   12.1935483870968      -3.896960280361323E-004
   12.2111436950147      -3.915816808972058E-004
   12.2287390029326      -3.977319339406953E-004
   12.2463343108504      -3.997927004764671E-004
   12.2639296187683      -4.060320588552899E-004
   12.2815249266862      -4.082610356585989E-004
   12.2991202346041      -4.145739478198603E-004
   12.3167155425220      -4.169536656677752E-004
   12.3343108504399      -4.233195423139298E-004
   12.3519061583578      -4.258309586858022E-004
   12.3695014662757      -4.322309673178028E-004
   12.3870967741935      -4.348607329485069E-004
   12.4046920821114      -4.412885192834273E-004
   12.4222873900293      -4.440482035323624E-004
   12.4398826979472      -4.505251224712626E-004
   12.4574780058651      -4.534236829935804E-004
   12.4750733137830      -4.599307354459012E-004
   12.4926686217009      -4.629331009445980E-004
   12.5102639296188      -4.694233575535863E-004
   12.5278592375367      -4.724765974959331E-004
   12.5454545454545      -4.788902738284487E-004
   12.5630498533724      -4.819326253785689E-004
   12.5806451612903      -4.882052879026841E-004
   12.5982404692082      -4.911761492067168E-004
   12.6158357771261      -4.972591134353382E-004
   12.6334310850440      -5.001455041317629E-004
   12.6510263929619      -5.060513356165029E-004
   12.6686217008798      -5.088574361607845E-004
   12.6862170087977      -5.145627653871369E-004
   12.7038123167155      -5.172456349889545E-004
   12.7214076246334      -5.226885570893553E-004
   12.7390029325513      -5.251720596145690E-004
   12.7565982404692      -5.302598698724989E-004
   12.7741935483871      -5.324381130313257E-004
   12.7917888563050      -5.370484334409292E-004
   12.8093841642229      -5.387855001967199E-004
   12.8269794721408      -5.427855091265246E-004
   12.8445747800587      -5.439953504144296E-004
   12.8621700879765      -5.473460227457936E-004
   12.8797653958944      -5.480020875111617E-004
   12.8973607038123      -5.506638126356902E-004
   12.9149560117302      -5.507134376527806E-004
   12.9325513196481      -5.526153155189124E-004
   12.9501466275660      -5.519698722867972E-004
   12.9677419354839      -5.529988549635983E-004
   12.9853372434018      -5.515183574396582E-004
   13.0029325513196      -5.514923245615161E-004
   13.0205278592375      -5.489405633766378E-004
   13.0381231671554      -5.476076699370810E-004
   13.0557184750733      -5.438170849280820E-004
   13.0733137829912      -5.411109137130958E-004
   13.0909090909091      -5.360680787310924E-004
   13.1085043988270      -5.319971126450228E-004
   13.1260997067449      -5.257267705353518E-004
   13.1436950146628      -5.203226493510836E-004
   13.1612903225806      -5.128621215360123E-004
   13.1788856304985      -5.061595115278002E-004
   13.1964809384164      -4.975377396138736E-004
   13.2140762463343      -4.895428529524202E-004
   13.2316715542522      -4.797472635016591E-004
   13.2492668621701      -4.704754855829863E-004
   13.2668621700880      -4.595935440942113E-004
   13.2844574780059      -4.491861815154971E-004
   13.3020527859238      -4.373936663583761E-004
   13.3196480938416      -4.260499540009581E-004
   13.3372434017595      -4.135697649010687E-004
   13.3548387096774      -4.015316329780859E-004
   13.3724340175953      -3.886280417808329E-004
   13.3900293255132      -3.761803071116262E-004
   13.4076246334311      -3.631681418809098E-004
   13.4252199413490      -3.506477569668978E-004
   13.4428152492669      -3.378425667102155E-004
   13.4604105571848      -3.254961456412447E-004
   13.4780058651026      -3.130952822305185E-004
   13.4956011730205      -3.010992134866218E-004
   13.5131964809384      -2.892706728372100E-004
   13.5307917888563      -2.777833953857824E-004
   13.5483870967742      -2.666803014174058E-004
   13.5659824046921      -2.558460118985734E-004
   13.5835777126100      -2.456056481654093E-004
   13.6011730205279      -2.355477110339474E-004
   13.6187683284457      -2.262671208158282E-004
   13.6363636363636      -2.170247193186325E-004
   13.6539589442815      -2.086983018899887E-004
   13.6715542521994      -2.002643016476085E-004
   13.6891495601173      -1.929058025665966E-004
   13.7067448680352      -1.853058951302019E-004
   13.7243401759531      -1.789526803325991E-004
   13.7419354838710      -1.722299066810153E-004
   13.7595307917889      -1.669322834816874E-004
   13.7771260997067      -1.611382786349587E-004
   13.7947214076246      -1.569495569319284E-004
   13.8123167155425      -1.521226857801380E-004
   13.8299120234604      -1.490122560998682E-004
   13.8475073313783      -1.450034219725396E-004
   13.8651026392962      -1.427635567293578E-004
   13.8826979472141      -1.393782076946997E-004
   13.9002932551320      -1.378468217271318E-004
   13.9178885630499      -1.349472564278484E-004
   13.9354838709677      -1.340137651396166E-004
   13.9530791788856      -1.315133751203959E-004
   13.9706744868035      -1.311209032746939E-004
   13.9882697947214      -1.289928524924970E-004
   14.0058651026393      -1.291589951844794E-004
   14.0234604105572      -1.274619776623817E-004
   14.0410557184751      -1.282279254766723E-004
   14.0586510263930      -1.269065328674960E-004
   14.0762463343109      -1.281400791508095E-004
   14.0938416422287      -1.270342128938340E-004
   14.1114369501466      -1.285707968225619E-004
   14.1290322580645      -1.275145386747987E-004
   14.1466275659824      -1.291967969322933E-004
   14.1642228739003      -1.280428974645539E-004
   14.1818181818182      -1.297453602002629E-004
   14.1994134897361      -1.283985395712723E-004
   14.2170087976540      -1.300989979549189E-004
   14.2346041055718      -1.286619892072922E-004
   14.2521994134897      -1.305461519165579E-004
   14.2697947214076      -1.291655538096963E-004
   14.2873900293255      -1.313117283960535E-004
   14.3049853372434      -1.300157775782273E-004
   14.3225806451613      -1.324185981625604E-004
   14.3401759530792      -1.311704334199504E-004
   14.3577712609971      -1.337691215635104E-004
   14.3753665689150      -1.324818873311880E-004
   14.3929618768328      -1.351684824722596E-004
   14.4105571847507      -1.337100079217354E-004
   14.4281524926686      -1.363783869977980E-004
   14.4457478005865      -1.347504298427613E-004
   14.4633431085044      -1.375169095767050E-004
   14.4809384164223      -1.358691013771214E-004
   14.4985337243402      -1.388799855791613E-004
   14.5161290322581      -1.373470529273930E-004
   14.5337243401760      -1.407286801728371E-004
   14.5513196480938      -1.394226619100004E-004
   14.5689149560117      -1.432757857018087E-004
   14.5865102639296      -1.422790614375980E-004
   14.6041055718475      -1.466668860131924E-004
   14.6217008797654      -1.460034583351020E-004
   14.6392961876833      -1.509068325352925E-004
   14.6568914956012      -1.505377516441402E-004
   14.6744868035191      -1.559352029408079E-004
   14.6920821114370      -1.558515957466553E-004
   14.7096774193548      -1.617434511768707E-004
   14.7272727272727      -1.619465138803644E-004
   14.7448680351906      -1.683377844405198E-004
   14.7624633431085      -1.688298486906145E-004
   14.7800586510264      -1.757242230741253E-004
   14.7976539589443      -1.765040275589049E-004
   14.8152492668622      -1.838953542521817E-004
   14.8328445747801      -1.849185787322195E-004
   14.8504398826979      -1.927035497826866E-004
   14.8680351906158      -1.938224098023225E-004
   14.8856304985337      -2.018450894304664E-004
   14.9032258064516      -2.028967841542602E-004
   14.9208211143695      -2.109920881390272E-004
   14.9384164222874      -2.118022836845134E-004
   14.9560117302053      -2.197912139809930E-004
   14.9736070381232      -2.201684949367270E-004
   14.9912023460411      -2.278508334201879E-004
   15.0087976539589      -2.275787269824846E-004
   15.0263929618768      -2.348247552718097E-004
   15.0439882697947      -2.340581577955093E-004
   15.0615835777126      -2.413357654311150E-004
   15.0791788856305      -2.406585837316726E-004
   15.0967741935484      -2.485597107459782E-004
   15.1143695014663      -2.485530567988346E-004
   15.1319648093842      -2.576492526970625E-004
   15.1495601173021      -2.588614160215554E-004
   15.1671554252199      -2.696757641917448E-004
   15.1847507331378      -2.725827326313857E-004
   15.2023460410557      -2.855193558692238E-004
   15.2199413489736      -2.902297325250813E-004
   15.2375366568915      -3.045868568259077E-004
   15.2551319648094      -3.094965116334650E-004
   15.2727272727273      -3.234078987882718E-004
   15.2903225806452      -3.267810685590330E-004
   15.3079178885631      -3.386499901091448E-004
   15.3255131964809      -3.390029101476975E-004
   15.3431085043988      -3.474609567634879E-004
   15.3607038123167      -3.435351498272491E-004
   15.3782991202346      -3.474547392808562E-004
   15.3958944281525      -3.382700791543129E-004
   15.4134897360704      -3.369463496710165E-004
   15.4310850439883      -3.225030559300378E-004
   15.4486803519062      -3.169034296025807E-004
   15.4662756598240      -2.986344436294502E-004
   15.4838709677419      -2.901623767009495E-004
   15.5014662756598      -2.693767461757749E-004
   15.5190615835777      -2.593103770820574E-004
   15.5366568914956      -2.372766909111237E-004
   15.5542521994135      -2.269135367494490E-004
   15.5718475073314      -2.049833232014043E-004
   15.5894428152493      -1.957885718709550E-004
   15.6070381231672      -1.756588066332544E-004
   15.6246334310850      -1.698571037248365E-004
   15.6422287390029      -1.542423387607319E-004
   15.6598240469208      -1.543908813740072E-004
   15.6774193548387      -1.452129083134999E-004
   15.6950146627566      -1.527086305888012E-004
   15.7126099706745      -1.509597596325978E-004
   15.7302052785924      -1.664322617925869E-004
   15.7478005865103      -1.723653166070183E-004
   15.7653958944282      -1.956738333900200E-004
   15.7829912023460      -2.086685308697931E-004
   15.8005865102639      -2.385663471120133E-004
   15.8181818181818      -2.562518394023669E-004
   15.8357771260997      -2.888907088301940E-004
   15.8533724340176      -3.069648484207732E-004
   15.8709677419355      -3.389575837850665E-004
   15.8885630498534      -3.549775577994526E-004
   15.9061583577713      -3.844647920599193E-004
   15.9237536656892      -3.969884733495605E-004
   15.9413489736070      -4.228851528200772E-004
   15.9589442815249      -4.311324149689024E-004
   15.9765395894428      -4.529658107703857E-004
   15.9941348973607      -4.567631039033924E-004
   16.0117302052786      -4.747511097201659E-004
   16.0293255131965      -4.747639155002990E-004
   16.0469208211144      -4.897961402776478E-004
   16.0645161290323      -4.867441632054170E-004
   16.0821114369501      -4.993477000231858E-004
   16.0997067448680      -4.936814289188438E-004
   16.1173020527859      -5.043180255623041E-004
   16.1348973607038      -4.965173878031337E-004
   16.1524926686217      -5.057287561137788E-004
   16.1700879765396      -4.963948542211370E-004
   16.1876832844575      -5.048890338362283E-004
   16.2052785923754      -4.948602306141449E-004
   16.2228739002933      -5.035901135431845E-004
   16.2404692082111      -4.935303378141521E-004
   16.2580645161290      -5.025404802139209E-004
   16.2756598240469      -4.920322671786544E-004
   16.2932551319648      -5.007846949365691E-004
   16.3108504398827      -4.892340637799431E-004
   16.3284457478006      -4.971382151241728E-004
   16.3460410557185      -4.839537394410786E-004
   16.3636363636364      -4.904721773219610E-004
   16.3812316715543      -4.751722445562387E-004
   16.3988269794721      -4.799665519769260E-004
   16.4164222873900      -4.624936754536304E-004
   16.4340175953079      -4.660721282267072E-004
   16.4516129032258      -4.472456882054915E-004
   16.4692082111437      -4.502246075283924E-004
   16.4868035190616      -4.302572130170461E-004
   16.5043988269795      -4.325841248549355E-004
   16.5219941348974      -4.111644748274629E-004
   16.5395894428153      -4.123236630440503E-004
   16.5571847507331      -3.886768139997516E-004
   16.5747800586510      -3.876432099216860E-004
   16.5923753665689      -3.603742099513300E-004
   16.6099706744868      -3.552150893600785E-004
   16.6275659824047      -3.218897076381445E-004
   16.6451612903226      -3.109494156401652E-004
   16.6627565982405      -2.717369975910349E-004
   16.6803519061584      -2.566998482261445E-004
   16.6979472140762      -2.140506273715412E-004
   16.7155425219941      -1.980028103457762E-004
   16.7331378299120      -1.555473046285333E-004
   16.7507331378299      -1.427610340636261E-004
   16.7683284457478      -1.054305005629484E-004
   16.7859237536657      -1.017492883164511E-004
   16.8035190615836      -7.666888168159880E-005
   16.8211143695015      -9.041090445378620E-005
   16.8387096774194      -8.298955310542683E-005
   16.8563049853372      -1.118689589289262E-004
   16.8739002932551      -1.133459504056400E-004
   16.8914956011730      -1.459356132529190E-004
   16.9090909090909      -1.433011218769235E-004
   16.9266862170088      -1.653556197946179E-004
   16.9442815249267      -1.431189494562425E-004
   16.9618768328446      -1.380132615761187E-004
   16.9794721407625      -7.818526083867643E-005
   16.9970674486804      -2.644052779755962E-005
   17.0146627565982       9.156554777182030E-005
   17.0322580645161       2.019191499080791E-004
   17.0498533724340       3.682888161288289E-004
   17.0674486803519       5.092425902918913E-004
   17.0850439882698       6.903931213606661E-004
   17.1026392961877       8.272675536152125E-004
   17.1202346041056       9.880895094770896E-004
   17.1378299120235       1.085404984633265E-003
   17.1554252199413       1.190455570694997E-003
   17.1730205278592       1.212817427133950E-003
   17.1906158357771       1.227276175162349E-003
   17.2082111436950       1.141325885810922E-003
   17.2258064516129       1.045259565722681E-003
   17.2434017595308       8.638236527719505E-004
   17.2609970674487       7.004424584246913E-004
   17.2785923753666       4.746104201573379E-004
   17.2961876832845       2.926561916016166E-004
   17.3137829912023       6.855755928620040E-005
   17.3313782991202      -8.797082552840587E-005
   17.3489736070381      -2.690061474383972E-004
   17.3665689149560      -3.613123187714074E-004
   17.3841642228739      -4.641923179392866E-004
   17.4017595307918      -4.619143402611992E-004
   17.4193548387097      -4.698794421556033E-004
   17.4369501466276      -3.869478687406710E-004
   17.4545454545455      -3.448117403697022E-004
   17.4721407624633      -2.314979123248997E-004
   17.4897360703812      -1.825195852584917E-004
   17.5073313782991      -7.520701357846527E-005
   17.5249266862170      -5.088103597209992E-005
   17.5425219941349       2.461123989416680E-005
   17.5601173020528       3.119224051832015E-006
   17.5777126099707       3.237636311571612E-005
   17.5953079178886      -4.257636254882674E-005
   17.6129032258065      -5.318449178416529E-005
   17.6304985337243      -1.522323217454459E-004
   17.6480938416422      -1.529605549039020E-004
   17.6656891495601      -2.310870153821108E-004
   17.6832844574780      -1.894759125364909E-004
   17.7008797653959      -2.264143684224354E-004
   17.7184750733138      -1.277375478553659E-004
   17.7360703812317      -1.176277786484559E-004
   17.7536656891496       4.053879322925480E-005
   17.7712609970675       9.042156546378499E-005
   17.7888563049853       2.975741125870968E-004
   17.8064516129032       3.617294202580518E-004
   17.8240469208211       5.831670235519588E-004
   17.8416422287390       6.092168719809774E-004
   17.8592375366569       8.111263103003073E-004
   17.8768328445748       7.693804228035766E-004
   17.8944281524927       9.523942571835998E-004
   17.9120234604106       8.276003850763165E-004
   17.9296187683284       1.025513479036788E-003
   17.9472140762463       8.073610137178095E-004
   17.9648093841642       1.146696367925757E-003
   17.9824046920821       8.213108191814792E-004
   18.0000000000000       2.224818074787749E-003
