  0.000000000000000E+000 -1.257073555027567E-002
  1.759530791788856E-002 -7.910612143020789E-003
  3.519061583577713E-002 -7.704697384722803E-003
  5.278592375366570E-002 -6.037788086319887E-003
  7.038123167155426E-002 -5.836182298685092E-003
  8.797653958944282E-002 -4.763001442761280E-003
  0.105571847507331      -4.557500845245225E-003
  0.123167155425220      -3.733697490482497E-003
  0.140762463343109      -3.522066867594331E-003
  0.158357771260997      -2.833767822808567E-003
  0.175953079178886      -2.616680029326336E-003
  0.193548387096774      -2.014389700329534E-003
  0.211143695014663      -1.795494224632868E-003
  0.228739002932551      -1.257769120513746E-003
  0.246334310850440      -1.045298435760760E-003
  0.263929618768328      -5.633539381367494E-004
  0.281524926686217      -3.636608300371048E-004
  0.299120234604106       6.792477859593719E-005
  0.316715542521994       2.501590112305973E-004
  0.334310850439883       6.345854492881181E-004
  0.351906158357771       7.956582578595265E-004
  0.369501466275660       1.134910924032677E-003
  0.387096774193548       1.271994825846729E-003
  0.404692082111437       1.567669226568722E-003
  0.422287390029326       1.679303783150701E-003
  0.439882697947214       1.933803871949806E-003
  0.457478005865103       2.019672638318401E-003
  0.475073313782991       2.234574804612874E-003
  0.492668621700880       2.293600076568783E-003
  0.510263929618768       2.469463976685254E-003
  0.527859237536657       2.500250282075337E-003
  0.545454545454546       2.637046290209861E-003
  0.563049853372434       2.637993843241227E-003
  0.580645161290323       2.735216292956714E-003
  0.598240469208211       2.704469742147882E-003
  0.615835777126100       2.761062069997487E-003
  0.633431085043988       2.696727984150644E-003
  0.651026392961877       2.712566368405331E-003
  0.668621700879765       2.614718576393848E-003
  0.686217008797654       2.591120484573331E-003
  0.703812316715543       2.460643978561535E-003
  0.721407624633431       2.399326623589674E-003
  0.739002932551320       2.237544356114696E-003
  0.756598240469208       2.140563417708945E-003
  0.774193548387097       1.949235559793646E-003
  0.791788856304985       1.819060740795579E-003
  0.809384164222874       1.600583239549325E-003
  0.826979472140763       1.440959211924391E-003
  0.844574780058651       1.200208539747887E-003
  0.862170087976540       1.017369635996075E-003
  0.879765395894428       7.603301349093495E-004
  0.897360703812317       5.604373849625015E-004
  0.914956011730205       2.929256550781800E-004
  0.932551319648094       8.207737461647335E-005
  0.950146627565982      -1.900302111766006E-004
  0.967741935483871      -4.056235421004193E-004
  0.985337243401760      -6.762134414798380E-004
   1.00293255131965      -8.899690389129913E-004
   1.02052785923754      -1.152495619576407E-003
   1.03812316715543      -1.358532056680277E-003
   1.05571847507331      -1.609351785460150E-003
   1.07331378299120      -1.805445291014472E-003
   1.09090909090909      -2.043114774161280E-003
   1.10850439882698      -2.227962005767703E-003
   1.12609970674487      -2.451573520309930E-003
   1.14369501466276      -2.624318062810082E-003
   1.16129032258065      -2.833340855466922E-003
   1.17888563049853      -2.993490618476236E-003
   1.19648093841642      -3.187743883264585E-003
   1.21407624633431      -3.335168755482989E-003
   1.23167155425220      -3.514441324199846E-003
   1.24926686217009      -3.647993090052848E-003
   1.26686217008798      -3.810476291318495E-003
   1.28445747800587      -3.927983012049976E-003
   1.30205278592375      -4.071573991156903E-003
   1.31964809384164      -4.170829714836458E-003
   1.33724340175953      -4.293418093954684E-003
   1.35483870967742      -4.372226876495639E-003
   1.37243401759531      -4.471704722999729E-003
   1.39002932551320      -4.527869027967772E-003
   1.40762463343109      -4.602097293071982E-003
   1.42521994134897      -4.633739404824776E-003
   1.44281524926686      -4.682155601442452E-003
   1.46041055718475      -4.690130721201796E-003
   1.47800586510264      -4.714379060208192E-003
   1.49560117302053      -4.700441394880035E-003
   1.51319648093842      -4.702460711419318E-003
   1.53079178885631      -4.668600423685198E-003
   1.54838709677419      -4.650556687044908E-003
   1.56598240469208      -4.599003761928344E-003
   1.58357771260997      -4.563323420179300E-003
   1.60117302052786      -4.496626082634147E-003
   1.61876832844575      -4.446093528945037E-003
   1.63636363636364      -4.366808574650185E-003
   1.65395894428153      -4.303330581565522E-003
   1.67155425219941      -4.212702206380677E-003
   1.68914956011730      -4.137357444198785E-003
   1.70674486803519      -4.036358373522141E-003
   1.72434017595308      -3.950141511636605E-003
   1.74193548387097      -3.839726603013700E-003
   1.75953079178886      -3.743658396607603E-003
   1.77712609970675      -3.624857110370109E-003
   1.79472140762463      -3.520089635930299E-003
   1.81231671554252      -3.394211563965531E-003
   1.82991202346041      -3.282669919310783E-003
   1.84750733137830      -3.152388550761490E-003
   1.86510263929619      -3.037111267413396E-003
   1.88269794721408      -2.905294039190921E-003
   1.90029325513196      -2.788998358074243E-003
   1.91788856304985      -2.658198355063110E-003
   1.93548387096774      -2.543358960020406E-003
   1.95307917888563      -2.415918914193967E-003
   1.97067448680352      -2.304810994754148E-003
   1.98826979472141      -2.182872079412670E-003
   2.00586510263930      -2.077530112256034E-003
   2.02346041055718      -1.962727485654460E-003
   2.04105571847507      -1.864056331718396E-003
   2.05865102639296      -1.756603782923809E-003
   2.07624633431085      -1.664705246731195E-003
   2.09384164222874      -1.564773296085594E-003
   2.11143695014663      -1.479917029643665E-003
   2.12903225806452      -1.387814299520580E-003
   2.14662756598241      -1.310397001891967E-003
   2.16422287390029      -1.226567282491089E-003
   2.18181818181818      -1.157146605877875E-003
   2.19941348973607      -1.082255657592318E-003
   2.21700879765396      -1.021732994293289E-003
   2.23460410557185      -9.567364034634984E-004
   2.25219941348974      -9.056746465527848E-004
   2.26979472140762      -8.504974893427704E-004
   2.28739002932551      -8.084532858917608E-004
   2.30498533724340      -7.624022819041453E-004
   2.32258064516129      -7.285119751157349E-004
   2.34017595307918      -6.905250275417245E-004
   2.35777126099707      -6.635632452424185E-004
   2.37536656891496      -6.321928997523807E-004
   2.39296187683284      -6.104866064533044E-004
   2.41055718475073      -5.836762265803485E-004
   2.42815249266862      -5.648814992605211E-004
   2.44574780058651      -5.406358383045717E-004
   2.46334310850440      -5.236987081726186E-004
   2.48093841642229      -5.016378384891267E-004
   2.49853372434018      -4.865122096158949E-004
   2.51612903225806      -4.667754841576179E-004
   2.53372434017595      -4.537820148425361E-004
   2.55131964809384      -4.368209306246820E-004
   2.56891495601173      -4.265693996546812E-004
   2.58651026392962      -4.131304541757754E-004
   2.60410557184751      -4.065756679012814E-004
   2.62170087976540      -3.977606573483195E-004
   2.63929618768328      -3.957471626034856E-004
   2.65689149560117      -3.916225775113807E-004
   2.67448680351906      -3.936201749624787E-004
   2.69208211143695      -3.934092769611524E-004
   2.70967741935484      -3.985380371762745E-004
   2.72727272727273      -4.012551613438652E-004
   2.74486803519062      -4.084622602059534E-004
   2.76246334310850      -4.129633421109811E-004
   2.78005865102639      -4.210340776348450E-004
   2.79765395894428      -4.259921424596314E-004
   2.81524926686217      -4.334687615486843E-004
   2.83284457478006      -4.373049801679749E-004
   2.85043988269795      -4.427333976558088E-004
   2.86803519061584      -4.442282724705627E-004
   2.88563049853372      -4.465600013683344E-004
   2.90322580645161      -4.447242276375250E-004
   2.92082111436950      -4.430231715978101E-004
   2.93841642228739      -4.369354088544427E-004
   2.95601173020528      -4.303057546644821E-004
   2.97360703812317      -4.190605577404771E-004
   2.99120234604106      -4.065932514446611E-004
   3.00879765395894      -3.892203794624492E-004
   3.02639296187683      -3.699490441343920E-004
   3.04398826979472      -3.457253116107891E-004
   3.06158357771261      -3.193802519056320E-004
   3.07917888563050      -2.883455135187206E-004
   3.09677419354839      -2.551382440988063E-004
   3.11436950146628      -2.176179643424726E-004
   3.13196480938416      -1.780015417674490E-004
   3.14956011730205      -1.345596793630720E-004
   3.16715542521994      -8.923983437242245E-005
   3.18475073313783      -4.073022329072127E-005
   3.20234604105572       9.211977836944996E-006
   3.21994134897361       6.132717339921339E-005
   3.23753665689150       1.139329637456627E-004
   3.25513196480938       1.675885742177913E-004
   3.27272727272727       2.210923589584252E-004
   3.29032258064516       2.748317349253687E-004
   3.30791788856305       3.279514283660996E-004
   3.32551319648094       3.806422819007020E-004
   3.34310850439883       4.323573728340266E-004
   3.36070381231672       4.831009168944590E-004
   3.37829912023460       5.326212253674439E-004
   3.39589442815249       5.807692438990053E-004
   3.41348973607038       6.276531058299091E-004
   3.43108504398827       6.731716120975217E-004
   3.44868035190616       7.177407478053739E-004
   3.46627565982405       7.609788563370471E-004
   3.48387096774194       8.034041210122946E-004
   3.50146627565982       8.444031887168288E-004
   3.51906158357771       8.846180731076356E-004
   3.53665689149560       9.232289972106031E-004
   3.55425219941349       9.609872924730166E-004
   3.57184750733138       9.968721403154817E-004
   3.58944281524927       1.031709082583973E-003
   3.60703812316716       1.064224811611164E-003
   3.62463343108504       1.095141767625313E-003
   3.64222873900293       1.122936190954533E-003
   3.65982404692082       1.148561106894886E-003
   3.67741935483871       1.170528915414314E-003
   3.69501466275660       1.189968443623606E-003
   3.71260997067449       1.205364865288895E-003
   3.73020527859238       1.217984371413091E-003
   3.74780058651026       1.226284133025932E-003
   3.76539589442815       1.231649929969365E-003
   3.78299120234604       1.232525736732074E-003
   3.80058651026393       1.230417244627583E-003
   3.81818181818182       1.223840892961925E-003
   3.83577712609971       1.214563614354977E-003
   3.85337243401760       1.201165750296044E-003
   3.87096774193548       1.185426679521564E-003
   3.88856304985337       1.165886335097099E-003
   3.90615835777126       1.144344457079833E-003
   3.92375366568915       1.119330591337775E-003
   3.94134897360704       1.092665290307210E-003
   3.95894428152493       1.062888986177736E-003
   3.97653958944282       1.031843923927962E-003
   3.99413489736070       9.981090050872623E-004
   4.01173020527859       9.635762890643866E-004
   4.02932551319648       9.268713618167346E-004
   4.04692082111437       8.897605262206904E-004
   4.06451612903226       8.507797311425939E-004
   4.08211143695015       8.116061776873787E-004
   4.09970674486804       7.707845749761724E-004
   4.11730205278592       7.299225214904710E-004
   4.13489736070381       6.875949356745810E-004
   4.15249266862170       6.453353111440605E-004
   4.17008797653959       6.017610760146482E-004
   4.18768328445748       5.583197680834264E-004
   4.20527859237537       5.136700559170299E-004
   4.22287390029326       4.691546418319415E-004
   4.24046920821114       4.235476882153602E-004
   4.25806451612903       3.781848475455828E-004
   4.27565982404692       3.319756560840048E-004
   4.29325513196481       2.861848940232846E-004
   4.31085043988270       2.398453470754186E-004
   4.32844574780059       1.941387285718055E-004
   4.34604105571848       1.482325255342839E-004
   4.36363636363636       1.032224296353218E-004
   4.38123167155425       5.843335196596072E-005
   4.39882697947214       1.489191935364037E-005
   4.41642228739003      -2.784038959874774E-005
   4.43401759530792      -6.879566958950555E-005
   4.45161290322581      -1.083838650556905E-004
   4.46920821114370      -1.459110044458428E-004
   4.48680351906158      -1.817119095294966E-004
   4.50439882697947      -2.152915597623431E-004
   4.52199413489736      -2.468707980050354E-004
   4.53958944281525      -2.761479493270073E-004
   4.55718475073314      -3.032152242024177E-004
   4.57478005865103      -3.279705798192263E-004
   4.59237536656892      -3.503725338114205E-004
   4.60997067448680      -3.705485198458013E-004
   4.62756598240469      -3.884069479386276E-004
   4.64516129032258      -4.043765397771547E-004
   4.66275659824047      -4.181964072027741E-004
   4.68035190615836      -4.304647853441203E-004
   4.69794721407625      -4.407220987176743E-004
   4.71554252199414      -4.497602399593231E-004
   4.73313782991202      -4.569198194462029E-004
   4.75073313782991      -4.631975430527623E-004
   4.76832844574780      -4.677291868734377E-004
   4.78592375366569      -4.717247614528479E-004
   4.80351906158358      -4.741084426750639E-004
   4.82111436950147      -4.762969951154292E-004
   4.83870967741935      -4.769577472919235E-004
   4.85630498533724      -4.777097799206949E-004
   4.87390029325513      -4.769986040702739E-004
   4.89149560117302      -4.766829073048917E-004
   4.90909090909091      -4.749828861845497E-004
   4.92668621700880      -4.740041075412717E-004
   4.94428152492669      -4.717365982337086E-004
   4.96187683284458      -4.705413651280421E-004
   4.97947214076246      -4.681759182247057E-004
   4.99706744868035      -4.672692976429882E-004
   5.01466275659824      -4.653465548453534E-004
   5.03225806451613      -4.652348974264630E-004
   5.04985337243402      -4.640793129128859E-004
   5.06744868035191      -4.649110573837040E-004
   5.08504398826980      -4.645987266058835E-004
   5.10263929618768      -4.664367140296310E-004
   5.12023460410557      -4.670217521782580E-004
   5.13782991202346      -4.699224903163741E-004
   5.15542521994135      -4.714625249235180E-004
   5.17302052785924      -4.754947021455779E-004
   5.19061583577713      -4.780693195319543E-004
   5.20821114369502      -4.833416405320043E-004
   5.22580645161290      -4.871376732013026E-004
   5.24340175953079      -4.939783902683080E-004
   5.26099706744868      -4.994147171839410E-004
   5.27859237536657      -5.082471540581974E-004
   5.29618768328446      -5.157224936812732E-004
   5.31378299120235      -5.269358684921211E-004
   5.33137829912024      -5.368302879603588E-004
   5.34897360703812      -5.508045670474987E-004
   5.36656891495601      -5.634970398711714E-004
   5.38416422287390      -5.806195848159046E-004
   5.40175953079179      -5.965091549007325E-004
   5.41935483870968      -6.171699209103295E-004
   5.43695014662757      -6.364674213820764E-004
   5.45454545454546      -6.605507012712561E-004
   5.47214076246334      -6.829170494140229E-004
   5.48973607038123      -7.100237475497435E-004
   5.50733137829912      -7.350344119320195E-004
   5.52492668621701      -7.647245160132823E-004
   5.54252199413490      -7.919237493966437E-004
   5.56011730205279      -8.237321625518786E-004
   5.57771260997067      -8.526440203629149E-004
   5.59530791788856      -8.860900929681458E-004
   5.61290322580645      -9.162271771110010E-004
   5.63049853372434      -9.507947932892906E-004
   5.64809384164223      -9.815618720177303E-004
   5.66568914956012      -1.016581979119098E-003
   5.68328445747801      -1.047272919087132E-003
   5.70087976539589      -1.082025392550845E-003
   5.71847507331378      -1.111905328332605E-003
   5.73607038123167      -1.145644773152288E-003
   5.75366568914956      -1.173954986340363E-003
   5.77126099706745      -1.205912414429534E-003
   5.78885630498534      -1.231869929417860E-003
   5.80645161290323      -1.261249770982489E-003
   5.82404692082111      -1.284084645820982E-003
   5.84164222873900      -1.310257721950655E-003
   5.85923753665689      -1.329517930800006E-003
   5.87683284457478      -1.352115822113995E-003
   5.89442815249267      -1.367440210936210E-003
   5.91202346041056      -1.386102985522342E-003
   5.92961876832845      -1.397128995572563E-003
   5.94721407624634      -1.411493068820653E-003
   5.96480938416422      -1.417853011101983E-003
   5.98240469208211      -1.427548222436437E-003
   6.00000000000000      -1.428866040633873E-003
   6.01759530791789      -1.433511112595512E-003
   6.03519061583578      -1.429402533907144E-003
   6.05278592375367      -1.428623798173862E-003
   6.07038123167156      -1.418726483856682E-003
   6.08797653958944      -1.412168584729864E-003
   6.10557184750733      -1.396128580577638E-003
   6.12316715542522      -1.383439945702148E-003
   6.14076246334311      -1.360905765636553E-003
   6.15835777126100      -1.341736524852053E-003
   6.17595307917889      -1.312357936131076E-003
   6.19354838709677      -1.286358818671675E-003
   6.21114369501466      -1.249795135721559E-003
   6.22873900293255      -1.216782635498206E-003
   6.24633431085044      -1.173234854867836E-003
   6.26392961876833      -1.133754007260228E-003
   6.28152492668622      -1.083878785563891E-003
   6.29912023460411      -1.038598694811934E-003
   6.31671554252199      -9.830745620094037E-004
   6.33431085043988      -9.326858376876155E-004
   6.35190615835777      -8.722167989139986E-004
   6.36950146627566      -8.174417968036696E-004
   6.38709677419355      -7.527739106610870E-004
   6.40469208211144      -6.943989270443427E-004
   6.42228739002933      -6.264108476329677E-004
   6.43988269794721      -5.654587914130369E-004
   6.45747800586510      -4.952488077196773E-004
   6.47507331378299      -4.327807308832262E-004
   6.49266862170088      -3.613523330517561E-004
   6.51026392961877      -2.983355851487980E-004
   6.52785923753666      -2.266286694003528E-004
   6.54545454545455      -1.639830479248312E-004
   6.56304985337243      -9.290202001247411E-005
   6.58064516129032      -3.152341958370214E-005
   6.59824046920821       3.803551867260707E-005
   6.61583577712610       9.723287947563980E-005
   6.63343108504399       1.643633256848096E-004
   6.65102639296188       2.205804090675770E-004
   6.66862170087977       2.846347181961491E-004
   6.68621700879765       3.373282334262692E-004
   6.70381231671554       3.978323709493255E-004
   6.72140762463343       4.465894458530908E-004
   6.73900293255132       5.031899502100996E-004
   6.75659824046921       5.477184238060424E-004
   6.77419354838710       6.001898496500087E-004
   6.79178885630499       6.403415667521677E-004
   6.80938416422287       6.886434396087661E-004
   6.82697947214076       7.245148541794030E-004
   6.84457478005865       7.687929989156061E-004
   6.86217008797654       8.004350485916604E-004
   6.87976539589443       8.406296419818495E-004
   6.89736070381232       8.679365405020698E-004
   6.91495601173021       9.039278750017833E-004
   6.93255131964809       9.267804815919711E-004
   6.95014662756598       9.584605568349384E-004
   6.96774193548387       9.767733099242998E-004
   6.98533724340176       1.004091244305918E-003
   7.00293255131965       1.017872429533729E-003
   7.02052785923754       1.040953587019427E-003
   7.03812316715543       1.050481233340801E-003
   7.05571847507331       1.069643933090029E-003
   7.07331378299120       1.075150553825656E-003
   7.09090909090909       1.090545011259009E-003
   7.10850439882698       1.092138603873279E-003
   7.12609970674487       1.103846215028798E-003
   7.14369501466276       1.101595630279423E-003
   7.16129032258065       1.109681174179572E-003
   7.17888563049853       1.103660947182528E-003
   7.19648093841642       1.108223127603130E-003
   7.21407624633431       1.098595483388956E-003
   7.23167155425220       1.099873100740770E-003
   7.24926686217009       1.086844255455465E-003
   7.26686217008798       1.084893523813153E-003
   7.28445747800587       1.068390823295257E-003
   7.30205278592375       1.063062354399769E-003
   7.31964809384164       1.042883845422684E-003
   7.33724340175953       1.033932100304411E-003
   7.35483870967742       1.009798364930750E-003
   7.37243401759531       9.969147559293851E-004
   7.39002932551320       9.684969295885871E-004
   7.40762463343109       9.513459329204576E-004
   7.42521994134897       9.184367097374103E-004
   7.44281524926686       8.971642742776303E-004
   7.46041055718475       8.602419998020623E-004
   7.47800586510264       8.354007824401124E-004
   7.49560117302053       7.949710041355504E-004
   7.51319648093842       7.670212255643196E-004
   7.53079178885631       7.235058108185454E-004
   7.54838709677419       6.928314944022855E-004
   7.56598240469208       6.465811427233982E-004
   7.58357771260997       6.134985212035877E-004
   7.60117302052786       5.647988600371219E-004
   7.61876832844575       5.295891393081453E-004
   7.63636363636364       4.788391183699464E-004
   7.65395894428153       4.420972609868304E-004
   7.67155425219941       3.899898646688930E-004
   7.68914956011730       3.523946782782156E-004
   7.70674486803519       2.995793619687864E-004
   7.72434017595308       2.617480585338745E-004
   7.74193548387097       2.088129906607244E-004
   7.75953079178886       1.713016681099685E-004
   7.77712609970675       1.187745492409708E-004
   7.79472140762463       8.208033660960129E-005
   7.81231671554252       3.044015033531472E-005
   7.82991202346041      -4.926957516641156E-006
   7.84750733137830      -5.508748578576481E-005
   7.86510263929619      -8.850375140893098E-005
   7.88269794721408      -1.366012862566275E-004
   7.90029325513197      -1.675484409387600E-004
   7.91788856304985      -2.131269554209595E-004
   7.93548387096774      -2.412191679148413E-004
   7.95307917888563      -2.839665053485632E-004
   7.97067448680352      -3.089805766420848E-004
   7.98826979472141      -3.487770424996947E-004
   8.00586510263930      -3.707462120274766E-004
   8.02346041055718      -4.078524984392319E-004
   8.04105571847507      -4.272075178940707E-004
   8.05865102639296      -4.619675987650420E-004
   8.07624633431085      -4.788534043035504E-004
   8.09384164222874      -5.112947381436116E-004
   8.11143695014663      -5.256925624915479E-004
   8.12903225806452      -5.557717886075746E-004
   8.14662756598241      -5.676381542851554E-004
   8.16422287390029      -5.953239373536708E-004
   8.18181818181818      -6.046644872334501E-004
   8.19941348973607      -6.300250376668268E-004
   8.21700879765396      -6.370515105501243E-004
   8.23460410557185      -6.605041098268746E-004
   8.25219941348974      -6.656969614069388E-004
   8.26979472140763      -6.875714175657713E-004
   8.28739002932551      -6.911045206281341E-004
   8.30498533724340      -7.114787682112295E-004
   8.32258064516129      -7.133688768218958E-004
   8.34017595307918      -7.322119747923694E-004
   8.35777126099707      -7.323978723612849E-004
   8.37536656891496      -7.496267846585068E-004
   8.39296187683285      -7.480224082901994E-004
   8.41055718475073      -7.635756538469440E-004
   8.42815249266862      -7.602150507941849E-004
   8.44574780058651      -7.742153069985237E-004
   8.46334310850440      -7.691978451934954E-004
   8.48093841642229      -7.816432077471882E-004
   8.49853372434018      -7.748884044032434E-004
   8.51612903225807      -7.856383919152650E-004
   8.53372434017595      -7.769616882283856E-004
   8.55131964809384      -7.857914659133231E-004
   8.56891495601173      -7.749408468342676E-004
   8.58651026392962      -7.815757204464644E-004
   8.60410557184751      -7.682771285010838E-004
   8.62170087976540      -7.725325579293343E-004
   8.63929618768329      -7.568675561742261E-004
   8.65689149560117      -7.590652715071185E-004
   8.67448680351906      -7.413730251737003E-004
   8.69208211143695      -7.417542284878069E-004
   8.70967741935484      -7.221947367769231E-004
   8.72727272727273      -7.208406087369971E-004
   8.74486803519062      -6.994249769768041E-004
   8.76246334310851      -6.962708831187488E-004
   8.78005865102639      -6.728603632008149E-004
   8.79765395894428      -6.676786592399225E-004
   8.81524926686217      -6.419461930030658E-004
   8.83284457478006      -6.343778639365359E-004
   8.85043988269795      -6.061131587319177E-004
   8.86803519061584      -5.961248114230966E-004
   8.88563049853373      -5.653650989215183E-004
   8.90322580645161      -5.529932410246769E-004
   8.92082111436950      -5.197636801211545E-004
   8.93841642228739      -5.050069109623759E-004
   8.95601173020528      -4.692779406935492E-004
   8.97360703812317      -4.520640947184840E-004
   8.99120234604106      -4.137163268248149E-004
   9.00879765395895      -3.938512713801198E-004
   9.02639296187683      -3.526803031768398E-004
   9.04398826979472      -3.301611998341758E-004
   9.06158357771261      -2.864834018649155E-004
   9.07917888563050      -2.617990816537446E-004
   9.09677419354839      -2.161492967010199E-004
   9.11436950146628      -1.898453744388238E-004
   9.13196480938416      -1.427762784961500E-004
   9.14956011730205      -1.153989301823168E-004
   9.16715542521994      -6.745088103146462E-005
   9.18475073313783      -3.952270174674214E-005
   9.20234604105572       8.800634703183679E-006
   9.21994134897361       3.678211055878422E-005
   9.23753665689150       8.486478503807990E-005
   9.25513196480938       1.120718341764966E-004
   9.27272727272727       1.589507945248685E-004
   9.29032258064516       1.844031319790742E-004
   9.30791788856305       2.291009881998714E-004
   9.32551319648094       2.518361820398145E-004
   9.34310850439883       2.934033043598049E-004
   9.36070381231672       3.124947614470490E-004
   9.37829912023460       3.500250047766691E-004
   9.39589442815249       3.645980892393474E-004
   9.41348973607038       3.972652410994374E-004
   9.43108504398827       4.067036180554385E-004
   9.44868035190616       4.342674375297024E-004
   9.46627565982405       4.386191541791373E-004
   9.48387096774194       4.612169961686448E-004
   9.50146627565982       4.606617122187051E-004
   9.51906158357771       4.785179170581430E-004
   9.53665689149560       4.733417119577718E-004
   9.55425219941349       4.868098601336407E-004
   9.57184750733138       4.774593492542152E-004
   9.58944281524927       4.870996557867937E-004
   9.60703812316716       4.743265571382880E-004
   9.62463343108504       4.812365554434598E-004
   9.64222873900293       4.664990259149231E-004
   9.65982404692082       4.721536940618663E-004
   9.67741935483871       4.566990724943276E-004
   9.69501466275660       4.621645128795212E-004
   9.71260997067449       4.469695118833270E-004
   9.73020527859238       4.531610836899994E-004
   9.74780058651026       4.391154963047535E-004
   9.76539589442815       4.469145333585148E-004
   9.78299120234604       4.349297402086236E-004
   9.80058651026393       4.453201623291314E-004
   9.81818181818182       4.365820921791011E-004
   9.83577712609971       4.510078820905972E-004
   9.85337243401760       4.469413861428155E-004
   9.87096774193548       4.664910766263490E-004
   9.88856304985337       4.678816961883081E-004
   9.90615835777126       4.931349456436801E-004
   9.92375366568915       5.004043665379308E-004
   9.94134897360704       5.316392759660163E-004
   9.95894428152493       5.449406886553586E-004
   9.97653958944282       5.821847548913211E-004
   9.99413489736071       6.014287846250989E-004
   10.0117302052786       6.444568188213539E-004
   10.0293255131965       6.692472466831085E-004
   10.0469208211144       7.174733601104459E-004
   10.0645161290323       7.471094095053658E-004
   10.0821114369501       7.997646944612621E-004
   10.0997067448680       8.334144788918380E-004
   10.1173020527859       8.895838148570094E-004
   10.1348973607038       9.262475367176124E-004
   10.1524926686217       9.848286948187152E-004
   10.1700879765396       1.023295189012895E-003
   10.1876832844575       1.082939244968644E-003
   10.2052785923754       1.121678750096934E-003
   10.2228739002933       1.180597277367646E-003
   10.2404692082111       1.217686912375933E-003
   10.2580645161290       1.274124671376092E-003
   10.2756598240469       1.308078256802426E-003
   10.2932551319648       1.360676672795465E-003
   10.3108504398827       1.390188782555203E-003
   10.3284457478006       1.437659018003924E-003
   10.3460410557185       1.461443529131893E-003
   10.3636363636364       1.502478369643845E-003
   10.3812316715543       1.519195885341663E-003
   10.3988269794721       1.552391166763706E-003
   10.4164222873900       1.560548204835670E-003
   10.4340175953079       1.584427348102231E-003
   10.4516129032258       1.582839262029658E-003
   10.4692082111437       1.596542602738186E-003
   10.4868035190616       1.584508460046442E-003
   10.5043988269795       1.587389652755091E-003
   10.5219941348974       1.564299183856322E-003
   10.5395894428153       1.555760140400243E-003
   10.5571847507331       1.521023161754206E-003
   10.5747800586510       1.500460713022603E-003
   10.5923753665689       1.453454237989736E-003
   10.6099706744868       1.420188720600456E-003
   10.6275659824047       1.360208640845352E-003
   10.6451612903226       1.313664703452528E-003
   10.6627565982405       1.240381677807377E-003
   10.6803519061584       1.180385930937402E-003
   10.6979472140762       1.093691526503743E-003
   10.7155425219941       1.020161463594821E-003
   10.7331378299120       9.199923947573425E-004
   10.7507331378299       8.328624336373694E-004
   10.7683284457478       7.191446405714577E-004
   10.7859237536657       6.183047874351126E-004
   10.8035190615836       4.908617560411292E-004
   10.8211143695015       3.760675766401629E-004
   10.8387096774194       2.348901438215337E-004
   10.8563049853372       1.067245996590320E-004
   10.8739002932551      -4.709985682215523E-005
   10.8914956011730      -1.873327323024820E-004
   10.9090909090909      -3.523681906673349E-004
   10.9266862170088      -5.031302563073923E-004
   10.9442815249267      -6.777405537965246E-004
   10.9618768328446      -8.373107739651278E-004
   10.9794721407625      -1.019683000608396E-003
   10.9970674486804      -1.186160523640822E-003
   11.0146627565982      -1.374233746462884E-003
   11.0322580645161      -1.545042595954455E-003
   11.0498533724340      -1.735387962539749E-003
   11.0674486803519      -1.906544441568800E-003
   11.0850439882698      -2.095038482024867E-003
   11.1026392961877      -2.262382117067386E-003
   11.1202346041056      -2.444801869737605E-003
   11.1378299120235      -2.604039471124561E-003
   11.1554252199413      -2.775995033426668E-003
   11.1730205278592      -2.922619386012960E-003
   11.1906158357771      -3.079435153100153E-003
   11.2082111436950      -3.208493375111906E-003
   11.2258064516129      -3.344841498680642E-003
   11.2434017595308      -3.451031835781189E-003
   11.2609970674487      -3.562241177104485E-003
   11.2785923753666      -3.641569803451076E-003
   11.2961876832845      -3.724021475995914E-003
   11.3137829912023      -3.773121321495263E-003
   11.3313782991202      -3.823651879245071E-003
   11.3489736070381      -3.839548072671377E-003
   11.3665689149560      -3.855354036577180E-003
   11.3841642228739      -3.835421818989871E-003
   11.4017595307918      -3.814061960595368E-003
   11.4193548387097      -3.756313118742963E-003
   11.4369501466276      -3.697132168484519E-003
   11.4545454545455      -3.602701571808220E-003
   11.4721407624633      -3.507767903065773E-003
   11.4897360703812      -3.378916790823094E-003
   11.5073313782991      -3.250606051469603E-003
   11.5249266862170      -3.089864321945544E-003
   11.5425219941349      -2.930888550187341E-003
   11.5601173020528      -2.741199809402324E-003
   11.5777126099707      -2.554794964066377E-003
   11.5953079178886      -2.339800620791204E-003
   11.6129032258065      -2.130371563239788E-003
   11.6304985337243      -1.896201540915872E-003
   11.6480938416422      -1.671754390497295E-003
   11.6656891495601      -1.426862750109031E-003
   11.6832844574780      -1.195266321790831E-003
   11.7008797653959      -9.470128895827598E-004
   11.7184750733138      -7.153057513814028E-004
   11.7360703812317      -4.705103137634351E-004
   11.7536656891496      -2.453570826195785E-004
   11.7712609970675      -1.060714167444132E-005
   11.7888563049853       2.014076788729412E-004
   11.8064516129032       4.193463885342323E-004
   11.8240469208211       6.110834192159670E-004
   11.8416422287390       8.051274279177582E-004
   11.8592375366569       9.705182965568204E-004
   11.8768328445748       1.135821842386199E-003
   11.8944281524927       1.270838498944268E-003
   11.9120234604106       1.403966835769335E-003
   11.9296187683284       1.505718507327364E-003
   11.9472140762463       1.604293040418240E-003
   11.9648093841642       1.670927560526850E-003
   11.9824046920821       1.733650469537753E-003
   12.0000000000000       1.764522366674751E-003
   12.0175953079179       1.791762478851163E-003
   12.0351906158358       1.788957859850980E-003
   12.0527859237537       1.784304366450562E-003
   12.0703812316716       1.751771688260925E-003
   12.0879765395894       1.719042904052726E-003
   12.1055718475073       1.660638787695796E-003
   12.1231671554252       1.603850619161283E-003
   12.1407624633431       1.523859408885674E-003
   12.1583577712610       1.447650217197540E-003
   12.1759530791789       1.351206571954245E-003
   12.1935483870968       1.261384215837611E-003
   12.2111436950147       1.155490399525731E-003
   12.2287390029326       1.060890052471960E-003
   12.2463343108504       9.552568696677400E-004
   12.2639296187683       8.644036298355070E-004
   12.2815249266862       7.658960098987287E-004
   12.2991202346041       6.846607845978819E-004
   12.3167155425220       5.985597708830271E-004
   12.3343108504399       5.317919367879589E-004
   12.3519061583578       4.626458112291748E-004
   12.3695014662757       4.146856170451512E-004
   12.3870967741935       3.667438697816272E-004
   12.4046920821114       3.419279399786469E-004
   12.4222873900293       3.196331142896833E-004
   12.4398826979472       3.214683922619254E-004
   12.4574780058651       3.261249257890638E-004
   12.4750733137830       3.540058925361414E-004
   12.4926686217009       3.840400901422006E-004
   12.5102639296188       4.357338490701654E-004
   12.5278592375367       4.883410914891207E-004
   12.5454545454545       5.605035014258824E-004
   12.5630498533724       6.318171878814552E-004
   12.5806451612903       7.200321528574664E-004
   12.5982404692082       8.050341490453640E-004
   12.6158357771261       9.035740597110569E-004
   12.6334310850440       9.963728842061824E-004
   12.6510263929619       1.100381914852364E-003
   12.6686217008798       1.197352247957308E-003
   12.6862170087977       1.303646052864776E-003
   12.7038123167155       1.401619690789119E-003
   12.7214076246334       1.506928072619990E-003
   12.7390029325513       1.602473041621909E-003
   12.7565982404692       1.703138137496581E-003
   12.7741935483871       1.792308853092480E-003
   12.7917888563050       1.883999304559047E-003
   12.8093841642229       1.961880610032170E-003
   12.8269794721408       2.039313006880263E-003
   12.8445747800587       2.101625612219351E-003
   12.8621700879765       2.162476993994410E-003
   12.8797653958944       2.208195973348059E-003
   12.8973607038123       2.251900691837586E-003
   12.9149560117302       2.280694585533755E-003
   12.9325513196481       2.307063910922906E-003
   12.9501466275660       2.318834430723743E-003
   12.9677419354839       2.327808220630067E-003
   12.9853372434018       2.322497775953545E-003
   13.0029325513196       2.313955809976591E-003
   13.0205278592375       2.291406628184819E-003
   13.0381231671554       2.265539777741185E-003
   13.0557184750733       2.226735479648832E-003
   13.0733137829912       2.185113372108221E-003
   13.0909090909091       2.131817467089157E-003
   13.1085043988270       2.076259644558945E-003
   13.1260997067449       2.010314529564032E-003
   13.1436950146628       1.942641976219662E-003
   13.1612903225806       1.865821529222854E-003
   13.1788856304985       1.787705638348082E-003
   13.1964809384164       1.701519816536448E-003
   13.2140762463343       1.614117303388095E-003
   13.2316715542522       1.519168117127351E-003
   13.2492668621701       1.422852145624589E-003
   13.2668621700880       1.319902883515780E-003
   13.2844574780059       1.215917559129507E-003
   13.3020527859238       1.106515025264018E-003
   13.3196480938416       9.966007481072650E-004
   13.3372434017595       8.826357878747526E-004
   13.3548387096774       7.687880635409029E-004
   13.3724340175953       6.523328386033758E-004
   13.3900293255132       5.366527673505344E-004
   13.4076246334311       4.197621363617389E-004
   13.4252199413490       3.040823199671978E-004
   13.4428152492669       1.883847833444539E-004
   13.4604105571848       7.447266967589755E-005
   13.4780058651026      -3.787881335855892E-005
   13.4956011730205      -1.475549146957044E-004
   13.5131964809384      -2.538481450642849E-004
   13.5307917888563      -3.563676308288840E-004
   13.5483870967742      -4.534810160000753E-004
   13.5659824046921      -5.455349780617309E-004
   13.5835777126100      -6.299615891713492E-004
   13.6011730205279      -7.078362580750380E-004
   13.6187683284457      -7.759059679099980E-004
   13.6363636363636      -8.373068541682704E-004
   13.6539589442815      -8.891722924767734E-004
   13.6715542521994      -9.357249538506799E-004
   13.6891495601173      -9.732146424767385E-004
   13.7067448680352      -1.006692121476137E-003
   13.7243401759531      -1.031490073929664E-003
   13.7419354838710      -1.053474845811976E-003
   13.7595307917889      -1.067033905803209E-003
   13.7771260997067      -1.078827242711474E-003
   13.7947214076246      -1.082244491779579E-003
   13.8123167155425      -1.084639171861779E-003
   13.8299120234604      -1.078486332489587E-003
   13.8475073313783      -1.072442662354894E-003
   13.8651026392962      -1.058457317310655E-003
   13.8826979472141      -1.046248193315896E-003
   13.9002932551320      -1.026942732210903E-003
   13.9178885630499      -1.011248854981706E-003
   13.9354838709677      -9.894403180738525E-004
   13.9530791788856      -9.732187714808421E-004
   13.9706744868035      -9.520088241123726E-004
   13.9882697947214      -9.385496998955899E-004
   14.0058651026393      -9.215158489645695E-004
   14.0234604105572      -9.145282599070487E-004
   14.0410557184751      -9.043823685625381E-004
   14.0586510263930      -9.046051964690049E-004
   14.0762463343109      -9.006353888980890E-004
   14.0938416422287      -9.067511065721498E-004
   14.1114369501466      -9.072340516287602E-004
   14.1290322580645      -9.171583355252784E-004
   14.1466275659824      -9.196434526003981E-004
   14.1642228739003      -9.305451823157122E-004
   14.1818181818182      -9.317500182802428E-004
   14.1994134897361      -9.397758537788143E-004
   14.2170087976540      -9.351334393440076E-004
   14.2346041055718      -9.360891154290345E-004
   14.2521994134897      -9.238255297122353E-004
   14.2697947214076      -9.184509280041981E-004
   14.2873900293255      -9.004022077765899E-004
   14.3049853372434      -8.909762487250754E-004
   14.3225806451613      -8.697029655953487E-004
   14.3401759530792      -8.589954503166378E-004
   14.3577712609971      -8.374159803288785E-004
   14.3753665689150      -8.284589527863524E-004
   14.3929618768328      -8.096687342288430E-004
   14.4105571847507      -8.055305195296003E-004
   14.4281524926686      -7.920478177440766E-004
   14.4457478005865      -7.941272684882823E-004
   14.4633431085044      -7.865708072916080E-004
   14.4809384164223      -7.954753863571400E-004
   14.4985337243402      -7.946649247862112E-004
   14.5161290322581      -8.113977510956669E-004
   14.5337243401760      -8.184935114728149E-004
   14.5513196480938      -8.443759718711599E-004
   14.5689149560117      -8.608523844265334E-004
   14.5865102639296      -8.975356674184218E-004
   14.6041055718475      -9.252465773821983E-004
   14.6217008797654      -9.739684803366120E-004
   14.6392961876833      -1.010703032844913E-003
   14.6568914956012      -1.064333722124905E-003
   14.6744868035191      -1.100398896865781E-003
   14.6920821114370      -1.148872739981526E-003
   14.7096774193548      -1.174129866893851E-003
   14.7272727272727      -1.207275142674670E-003
   14.7448680351906      -1.211527277220804E-003
   14.7624633431085      -1.219146939928999E-003
   14.7800586510264      -1.192201758080618E-003
   14.7976539589443      -1.164143701614564E-003
   14.8152492668622      -1.096491001007424E-003
   14.8328445747801      -1.027775833160588E-003
   14.8504398826979      -9.227307860984768E-004
   14.8680351906158      -8.221417085479652E-004
   14.8856304985337      -6.894329702317093E-004
   14.9032258064516      -5.664986341338218E-004
   14.9208211143695      -4.154529522865884E-004
   14.9384164222874      -2.792986004698184E-004
   14.9560117302053      -1.187969510094156E-004
   14.9736070381232       2.198572902901730E-005
   14.9912023460411       1.837503965977183E-004
   15.0087976539589       3.216879680325775E-004
   15.0263929618768       4.796038998751516E-004
   15.0439882697947       6.136729181882574E-004
   15.0615835777126       7.694199493219772E-004
   15.0791788856305       9.012458889216334E-004
   15.0967741935484       1.055644200185299E-003
   15.1143695014663       1.185456224190583E-003
   15.1319648093842       1.338246927042953E-003
   15.1495601173021       1.465328990988896E-003
   15.1671554252199       1.615366807049429E-003
   15.1847507331378       1.738113434702025E-003
   15.2023460410557       1.883280506671694E-003
   15.2199413489736       1.998779995956588E-003
   15.2375366568915       2.135083098317446E-003
   15.2551319648094       2.238607784322400E-003
   15.2727272727273       2.361285029865995E-003
   15.2903225806452       2.448142330274222E-003
   15.3079178885631       2.552429854684388E-003
   15.3255131964809       2.617672254897669E-003
   15.3431085043988       2.698364806659581E-003
   15.3607038123167       2.736413013217893E-003
   15.3782991202346       2.787413132653847E-003
   15.3958944281525       2.791376932238031E-003
   15.4134897360704       2.804727308221721E-003
   15.4310850439883       2.769194667379875E-003
   15.4486803519062       2.749221602387786E-003
   15.4662756598240       2.688659443299103E-003
   15.4838709677419       2.654536025149227E-003
   15.5014662756598       2.589994730590837E-003
   15.5190615835777       2.564292482301331E-003
   15.5366568914956       2.519775669283973E-003
   15.5542521994135       2.528015750472434E-003
   15.5718475073314       2.530756127722908E-003
   15.5894428152493       2.602322716207175E-003
   15.6070381231672       2.684921743688469E-003
   15.6246334310850       2.851091073118579E-003
   15.6422287390029       3.026541529434280E-003
   15.6598240469208       3.272529773946005E-003
   15.6774193548387       3.509570184672229E-003
   15.6950146627566       3.798866705527674E-003
   15.7126099706745       4.057781845642900E-003
   15.7302052785924       4.347883086803516E-003
   15.7478005865103       4.583464185595507E-003
   15.7653958944282       4.826357418869837E-003
   15.7829912023460       4.987320275792173E-003
   15.8005865102639       5.127435470508142E-003
   15.8181818181818       5.155325782879919E-003
   15.8357771260997       5.150545953277616E-003
   15.8533724340176       5.042768263498164E-003
   15.8709677419355       4.921503392178523E-003
   15.8885630498534       4.716990780781275E-003
   15.9061583577713       4.522400741081949E-003
   15.9237536656892       4.267558424421542E-003
   15.9413489736070       4.048930741492003E-003
   15.9589442815249       3.795801837137343E-003
   15.9765395894428       3.608156715367188E-003
   15.9941348973607       3.415199468480848E-003
   16.0117302052786       3.321217562970200E-003
   16.0293255131965       3.243230942087014E-003
   16.0469208211144       3.264899584518893E-003
   16.0645161290323       3.288397053643541E-003
   16.0821114369501       3.396631560632291E-003
   16.0997067448680       3.488082440225434E-003
   16.1173020527859       3.646387890160150E-003
   16.1348973607038       3.766651761262116E-003
   16.1524926686217       3.933384983104548E-003
   16.1700879765396       4.038090163167857E-003
   16.1876832844575       4.165731726654701E-003
   16.2052785923754       4.202757980921039E-003
   16.2228739002933       4.238179725587400E-003
   16.2404692082111       4.172316049478869E-003
   16.2580645161290       4.113326988399832E-003
   16.2756598240469       3.964454099591812E-003
   16.2932551319648       3.838514917326955E-003
   16.3108504398827       3.638280735105475E-003
   16.3284457478006       3.480682429510293E-003
   16.3460410557185       3.267722254763644E-003
   16.3636363636364       3.120611925083366E-003
   16.3812316715543       2.940968282195731E-003
   16.3988269794721       2.855427601452280E-003
   16.4164222873900       2.765617426537147E-003
   16.4340175953079       2.789202689818627E-003
   16.4516129032258       2.803938499873442E-003
   16.4692082111437       2.920639095423138E-003
   16.4868035190616       3.011292245133053E-003
   16.5043988269795       3.187534413353072E-003
   16.5219941348974       3.316798443063033E-003
   16.5395894428153       3.512204417592196E-003
   16.5571847507331       3.636728171390348E-003
   16.5747800586510       3.805044361223731E-003
   16.5923753665689       3.875241538630424E-003
   16.6099706744868       3.962990047571407E-003
   16.6275659824047       3.931034903060370E-003
   16.6451612903226       3.918520377854370E-003
   16.6627565982405       3.797243014839389E-003
   16.6803519061584       3.712076131856831E-003
   16.6979472140762       3.532182787068828E-003
   16.7155425219941       3.406790163671795E-003
   16.7331378299120       3.201836533812718E-003
   16.7507331378299       3.070797376550531E-003
   16.7683284457478       2.876058754499954E-003
   16.7859237536657       2.775421819691630E-003
   16.8035190615836       2.627465265678170E-003
   16.8211143695015       2.590436961056461E-003
   16.8387096774194       2.505747208600992E-003
   16.8563049853372       2.525882782626098E-003
   16.8739002932551       2.486618255304706E-003
   16.8914956011730       2.545242910139535E-003
   16.9090909090909       2.532937943055363E-003
   16.9266862170088       2.612085581688683E-003
   16.9442815249267       2.609054866990699E-003
   16.9618768328446       2.691665196658333E-003
   16.9794721407625       2.681300482772985E-003
   16.9970674486804       2.751736615603130E-003
   17.0146627565982       2.720134625485122E-003
   17.0322580645161       2.770542560362165E-003
   17.0498533724340       2.717707011225644E-003
   17.0674486803519       2.751885132279501E-003
   17.0850439882698       2.680660388162000E-003
   17.1026392961877       2.700395401882891E-003
   17.1202346041056       2.611335972668728E-003
   17.1378299120235       2.616497363711432E-003
   17.1554252199413       2.508266709701408E-003
   17.1730205278592       2.496726865168840E-003
   17.1906158357771       2.365601602458709E-003
   17.2082111436950       2.331997030612717E-003
   17.2258064516129       2.172524338603186E-003
   17.2434017595308       2.120140958002955E-003
   17.2609970674487       1.948054235809601E-003
   17.2785923753666       1.900717844941711E-003
   17.2961876832845       1.742098124458325E-003
   17.3137829912023       1.728047778320685E-003
   17.3313782991202       1.612108218116591E-003
   17.3489736070381       1.662477854056360E-003
   17.3665689149560       1.621198073953022E-003
   17.3841642228739       1.770186864321547E-003
   17.4017595307918       1.839154826494130E-003
   17.4193548387097       2.121889474879375E-003
   17.4369501466276       2.316544161958944E-003
   17.4545454545455       2.715508984775442E-003
   17.4721407624633       2.995869474705334E-003
   17.4897360703812       3.467111610302839E-003
   17.5073313782991       3.786685894240686E-003
   17.5249266862170       4.283978181483758E-003
   17.5425219941349       4.594381709271064E-003
   17.5601173020528       5.070245343283676E-003
   17.5777126099707       5.321737662482652E-003
   17.5953079178886       5.727889656653224E-003
   17.6129032258065       5.870805457909613E-003
   17.6304985337243       6.172468706343320E-003
   17.6480938416422       6.196444309654440E-003
   17.6656891495601       6.407359945765451E-003
   17.6832844574780       6.327376833165730E-003
   17.7008797653959       6.465943370146315E-003
   17.7184750733138       6.294687165604900E-003
   17.7360703812317       6.378366874346577E-003
   17.7536656891496       6.125467978048361E-003
   17.7712609970675       6.170686824400496E-003
   17.7888563049853       5.841186505042562E-003
   17.8064516129032       5.862722045806942E-003
   17.8240469208211       5.452210997823131E-003
   17.8416422287390       5.457726597889827E-003
   17.8592375366569       4.943176896712763E-003
   17.8768328445748       4.937533801551896E-003
   17.8944281524927       4.273774949423194E-003
   17.9120234604106       4.264201617425225E-003
   17.9296187683284       3.346729104770745E-003
   17.9472140762463       3.343007221449243E-003
   17.9648093841642       1.845255896749100E-003
   17.9824046920821       1.862776990712994E-003
   18.0000000000000      -2.556847396281369E-003
