  0.000000000000000E+000 -3.708970872037333E-003
  1.759530791788856E-002 -2.004523601853199E-003
  3.519061583577713E-002 -1.960024348911645E-003
  5.278592375366570E-002 -1.416890239335641E-003
  7.038123167155426E-002 -1.415068305668136E-003
  8.797653958944282E-002 -1.115884275728759E-003
  0.105571847507331      -1.134422457379263E-003
  0.123167155425220      -9.417605566964567E-004
  0.140762463343109      -9.707342323458508E-004
  0.158357771260997      -8.360548442399356E-004
  0.175953079178886      -8.691596443295823E-004
  0.193548387096774      -7.683436303382416E-004
  0.211143695014663      -8.002559784934175E-004
  0.228739002932551      -7.182848453560702E-004
  0.246334310850440      -7.452350263229626E-004
  0.263929618768328      -6.742376073384989E-004
  0.281524926686217      -6.955864699618084E-004
  0.299120234604106      -6.316805301277378E-004
  0.316715542521994      -6.478418335631941E-004
  0.334310850439883      -5.891542442300889E-004
  0.351906158357771      -6.012076332602528E-004
  0.369501466275660      -5.472199657309446E-004
  0.387096774193548      -5.568226560156932E-004
  0.404692082111437      -5.081306228925940E-004
  0.422287390029326      -5.174844614121452E-004
  0.439882697947214      -4.746923735649205E-004
  0.457478005865103      -4.842525773741056E-004
  0.475073313782991      -4.461632131591141E-004
  0.492668621700880      -4.553296669480526E-004
  0.510263929618768      -4.206151441384371E-004
  0.527859237536657      -4.286746898484482E-004
  0.545454545454546      -3.960771872596800E-004
  0.563049853372434      -4.022968023680393E-004
  0.580645161290323      -3.706629022450994E-004
  0.598240469208211      -3.743498221247310E-004
  0.615835777126100      -3.427507253836669E-004
  0.633431085043988      -3.438343562881606E-004
  0.651026392961877      -3.126549963425252E-004
  0.668621700879765      -3.122183074610407E-004
  0.686217008797654      -2.822924586702777E-004
  0.703812316715543      -2.813680630361049E-004
  0.721407624633431      -2.534728643484371E-004
  0.739002932551320      -2.530271325445752E-004
  0.756598240469208      -2.279207197954693E-004
  0.774193548387097      -2.288858937076489E-004
  0.791788856304985      -2.073337773435510E-004
  0.809384164222874      -2.106460117994733E-004
  0.826979472140763      -1.932762915685165E-004
  0.844574780058651      -1.991378322739678E-004
  0.862170087976540      -1.853812623196288E-004
  0.879765395894428      -1.930354281456188E-004
  0.897360703812317      -1.819271279219247E-004
  0.914956011730205      -1.904449957323797E-004
  0.932551319648094      -1.808867077957253E-004
  0.950146627565982      -1.891956165928155E-004
  0.967741935483871      -1.799490625269942E-004
  0.985337243401760      -1.868085295529089E-004
   1.00293255131965      -1.764372340219343E-004
   1.02052785923754      -1.804305390226821E-004
   1.03812316715543      -1.678145889972368E-004
   1.05571847507331      -1.686654720108214E-004
   1.07331378299120      -1.539941108109730E-004
   1.09090909090909      -1.520931427783676E-004
   1.10850439882698      -1.357312437200712E-004
   1.12609970674487      -1.315086338220498E-004
   1.14369501466276      -1.138198698582952E-004
   1.16129032258065      -1.076594488572433E-004
   1.17888563049853      -8.891829553319124E-005
   1.19648093841642      -8.103950928929378E-005
   1.21407624633431      -6.117976391913050E-005
   1.23167155425220      -5.106675406289855E-005
   1.24926686217009      -2.915763010879882E-005
   1.26686217008798      -1.605729215382136E-005
   1.28445747800587       8.334103099245246E-006
   1.30205278592375       2.453616322736579E-005
   1.31964809384164       5.133343205551691E-005
   1.33724340175953       7.031542775780028E-005
   1.35483870967742       9.901534108016652E-005
   1.37243401759531       1.200068070499482E-004
   1.39002932551320       1.495889476420347E-004
   1.40762463343109       1.711196375814501E-004
   1.42521994134897       1.995131032223526E-004
   1.44281524926686       2.191498722031012E-004
   1.46041055718475       2.443930907178106E-004
   1.47800586510264       2.608613029185114E-004
   1.49560117302053       2.821509807066592E-004
   1.51319648093842       2.949066982332872E-004
   1.53079178885631       3.119579619871092E-004
   1.54838709677419       3.209090097025017E-004
   1.56598240469208       3.338669832729597E-004
   1.58357771260997       3.393771775215298E-004
   1.60117302052786       3.489350585647081E-004
   1.61876832844575       3.522170887336193E-004
   1.63636363636364       3.603279829347528E-004
   1.65395894428153       3.635576044705029E-004
   1.67155425219941       3.720097445726705E-004
   1.68914956011730       3.765110517424640E-004
   1.70674486803519       3.863582297208800E-004
   1.72434017595308       3.929394885118179E-004
   1.74193548387097       4.047993146408445E-004
   1.75953079178886       4.138565426919155E-004
   1.77712609970675       4.279131898454947E-004
   1.79472140762463       4.393417323286309E-004
   1.81231671554252       4.550468109756867E-004
   1.82991202346041       4.674255145714779E-004
   1.84750733137830       4.826084438335595E-004
   1.86510263929619       4.937742589096723E-004
   1.88269794721408       5.067360765490613E-004
   1.90029325513196       5.153304563968642E-004
   1.91788856304985       5.249733828451104E-004
   1.93548387096774       5.301014803062639E-004
   1.95307917888563       5.357460456756668E-004
   1.97067448680352       5.369292082915207E-004
   1.98826979472141       5.383504149352613E-004
   2.00586510263930       5.357010214167277E-004
   2.02346041055718       5.337493012385624E-004
   2.04105571847507       5.291384762672179E-004
   2.05865102639296       5.261859683588975E-004
   2.07624633431085       5.216980121628793E-004
   2.09384164222874       5.194483049245055E-004
   2.11143695014663       5.165130407915780E-004
   2.12903225806452       5.161818326889222E-004
   2.14662756598241       5.157981927118176E-004
   2.16422287390029       5.181809026430235E-004
   2.18181818181818       5.208951164774470E-004
   2.19941348973607       5.262387266540888E-004
   2.21700879765396       5.317048634824461E-004
   2.23460410557185       5.385847507485273E-004
   2.25219941348974       5.444965239891862E-004
   2.26979472140762       5.506595361440952E-004
   2.28739002932551       5.551724337399793E-004
   2.30498533724340       5.590816151610428E-004
   2.32258064516129       5.608736696137835E-004
   2.34017595307918       5.614021281518996E-004
   2.35777126099707       5.595129548147853E-004
   2.37536656891496       5.558807599761709E-004
   2.39296187683284       5.497112679538010E-004
   2.41055718475073       5.415953849659930E-004
   2.42815249266862       5.314128497995537E-004
   2.44574780058651       5.199074070061453E-004
   2.46334310850440       5.072301320476440E-004
   2.48093841642229       4.938177986610703E-004
   2.49853372434018       4.800093837380864E-004
   2.51612903225806       4.660034110067965E-004
   2.53372434017595       4.523373565984080E-004
   2.55131964809384       4.389994028957665E-004
   2.56891495601173       4.267254195932343E-004
   2.58651026392962       4.153168251083742E-004
   2.60410557184751       4.057141294237263E-004
   2.62170087976540       3.974339902835495E-004
   2.63929618768328       3.911725178052192E-004
   2.65689149560117       3.858998626508908E-004
   2.67448680351906       3.823941689477546E-004
   2.69208211143695       3.794389095347022E-004
   2.70967741935484       3.779440868597732E-004
   2.72727272727273       3.765244613004208E-004
   2.74486803519062       3.762148338887053E-004
   2.76246334310850       3.754709137114839E-004
   2.78005865102639       3.754377673818721E-004
   2.79765395894428       3.744108878906880E-004
   2.81524926686217       3.736246646111463E-004
   2.83284457478006       3.713723619915417E-004
   2.85043988269795       3.692471787803803E-004
   2.86803519061584       3.655566950297606E-004
   2.88563049853372       3.620411606652831E-004
   2.90322580645161       3.569352893340071E-004
   2.92082111436950       3.521017663636880E-004
   2.93841642228739       3.457062104599599E-004
   2.95601173020528       3.397247842699794E-004
   2.97360703812317       3.322664793780881E-004
   2.99120234604106       3.254213591496407E-004
   3.00879765395894       3.172776440684000E-004
   3.02639296187683       3.100401759123524E-004
   3.04398826979472       3.016650019865625E-004
   3.06158357771261       2.943181269465943E-004
   3.07917888563050       2.858471312080237E-004
   3.09677419354839       2.784533838856373E-004
   3.11436950146628       2.699160433762385E-004
   3.13196480938416       2.624756833263300E-004
   3.14956011730205       2.538586951409960E-004
   3.16715542521994       2.463433955966945E-004
   3.18475073313783       2.376168103003060E-004
   3.20234604105572       2.299964237038347E-004
   3.21994134897361       2.211623640545370E-004
   3.23753665689150       2.134974359109219E-004
   3.25513196480938       2.046579605579668E-004
   3.27272727272727       1.970239067685533E-004
   3.29032258064516       1.882174324888282E-004
   3.30791788856305       1.806185167805248E-004
   3.32551319648094       1.718261626470843E-004
   3.34310850439883       1.642156209782626E-004
   3.36070381231672       1.553691821563637E-004
   3.37829912023460       1.476486140158895E-004
   3.39589442815249       1.386203369084630E-004
   3.41348973607038       1.306070638377727E-004
   3.43108504398827       1.211520980618174E-004
   3.44868035190616       1.125926934818719E-004
   3.46627565982405       1.025330153866577E-004
   3.48387096774194       9.332191076471086E-005
   3.50146627565982       8.260452156398978E-005
   3.51906158357771       7.272679750021587E-005
   3.53665689149560       6.138070660657146E-005
   3.55425219941349       5.090782385098387E-005
   3.57184750733138       3.906240673721667E-005
   3.58944281524927       2.819329988258169E-005
   3.60703812316716       1.617351645588448E-005
   3.62463343108504       5.485477674219072E-006
   3.64222873900293      -5.846334134259668E-006
   3.65982404692082      -1.547084100620605E-005
   3.67741935483871      -2.543086734307413E-005
   3.69501466275660      -3.349281207162365E-005
   3.71260997067449      -4.170595212022285E-005
   3.73020527859238      -4.794249052459197E-005
   3.74780058651026      -5.424612833703668E-005
   3.76539589442815      -5.860131928132580E-005
   3.78299120234604      -6.305190269546039E-005
   3.80058651026393      -6.572770344748879E-005
   3.81818181818182      -6.876020203512126E-005
   3.83577712609971      -7.050820606646653E-005
   3.85337243401760      -7.299594751054047E-005
   3.87096774193548      -7.454939434629376E-005
   3.88856304985337      -7.706147851004108E-005
   3.90615835777126      -7.889846462092844E-005
   3.92375366568915      -8.184501154940066E-005
   3.94134897360704      -8.432526605957990E-005
   3.95894428152493      -8.801626619895100E-005
   3.97653958944282      -9.140404390187056E-005
   3.99413489736070      -9.604702234390758E-005
   4.01173020527859      -1.004556627069077E-004
   4.02932551319648      -1.058862824319646E-004
   4.04692082111437      -1.107510418864271E-004
   4.06451612903226      -1.161992642625647E-004
   4.08211143695015      -1.207930395951504E-004
   4.09970674486804      -1.256137705082139E-004
   4.11730205278592      -1.293578699011612E-004
   4.13489736070381      -1.330297331778371E-004
   4.15249266862170      -1.354636881844696E-004
   4.17008797653959      -1.375876459387119E-004
   4.18768328445748      -1.383873538551623E-004
   4.20527859237537      -1.387386704377999E-004
   4.22287390029326      -1.379001177365545E-004
   4.24046920821114      -1.368336381925855E-004
   4.25806451612903      -1.349637018415165E-004
   4.27565982404692      -1.330843505765113E-004
   4.29325513196481      -1.307208031558038E-004
   4.31085043988270      -1.285297857147978E-004
   4.32844574780059      -1.261575229760581E-004
   4.34604105571848      -1.241331232912427E-004
   4.36363636363636      -1.222375783225081E-004
   4.38123167155425      -1.208822954669039E-004
   4.39882697947214      -1.200052423230455E-004
   4.41642228739003      -1.199177103800881E-004
   4.43401759530792      -1.205922511994988E-004
   4.45161290322581      -1.219835261199546E-004
   4.46920821114370      -1.240852989799151E-004
   4.48680351906158      -1.266673235930767E-004
   4.50439882697947      -1.298336599891644E-004
   4.52199413489736      -1.331855437437714E-004
   4.53958944281525      -1.369499626250984E-004
   4.55718475073314      -1.405620252954841E-004
   4.57478005865103      -1.443775478686570E-004
   4.59237536656892      -1.476632974105446E-004
   4.60997067448680      -1.509067911218627E-004
   4.62756598240469      -1.532957862671218E-004
   4.64516129032258      -1.556417427066639E-004
   4.66275659824047      -1.570731342623226E-004
   4.68035190615836      -1.585676053975328E-004
   4.69794721407625      -1.590985279089666E-004
   4.71554252199414      -1.598049218007357E-004
   4.73313782991202      -1.595027767060078E-004
   4.75073313782991      -1.594972777831665E-004
   4.76832844574780      -1.584489771958213E-004
   4.78592375366569      -1.578396890822128E-004
   4.80351906158358      -1.561911102921604E-004
   4.82111436950147      -1.552223098470333E-004
   4.83870967741935      -1.533593353967339E-004
   4.85630498533724      -1.524631649316562E-004
   4.87390029325513      -1.507278454504179E-004
   4.89149560117302      -1.501465695121423E-004
   4.90909090909091      -1.487085584476733E-004
   4.92668621700880      -1.485523416365418E-004
   4.94428152492669      -1.474659748617917E-004
   4.96187683284458      -1.477374813532397E-004
   4.97947214076246      -1.469513183274508E-004
   4.99706744868035      -1.475434913950143E-004
   5.01466275659824      -1.468819225662190E-004
   5.03225806451613      -1.475626931615454E-004
   5.04985337243402      -1.467952058759773E-004
   5.06744868035191      -1.473727483773422E-004
   5.08504398826980      -1.463188036748945E-004
   5.10263929618768      -1.465997328220363E-004
   5.12023460410557      -1.450418833118874E-004
   5.13782991202346      -1.447803301267513E-004
   5.15542521994135      -1.424368120606366E-004
   5.17302052785924      -1.413093686978173E-004
   5.19061583577713      -1.378033868444810E-004
   5.20821114369502      -1.353593838191856E-004
   5.22580645161290      -1.302184102519609E-004
   5.24340175953079      -1.261855348358373E-004
   5.26099706744868      -1.194629831789258E-004
   5.27859237536657      -1.140841672684155E-004
   5.29618768328446      -1.060696820620901E-004
   5.31378299120235      -9.964981186866120E-005
   5.33137829912024      -9.065050390189544E-005
   5.34897360703812      -8.349079233238784E-005
   5.36656891495601      -7.379233353113296E-005
   5.38416422287390      -6.615394103852629E-005
   5.40175953079179      -5.597488826178908E-005
   5.41935483870968      -4.798860746231158E-005
   5.43695014662757      -3.732420843278342E-005
   5.45454545454546      -2.891845445748846E-005
   5.47214076246334      -1.774173240212913E-005
   5.48973607038123      -8.949602453394919E-006
   5.50733137829912       2.675121163832748E-006
   5.52492668621701       1.177066576065670E-005
   5.54252199413490       2.375267823778050E-005
   5.56011730205279       3.305982841806454E-005
   5.57771260997067       4.531655724969373E-005
   5.59530791788856       5.477265647584563E-005
   5.61290322580645       6.728998981998756E-005
   5.63049853372434       7.694399171111159E-005
   5.64809384164223       8.975826200033666E-005
   5.66568914956012       9.954179199631480E-005
   5.68328445747801       1.124885637962656E-004
   5.70087976539589       1.221820585104706E-004
   5.71847507331378       1.350056611213233E-004
   5.73607038123167       1.443251180237877E-004
   5.75366568914956       1.567200145214064E-004
   5.77126099706745       1.653427760537462E-004
   5.78885630498534       1.769747730989919E-004
   5.80645161290323       1.845629616646497E-004
   5.82404692082111       1.951412159197210E-004
   5.84164222873900       2.015371007900156E-004
   5.85923753665689       2.110302521335312E-004
   5.87683284457478       2.162285669573006E-004
   5.89442815249267       2.246102101930145E-004
   5.91202346041056       2.285677846969614E-004
   5.92961876832845       2.357830070828242E-004
   5.94721407624634       2.384373439544209E-004
   5.96480938416422       2.444210671007312E-004
   5.98240469208211       2.457109882303813E-004
   6.00000000000000       2.504176396784196E-004
   6.01759530791789       2.503557529043506E-004
   6.03519061583578       2.539404672043878E-004
   6.05278592375367       2.528087037730912E-004
   6.07038123167156       2.555480686165293E-004
   6.08797653958944       2.535554592757760E-004
   6.10557184750733       2.556043434136196E-004
   6.12316715542522       2.528623082134936E-004
   6.14076246334311       2.542947106548334E-004
   6.15835777126100       2.508432698484597E-004
   6.17595307917889       2.516679791771014E-004
   6.19354838709677       2.474866471864556E-004
   6.21114369501466       2.476585927915480E-004
   6.22873900293255       2.427162882439807E-004
   6.24633431085044       2.422729842079791E-004
   6.26392961876833       2.366612050319081E-004
   6.28152492668622       2.356902001537671E-004
   6.29912023460411       2.294695087750780E-004
   6.31671554252199       2.280044507051637E-004
   6.33431085043988       2.211820713592953E-004
   6.35190615835777       2.192036484583097E-004
   6.36950146627566       2.117339700438730E-004
   6.38709677419355       2.091698702992808E-004
   6.40469208211144       2.009544511617291E-004
   6.42228739002933       1.977217919998917E-004
   6.43988269794721       1.888116534707049E-004
   6.45747800586510       1.851368959428144E-004
   6.47507331378299       1.758221008212866E-004
   6.49266862170088       1.719718355294345E-004
   6.51026392961877       1.624863798375215E-004
   6.52785923753666       1.586598406014332E-004
   6.54545454545455       1.491663014103990E-004
   6.56304985337243       1.454857421525028E-004
   6.58064516129032       1.360614765511970E-004
   6.59824046920821       1.325503109816206E-004
   6.61583577712610       1.231522528703548E-004
   6.63343108504399       1.197435298450273E-004
   6.65102639296188       1.103909288508009E-004
   6.66862170087977       1.072116732639626E-004
   6.68621700879765       9.807044293364082E-005
   6.70381231671554       9.528287025990431E-005
   6.72140762463343       8.649996567487334E-005
   6.73900293255132       8.422668008727865E-005
   6.75659824046921       7.589391488850350E-005
   6.77419354838710       7.418607786426885E-005
   6.79178885630499       6.630335568223150E-005
   6.80938416422287       6.508235248030843E-005
   6.82697947214076       5.748978271837180E-005
   6.84457478005865       5.661953752884582E-005
   6.86217008797654       4.931775281450172E-005
   6.87976539589443       4.890619351137425E-005
   6.89736070381232       4.203874802648724E-005
   6.91495601173021       4.223524963635021E-005
   6.93255131964809       3.594545612284951E-005
   6.95014662756598       3.687479146438863E-005
   6.96774193548387       3.125892377267478E-005
   6.98533724340176       3.297348310596034E-005
   7.00293255131965       2.801578288521807E-005
   7.02052785923754       3.038218468680186E-005
   7.03812316715543       2.584620298555296E-005
   7.05571847507331       2.866683357940236E-005
   7.07331378299120       2.448259141545002E-005
   7.09090909090909       2.776549626740772E-005
   7.10850439882698       2.397167962018753E-005
   7.12609970674487       2.776425824117321E-005
   7.14369501466276       2.440115748987190E-005
   7.16129032258065       2.871996184274916E-005
   7.17888563049853       2.576071821168879E-005
   7.19648093841642       3.050459117820932E-005
   7.21407624633431       2.769630553609918E-005
   7.23167155425220       3.238075834585058E-005
   7.24926686217009       2.916975272189670E-005
   7.26686217008798       3.342871993088198E-005
   7.28445747800587       2.966367947353601E-005
   7.30205278592375       3.347171994742710E-005
   7.31964809384164       2.920953753375783E-005
   7.33724340175953       3.268049051405751E-005
   7.35483870967742       2.807516304252902E-005
   7.37243401759531       3.138255554774539E-005
   7.39002932551320       2.660656625519706E-005
   7.40762463343109       2.986862368925878E-005
   7.42521994134897       2.483816188712718E-005
   7.44281524926686       2.767822793776267E-005
   7.46041055718475       2.193526181317482E-005
   7.47800586510264       2.405587065226036E-005
   7.49560117302053       1.748268411410820E-005
   7.51319648093842       1.889688709142871E-005
   7.53079178885631       1.162111433306489E-005
   7.54838709677419       1.255769969359007E-005
   7.56598240469208       4.904959980121359E-006
   7.58357771260997       5.780898239511528E-006
   7.60117302052786      -1.738399206994177E-006
   7.61876832844575      -3.688366017663564E-007
   7.63636363636364      -7.387396608131571E-006
   7.65395894428153      -5.534636783384769E-006
   7.67155425219941      -1.226680734451138E-005
   7.68914956011730      -1.013139313996960E-005
   7.70674486803519      -1.671586780827725E-005
   7.72434017595308      -1.437253446053631E-005
   7.74193548387097      -2.081446724034790E-005
   7.75953079178886      -1.819747155541536E-005
   7.77712609970675      -2.435318686573864E-005
   7.79472140762463      -2.123630510908171E-005
   7.81231671554252      -2.679253699780831E-005
   7.82991202346041      -2.292557435158715E-005
   7.84750733137830      -2.795042905771070E-005
   7.86510263929619      -2.370158679568107E-005
   7.88269794721408      -2.862633746497706E-005
   7.90029325513197      -2.437738197083263E-005
   7.91788856304985      -2.951506607457520E-005
   7.93548387096774      -2.550115063767185E-005
   7.95307917888563      -3.099437212230647E-005
   7.97067448680352      -2.725174180006793E-005
   7.98826979472141      -3.300514144793950E-005
   8.00586510263930      -2.925725020096492E-005
   8.02346041055718      -3.478552301113015E-005
   8.04105571847507      -3.056569127289357E-005
   8.05865102639296      -3.573891532533098E-005
   8.07624633431085      -3.123139683690508E-005
   8.09384164222874      -3.634252911742651E-005
   8.11143695014663      -3.186567001950206E-005
   8.12903225806452      -3.722427014027303E-005
   8.14662756598241      -3.305460042549320E-005
   8.16422287390029      -3.887829993783046E-005
   8.18181818181818      -3.514615792831177E-005
   8.19941348973607      -4.142893965639857E-005
   8.21700879765396      -3.789069920225889E-005
   8.23460410557185      -4.413678441948148E-005
   8.25219941348974      -4.035824769424865E-005
   8.26979472140763      -4.644978196160098E-005
   8.28739002932551      -4.254848951825842E-005
   8.30498533724340      -4.871019915807018E-005
   8.32258064516129      -4.496971527332782E-005
   8.34017595307918      -5.150810664908914E-005
   8.35777126099707      -4.823430249406470E-005
   8.37536656891496      -5.542114347798153E-005
   8.39296187683285      -5.281722131670697E-005
   8.41055718475073      -6.069092513675272E-005
   8.42815249266862      -5.846727170056893E-005
   8.44574780058651      -6.647740792873808E-005
   8.46334310850440      -6.418467616116998E-005
   8.48093841642229      -7.214952880473924E-005
   8.49853372434018      -6.979383572050914E-005
   8.51612903225807      -7.783048112129431E-005
   8.53372434017595      -7.560831607522685E-005
   8.55131964809384      -8.396133317909867E-005
   8.56891495601173      -8.214141763483058E-005
   8.58651026392962      -9.106776680341536E-005
   8.60410557184751      -8.983561614960696E-005
   8.62170087976540      -9.925657467902249E-005
   8.63929618768329      -9.808941686776027E-005
   8.65689149560117      -1.072788838625949E-004
   8.67448680351906      -1.056571446813566E-004
   8.69208211143695      -1.143646731472162E-004
   8.70967741935484      -1.122300943461022E-004
   8.72727272727273      -1.205514370338749E-004
   8.74486803519062      -1.181329955293990E-004
   8.76246334310851      -1.264118990066487E-004
   8.78005865102639      -1.241562525104992E-004
   8.79765395894428      -1.329239761363829E-004
   8.81524926686217      -1.313775313439992E-004
   8.83284457478006      -1.408732771722976E-004
   8.85043988269795      -1.397225176189399E-004
   8.86803519061584      -1.493565494213856E-004
   8.88563049853373      -1.480864123100283E-004
   8.90322580645161      -1.574815744103944E-004
   8.92082111436950      -1.558438924238012E-004
   8.93841642228739      -1.648725849880561E-004
   8.95601173020528      -1.628611572096252E-004
   8.97360703812317      -1.716351711337996E-004
   8.99120234604106      -1.694848616447634E-004
   9.00879765395895      -1.783597644933489E-004
   9.02639296187683      -1.763911712404140E-004
   9.04398826979472      -1.853139718688215E-004
   9.06158357771261      -1.830654114857682E-004
   9.07917888563050      -1.914726316883812E-004
   9.09677419354839      -1.884692894941360E-004
   9.11436950146628      -1.959905632853894E-004
   9.13196480938416      -1.919772451815968E-004
   9.14956011730205      -1.984769479917245E-004
   9.16715542521994      -1.934496214427426E-004
   9.18475073313783      -1.990635079529697E-004
   9.20234604105572      -1.933202402162344E-004
   9.21994134897361      -1.984661217501594E-004
   9.23753665689150      -1.922718820378725E-004
   9.25513196480938      -1.968124403554135E-004
   9.27272727272727      -1.898206308847896E-004
   9.29032258064516      -1.934705565878550E-004
   9.30791788856305      -1.855389920557664E-004
   9.32551319648094      -1.883244587402167E-004
   9.34310850439883      -1.796838432119148E-004
   9.36070381231672      -1.820738586089763E-004
   9.37829912023460      -1.734951470593123E-004
   9.39589442815249      -1.766503113850453E-004
   9.41348973607038      -1.699022784389449E-004
   9.43108504398827      -1.760673173162399E-004
   9.44868035190616      -1.728507011844751E-004
   9.46627565982405      -1.825046259053276E-004
   9.48387096774194      -1.825004143303940E-004
   9.50146627565982      -1.950030426510714E-004
   9.51906158357771      -1.974165444455245E-004
   9.53665689149560      -2.118994982543442E-004
   9.55425219941349      -2.158596308748488E-004
   9.57184750733138      -2.315163766720036E-004
   9.58944281524927      -2.363701341666414E-004
   9.60703812316716      -2.528883553237213E-004
   9.62463343108504      -2.590458682259669E-004
   9.64222873900293      -2.774918267858788E-004
   9.65982404692082      -2.858104379695249E-004
   9.67741935483871      -3.062740510575553E-004
   9.69501466275660      -3.162668546625827E-004
   9.71260997067449      -3.378944774096928E-004
   9.73020527859238      -3.484257147036262E-004
   9.74780058651026      -3.698543626531497E-004
   9.76539589442815      -3.793779422394867E-004
   9.78299120234604      -3.989156374629670E-004
   9.80058651026393      -4.056462930786711E-004
   9.81818181818182      -4.216573944330830E-004
   9.83577712609971      -4.248458775632264E-004
   9.85337243401760      -4.377695480561645E-004
   9.87096774193548      -4.382687235732712E-004
   9.88856304985337      -4.487392178506336E-004
   9.90615835777126      -4.469276412944688E-004
   9.92375366568915      -4.550967923730865E-004
   9.94134897360704      -4.509212632616038E-004
   9.95894428152493      -4.565370398534400E-004
   9.97653958944282      -4.495554943214804E-004
   9.99413489736071      -4.519821582210045E-004
   10.0117302052786      -4.413881805781066E-004
   10.0293255131965      -4.400499615385172E-004
   10.0469208211144      -4.261550312618786E-004
   10.0645161290323      -4.221592887846225E-004
   10.0821114369501      -4.062486829383321E-004
   10.0997067448680      -4.007735839008378E-004
   10.1173020527859      -3.839039052417903E-004
   10.1348973607038      -3.778745849509504E-004
   10.1524926686217      -3.608383830328632E-004
   10.1700879765396      -3.549066837837117E-004
   10.1876832844575      -3.382142171606957E-004
   10.2052785923754      -3.327407272993779E-004
   10.2228739002933      -3.167242637054888E-004
   10.2404692082111      -3.123377696474382E-004
   10.2580645161290      -2.980349041259094E-004
   10.2756598240469      -2.958623413727935E-004
   10.2932551319648      -2.842510343227831E-004
   10.3108504398827      -2.850834697923588E-004
   10.3284457478006      -2.767573259609665E-004
   10.3460410557185      -2.809679870896105E-004
   10.3636363636364      -2.760595869012274E-004
   10.3812316715543      -2.834979646567313E-004
   10.3988269794721      -2.815132469580915E-004
   10.4164222873900      -2.912311643023645E-004
   10.4340175953079      -2.910132347408518E-004
   10.4516129032258      -3.023466225140356E-004
   10.4692082111437      -3.039222113326868E-004
   10.4868035190616      -3.171695345306637E-004
   10.5043988269795      -3.208412021758447E-004
   10.5219941348974      -3.362136056767223E-004
   10.5395894428153      -3.420362676312691E-004
   10.5571847507331      -3.593645134002828E-004
   10.5747800586510      -3.668608360941574E-004
   10.5923753665689      -3.852374704313747E-004
   10.6099706744868      -3.927681120258656E-004
   10.6275659824047      -4.095430622751876E-004
   10.6451612903226      -4.142456008930602E-004
   10.6627565982405      -4.276300542852650E-004
   10.6803519061584      -4.289084603410869E-004
   10.6979472140762      -4.389288378229786E-004
   10.7155425219941      -4.371488698914394E-004
   10.7331378299120      -4.443842521079779E-004
   10.7507331378299      -4.402421327995390E-004
   10.7683284457478      -4.454107056360000E-004
   10.7859237536657      -4.395356098692069E-004
   10.8035190615836      -4.429580351708826E-004
   10.8211143695015      -4.347385575635150E-004
   10.8387096774194      -4.343276634783979E-004
   10.8563049853372      -4.211510879324397E-004
   10.8739002932551      -4.151750679563507E-004
   10.8914956011730      -3.963640829315976E-004
   10.9090909090909      -3.849062650985225E-004
   10.9266862170088      -3.612017299477289E-004
   10.9442815249267      -3.456091311888511E-004
   10.9618768328446      -3.189645462246416E-004
   10.9794721407625      -3.018354234196772E-004
   10.9970674486804      -2.756029020835470E-004
   11.0146627565982      -2.612745881956055E-004
   11.0322580645161      -2.401187295441830E-004
   11.0498533724340      -2.315892783474243E-004
   11.0674486803519      -2.161692706262938E-004
   11.0850439882698      -2.128644696524211E-004
   11.1026392961877      -2.021415330155473E-004
   11.1202346041056      -2.027385439501653E-004
   11.1378299120235      -1.951842547228467E-004
   11.1554252199413      -1.979811027892656E-004
   11.1730205278592      -1.917344173534870E-004
   11.1906158357771      -1.946933918402882E-004
   11.2082111436950      -1.874632501973376E-004
   11.2258064516129      -1.881154441711210E-004
   11.2434017595308      -1.779168307800810E-004
   11.2609970674487      -1.753413161966656E-004
   11.2785923753666      -1.620855739487626E-004
   11.2961876832845      -1.566087304710084E-004
   11.3137829912023      -1.409311297796692E-004
   11.3313782991202      -1.334764997792742E-004
   11.3489736070381      -1.166000167543644E-004
   11.3665689149560      -1.087168535030418E-004
   11.3841642228739      -9.258791282245360E-005
   11.4017595307918      -8.677038584592895E-005
   11.4193548387097      -7.471871870355115E-005
   11.4369501466276      -7.475133859893493E-005
   11.4545454545455      -6.962474960643531E-005
   11.4721407624633      -7.681632139986433E-005
   11.4897360703812      -7.896789048664437E-005
   11.5073313782991      -9.311340735923514E-005
   11.5249266862170      -1.018896422222489E-004
   11.5425219941349      -1.219228208444311E-004
   11.5601173020528      -1.358437646258108E-004
   11.5777126099707      -1.598155459471450E-004
   11.5953079178886      -1.763551265686521E-004
   11.6129032258065      -2.008369200258870E-004
   11.6304985337243      -2.158707999217329E-004
   11.6480938416422      -2.377309855827357E-004
   11.6656891495601      -2.503284138921534E-004
   11.6832844574780      -2.702109913523825E-004
   11.7008797653959      -2.818105494975643E-004
   11.7184750733138      -3.017041085370895E-004
   11.7360703812317      -3.147569082590485E-004
   11.7536656891496      -3.375213286590211E-004
   11.7712609970675      -3.552743338440092E-004
   11.7888563049853      -3.845329666142495E-004
   11.8064516129032      -4.109960328278008E-004
   11.8240469208211      -4.504250399567032E-004
   11.8416422287390      -4.870845556624933E-004
   11.8592375366569      -5.354073540095594E-004
   11.8768328445748      -5.798907988416646E-004
   11.8944281524927      -6.348592060599811E-004
   11.9120234604106      -6.851898541373946E-004
   11.9296187683284      -7.451319564751095E-004
   11.9472140762463      -7.999858014042382E-004
   11.9648093841642      -8.639668097680522E-004
   11.9824046920821      -9.228656751904208E-004
   12.0000000000000      -9.909634256896789E-004
   12.0175953079179      -1.054472219182854E-003
   12.0351906158358      -1.126332856718557E-003
   12.0527859237537      -1.191465803907910E-003
   12.0703812316716      -1.262187193694215E-003
   12.0879765395894      -1.323783729157975E-003
   12.1055718475073      -1.388532843003766E-003
   12.1231671554252      -1.442272063801410E-003
   12.1407624633431      -1.497432598056810E-003
   12.1583577712610      -1.540630969816073E-003
   12.1759530791789      -1.584821174976511E-003
   12.1935483870968      -1.617958449282716E-003
   12.2111436950147      -1.655213185515044E-003
   12.2287390029326      -1.688674640159444E-003
   12.2463343108504      -1.733504731684723E-003
   12.2639296187683      -1.778797454219340E-003
   12.2815249266862      -1.836919082757092E-003
   12.2991202346041      -1.895652633098262E-003
   12.3167155425220      -1.965749437495544E-003
   12.3343108504399      -2.034079621716082E-003
   12.3519061583578      -2.109962864969564E-003
   12.3695014662757      -2.179370690433401E-003
   12.3870967741935      -2.250033826197042E-003
   12.4046920821114      -2.306442645265122E-003
   12.4222873900293      -2.355384931078904E-003
   12.4398826979472      -2.386063355969303E-003
   12.4574780058651      -2.410618394031039E-003
   12.4750733137830      -2.420318125683528E-003
   12.4926686217009      -2.427470003553382E-003
   12.5102639296188      -2.423895633694100E-003
   12.5278592375367      -2.421684445881881E-003
   12.5454545454545      -2.412960201202773E-003
   12.5630498533724      -2.409431907758055E-003
   12.5806451612903      -2.403380936572375E-003
   12.5982404692082      -2.405991417585485E-003
   12.6158357771261      -2.409441746253778E-003
   12.6334310850440      -2.423986496752707E-003
   12.6510263929619      -2.441763119056288E-003
   12.6686217008798      -2.472609877875071E-003
   12.6862170087977      -2.508770710995172E-003
   12.7038123167155      -2.559451587621541E-003
   12.7214076246334      -2.616791990272163E-003
   12.7390029325513      -2.689123441776244E-003
   12.7565982404692      -2.768194619394078E-003
   12.7741935483871      -2.860991710544416E-003
   12.7917888563050      -2.958178538795681E-003
   12.8093841642229      -3.063325211303432E-003
   12.8269794721408      -3.161779715872017E-003
   12.8445747800587      -3.254890286447303E-003
   12.8621700879765      -3.332121979237524E-003
   12.8797653958944      -3.398060940259345E-003
   12.8973607038123      -3.444629764779507E-003
   12.9149560117302      -3.477899628568200E-003
   12.9325513196481      -3.491692715480426E-003
   12.9501466275660      -3.493286174454032E-003
   12.9677419354839      -3.478376759716470E-003
   12.9853372434018      -3.455646173810212E-003
   13.0029325513196      -3.423403808526729E-003
   13.0205278592375      -3.392435987198001E-003
   13.0381231671554      -3.359442064155475E-003
   13.0557184750733      -3.329457033438460E-003
   13.0733137829912      -3.296892061642581E-003
   13.0909090909091      -3.265607631754832E-003
   13.1085043988270      -3.229840004789188E-003
   13.1260997067449      -3.192849342687416E-003
   13.1436950146628      -3.149056843438871E-003
   13.1612903225806      -3.101327696785586E-003
   13.1788856304985      -3.044453785815787E-003
   13.1964809384164      -2.981058018748350E-003
   13.2140762463343      -2.906909785257018E-003
   13.2316715542522      -2.827610225877532E-003
   13.2492668621701      -2.743098105429106E-003
   13.2668621700880      -2.659660585607864E-003
   13.2844574780059      -2.577600103309745E-003
   13.3020527859238      -2.502944085825281E-003
   13.3196480938416      -2.436520750094166E-003
   13.3372434017595      -2.384230510118033E-003
   13.3548387096774      -2.347575089310870E-003
   13.3724340175953      -2.332521304741730E-003
   13.3900293255132      -2.341518611393537E-003
   13.4076246334311      -2.381096915044893E-003
   13.4252199413490      -2.450103232827779E-003
   13.4428152492669      -2.542989049132355E-003
   13.4604105571848      -2.650631769737450E-003
   13.4780058651026      -2.765696369849174E-003
   13.4956011730205      -2.879020322269584E-003
   13.5131964809384      -2.982682284181302E-003
   13.5307917888563      -3.067862034127321E-003
   13.5483870967742      -3.126413518762229E-003
   13.5659824046921      -3.150233766846162E-003
   13.5835777126100      -3.131509993415315E-003
   13.6011730205279      -3.063895279745189E-003
   13.6187683284457      -2.946313764893613E-003
   13.6363636363636      -2.791281198179930E-003
   13.6539589442815      -2.608849050715263E-003
   13.6715542521994      -2.410102165000102E-003
   13.6891495601173      -2.202121708163592E-003
   13.7067448680352      -1.994230376233991E-003
   13.7243401759531      -1.791267478703161E-003
   13.7419354838710      -1.601085276454439E-003
   13.7595307917889      -1.426292770983081E-003
   13.7771260997067      -1.273031392249143E-003
   13.7947214076246      -1.141123112131295E-003
   13.8123167155425      -1.033048264877516E-003
   13.8299120234604      -9.428626823472414E-004
   13.8475073313783      -8.724393328842024E-004
   13.8651026392962      -8.179207843634779E-004
   13.8826979472141      -7.829599641178314E-004
   13.9002932551320      -7.636404783568203E-004
   13.9178885630499      -7.639315500977804E-004
   13.9354838709677      -7.790741435475311E-004
   13.9530791788856      -8.126484118182879E-004
   13.9706744868035      -8.582236876087656E-004
   13.9882697947214      -9.178570529114596E-004
   14.0058651026393      -9.807298209485128E-004
   14.0234604105572      -1.041396501083277E-003
   14.0410557184751      -1.084882791137442E-003
   14.0586510263930      -1.112449791208185E-003
   14.0762463343109      -1.115421451501300E-003
   14.0938416422287      -1.099326557584667E-003
   14.1114369501466      -1.058407101286599E-003
   14.1290322580645      -1.001457879334578E-003
   14.1466275659824      -9.252171298772701E-004
   14.1642228739003      -8.418224822392565E-004
   14.1818181818182      -7.511339454176605E-004
   14.1994134897361      -6.702168790320761E-004
   14.2170087976540      -6.055415427994407E-004
   14.2346041055718      -5.741808631203822E-004
   14.2521994134897      -5.694536021236499E-004
   14.2697947214076      -5.993861694591630E-004
   14.2873900293255      -6.528107499808029E-004
   14.3049853372434      -7.352689732930464E-004
   14.3225806451613      -8.328695715817693E-004
   14.3401759530792      -9.493664917189477E-004
   14.3577712609971      -1.068286435062542E-003
   14.3753665689150      -1.191267973238896E-003
   14.3929618768328      -1.298373113859071E-003
   14.4105571847507      -1.386208761653718E-003
   14.4281524926686      -1.432111849588131E-003
   14.4457478005865      -1.442903769491781E-003
   14.4633431085044      -1.407179962712955E-003
   14.4809384164223      -1.337709197383183E-003
   14.4985337243402      -1.225884506698475E-003
   14.5161290322581      -1.087732747112739E-003
   14.5337243401760      -9.166940944690992E-004
   14.5513196480938      -7.318019846185267E-004
   14.5689149560117      -5.287288229017656E-004
   14.5865102639296      -3.301877297280886E-004
   14.6041055718475      -1.360832526171255E-004
   14.6217008797654       2.655305688980869E-005
   14.6392961876833       1.666423028462219E-004
   14.6568914956012       2.715634252181234E-004
   14.6744868035191       3.573445157301564E-004
   14.6920821114370       4.134475608722270E-004
   14.7096774193548       4.582944962086592E-004
   14.7272727272727       4.821749091893570E-004
   14.7448680351906       5.051353572061270E-004
   14.7624633431085       5.178722766412402E-004
   14.7800586510264       5.417531284409649E-004
   14.7976539589443       5.677025477466113E-004
   14.8152492668622       6.171505954007409E-004
   14.8328445747801       6.727732966628572E-004
   14.8504398826979       7.469442688906525E-004
   14.8680351906158       8.193526502379782E-004
   14.8856304985337       9.031476231256477E-004
   14.9032258064516       9.777891356551754E-004
   14.9208211143695       1.057213197680501E-003
   14.9384164222874       1.120622305785846E-003
   14.9560117302053       1.182705466362446E-003
   14.9736070381232       1.222348079200175E-003
   14.9912023460411       1.254913375643204E-003
   15.0087976539589       1.258802876011852E-003
   15.0263929618768       1.251409440757603E-003
   15.0439882697947       1.214283895393757E-003
   15.0615835777126       1.168060711642828E-003
   15.0791788856305       1.094710596521517E-003
   15.0967741935484       1.016110216369966E-003
   15.1143695014663       9.144308304484843E-004
   15.1319648093842       8.128420465728543E-004
   15.1495601173021       6.938583512507250E-004
   15.1671554252199       5.822075861565590E-004
   15.1847507331378       4.612293239332727E-004
   15.2023460410557       3.583078835941087E-004
   15.2199413489736       2.593412840182643E-004
   15.2375366568915       1.911325699734599E-004
   15.2551319648094       1.325838381517600E-004
   15.2727272727273       1.066968939025231E-004
   15.2903225806452       8.972422724568585E-005
   15.3079178885631       1.035159952542972E-004
   15.3255131964809       1.223544261659207E-004
   15.3431085043988       1.672162188500293E-004
   15.3607038123167       2.103958496887664E-004
   15.3782991202346       2.716957897759972E-004
   15.3958944281525       3.207244129402834E-004
   15.4134897360704       3.741273147401183E-004
   15.4310850439883       4.000427249039536E-004
   15.4486803519062       4.221707447902289E-004
   15.4662756598240       4.143284308748927E-004
   15.4838709677419       4.036020677838648E-004
   15.5014662756598       3.649889903113968E-004
   15.5190615835777       3.276112273428173E-004
   15.5366568914956       2.671557307761806E-004
   15.5542521994135       2.145857432765594E-004
   15.5718475073314       1.462841729573287E-004
   15.5894428152493       9.529219094532054E-005
   15.6070381231672       3.952770808126671E-005
   15.6246334310850       1.276920274692495E-005
   15.6422287390029      -1.377568913205152E-005
   15.6598240469208      -1.220017806123280E-005
   15.6774193548387      -1.398161345260512E-005
   15.6950146627566       8.686055584328945E-006
   15.7126099706745       2.315302681269055E-005
   15.7302052785924       5.756406596039743E-005
   15.7478005865103       7.837787081885627E-005
   15.7653958944282       1.142697455407252E-004
   15.7829912023460       1.309581827185860E-004
   15.8005865102639       1.578187004589808E-004
   15.8181818181818       1.608704794814529E-004
   15.8357771260997       1.740344862861996E-004
   15.8533724340176       1.659974186840458E-004
   15.8709677419355       1.718258739388232E-004
   15.8885630498534       1.594481145721582E-004
   15.9061583577713       1.646882448563266E-004
   15.9237536656892       1.548776727385411E-004
   15.9413489736070       1.668106558291231E-004
   15.9589442815249       1.674432575287494E-004
   15.9765395894428       1.949594231457240E-004
   15.9941348973607       2.165519117077049E-004
   16.0117302052786       2.736792897354548E-004
   16.0293255131965       3.352678396480816E-004
   16.0469208211144       4.406898354779891E-004
   16.0645161290323       5.527529819858585E-004
   16.0821114369501       7.081384520617480E-004
   16.0997067448680       8.663688139219832E-004
   16.1173020527859       1.062568771483347E-003
   16.1348973607038       1.253094677156071E-003
   16.1524926686217       1.471279300812591E-003
   16.1700879765396       1.669577230342839E-003
   16.1876832844575       1.878179207963071E-003
   16.2052785923754       2.041877407168621E-003
   16.2228739002933       2.183006353508813E-003
   16.2404692082111       2.249956441225954E-003
   16.2580645161290       2.282945144474484E-003
   16.2756598240469       2.240408406654128E-003
   16.2932551319648       2.169124912386471E-003
   16.3108504398827       2.031524356881084E-003
   16.3284457478006       1.879441679276068E-003
   16.3460410557185       1.678710538451623E-003
   16.3636363636364       1.486473918400091E-003
   16.3812316715543       1.273099268744295E-003
   16.3988269794721       1.103743297129943E-003
   16.4164222873900       9.590680421650704E-004
   16.4340175953079       9.025839607006651E-004
   16.4516129032258       8.895580432798355E-004
   16.4692082111437       9.667723551600019E-004
   16.4868035190616       1.080846622910730E-003
   16.5043988269795       1.274152388332315E-003
   16.5219941348974       1.487866852644756E-003
   16.5395894428153       1.761264091836480E-003
   16.5571847507331       2.030385616145313E-003
   16.5747800586510       2.331023869212866E-003
   16.5923753665689       2.592758661174758E-003
   16.6099706744868       2.843695141436269E-003
   16.6275659824047       3.010550991217334E-003
   16.6451612903226       3.141669356997161E-003
   16.6627565982405       3.182632171447808E-003
   16.6803519061584       3.191057633743998E-003
   16.6979472140762       3.115429980910816E-003
   16.7155425219941       3.018111305039355E-003
   16.7331378299120       2.849052705872955E-003
   16.7507331378299       2.674706365212457E-003
   16.7683284457478       2.446266821416295E-003
   16.7859237536657       2.234633317910473E-003
   16.8035190615836       1.993508227841726E-003
   16.8211143695015       1.798145140373401E-003
   16.8387096774194       1.592666900408943E-003
   16.8563049853372       1.440965354652119E-003
   16.8739002932551       1.280462522324354E-003
   16.8914956011730       1.175163955903127E-003
   16.9090909090909       1.059766023136502E-003
   16.9266862170088       9.995559404560059E-004
   16.9442815249267       9.271784989966502E-004
   16.9618768328446       9.098593424258796E-004
   16.9794721407625       8.787936234116213E-004
   16.9970674486804       9.041993342347770E-004
   17.0146627565982       9.185228233953331E-004
   17.0322580645161       9.993626349424948E-004
   17.0498533724340       1.076750040609853E-003
   17.0674486803519       1.226054656927116E-003
   17.0850439882698       1.371596690321496E-003
   17.1026392961877       1.588530310310792E-003
   17.1202346041056       1.796364406676196E-003
   17.1378299120235       2.070481147078476E-003
   17.1554252199413       2.325335249213594E-003
   17.1730205278592       2.636281302980329E-003
   17.1906158357771       2.911639776631379E-003
   17.2082111436950       3.224282288939547E-003
   17.2258064516129       3.474631601748820E-003
   17.2434017595308       3.743703698426300E-003
   17.2609970674487       3.938273527420813E-003
   17.2785923753666       4.147511055975911E-003
   17.2961876832845       4.276539227385939E-003
   17.3137829912023       4.419663668713835E-003
   17.3313782991202       4.478801330143591E-003
   17.3489736070381       4.552810213592174E-003
   17.3665689149560       4.539227086649798E-003
   17.3841642228739       4.540909578361763E-003
   17.4017595307918       4.448898285422431E-003
   17.4193548387097       4.366760010876827E-003
   17.4369501466276       4.177893002871886E-003
   17.4545454545455       3.997447868038000E-003
   17.4721407624633       3.709466336905270E-003
   17.4897360703812       3.439584060584525E-003
   17.5073313782991       3.068620046124322E-003
   17.5249266862170       2.732673839581851E-003
   17.5425219941349       2.308219839182814E-003
   17.5601173020528       1.943168327962810E-003
   17.5777126099707       1.509454244583744E-003
   17.5953079178886       1.169917318931009E-003
   17.6129032258065       7.953713349830643E-004
   17.6304985337243       5.608438254290710E-004
   17.6480938416422       3.066963763704496E-004
   17.6656891495601       2.046449760243603E-004
   17.6832844574780       7.360331017663835E-005
   17.7008797653959       9.740343677412844E-005
   17.7184750733138       7.399012792844257E-005
   17.7360703812317       2.044677712172795E-004
   17.7536656891496       2.621115822158654E-004
   17.7712609970675       4.708769598620098E-004
   17.7888563049853       5.729368907786488E-004
   17.8064516129032       8.219808074658760E-004
   17.8240469208211       9.225335617605330E-004
   17.8416422287390       1.183454930594323E-003
   17.8592375366569       1.265333703204419E-003
   17.8768328445748       1.543930821661945E-003
   17.8944281524927       1.598640838340210E-003
   17.9120234604106       1.906792199476500E-003
   17.9296187683284       1.908502075263403E-003
   17.9472140762463       2.263167876270510E-003
   17.9648093841642       2.114178489944060E-003
   17.9824046920821       2.545312461117337E-003
   18.0000000000000       1.472924124037155E-003
