  0.000000000000000E+000  1.678137090217019E-003
  1.759530791788856E-002  7.899749830759310E-004
  3.519061583577713E-002  9.201810799882147E-004
  5.278592375366570E-002  6.612480121952871E-004
  7.038123167155426E-002  7.536473971925785E-004
  8.797653958944282E-002  6.102502420004661E-004
  0.105571847507331       6.845935049482958E-004
  0.123167155425220       5.886716387957356E-004
  0.140762463343109       6.529371526905921E-004
  0.158357771260997       5.830636677289371E-004
  0.175953079178886       6.409902859393648E-004
  0.193548387096774       5.873169114284984E-004
  0.211143695014663       6.400349039491665E-004
  0.228739002932551       5.954093924614867E-004
  0.246334310850440       6.409419710689208E-004
  0.263929618768328       5.991743486692265E-004
  0.281524926686217       6.358014632163687E-004
  0.299120234604106       5.929995936271965E-004
  0.316715542521994       6.196746201481518E-004
  0.334310850439883       5.732756628721885E-004
  0.351906158357771       5.894482731699336E-004
  0.369501466275660       5.379221389876760E-004
  0.387096774193548       5.436614380872933E-004
  0.404692082111437       4.866481310055427E-004
  0.422287390029326       4.835374268494609E-004
  0.439882697947214       4.233044791105986E-004
  0.457478005865103       4.148981696330747E-004
  0.475073313782991       3.539432757584213E-004
  0.492668621700880       3.426794135440138E-004
  0.510263929618768       2.826171476342001E-004
  0.527859237536657       2.702389724179030E-004
  0.545454545454546       2.121959896047025E-004
  0.563049853372434       1.999287621210295E-004
  0.580645161290323       1.445790061588213E-004
  0.598240469208211       1.330734907842378E-004
  0.615835777126100       8.032998483757973E-005
  0.633431085043988       6.898526519003132E-005
  0.651026392961877       1.763222155122221E-005
  0.668621700879765       5.694824436206336E-006
  0.686217008797654      -4.476859226863206E-005
  0.703812316715543      -5.735514182608054E-005
  0.721407624633431      -1.069221024685189E-004
  0.739002932551320      -1.198246058300795E-004
  0.756598240469208      -1.681047728525679E-004
  0.774193548387097      -1.806130137266541E-004
  0.791788856304985      -2.267676606177241E-004
  0.809384164222874      -2.375753952420966E-004
  0.826979472140763      -2.799737158198833E-004
  0.844574780058651      -2.874510047222824E-004
  0.862170087976540      -3.252869748991021E-004
  0.879765395894428      -3.292559368743602E-004
  0.897360703812317      -3.628046702923275E-004
  0.914956011730205      -3.637235769130114E-004
  0.932551319648094      -3.937264049690268E-004
  0.950146627565982      -3.924804630935998E-004
  0.967741935483871      -4.200931354597612E-004
  0.985337243401760      -4.180264776520244E-004
   1.00293255131965      -4.449761404643448E-004
   1.02052785923754      -4.442253468482288E-004
   1.03812316715543      -4.728148054064197E-004
   1.05571847507331      -4.749278742910892E-004
   1.07331378299120      -5.058146336898596E-004
   1.09090909090909      -5.108748489398931E-004
   1.10850439882698      -5.438592893851048E-004
   1.12609970674487      -5.513614452133176E-004
   1.14369501466276      -5.857166544813916E-004
   1.16129032258065      -5.946353707432999E-004
   1.17888563049853      -6.290568112102767E-004
   1.19648093841642      -6.376611477404965E-004
   1.21407624633431      -6.697737727797029E-004
   1.23167155425220      -6.748262848886276E-004
   1.24926686217009      -7.014048057501335E-004
   1.26686217008798      -7.006354474603608E-004
   1.28445747800587      -7.203818015113852E-004
   1.30205278592375      -7.130477508364604E-004
   1.31964809384164      -7.256725829154499E-004
   1.33724340175953      -7.118487262962126E-004
   1.35483870967742      -7.178189822056018E-004
   1.37243401759531      -6.983470084842935E-004
   1.39002932551320      -6.989716554098365E-004
   1.40762463343109      -6.757781011155580E-004
   1.42521994134897      -6.737148349070494E-004
   1.44281524926686      -6.493165635953727E-004
   1.46041055718475      -6.458478048890229E-004
   1.47800586510264      -6.203237061811884E-004
   1.49560117302053      -6.149796383288491E-004
   1.51319648093842      -5.875335097737113E-004
   1.53079178885631      -5.792945265314963E-004
   1.54838709677419      -5.487060785220083E-004
   1.56598240469208      -5.362005136058139E-004
   1.58357771260997      -5.009374191975725E-004
   1.60117302052786      -4.824941130792472E-004
   1.61876832844575      -4.409526227173291E-004
   1.63636363636364      -4.161509050069927E-004
   1.65395894428153      -3.699453106956696E-004
   1.67155425219941      -3.416358322876742E-004
   1.68914956011730      -2.938088076275812E-004
   1.70674486803519      -2.650393566033760E-004
   1.72434017595308      -2.186159038562790E-004
   1.74193548387097      -1.924007829018480E-004
   1.75953079178886      -1.503663605396086E-004
   1.77712609970675      -1.296774614298020E-004
   1.79472140762463      -9.497615048747814E-005
   1.81231671554252      -8.267430089606307E-005
   1.82991202346041      -5.721337709141400E-005
   1.84750733137830      -5.307309340370382E-005
   1.86510263929619      -3.484190267825325E-005
   1.88269794721408      -3.631702454406571E-005
   1.90029325513196      -2.269718730561576E-005
   1.91788856304985      -2.711483234572949E-005
   1.93548387096774      -1.536169487491278E-005
   1.95307917888563      -1.990713251549074E-005
   1.97067448680352      -7.108155152564147E-006
   1.98826979472141      -8.753874363236325E-006
   2.00586510263930       8.312649030832023E-006
   2.02346041055718       1.274155428247591E-005
   2.04105571847507       3.619595132027414E-005
   2.05865102639296       4.706662653333178E-005
   2.07624633431085       7.617857100072565E-005
   2.09384164222874       9.239111997647741E-005
   2.11143695014663       1.258471233351343E-004
   2.12903225806452       1.458893288124056E-004
   2.14662756598241       1.819892956911363E-004
   2.16422287390029       2.039504209057305E-004
   2.18181818181818       2.405391654160445E-004
   2.19941348973607       2.619231937189441E-004
   2.21700879765396       2.959600253652554E-004
   2.23460410557185       3.133121272765666E-004
   2.25219941348974       3.418769735880461E-004
   2.26979472140762       3.533792071509455E-004
   2.28739002932551       3.754308025560450E-004
   2.30498533724340       3.804947644191666E-004
   2.32258064516129       3.958141199558765E-004
   2.34017595307918       3.945541414272637E-004
   2.35777126099707       4.035962437303604E-004
   2.37536656891496       3.968362393818510E-004
   2.39296187683284       4.008713000186695E-004
   2.41055718475073       3.905689663745011E-004
   2.42815249266862       3.925869246723728E-004
   2.44574780058651       3.822582446668227E-004
   2.46334310850440       3.851755194293551E-004
   2.48093841642229       3.768161680151875E-004
   2.49853372434018       3.820569508339936E-004
   2.51612903225806       3.767154244429850E-004
   2.53372434017595       3.850226493282838E-004
   2.55131964809384       3.831647869648508E-004
   2.56891495601173       3.947374429737066E-004
   2.58651026392962       3.962727308743986E-004
   2.60410557184751       4.106544664984310E-004
   2.62170087976540       4.145187276498904E-004
   2.63929618768328       4.299646075902273E-004
   2.65689149560117       4.342773444496339E-004
   2.67448680351906       4.493076181473905E-004
   2.69208211143695       4.529465182739169E-004
   2.70967741935484       4.666545911717826E-004
   2.72727272727273       4.688787077525608E-004
   2.74486803519062       4.806701784769648E-004
   2.76246334310850       4.810239151849981E-004
   2.78005865102639       4.905955565885602E-004
   2.79765395894428       4.889560679648458E-004
   2.81524926686217       4.964924534342178E-004
   2.83284457478006       4.935445987288049E-004
   2.85043988269795       5.000659987369950E-004
   2.86803519061584       4.967117849441617E-004
   2.88563049853372       5.028627395013254E-004
   2.90322580645161       4.995729776024562E-004
   2.92082111436950       5.057051397381962E-004
   2.93841642228739       5.027319330679948E-004
   2.95601173020528       5.090118135331484E-004
   2.97360703812317       5.064383251090201E-004
   2.99120234604106       5.128673173239729E-004
   3.00879765395894       5.105964866802189E-004
   3.02639296187683       5.170082703516063E-004
   3.04398826979472       5.149446263580504E-004
   3.06158357771261       5.214208708110016E-004
   3.07917888563050       5.197544391841013E-004
   3.09677419354839       5.265091763884716E-004
   3.11436950146628       5.254522394644822E-004
   3.13196480938416       5.326905549906307E-004
   3.14956011730205       5.324327551816355E-004
   3.16715542521994       5.403262177027091E-004
   3.18475073313783       5.410127593675219E-004
   3.20234604105572       5.496718864757260E-004
   3.21994134897361       5.512995607320662E-004
   3.23753665689150       5.604083408911150E-004
   3.25513196480938       5.622914803414520E-004
   3.27272727272727       5.710210591386714E-004
   3.29032258064516       5.723419896049690E-004
   3.30791788856305       5.798928041318359E-004
   3.32551319648094       5.798611333166410E-004
   3.34310850439883       5.854500405749826E-004
   3.36070381231672       5.832858608366945E-004
   3.37829912023460       5.861372803234938E-004
   3.39589442815249       5.810678561925703E-004
   3.41348973607038       5.804538115372379E-004
   3.43108504398827       5.721211880741049E-004
   3.44868035190616       5.684323475312627E-004
   3.46627565982405       5.577682049018575E-004
   3.48387096774194       5.520474223262663E-004
   3.50146627565982       5.400679122720633E-004
   3.51906158357771       5.333072712832528E-004
   3.53665689149560       5.209774805751655E-004
   3.55425219941349       5.141144363619459E-004
   3.57184750733138       5.023377823863845E-004
   3.58944281524927       4.962362585354909E-004
   3.60703812316716       4.858118389747357E-004
   3.62463343108504       4.810108734397262E-004
   3.64222873900293       4.718776714353376E-004
   3.65982404692082       4.677602557678811E-004
   3.67741935483871       4.591421084127975E-004
   3.69501466275660       4.549648726847393E-004
   3.71260997067449       4.461387177528592E-004
   3.73020527859238       4.411913032171601E-004
   3.74780058651026       4.314505348325197E-004
   3.76539589442815       4.250263441741540E-004
   3.78299120234604       4.136563618369633E-004
   3.80058651026393       4.050259946595512E-004
   3.81818181818182       3.913370862406889E-004
   3.83577712609971       3.801884653380673E-004
   3.85337243401760       3.645410598036803E-004
   3.87096774193548       3.516657727483271E-004
   3.88856304985337       3.349422311855716E-004
   3.90615835777126       3.212366158714613E-004
   3.92375366568915       3.043369728327238E-004
   3.94134897360704       2.906996054536569E-004
   3.95894428152493       2.745127687335664E-004
   3.97653958944282       2.618155992888879E-004
   3.99413489736070       2.471823492039267E-004
   4.01173020527859       2.361849052826169E-004
   4.02932551319648       2.235174304980339E-004
   4.04692082111437       2.140319875363451E-004
   4.06451612903226       2.027610912507095E-004
   4.08211143695015       1.942022740131236E-004
   4.09970674486804       1.838165419578250E-004
   4.11730205278592       1.757270365256052E-004
   4.13489736070381       1.658119128815429E-004
   4.15249266862170       1.578156407286683E-004
   4.17008797653959       1.480278913829510E-004
   4.18768328445748       1.398138342724103E-004
   4.20527859237537       1.298727669480288E-004
   4.22287390029326       1.212336207058074E-004
   4.24046920821114       1.111042727493569E-004
   4.25806451612903       1.021989865789029E-004
   4.27565982404692       9.212559022107856E-005
   4.29325513196481       8.321486816355390E-005
   4.31085043988270       7.346763586986812E-005
   4.32844574780059       6.483226767457301E-005
   4.34604105571848       5.569890087179052E-005
   4.36363636363636       4.763276240008989E-005
   4.38123167155425       3.940659311507245E-005
   4.39882697947214       3.219572896587554E-005
   4.41642228739003       2.510660085689607E-005
   4.43401759530792       1.877887120613101E-005
   4.45161290322581       1.259239726107839E-005
   4.46920821114370       6.826604847150281E-006
   4.48680351906158       1.274272956754440E-006
   4.50439882697947      -4.134165537292199E-006
   4.52199413489736      -9.204064710519385E-006
   4.53958944281525      -1.435537704402842E-005
   4.55718475073314      -1.899419067514034E-005
   4.57478005865103      -2.388714831629516E-005
   4.59237536656892      -2.803882876642343E-005
   4.60997067448680      -3.255148271552933E-005
   4.62756598240469      -3.610627341734656E-005
   4.64516129032258      -4.032859302850212E-005
   4.66275659824047      -4.362582772186685E-005
   4.68035190615836      -4.799719917594684E-005
   4.69794721407625      -5.147683572501757E-005
   4.71554252199414      -5.641837789195390E-005
   4.73313782991202      -6.047738225585422E-005
   4.75073313782991      -6.635295489761761E-005
   4.76832844574780      -7.131693231963509E-005
   4.78592375366569      -7.840192372842911E-005
   4.80351906158358      -8.447890510383982E-005
   4.82111436950147      -9.285055205397788E-005
   4.83870967741935      -9.992208919658563E-005
   4.85630498533724      -1.093359660500900E-004
   4.87390029325513      -1.171710879483409E-004
   4.89149560117302      -1.274338148329908E-004
   4.90909090909091      -1.358510812755112E-004
   4.92668621700880      -1.467763518586386E-004
   4.94428152492669      -1.555747830729753E-004
   4.96187683284458      -1.669342307163131E-004
   4.97947214076246      -1.758461480947593E-004
   4.99706744868035      -1.873106511466317E-004
   5.01466275659824      -1.959094710895325E-004
   5.03225806451613      -2.070099110240462E-004
   5.04985337243402      -2.150093169569577E-004
   5.06744868035191      -2.257344011295713E-004
   5.08504398826980      -2.332819613612581E-004
   5.10263929618768      -2.438418906037261E-004
   5.12023460410557      -2.511840164593647E-004
   5.13782991202346      -2.618427659194354E-004
   5.15542521994135      -2.692503342814270E-004
   5.17302052785924      -2.802689469760974E-004
   5.19061583577713      -2.879782877852107E-004
   5.20821114369502      -2.995228595011447E-004
   5.22580645161290      -3.074832700115560E-004
   5.24340175953079      -3.191626077651583E-004
   5.26099706744868      -3.268124625148863E-004
   5.27859237536657      -3.381338561052181E-004
   5.29618768328446      -3.450921800517218E-004
   5.31378299120235      -3.557474657105150E-004
   5.33137829912024      -3.617655672887703E-004
   5.34897360703812      -3.715511983942595E-004
   5.36656891495601      -3.764644417229974E-004
   5.38416422287390      -3.852428373931490E-004
   5.40175953079179      -3.889304927399851E-004
   5.41935483870968      -3.965545313230648E-004
   5.43695014662757      -3.987796621398847E-004
   5.45454545454546      -4.049423304460697E-004
   5.47214076246334      -4.054345677751931E-004
   5.48973607038123      -4.099396076287644E-004
   5.50733137829912      -4.085663214046703E-004
   5.52492668621701      -4.113337626392210E-004
   5.54252199413490      -4.080651160959287E-004
   5.56011730205279      -4.091092627381615E-004
   5.57771260997067      -4.040033451109017E-004
   5.59530791788856      -4.034204437521646E-004
   5.61290322580645      -3.966002939147811E-004
   5.63049853372434      -3.944492643254472E-004
   5.64809384164223      -3.858180113759831E-004
   5.66568914956012      -3.819056533177568E-004
   5.68328445747801      -3.712941155735674E-004
   5.70087976539589      -3.655077541483498E-004
   5.71847507331378      -3.528616315715548E-004
   5.73607038123167      -3.452040065344676E-004
   5.75366568914956      -3.305890455064061E-004
   5.77126099706745      -3.211917953989432E-004
   5.78885630498534      -3.048176509851398E-004
   5.80645161290323      -2.939889923729959E-004
   5.82404692082111      -2.762649432780802E-004
   5.84164222873900      -2.643816882238580E-004
   5.85923753665689      -2.455045240005783E-004
   5.87683284457478      -2.326167775887118E-004
   5.89442815249267      -2.125984734691456E-004
   5.91202346041056      -1.987155241853699E-004
   5.92961876832845      -1.775792488904895E-004
   5.94721407624634      -1.627464708391402E-004
   5.96480938416422      -1.405724854391158E-004
   5.98240469208211      -1.249146863236113E-004
   6.00000000000000      -1.018947323797286E-004
   6.01759530791789      -8.571507268490484E-005
   6.03519061583578      -6.229479561419671E-005
   6.05278592375367      -4.607161609153820E-005
   6.07038123167156      -2.264358569962405E-005
   6.08797653958944      -6.690187098823588E-006
   6.10557184750733       1.646469190119043E-005
   6.12316715542522       3.188355219829521E-005
   6.14076246334311       5.450108104501691E-005
   6.15835777126100       6.911547888680302E-005
   6.17595307917889       9.090646732893269E-005
   6.19354838709677       1.043991261024193E-004
   6.21114369501466       1.249925391968528E-004
   6.22873900293255       1.369763014640971E-004
   6.24633431085044       1.561118733636416E-004
   6.26392961876833       1.665295432399096E-004
   6.28152492668622       1.842638940997648E-004
   6.29912023460411       1.932089517632644E-004
   6.31671554252199       2.096463609021322E-004
   6.33431085043988       2.172256713540660E-004
   6.35190615835777       2.324621087816512E-004
   6.36950146627566       2.387532522859923E-004
   6.38709677419355       2.528307829224209E-004
   6.40469208211144       2.578157457677007E-004
   6.42228739002933       2.706010750865977E-004
   6.43988269794721       2.740523791598983E-004
   6.45747800586510       2.853664817429122E-004
   6.47507331378299       2.872424881912298E-004
   6.49266862170088       2.971334192985167E-004
   6.51026392961877       2.975323966880856E-004
   6.52785923753666       3.061285517012293E-004
   6.54545454545455       3.051995961291424E-004
   6.56304985337243       3.126575079770653E-004
   6.58064516129032       3.105563941758741E-004
   6.59824046920821       3.170128371531716E-004
   6.61583577712610       3.138280375826690E-004
   6.63343108504399       3.193027184218248E-004
   6.65102639296188       3.150661084819687E-004
   6.66862170087977       3.196831219854605E-004
   6.68621700879765       3.146009641337859E-004
   6.70381231671554       3.186070139438461E-004
   6.72140762463343       3.129512572758021E-004
   6.73900293255132       3.166267100999035E-004
   6.75659824046921       3.106772177695458E-004
   6.77419354838710       3.142815657634324E-004
   6.79178885630499       3.082590312507637E-004
   6.80938416422287       3.119093924635172E-004
   6.82697947214076       3.056698393537196E-004
   6.84457478005865       3.089120830179925E-004
   6.86217008797654       3.019546711009998E-004
   6.87976539589443       3.044613041632356E-004
   6.89736070381232       2.966257526192150E-004
   6.91495601173021       2.983501269467374E-004
   6.93255131964809       2.896874381040548E-004
   6.95014662756598       2.907613382729415E-004
   6.96774193548387       2.814789660528856E-004
   6.98533724340176       2.821746686495169E-004
   7.00293255131965       2.726059860001121E-004
   7.02052785923754       2.732627410260710E-004
   7.03812316715543       2.636110857894942E-004
   7.05571847507331       2.642340661720008E-004
   7.07331378299120       2.544505009810968E-004
   7.09090909090909       2.550443425339070E-004
   7.10850439882698       2.451991146812539E-004
   7.12609970674487       2.458929993819760E-004
   7.14369501466276       2.361754741422836E-004
   7.16129032258065       2.372133496520573E-004
   7.17888563049853       2.279229198772100E-004
   7.19648093841642       2.296518577572800E-004
   7.21407624633431       2.211461608797381E-004
   7.23167155425220       2.236847095836387E-004
   7.24926686217009       2.156091496923143E-004
   7.26686217008798       2.183176093606748E-004
   7.28445747800587       2.100568079700222E-004
   7.30205278592375       2.124213486394740E-004
   7.31964809384164       2.035643494120793E-004
   7.33724340175953       2.052761381062814E-004
   7.35483870967742       1.956260863428855E-004
   7.37243401759531       1.966076126931133E-004
   7.39002932551320       1.862273519158569E-004
   7.40762463343109       1.867208798759928E-004
   7.42521994134897       1.760178468923919E-004
   7.44281524926686       1.763387984934316E-004
   7.46041055718475       1.653017048211701E-004
   7.47800586510264       1.652090148006126E-004
   7.49560117302053       1.535572879511588E-004
   7.51319648093842       1.527908312854154E-004
   7.53079178885631       1.403150156965347E-004
   7.54838709677419       1.387366673575235E-004
   7.56598240469208       1.253978205285694E-004
   7.58357771260997       1.230975817917782E-004
   7.60117302052786       1.091760659997742E-004
   7.61876832844575       1.067239469888283E-004
   7.63636363636364       9.298914660516820E-005
   7.65395894428153       9.091815128275432E-005
   7.67155425219941       7.747177485084786E-005
   7.68914956011730       7.563807513069178E-005
   7.70674486803519       6.224260914735774E-005
   7.72434017595308       6.036521099879375E-005
   7.74193548387097       4.673912163975565E-005
   7.75953079178886       4.456394900077954E-005
   7.77712609970675       3.052467312534897E-005
   7.79472140762463       2.798840654329223E-005
   7.81231671554252       1.373367015338584E-005
   7.82991202346041       1.149678032455301E-005
   7.84750733137830      -2.024565951565541E-006
   7.86510263929619      -3.228654533131280E-006
   7.88269794721408      -1.565506776550922E-005
   7.90029325513197      -1.570839726631111E-005
   7.91788856304985      -2.707156016397062E-005
   7.93548387096774      -2.611661349710724E-005
   7.95307917888563      -3.663324467725208E-005
   7.97067448680352      -3.493458881727823E-005
   7.98826979472141      -4.487929643081483E-005
   8.00586510263930      -4.265889035663477E-005
   8.02346041055718      -5.199257488755234E-005
   8.04105571847507      -4.877190434134978E-005
   8.05865102639296      -5.681502428281310E-005
   8.07624633431085      -5.209978573834201E-005
   8.09384164222874      -5.860052339582611E-005
   8.11143695014663      -5.231513866699277E-005
   8.12903225806452      -5.733915549742941E-005
   8.14662756598241      -4.967125442499222E-005
   8.16422287390029      -5.350759391572494E-005
   8.18181818181818      -4.483303062596306E-005
   8.19941348973607      -4.791705861104133E-005
   8.21700879765396      -3.863266443559613E-005
   8.23460410557185      -4.102215299365326E-005
   8.25219941348974      -3.074110805433678E-005
   8.26979472140763      -3.194291850477684E-005
   8.28739002932551      -2.033708822605995E-005
   8.30498533724340      -2.019713675699429E-005
   8.32258064516129      -7.272212079489742E-006
   8.34017595307918      -5.944481349992439E-006
   8.35777126099707       7.995733697497663E-006
   8.37536656891496       1.005922594382277E-005
   8.39296187683285       2.440355888813284E-005
   8.41055718475073       2.642461462512561E-005
   8.42815249266862       4.041995459909769E-005
   8.44574780058651       4.209681880335729E-005
   8.46334310850440       5.594519380829615E-005
   8.48093841642229       5.763585919631743E-005
   8.49853372434018       7.163468374785711E-005
   8.51612903225807       7.354865730649223E-005
   8.53372434017595       8.780141913830782E-005
   8.55131964809384       8.992626137561555E-005
   8.56891495601173       1.042855558424030E-004
   8.58651026392962       1.063219808219168E-004
   8.60410557184751       1.202922576666010E-004
   8.62170087976540       1.215854997936901E-004
   8.63929618768329       1.347074729303584E-004
   8.65689149560117       1.353588927470667E-004
   8.67448680351906       1.481124237539001E-004
   8.69208211143695       1.486587130144372E-004
   8.70967741935484       1.615331335265522E-004
   8.72727272727273       1.623867834429518E-004
   8.74486803519062       1.756837026825350E-004
   8.76246334310851       1.770103083400017E-004
   8.78005865102639       1.907139234676940E-004
   8.79765395894428       1.922580486770085E-004
   8.81524926686217       2.057285405960576E-004
   8.83284457478006       2.064949444976340E-004
   8.85043988269795       2.189041909737633E-004
   8.86803519061584       2.186228892650687E-004
   8.88563049853373       2.300764587840157E-004
   8.90322580645161       2.290041218550775E-004
   8.92082111436950       2.398199157312404E-004
   8.93841642228739       2.382891757577617E-004
   8.95601173020528       2.487713180173378E-004
   8.97360703812317       2.470182048406672E-004
   8.99120234604106       2.572800467380863E-004
   9.00879765395895       2.551854644303113E-004
   9.02639296187683       2.647452550807837E-004
   9.04398826979472       2.616987879618508E-004
   9.06158357771261       2.702860493873287E-004
   9.07917888563050       2.664490522029906E-004
   9.09677419354839       2.744504962272649E-004
   9.11436950146628       2.703209450984750E-004
   9.13196480938416       2.782896524322545E-004
   9.14956011730205       2.744337200172885E-004
   9.16715542521994       2.829024462671643E-004
   9.18475073313783       2.797676992575867E-004
   9.20234604105572       2.889991213546881E-004
   9.21994134897361       2.864359210047125E-004
   9.23753665689150       2.957502016792532E-004
   9.25513196480938       2.930299236865907E-004
   9.27272727272727       3.021513186264309E-004
   9.29032258064516       2.994047899039379E-004
   9.30791788856305       3.086933001158958E-004
   9.32551319648094       3.064359721830631E-004
   9.34310850439883       3.164993911402403E-004
   9.36070381231672       3.153852904867739E-004
   9.37829912023460       3.268542371012016E-004
   9.39589442815249       3.274045291703827E-004
   9.41348973607038       3.403894955573050E-004
   9.43108504398827       3.415433629081387E-004
   9.44868035190616       3.536811640491737E-004
   9.46627565982405       3.529024988709011E-004
   9.48387096774194       3.622732669565615E-004
   9.50146627565982       3.582189686654955E-004
   9.51906158357771       3.639208162827208E-004
   9.53665689149560       3.560787324010685E-004
   9.55425219941349       3.579550729016032E-004
   9.57184750733138       3.465120437869852E-004
   9.58944281524927       3.450863743983884E-004
   9.60703812316716       3.309192136529252E-004
   9.62463343108504       3.271500698782337E-004
   9.64222873900293       3.105571086287595E-004
   9.65982404692082       3.038034881274977E-004
   9.67741935483871       2.838171220409841E-004
   9.69501466275660       2.732645543174674E-004
   9.71260997067449       2.493024440946641E-004
   9.73020527859238       2.346251800380748E-004
   9.74780058651026       2.066531032972851E-004
   9.76539589442815       1.881424501319569E-004
   9.78299120234604       1.568404059586927E-004
   9.80058651026393       1.356717963602540E-004
   9.81818181818182       1.029157556217489E-004
   9.83577712609971       8.142038792341594E-005
   9.85337243401760       4.902850878339961E-005
   9.87096774193548       2.809231938165121E-005
   9.88856304985337      -3.534723818660906E-006
   9.90615835777126      -2.367093468679565E-005
   9.92375366568915      -5.433950294839085E-005
   9.94134897360704      -7.346122434463770E-005
   9.95894428152493      -1.028807547151959E-004
   9.97653958944282      -1.205663329929318E-004
   9.99413489736071      -1.481142780212629E-004
   10.0117302052786      -1.634130360815508E-004
   10.0293255131965      -1.879351840691485E-004
   10.0469208211144      -2.001926430620298E-004
   10.0645161290323      -2.219344729028506E-004
   10.0821114369501      -2.319313449474062E-004
   10.0997067448680      -2.518264501941117E-004
   10.1173020527859      -2.605302664722840E-004
   10.1348973607038      -2.795119895157111E-004
   10.1524926686217      -2.877650637716953E-004
   10.1700879765396      -3.065157072347253E-004
   10.1876832844575      -3.147559580735380E-004
   10.2052785923754      -3.332793228133499E-004
   10.2228739002933      -3.406991063007067E-004
   10.2404692082111      -3.574205572691779E-004
   10.2580645161290      -3.626258673164934E-004
   10.2756598240469      -3.769677484181185E-004
   10.2932551319648      -3.799738841543851E-004
   10.3108504398827      -3.922755869020509E-004
   10.3284457478006      -3.936442963883201E-004
   10.3460410557185      -4.046070644730540E-004
   10.3636363636364      -4.051199170613160E-004
   10.3812316715543      -4.155284357391607E-004
   10.3988269794721      -4.158747015286992E-004
   10.4164222873900      -4.260175853421901E-004
   10.4340175953079      -4.255773603931630E-004
   10.4516129032258      -4.341507962943973E-004
   10.4692082111437      -4.318643049800946E-004
   10.4868035190616      -4.384000523163996E-004
   10.5043988269795      -4.342462159442990E-004
   10.5219941348974      -4.390671686773331E-004
   10.5395894428153      -4.336631690631317E-004
   10.5571847507331      -4.376475757893394E-004
   10.5747800586510      -4.321151098789960E-004
   10.5923753665689      -4.366162755373701E-004
   10.6099706744868      -4.325529503996716E-004
   10.6275659824047      -4.393510647180749E-004
   10.6451612903226      -4.384897288924765E-004
   10.6627565982405      -4.491153536989857E-004
   10.6803519061584      -4.528785602721174E-004
   10.6979472140762      -4.687473743101314E-004
   10.7155425219941      -4.785539969476914E-004
   10.7331378299120      -5.010670329321356E-004
   10.7507331378299      -5.182672648555938E-004
   10.7683284457478      -5.486651494263187E-004
   10.7859237536657      -5.742939358941118E-004
   10.8035190615836      -6.131682552755097E-004
   10.8211143695015      -6.461979395598218E-004
   10.8387096774194      -6.888762254311697E-004
   10.8563049853372      -7.215330418209939E-004
   10.8739002932551      -7.601588571570357E-004
   10.8914956011730      -7.858204761693818E-004
   10.9090909090909      -8.147965124604610E-004
   10.9266862170088      -8.287851135645003E-004
   10.9442815249267      -8.443229770706897E-004
   10.9618768328446      -8.437739221637461E-004
   10.9794721407625      -8.440394806868011E-004
   10.9970674486804      -8.283680308811766E-004
   11.0146627565982      -8.147023632835767E-004
   11.0322580645161      -7.877577600070083E-004
   11.0498533724340      -7.648633816605598E-004
   11.0674486803519      -7.298799607191641E-004
   11.0850439882698      -6.994086640647964E-004
   11.1026392961877      -6.572467633441302E-004
   11.1202346041056      -6.196337500176645E-004
   11.1378299120235      -5.704895880896762E-004
   11.1554252199413      -5.258195184171884E-004
   11.1730205278592      -4.697913832196356E-004
   11.1906158357771      -4.183072296301026E-004
   11.2082111436950      -3.560863166321311E-004
   11.2258064516129      -2.998663756921115E-004
   11.2434017595308      -2.355785436392641E-004
   11.2609970674487      -1.796260307825145E-004
   11.2785923753666      -1.176521786512866E-004
   11.2961876832845      -6.553058301326099E-005
   11.3137829912023      -8.853048066161634E-006
   11.3313782991202       3.695686253310445E-005
   11.3489736070381       8.632031025110957E-005
   11.3665689149560       1.242685518906335E-004
   11.3841642228739       1.652830731058113E-004
   11.4017595307918       1.950023841145082E-004
   11.4193548387097       2.286027449909242E-004
   11.4369501466276       2.532466033498906E-004
   11.4545454545455       2.841027215233748E-004
   11.4721407624633       3.080248641034806E-004
   11.4897360703812       3.396083011068865E-004
   11.5073313782991       3.656469090118101E-004
   11.5249266862170       4.002688700457848E-004
   11.5425219941349       4.302451243344877E-004
   11.5601173020528       4.692233004915179E-004
   11.5777126099707       5.038917018013213E-004
   11.5953079178886       5.472929687981209E-004
   11.6129032258065       5.856116542841474E-004
   11.6304985337243       6.306083324814072E-004
   11.6480938416422       6.685455120248084E-004
   11.6656891495601       7.115495576840488E-004
   11.6832844574780       7.465173256772665E-004
   11.7008797653959       7.855526539430208E-004
   11.7184750733138       8.159255810352734E-004
   11.7360703812317       8.495971296289741E-004
   11.7536656891496       8.741284698836391E-004
   11.7712609970675       9.012675178358593E-004
   11.7888563049853       9.188017184459241E-004
   11.8064516129032       9.381751117473611E-004
   11.8240469208211       9.477454268395606E-004
   11.8416422287390       9.598342809449377E-004
   11.8592375366569       9.639103580942998E-004
   11.8768328445748       9.721924970095774E-004
   11.8944281524927       9.743883279186067E-004
   11.9120234604106       9.824208245743662E-004
   11.9296187683284       9.861390413527953E-004
   11.9472140762463       9.970461799065373E-004
   11.9648093841642       1.004984392788985E-003
   11.9824046920821       1.020784193299548E-003
   12.0000000000000       1.033820191171057E-003
   12.0175953079179       1.052654755514189E-003
   12.0351906158358       1.063805058645618E-003
   12.0527859237537       1.075309322220368E-003
   12.0703812316716       1.075674641027477E-003
   12.0879765395894       1.073906918834937E-003
   12.1055718475073       1.059704741386045E-003
   12.1231671554252       1.042609469951467E-003
   12.1407624633431       1.013305430015977E-003
   12.1583577712610       9.817801401600218E-004
   12.1759530791789       9.396795709766945E-004
   12.1935483870968       8.974819105379159E-004
   12.2111436950147       8.478861058511997E-004
   12.2287390029326       8.001645793200878E-004
   12.2463343108504       7.445215893260005E-004
   12.2639296187683       6.886663885554148E-004
   12.2815249266862       6.232853741064419E-004
   12.2991202346041       5.562947803867340E-004
   12.3167155425220       4.791967037499925E-004
   12.3343108504399       4.003424036307918E-004
   12.3519061583578       3.123201741885492E-004
   12.3695014662757       2.242858802076739E-004
   12.3870967741935       1.304821399584040E-004
   12.4046920821114       4.219913864355962E-005
   12.4222873900293      -4.247256065705357E-005
   12.4398826979472      -1.123985652963256E-004
   12.4574780058651      -1.739654951487998E-004
   12.4750733137830      -2.197321312182177E-004
   12.4926686217009      -2.574529343316511E-004
   12.5102639296188      -2.811615879747932E-004
   12.5278592375367      -2.992478883104669E-004
   12.5454545454545      -3.067348846816334E-004
   12.5630498533724      -3.123528750304127E-004
   12.5806451612903      -3.118425461547105E-004
   12.5982404692082      -3.140148880946658E-004
   12.6158357771261      -3.143778213654363E-004
   12.6334310850440      -3.185198483753354E-004
   12.6510263929619      -3.197499402517393E-004
   12.6686217008798      -3.237450303899656E-004
   12.6862170087977      -3.249379568266338E-004
   12.7038123167155      -3.295368810850881E-004
   12.7214076246334      -3.329515135129646E-004
   12.7390029325513      -3.418967273309668E-004
   12.7565982404692      -3.527990419995271E-004
   12.7741935483871      -3.730158380951185E-004
   12.7917888563050      -4.002343637786549E-004
   12.8093841642229      -4.430809902233682E-004
   12.8269794721408      -4.984883070409264E-004
   12.8445747800587      -5.693179077046694E-004
   12.8621700879765      -6.483516468244936E-004
   12.8797653958944      -7.371521983897063E-004
   12.8973607038123      -8.283900066740464E-004
   12.9149560117302      -9.232033489486658E-004
   12.9325513196481      -1.014452317555907E-003
   12.9501466275660      -1.103082540049009E-003
   12.9677419354839      -1.182331806196379E-003
   12.9853372434018      -1.253176115668851E-003
   13.0029325513196      -1.309611052433661E-003
   13.0205278592375      -1.354911776882504E-003
   13.0381231671554      -1.388930776564885E-003
   13.0557184750733      -1.417833740866530E-003
   13.0733137829912      -1.441165884058339E-003
   13.0909090909091      -1.464284806707550E-003
   13.1085043988270      -1.486494428838078E-003
   13.1260997067449      -1.512531727239801E-003
   13.1436950146628      -1.541520031436568E-003
   13.1612903225806      -1.577548248360624E-003
   13.1788856304985      -1.619393530747550E-003
   13.1964809384164      -1.670145859568668E-003
   13.2140762463343      -1.726398779662573E-003
   13.2316715542522      -1.784165809133349E-003
   13.2492668621701      -1.835443395151989E-003
   13.2668621700880      -1.877066366305333E-003
   13.2844574780059      -1.903323254937866E-003
   13.3020527859238      -1.912512791360400E-003
   13.3196480938416      -1.900811943382385E-003
   13.3372434017595      -1.868119007273209E-003
   13.3548387096774      -1.812932337600362E-003
   13.3724340175953      -1.737660225854913E-003
   13.3900293255132      -1.644652614906246E-003
   13.4076246334311      -1.543443444344219E-003
   13.4252199413490      -1.451607293051056E-003
   13.4428152492669      -1.386835643382326E-003
   13.4604105571848      -1.358720332913332E-003
   13.4780058651026      -1.374809507088198E-003
   13.4956011730205      -1.438978211104525E-003
   13.5131964809384      -1.553283440475349E-003
   13.5307917888563      -1.717175142843702E-003
   13.5483870967742      -1.927625637758666E-003
   13.5659824046921      -2.179263766046347E-003
   13.5835777126100      -2.462614752281263E-003
   13.6011730205279      -2.764075482278494E-003
   13.6187683284457      -3.059613963461021E-003
   13.6363636363636      -3.329919973315428E-003
   13.6539589442815      -3.565742537314140E-003
   13.6715542521994      -3.762009674933306E-003
   13.6891495601173      -3.915682823953616E-003
   13.7067448680352      -4.026579380631085E-003
   13.7243401759531      -4.094837252347588E-003
   13.7419354838710      -4.123562577449211E-003
   13.7595307917889      -4.115319349592825E-003
   13.7771260997067      -4.076154751982657E-003
   13.7947214076246      -4.011194228897071E-003
   13.8123167155425      -3.930538934321806E-003
   13.8299120234604      -3.840160761144242E-003
   13.8475073313783      -3.745356207409946E-003
   13.8651026392962      -3.647340018566186E-003
   13.8826979472141      -3.550274298685092E-003
   13.9002932551320      -3.454707034615735E-003
   13.9178885630499      -3.364803482231876E-003
   13.9354838709677      -3.280871590869019E-003
   13.9530791788856      -3.207336519610662E-003
   13.9706744868035      -3.144451843748388E-003
   13.9882697947214      -3.097051757730367E-003
   14.0058651026393      -3.065529501970590E-003
   14.0234604105572      -3.053714682229384E-003
   14.0410557184751      -3.057685524636201E-003
   14.0586510263930      -3.078297500225220E-003
   14.0762463343109      -3.111021658996206E-003
   14.0938416422287      -3.156880486032554E-003
   14.1114369501466      -3.211200265986204E-003
   14.1290322580645      -3.275254593978795E-003
   14.1466275659824      -3.344291570678378E-003
   14.1642228739003      -3.419874781837817E-003
   14.1818181818182      -3.497215459495499E-003
   14.1994134897361      -3.578195567980952E-003
   14.2170087976540      -3.657847561395146E-003
   14.2346041055718      -3.737438604802029E-003
   14.2521994134897      -3.811036407890331E-003
   14.2697947214076      -3.880070314888408E-003
   14.2873900293255      -3.938688240022939E-003
   14.3049853372434      -3.988744546138743E-003
   14.3225806451613      -4.024530633466913E-003
   14.3401759530792      -4.048402615808069E-003
   14.3577712609971      -4.054901311949158E-003
   14.3753665689150      -4.047047004229132E-003
   14.3929618768328      -4.019880292024305E-003
   14.4105571847507      -3.977940827194830E-003
   14.4281524926686      -3.920305727414231E-003
   14.4457478005865      -3.855923960853629E-003
   14.4633431085044      -3.784339922568263E-003
   14.4809384164223      -3.713869836350476E-003
   14.4985337243402      -3.643559428869705E-003
   14.5161290322581      -3.581630013010722E-003
   14.5337243401760      -3.526886534237395E-003
   14.5513196480938      -3.487645303401976E-003
   14.5689149560117      -3.462641967229190E-003
   14.5865102639296      -3.460466622398336E-003
   14.6041055718475      -3.480069225259610E-003
   14.6217008797654      -3.527655945959138E-003
   14.6392961876833      -3.592742720565796E-003
   14.6568914956012      -3.673796038534737E-003
   14.6744868035191      -3.758918580242681E-003
   14.6920821114370      -3.846513817329981E-003
   14.7096774193548      -3.924562724459576E-003
   14.7272727272727      -3.991670529209473E-003
   14.7448680351906      -4.035995145723167E-003
   14.7624633431085      -4.056657064815270E-003
   14.7800586510264      -4.042533306212935E-003
   14.7976539589443      -3.994133391397602E-003
   14.8152492668622      -3.905515466080132E-003
   14.8328445747801      -3.793843168632305E-003
   14.8504398826979      -3.665762625419551E-003
   14.8680351906158      -3.537574271711693E-003
   14.8856304985337      -3.412586661531071E-003
   14.9032258064516      -3.304634876789849E-003
   14.9208211143695      -3.214699296276488E-003
   14.9384164222874      -3.154398967175730E-003
   14.9560117302053      -3.122296053028595E-003
   14.9736070381232      -3.127286606063496E-003
   14.9912023460411      -3.164548431370770E-003
   15.0087976539589      -3.236923974428845E-003
   15.0263929618768      -3.326652394589644E-003
   15.0439882697947      -3.427240030858303E-003
   15.0615835777126      -3.523691905833399E-003
   15.0791788856305      -3.614688092445324E-003
   15.0967741935484      -3.687909258871263E-003
   15.1143695014663      -3.744212824532506E-003
   15.1319648093842      -3.772902036801155E-003
   15.1495601173021      -3.776363782602641E-003
   15.1671554252199      -3.745227872377868E-003
   15.1847507331378      -3.683297903900277E-003
   15.2023460410557      -3.582766718010109E-003
   15.2199413489736      -3.450820508583680E-003
   15.2375366568915      -3.285244926803980E-003
   15.2551319648094      -3.096011343536207E-003
   15.2727272727273      -2.880569500286471E-003
   15.2903225806452      -2.648793315024426E-003
   15.3079178885631      -2.398229143569886E-003
   15.3255131964809      -2.139013121974313E-003
   15.3431085043988      -1.869102555522931E-003
   15.3607038123167      -1.599168308703195E-003
   15.3782991202346      -1.328036418170503E-003
   15.3958944281525      -1.067586509635763E-003
   15.4134897360704      -8.197105462296167E-004
   15.4310850439883      -6.007298846093577E-004
   15.4486803519062      -4.122708571040826E-004
   15.4662756598240      -2.667147961673481E-004
   15.4838709677419      -1.628101732737010E-004
   15.5014662756598      -1.107596791921852E-004
   15.5190615835777      -1.074069452751464E-004
   15.5366568914956      -1.609342734645820E-004
   15.5542521994135      -2.661169587812261E-004
   15.5718475073314      -4.285203984065818E-004
   15.5894428152493      -6.397533298712854E-004
   15.6070381231672      -8.992776633522907E-004
   15.6246334310850      -1.183895031185888E-003
   15.6422287390029      -1.479019610404457E-003
   15.6598240469208      -1.763306188142166E-003
   15.6774193548387      -2.029264293569145E-003
   15.6950146627566      -2.259865229577751E-003
   15.7126099706745      -2.451180238912514E-003
   15.7302052785924      -2.589390624737276E-003
   15.7478005865103      -2.673667275877342E-003
   15.7653958944282      -2.693540433083445E-003
   15.7829912023460      -2.652037882985145E-003
   15.8005865102639      -2.544059173873430E-003
   15.8181818181818      -2.384486762277560E-003
   15.8357771260997      -2.185952269076120E-003
   15.8533724340176      -1.966722944677072E-003
   15.8709677419355      -1.732699192827210E-003
   15.8885630498534      -1.497618774304542E-003
   15.9061583577713      -1.264297829161668E-003
   15.9237536656892      -1.043846746831587E-003
   15.9413489736070      -8.368928036200580E-004
   15.9589442815249      -6.522014133754465E-004
   15.9765395894428      -4.881042608044597E-004
   15.9941348973607      -3.503943486422807E-004
   16.0117302052786      -2.323076595300909E-004
   16.0293255131965      -1.298607393961140E-004
   16.0469208211144      -3.197052943636336E-005
   16.0645161290323       6.225625744828489E-005
   16.0821114369501       1.602371272907752E-004
   16.0997067448680       2.610625571757944E-004
   16.1173020527859       3.702234417234871E-004
   16.1348973607038       4.855666025887028E-004
   16.1524926686217       6.108159935939404E-004
   16.1700879765396       7.424453789069137E-004
   16.1876832844575       8.818859333050804E-004
   16.2052785923754       1.022556113339286E-003
   16.2228739002933       1.157357565399360E-003
   16.2404692082111       1.271221529044176E-003
   16.2580645161290       1.357198325415178E-003
   16.2756598240469       1.405048428671426E-003
   16.2932551319648       1.410196825957521E-003
   16.3108504398827       1.365178203629162E-003
   16.3284457478006       1.267150046803039E-003
   16.3460410557185       1.111321632668713E-003
   16.3636363636364       8.968490143634123E-004
   16.3812316715543       6.225150924773783E-004
   16.3988269794721       2.913019262941684E-004
   16.4164222873900      -8.626352481116050E-005
   16.4340175953079      -4.849837157157396E-004
   16.4516129032258      -8.837126018990942E-004
   16.4692082111437      -1.263799714222213E-003
   16.4868035190616      -1.609213343500596E-003
   16.5043988269795      -1.906016889792084E-003
   16.5219941348974      -2.141180596590352E-003
   16.5395894428153      -2.304793285269888E-003
   16.5571847507331      -2.386750751692966E-003
   16.5747800586510      -2.381811136394138E-003
   16.5923753665689      -2.284126742995488E-003
   16.6099706744868      -2.098465893763151E-003
   16.6275659824047      -1.840550037646387E-003
   16.6451612903226      -1.533620532641524E-003
   16.6627565982405      -1.190498350140597E-003
   16.6803519061584      -8.279658093915883E-004
   16.6979472140762      -4.541592470165118E-004
   16.7155425219941      -8.337920835378288E-005
   16.7331378299120       2.795618290431383E-004
   16.7507331378299       6.220025669329050E-004
   16.7683284457478       9.421830328499051E-004
   16.7859237536657       1.229053735960643E-003
   16.8035190615836       1.484672261413907E-003
   16.8211143695015       1.702648316049381E-003
   16.8387096774194       1.892105515970102E-003
   16.8563049853372       2.046653226353326E-003
   16.8739002932551       2.174776894818395E-003
   16.8914956011730       2.268669467234249E-003
   16.9090909090909       2.337744874257830E-003
   16.9266862170088       2.373412747307658E-003
   16.9442815249267       2.386640595055309E-003
   16.9618768328446       2.368445773099764E-003
   16.9794721407625       2.332096231683429E-003
   16.9970674486804       2.269119860827813E-003
   17.0146627565982       2.198111074834400E-003
   17.0322580645161       2.114790810815548E-003
   17.0498533724340       2.038294660056310E-003
   17.0674486803519       1.958352810039526E-003
   17.0850439882698       1.892451447394323E-003
   17.1026392961877       1.826682797700288E-003
   17.1202346041056       1.778281124555889E-003
   17.1378299120235       1.730061480154032E-003
   17.1554252199413       1.699307529635540E-003
   17.1730205278592       1.665347085652266E-003
   17.1906158357771       1.645322594325846E-003
   17.2082111436950       1.613807381386957E-003
   17.2258064516129       1.590161372510451E-003
   17.2434017595308       1.554782829461247E-003
   17.2609970674487       1.536713666798606E-003
   17.2785923753666       1.516156625305746E-003
   17.2961876832845       1.525111099859577E-003
   17.3137829912023       1.541552872499566E-003
   17.3313782991202       1.600017350494670E-003
   17.3489736070381       1.675410818516216E-003
   17.3665689149560       1.804511552851103E-003
   17.3841642228739       1.958034287889322E-003
   17.4017595307918       2.173757673658592E-003
   17.4193548387097       2.409508497146039E-003
   17.4369501466276       2.685606553111482E-003
   17.4545454545455       2.945396427184806E-003
   17.4721407624633       3.216986111494429E-003
   17.4897360703812       3.443157397951696E-003
   17.5073313782991       3.659752685663183E-003
   17.5249266862170       3.807505748202238E-003
   17.5425219941349       3.930425402177199E-003
   17.5601173020528       3.966724521213200E-003
   17.5777126099707       3.970233393695496E-003
   17.5953079178886       3.877391118810253E-003
   17.6129032258065       3.759331504569535E-003
   17.6304985337243       3.566799849186317E-003
   17.6480938416422       3.391897523242661E-003
   17.6656891495601       3.171453765806241E-003
   17.6832844574780       3.001218334233185E-003
   17.7008797653959       2.803256845767663E-003
   17.7184750733138       2.682401554971515E-003
   17.7360703812317       2.544597468461550E-003
   17.7536656891496       2.507403712714927E-003
   17.7712609970675       2.457183321792845E-003
   17.7888563049853       2.528305412913944E-003
   17.8064516129032       2.580642835259826E-003
   17.8240469208211       2.765909429215458E-003
   17.8416422287390       2.905225819722343E-003
   17.8592375366569       3.187917516864172E-003
   17.8768328445748       3.394932831468766E-003
   17.8944281524927       3.773981321075415E-003
   17.9120234604106       4.038845080873626E-003
   17.9296187683284       4.535586576084682E-003
   17.9472140762463       4.855725446680929E-003
   17.9648093841642       5.556446723972768E-003
   17.9824046920821       5.943035498304157E-003
   18.0000000000000       7.473157204801192E-003
