  0.000000000000000E+000  1.615169444654937E-003
  1.759530791788856E-002  3.573189590331139E-004
  3.519061583577713E-002  5.543314779686179E-004
  5.278592375366570E-002  2.013934409141576E-004
  7.038123167155426E-002  3.415592594317318E-004
  8.797653958944282E-002  1.487507669693110E-004
  0.105571847507331       2.567817404463688E-004
  0.123167155425220       1.247520272392559E-004
  0.140762463343109       2.109775807014300E-004
  0.158357771260997       1.085942900450895E-004
  0.175953079178886       1.783223381521183E-004
  0.193548387096774       9.194103946313536E-005
  0.211143695014663       1.478870664828671E-004
  0.228739002932551       6.980118542961622E-005
  0.246334310850440       1.132901103352533E-004
  0.263929618768328       3.931674090096559E-005
  0.281524926686217       7.208066582666705E-005
  0.299120234604106       3.683916771456408E-007
  0.316715542521994       2.429872275839628E-005
  0.334310850439883      -4.568651886816672E-005
  0.351906158357771      -2.847640190780465E-005
  0.369501466275660      -9.623046200710277E-005
  0.387096774193548      -8.316008756262166E-005
  0.404692082111437      -1.469484106212139E-004
  0.422287390029326      -1.341119579189635E-004
  0.439882697947214      -1.904933324165498E-004
  0.457478005865103      -1.741590622796077E-004
  0.475073313782991      -2.215166155943023E-004
  0.492668621700880      -2.001858036142764E-004
  0.510263929618768      -2.382267743345453E-004
  0.527859237536657      -2.114744279699493E-004
  0.545454545454546      -2.407256019069107E-004
  0.563049853372434      -2.090246206284401E-004
  0.580645161290323      -2.308582107835032E-004
  0.598240469208211      -1.957612086603941E-004
  0.615835777126100      -2.129689368033257E-004
  0.633431085043988      -1.778782576144924E-004
  0.651026392961877      -1.940314911142474E-004
  0.668621700879765      -1.611387965991820E-004
  0.686217008797654      -1.777841770115365E-004
  0.703812316715543      -1.479282903775816E-004
  0.721407624633431      -1.657947103820158E-004
  0.739002932551320      -1.392536101201059E-004
  0.756598240469208      -1.585876701549965E-004
  0.774193548387097      -1.352463665173705E-004
  0.791788856304985      -1.559112020568529E-004
  0.809384164222874      -1.353068770109252E-004
  0.826979472140763      -1.569639192647434E-004
  0.844574780058651      -1.389819737829811E-004
  0.862170087976540      -1.620624745309559E-004
  0.879765395894428      -1.471421907532956E-004
  0.897360703812317      -1.721131464038790E-004
  0.914956011730205      -1.605105745262673E-004
  0.932551319648094      -1.875914050925636E-004
  0.950146627565982      -1.792812429421849E-004
  0.967741935483871      -2.083387583274191E-004
  0.985337243401760      -2.028586171588198E-004
   1.00293255131965      -2.331231826726204E-004
   1.02052785923754      -2.288635240821531E-004
   1.03812316715543      -2.577423273941591E-004
   1.05571847507331      -2.517090986731968E-004
   1.07331378299120      -2.768558365011772E-004
   1.09090909090909      -2.672878988033271E-004
   1.10850439882698      -2.874214297058095E-004
   1.12609970674487      -2.733355930597229E-004
   1.14369501466276      -2.878375888434826E-004
   1.16129032258065      -2.688815600302837E-004
   1.17888563049853      -2.777831043474390E-004
   1.19648093841642      -2.543498365848516E-004
   1.21407624633431      -2.587318311244505E-004
   1.23167155425220      -2.328483571891132E-004
   1.24926686217009      -2.353302404862982E-004
   1.26686217008798      -2.092063882498407E-004
   1.28445747800587      -2.114196975285482E-004
   1.30205278592375      -1.862637892834012E-004
   1.31964809384164      -1.891775448141650E-004
   1.33724340175953      -1.657026707532732E-004
   1.35483870967742      -1.698495170872693E-004
   1.37243401759531      -1.483480589265072E-004
   1.39002932551320      -1.538078885202037E-004
   1.40762463343109      -1.339891026643511E-004
   1.42521994134897      -1.398607084926852E-004
   1.44281524926686      -1.201223900501419E-004
   1.46041055718475      -1.247314102267425E-004
   1.47800586510264      -1.037662648796251E-004
   1.49560117302053      -1.061722146947706E-004
   1.51319648093842      -8.325025217620208E-005
   1.53079178885631      -8.293984170672835E-005
   1.54838709677419      -5.771442238133185E-005
   1.56598240469208      -5.455034058881430E-005
   1.58357771260997      -2.708529980363206E-005
   1.60117302052786      -2.143687955718970E-005
   1.61876832844575       7.383506099153947E-006
   1.63636363636364       1.382986853563384E-005
   1.65395894428153       4.195461402935868E-005
   1.67155425219941       4.743935671768435E-005
   1.68914956011730       7.353796686391972E-005
   1.70674486803519       7.698799643356879E-005
   1.72434017595308       1.002128946248804E-004
   1.74193548387097       1.009550723870722E-004
   1.75953079178886       1.208278070918880E-004
   1.77712609970675       1.185672045535744E-004
   1.79472140762463       1.350347284922943E-004
   1.81231671554252       1.300867202119982E-004
   1.82991202346041       1.442380342362229E-004
   1.84750733137830       1.384595874929783E-004
   1.86510263929619       1.522890537889997E-004
   1.88269794721408       1.473525748441637E-004
   1.90029325513196       1.622697483353507E-004
   1.91788856304985       1.593844788365552E-004
   1.93548387096774       1.764426920822091E-004
   1.95307917888563       1.764969622999624E-004
   1.97067448680352       1.964304432273889E-004
   1.98826979472141       1.999650092701292E-004
   2.00586510263930       2.230583547914654E-004
   2.02346041055718       2.297358663234611E-004
   2.04105571847507       2.546399126715281E-004
   2.05865102639296       2.624260970174966E-004
   2.07624633431085       2.871655040372747E-004
   2.09384164222874       2.943295466192521E-004
   2.11143695014663       3.173448079867194E-004
   2.12903225806452       3.224492812438278E-004
   2.14662756598241       3.424170054364532E-004
   2.16422287390029       3.442304460671938E-004
   2.18181818181818       3.600203616764561E-004
   2.19941348973607       3.575073447670756E-004
   2.21700879765396       3.682946848407561E-004
   2.23460410557185       3.612578950688691E-004
   2.25219941348974       3.677537660243791E-004
   2.26979472140762       3.573886110923033E-004
   2.28739002932551       3.608599139251675E-004
   2.30498533724340       3.484347393261510E-004
   2.32258064516129       3.501767309766091E-004
   2.34017595307918       3.370150704175625E-004
   2.35777126099707       3.383997425200019E-004
   2.37536656891496       3.259280257946339E-004
   2.39296187683284       3.284673553352122E-004
   2.41055718475073       3.183193017086517E-004
   2.42815249266862       3.235765637562795E-004
   2.44574780058651       3.166611047728147E-004
   2.46334310850440       3.247006347372393E-004
   2.48093841642229       3.206211419085105E-004
   2.49853372434018       3.308877971545810E-004
   2.51612903225806       3.289756177303211E-004
   2.53372434017595       3.407091539236872E-004
   2.55131964809384       3.401098599616276E-004
   2.56891495601173       3.523655713460714E-004
   2.58651026392962       3.520237541025200E-004
   2.60410557184751       3.636021310245488E-004
   2.62170087976540       3.621557070854563E-004
   2.63929618768328       3.718130355764342E-004
   2.65689149560117       3.685217402381929E-004
   2.67448680351906       3.759936529348586E-004
   2.69208211143695       3.708087111055565E-004
   2.70967741935484       3.761744356319843E-004
   2.72727272727273       3.692759019707985E-004
   2.74486803519062       3.728139379741092E-004
   2.76246334310850       3.645739160972326E-004
   2.78005865102639       3.667669749899825E-004
   2.79765395894428       3.577988082603549E-004
   2.81524926686217       3.594684730483746E-004
   2.83284457478006       3.507792408310828E-004
   2.85043988269795       3.528236606690115E-004
   2.86803519061584       3.449684678115667E-004
   2.88563049853372       3.476935217886425E-004
   2.90322580645161       3.408430226061700E-004
   2.92082111436950       3.443284707664570E-004
   2.93841642228739       3.384828643275551E-004
   2.95601173020528       3.426617383260801E-004
   2.97360703812317       3.376835570455702E-004
   2.99120234604106       3.423482503354563E-004
   3.00879765395894       3.379313313988993E-004
   3.02639296187683       3.426462033894829E-004
   3.04398826979472       3.382784082255442E-004
   3.06158357771261       3.425966987273151E-004
   3.07917888563050       3.379353421016814E-004
   3.09677419354839       3.415785803696387E-004
   3.11436950146628       3.363786637819485E-004
   3.13196480938416       3.391317053829680E-004
   3.14956011730205       3.331996263564467E-004
   3.16715542521994       3.348936428900909E-004
   3.18475073313783       3.280827331038288E-004
   3.20234604105572       3.286037759155355E-004
   3.21994134897361       3.208613985359281E-004
   3.23753665689150       3.202783013588280E-004
   3.25513196480938       3.117710761348046E-004
   3.27272727272727       3.102613459825649E-004
   3.29032258064516       3.011374001271690E-004
   3.30791788856305       2.988333176676442E-004
   3.32551319648094       2.892116047280175E-004
   3.34310850439883       2.862269505543377E-004
   3.36070381231672       2.762157634909035E-004
   3.37829912023460       2.726612822912287E-004
   3.39589442815249       2.623758723442492E-004
   3.41348973607038       2.583934814616003E-004
   3.43108504398827       2.480447724369372E-004
   3.44868035190616       2.439226051884854E-004
   3.46627565982405       2.338019826242361E-004
   3.48387096774194       2.297908729592736E-004
   3.50146627565982       2.201087827772827E-004
   3.51906158357771       2.163902017103552E-004
   3.53665689149560       2.072987714107726E-004
   3.55425219941349       2.040001462412795E-004
   3.57184750733138       1.955988340880037E-004
   3.58944281524927       1.927937763565223E-004
   3.60703812316716       1.851219259586868E-004
   3.62463343108504       1.827914535322683E-004
   3.64222873900293       1.757337634900513E-004
   3.65982404692082       1.736891647993333E-004
   3.67741935483871       1.670320852347131E-004
   3.69501466275660       1.650542605113792E-004
   3.71260997067449       1.585637999786312E-004
   3.73020527859238       1.564028169420663E-004
   3.74780058651026       1.498054143159048E-004
   3.76539589442815       1.471619376506054E-004
   3.78299120234604       1.401209419609996E-004
   3.80058651026393       1.366083185873389E-004
   3.81818181818182       1.286772009502916E-004
   3.83577712609971       1.239329928981455E-004
   3.85337243401760       1.150538305465912E-004
   3.87096774193548       1.093060803900254E-004
   3.88856304985337       9.982613694738180E-005
   3.90615835777126       9.347980812378706E-005
   3.92375366568915       8.384600451799909E-005
   3.94134897360704       7.738762437682319E-005
   3.95894428152493       6.812227976217359E-005
   3.97653958944282       6.211639339164951E-005
   3.99413489736070       5.383217098643693E-005
   4.01173020527859       4.896711089485623E-005
   4.02932551319648       4.235797151534609E-005
   4.04692082111437       3.910322829215288E-005
   4.06451612903226       3.430465287610106E-005
   4.08211143695015       3.259320844740464E-005
   4.09970674486804       2.944107866906472E-005
   4.11730205278592       2.903636155587962E-005
   4.13489736070381       2.722236621242730E-005
   4.15249266862170       2.774464234810056E-005
   4.17008797653959       2.680551243637482E-005
   4.18768328445748       2.769274544273748E-005
   4.20527859237537       2.691591315878195E-005
   4.22287390029326       2.726260526430181E-005
   4.24046920821114       2.573638723878406E-005
   4.25806451612903       2.497277805899100E-005
   4.27565982404692       2.250551398814277E-005
   4.29325513196481       2.064029339124718E-005
   4.31085043988270       1.735376742707244E-005
   4.32844574780059       1.460037265469437E-005
   4.34604105571848       1.078267578766050E-005
   4.36363636363636       7.500554281961974E-006
   4.38123167155425       3.578316304742091E-006
   4.39882697947214       2.697635032646029E-007
   4.41642228739003      -3.180467654936736E-006
   4.43401759530792      -5.989362573688580E-006
   4.45161290322581      -8.703516295833879E-006
   4.46920821114370      -1.099254890531845E-005
   4.48680351906158      -1.304063272656959E-005
   4.50439882697947      -1.490228480583280E-005
   4.52199413489736      -1.639144677910470E-005
   4.53958944281525      -1.794050975863946E-005
   4.55718475073314      -1.899476186419863E-005
   4.57478005865103      -2.036236974028315E-005
   4.59237536656892      -2.112573736008728E-005
   4.60997067448680      -2.247670492265949E-005
   4.62756598240469      -2.314814048747102E-005
   4.64516129032258      -2.468116711574419E-005
   4.66275659824047      -2.540976554800826E-005
   4.68035190615836      -2.721515342623447E-005
   4.69794721407625      -2.805672263931234E-005
   4.71554252199414      -3.016373695660127E-005
   4.73313782991202      -3.112816989266960E-005
   4.75073313782991      -3.352790940888868E-005
   4.76832844574780      -3.459352486481521E-005
   4.78592375366569      -3.725284237840888E-005
   4.80351906158358      -3.838664922331684E-005
   4.82111436950147      -4.131177145498697E-005
   4.83870967741935      -4.263276152398490E-005
   4.85630498533724      -4.603119292470276E-005
   4.87390029325513      -4.772996223011370E-005
   4.89149560117302      -5.172555336484676E-005
   4.90909090909091      -5.386820910166049E-005
   4.92668621700880      -5.846827017490136E-005
   4.94428152492669      -6.100413308194023E-005
   4.96187683284458      -6.609183007055639E-005
   4.97947214076246      -6.882963323568156E-005
   4.99706744868035      -7.411653177471894E-005
   5.01466275659824      -7.662239937278556E-005
   5.03225806451613      -8.153673924346675E-005
   5.04985337243402      -8.331223830393299E-005
   5.06744868035191      -8.758624995404846E-005
   5.08504398826980      -8.853254524407173E-005
   5.10263929618768      -9.214431330312001E-005
   5.12023460410557      -9.228844110657357E-005
   5.13782991202346      -9.529646615721987E-005
   5.15542521994135      -9.472230572267267E-005
   5.17302052785924      -9.722601745456593E-005
   5.19061583577713      -9.604628127346174E-005
   5.20821114369502      -9.816252069496975E-005
   5.22580645161290      -9.648107183355667E-005
   5.24340175953079      -9.826918773965693E-005
   5.26099706744868      -9.610812055794959E-005
   5.27859237536657      -9.757838902339440E-005
   5.29618768328446      -9.494959796858017E-005
   5.31378299120235      -9.610825895202066E-005
   5.33137829912024      -9.301126322832279E-005
   5.34897360703812      -9.384304160839977E-005
   5.36656891495601      -9.024471064115725E-005
   5.38416422287390      -9.068600686908229E-005
   5.40175953079179      -8.647706963653769E-005
   5.41935483870968      -8.633259593463608E-005
   5.43695014662757      -8.125022513924166E-005
   5.45454545454546      -8.031613922151794E-005
   5.47214076246334      -7.429762978493268E-005
   5.48973607038123      -7.260559616855835E-005
   5.50733137829912      -6.573799855260631E-005
   5.52492668621701      -6.341246721179263E-005
   5.54252199413490      -5.585124896459160E-005
   5.56011730205279      -5.306918199862859E-005
   5.57771260997067      -4.500943365766311E-005
   5.59530791788856      -4.197394584843836E-005
   5.61290322580645      -3.360874243737391E-005
   5.63049853372434      -3.042255217047971E-005
   5.64809384164223      -2.171526528644288E-005
   5.66568914956012      -1.827847973232371E-005
   5.68328445747801      -9.160622937022189E-006
   5.70087976539589      -5.446529539335054E-006
   5.71847507331378       4.071978924249097E-006
   5.73607038123167       8.023759283538711E-006
   5.75366568914956       1.787261756924591E-005
   5.77126099706745       2.196557705421132E-005
   5.78885630498534       3.201923097255583E-005
   5.80645161290323       3.610092870303583E-005
   5.82404692082111       4.619501440264748E-005
   5.84164222873900       5.014849723375986E-005
   5.85923753665689       6.023660626352925E-005
   5.87683284457478       6.404718087838690E-005
   5.89442815249267       7.410623275931772E-005
   5.91202346041056       7.774054333875550E-005
   5.92961876832845       8.772313771030263E-005
   5.94721407624634       9.112328479982057E-005
   5.96480938416422       1.009585428918824E-004
   5.98240469208211       1.040459650944559E-004
   6.00000000000000       1.136485149550282E-004
   6.01759530791789       1.163589859794392E-004
   6.03519061583578       1.257495037388128E-004
   6.05278592375367       1.282069944192198E-004
   6.07038123167156       1.375232588338088E-004
   6.08797653958944       1.398230813305757E-004
   6.10557184750733       1.491128182863148E-004
   6.12316715542522       1.512611002608926E-004
   6.14076246334311       1.604848602190392E-004
   6.15835777126100       1.623973480496144E-004
   6.17595307917889       1.714168522297520E-004
   6.19354838709677       1.728949568554435E-004
   6.21114369501466       1.814223633733066E-004
   6.22873900293255       1.821114925305486E-004
   6.24633431085044       1.898666119385761E-004
   6.26392961876833       1.896685935485756E-004
   6.28152492668622       1.966714815651469E-004
   6.29912023460411       1.956498764731625E-004
   6.31671554252199       2.019800036231509E-004
   6.33431085043988       2.002240049241064E-004
   6.35190615835777       2.059700120569992E-004
   6.36950146627566       2.035659471265347E-004
   6.38709677419355       2.088034675077412E-004
   6.40469208211144       2.058132909267663E-004
   6.42228739002933       2.105865403267602E-004
   6.43988269794721       2.070670097152900E-004
   6.45747800586510       2.114712906526896E-004
   6.47507331378299       2.075460165563323E-004
   6.49266862170088       2.117019548460606E-004
   6.51026392961877       2.074810867191904E-004
   6.52785923753666       2.114792371545129E-004
   6.54545454545455       2.070310280691766E-004
   6.56304985337243       2.109069491248173E-004
   6.58064516129032       2.062269388048891E-004
   6.59824046920821       2.099151764571958E-004
   6.61583577712610       2.048389440185778E-004
   6.63343108504399       2.080752248525147E-004
   6.65102639296188       2.023895566975562E-004
   6.66862170087977       2.051236787854318E-004
   6.68621700879765       1.989016916875211E-004
   6.70381231671554       2.012665835669055E-004
   6.72140762463343       1.946827396812457E-004
   6.73900293255132       1.968794429644235E-004
   6.75659824046921       1.901575938253415E-004
   6.77419354838710       1.924232088346670E-004
   6.79178885630499       1.858123425657125E-004
   6.80938416422287       1.883977180070480E-004
   6.82697947214076       1.821375402307006E-004
   6.84457478005865       1.852503183372307E-004
   6.86217008797654       1.795280657711307E-004
   6.87976539589443       1.833496054679302E-004
   6.89736070381232       1.783467349373777E-004
   6.91495601173021       1.830489674849388E-004
   6.93255131964809       1.789257439097419E-004
   6.95014662756598       1.846464654603114E-004
   6.96774193548387       1.815124787333793E-004
   6.98533724340176       1.883149327500528E-004
   7.00293255131965       1.861604715423677E-004
   7.02052785923754       1.938734753968813E-004
   7.03812316715543       1.923088000378573E-004
   7.05571847507331       2.004722248546100E-004
   7.07331378299120       1.991648733786923E-004
   7.09090909090909       2.075770011920473E-004
   7.10850439882698       2.064084293522614E-004
   7.12609970674487       2.150085899285498E-004
   7.14369501466276       2.139647403597635E-004
   7.16129032258065       2.227714357697347E-004
   7.17888563049853       2.218954089534489E-004
   7.19648093841642       2.309590743164745E-004
   7.21407624633431       2.302704010921431E-004
   7.23167155425220       2.394663861471940E-004
   7.24926686217009       2.386725847361805E-004
   7.26686217008798       2.476854359738523E-004
   7.28445747800587       2.465610734470979E-004
   7.30205278592375       2.552486962392353E-004
   7.31964809384164       2.537218192301443E-004
   7.33724340175953       2.620706726020392E-004
   7.35483870967742       2.601843721514534E-004
   7.37243401759531       2.682860292037357E-004
   7.39002932551320       2.661797153544039E-004
   7.40762463343109       2.742074209526234E-004
   7.42521994134897       2.720004361259998E-004
   7.44281524926686       2.798592515237240E-004
   7.46041055718475       2.772637014348516E-004
   7.47800586510264       2.846485907502724E-004
   7.49560117302053       2.814339514591164E-004
   7.51319648093842       2.881849287777630E-004
   7.53079178885631       2.842655689867358E-004
   7.54838709677419       2.903701555081389E-004
   7.56598240469208       2.858151702837020E-004
   7.58357771260997       2.914291987892564E-004
   7.60117302052786       2.865026008498061E-004
   7.61876832844575       2.919984930316810E-004
   7.63636363636364       2.870260224181211E-004
   7.65395894428153       2.924467382503845E-004
   7.67155425219941       2.872323994865257E-004
   7.68914956011730       2.923201337733818E-004
   7.70674486803519       2.866182380894366E-004
   7.72434017595308       2.911549944302390E-004
   7.74193548387097       2.847937573208418E-004
   7.75953079178886       2.886633147136335E-004
   7.77712609970675       2.816031360288178E-004
   7.79472140762463       2.848620621349317E-004
   7.81231671554252       2.773146535251899E-004
   7.82991202346041       2.803334623704078E-004
   7.84750733137830       2.726325891390215E-004
   7.86510263929619       2.755168204954371E-004
   7.88269794721408       2.675970970339264E-004
   7.90029325513197       2.702165223590839E-004
   7.91788856304985       2.619308123885610E-004
   7.93548387096774       2.641406835818951E-004
   7.95307917888563       2.553698061543827E-004
   7.97067448680352       2.570936181304491E-004
   7.98826979472141       2.478332857345238E-004
   8.00586510263930       2.491898886246680E-004
   8.02346041055718       2.397690351624129E-004
   8.04105571847507       2.412150082807009E-004
   8.05865102639296       2.319436615646237E-004
   8.07624633431085       2.335287726833933E-004
   8.09384164222874       2.243058757847840E-004
   8.11143695014663       2.258512722982946E-004
   8.12903225806452       2.164541292977010E-004
   8.14662756598241       2.177146204833928E-004
   8.16422287390029       2.079000499382118E-004
   8.18181818181818       2.086579136513995E-004
   8.19941348973607       1.982770336208957E-004
   8.21700879765396       1.985643630236058E-004
   8.23460410557185       1.879901124353071E-004
   8.25219941348974       1.883754805178835E-004
   8.26979472140763       1.780400350274882E-004
   8.28739002932551       1.787326105004049E-004
   8.30498533724340       1.686975085242643E-004
   8.32258064516129       1.696481736950000E-004
   8.34017595307918       1.597810199136351E-004
   8.35777126099707       1.607872327308853E-004
   8.37536656891496       1.508354733514776E-004
   8.39296187683285       1.516086929905527E-004
   8.41055718475073       1.412963538728868E-004
   8.42815249266862       1.417408045373082E-004
   8.44574780058651       1.312986718206272E-004
   8.46334310850440       1.318035155663910E-004
   8.48093841642229       1.215447933136172E-004
   8.49853372434018       1.222975644541865E-004
   8.51612903225807       1.123138500804751E-004
   8.53372434017595       1.133193659040920E-004
   8.55131964809384       1.035419914931825E-004
   8.56891495601173       1.046632425796188E-004
   8.58651026392962       9.490022595132031E-005
   8.60410557184751       9.590550286971239E-005
   8.62170087976540       8.600904731238645E-005
   8.63929618768329       8.707880272167182E-005
   8.65689149560117       7.756979393388997E-005
   8.67448680351906       7.926072371281309E-005
   8.69208211143695       7.056659524242221E-005
   8.70967741935484       7.317806930121839E-005
   8.72727272727273       6.548005995459798E-005
   8.74486803519062       6.907346652522173E-005
   8.76246334310851       6.231412922742810E-005
   8.78005865102639       6.670293099402701E-005
   8.79765395894428       6.055632139192800E-005
   8.81524926686217       6.526622476995719E-005
   8.83284457478006       5.931867375342937E-005
   8.85043988269795       6.432974392564797E-005
   8.86803519061584       5.891768754841958E-005
   8.88563049853373       6.463861697395867E-005
   8.90322580645161       6.012256938431059E-005
   8.92082111436950       6.683638684227978E-005
   8.93841642228739       6.340606040615415E-005
   8.95601173020528       7.118723764000013E-005
   8.97360703812317       6.877965104282824E-005
   8.99120234604106       7.738977952073508E-005
   9.00879765395895       7.550819968067161E-005
   9.02639296187683       8.415003704843202E-005
   9.04398826979472       8.201612146904748E-005
   9.06158357771261       9.033068564099360E-005
   9.07917888563050       8.797140748682460E-005
   9.09677419354839       9.614042914235809E-005
   9.11436950146628       9.379957196929779E-005
   9.13196480938416       1.020882771269436E-004
   9.14956011730205       1.000264070319642E-004
   9.16715542521994       1.086636954862033E-004
   9.18475073313783       1.070544681007814E-004
   9.20234604105572       1.161161890744138E-004
   9.21994134897361       1.148944435368097E-004
   9.23753665689150       1.242705716235290E-004
   9.25513196480938       1.235264150132044E-004
   9.27272727272727       1.335440264443149E-004
   9.29032258064516       1.336970940620095E-004
   9.30791788856305       1.447792244434519E-004
   9.32551319648094       1.462223292285571E-004
   9.34310850439883       1.586943857941473E-004
   9.36070381231672       1.616545385638305E-004
   9.37829912023460       1.755916694228966E-004
   9.39589442815249       1.799219996963133E-004
   9.41348973607038       1.947514201916119E-004
   9.43108504398827       1.992550136024509E-004
   9.44868035190616       2.135789190043790E-004
   9.46627565982405       2.173500325949971E-004
   9.48387096774194       2.308247153238690E-004
   9.50146627565982       2.338458059918595E-004
   9.51906158357771       2.466532279250319E-004
   9.53665689149560       2.492458706419648E-004
   9.55425219941349       2.617958063722806E-004
   9.57184750733138       2.644117659864714E-004
   9.58944281524927       2.771377303584552E-004
   9.60703812316716       2.800659953735403E-004
   9.62463343108504       2.927244922521827E-004
   9.64222873900293       2.949288949305394E-004
   9.65982404692082       3.062102490921738E-004
   9.67741935483871       3.067720559444533E-004
   9.69501466275660       3.162113381411501E-004
   9.71260997067449       3.149969723135756E-004
   9.73020527859238       3.227402510431608E-004
   9.74780058651026       3.201453027254440E-004
   9.76539589442815       3.268157552952755E-004
   9.78299120234604       3.236779801292251E-004
   9.80058651026393       3.303125004143908E-004
   9.81818181818182       3.277162989441931E-004
   9.83577712609971       3.348109854203818E-004
   9.85337243401760       3.322363827186623E-004
   9.87096774193548       3.388063206862107E-004
   9.88856304985337       3.354076917759952E-004
   9.90615835777126       3.408509285884491E-004
   9.92375366568915       3.362792500193613E-004
   9.94134897360704       3.405130033407652E-004
   9.95894428152493       3.349772317412013E-004
   9.97653958944282       3.385422622879707E-004
   9.99413489736071       3.329838085189814E-004
   10.0117302052786       3.373890325342490E-004
   10.0293255131965       3.337691035383315E-004
   10.0469208211144       3.405156937397797E-004
   10.0645161290323       3.392352779364920E-004
   10.0821114369501       3.479982455191348E-004
   10.0997067448680       3.484829780427693E-004
   10.1173020527859       3.585863668891701E-004
   10.1348973607038       3.601248222278699E-004
   10.1524926686217       3.708661668791437E-004
   10.1700879765396       3.728062219775140E-004
   10.1876832844575       3.836218096359386E-004
   10.2052785923754       3.855546428936729E-004
   10.2228739002933       3.962285869409245E-004
   10.2404692082111       3.979296173736870E-004
   10.2580645161290       4.079139122594939E-004
   10.2756598240469       4.085418152873318E-004
   10.2932551319648       4.169156407758724E-004
   10.3108504398827       4.155740614062740E-004
   10.3284457478006       4.215106534514004E-004
   10.3460410557185       4.174920374898101E-004
   10.3636363636364       4.204501061553576E-004
   10.3812316715543       4.134554190022541E-004
   10.3988269794721       4.134946931027871E-004
   10.4164222873900       4.042565269142865E-004
   10.4340175953079       4.029913454502270E-004
   10.4516129032258       3.932790465271806E-004
   10.4692082111437       3.917429134491226E-004
   10.4868035190616       3.818907585386549E-004
   10.5043988269795       3.800346994270143E-004
   10.5219941348974       3.697555736269540E-004
   10.5395894428153       3.671390160318650E-004
   10.5571847507331       3.559064095427619E-004
   10.5747800586510       3.519891588177425E-004
   10.5923753665689       3.393388302700107E-004
   10.6099706744868       3.339621956817724E-004
   10.6275659824047       3.206450956608080E-004
   10.6451612903226       3.156476084676264E-004
   10.6627565982405       3.036634345646917E-004
   10.6803519061584       3.004091695615363E-004
   10.6979472140762       2.905143053763315E-004
   10.7155425219941       2.893204195357648E-004
   10.7331378299120       2.814624442973779E-004
   10.7507331378299       2.819529983913320E-004
   10.7683284457478       2.754674835644673E-004
   10.7859237536657       2.767211637353049E-004
   10.8035190615836       2.704828725633945E-004
   10.8211143695015       2.716468050569606E-004
   10.8387096774194       2.662811176703908E-004
   10.8563049853372       2.697533413779324E-004
   10.8739002932551       2.681117221109349E-004
   10.8914956011730       2.762810937650942E-004
   10.9090909090909       2.802226069417636E-004
   10.9266862170088       2.944018190011578E-004
   10.9442815249267       3.046426924299871E-004
   10.9618768328446       3.248692078732698E-004
   10.9794721407625       3.406089198605602E-004
   10.9970674486804       3.649666314037957E-004
   11.0146627565982       3.823451435833258E-004
   11.0322580645161       4.043457620237115E-004
   11.0498533724340       4.162990352822208E-004
   11.0674486803519       4.311461590015557E-004
   11.0850439882698       4.352900685854341E-004
   11.1026392961877       4.420844004934052E-004
   11.1202346041056       4.386152487851792E-004
   11.1378299120235       4.385096150692149E-004
   11.1554252199413       4.295002745653234E-004
   11.1730205278592       4.255396212965565E-004
   11.1906158357771       4.151618697978597E-004
   11.2082111436950       4.131931870501027E-004
   11.2258064516129       4.096314857664672E-004
   11.2434017595308       4.186376062274822E-004
   11.2609970674487       4.285634692407941E-004
   11.2785923753666       4.521883102281098E-004
   11.2961876832845       4.774033691068366E-004
   11.3137829912023       5.162155281135246E-004
   11.3313782991202       5.562112689502211E-004
   11.3489736070381       6.086700131516868E-004
   11.3665689149560       6.608214512205381E-004
   11.3841642228739       7.230435746138060E-004
   11.4017595307918       7.817651789324861E-004
   11.4193548387097       8.453652410508316E-004
   11.4369501466276       8.995865805378092E-004
   11.4545454545455       9.543449262216845E-004
   11.4721407624633       9.973729262230844E-004
   11.4897360703812       1.039287896224490E-003
   11.5073313782991       1.068741119206893E-003
   11.5249266862170       1.096718306475569E-003
   11.5425219941349       1.112645477541837E-003
   11.5601173020528       1.127853389726097E-003
   11.5777126099707       1.132629292264140E-003
   11.5953079178886       1.138871099158771E-003
   11.6129032258065       1.138491696621256E-003
   11.6304985337243       1.144417243185947E-003
   11.6480938416422       1.147725388777265E-003
   11.6656891495601       1.159321986218230E-003
   11.6832844574780       1.169518208166175E-003
   11.7008797653959       1.188420866343839E-003
   11.7184750733138       1.206072862375480E-003
   11.7360703812317       1.231958245068855E-003
   11.7536656891496       1.255933201725286E-003
   11.7712609970675       1.286869430974992E-003
   11.7888563049853       1.314381304092837E-003
   11.8064516129032       1.346487131066750E-003
   11.8240469208211       1.372369373618005E-003
   11.8416422287390       1.400248224534996E-003
   11.8592375366569       1.420586472360930E-003
   11.8768328445748       1.441916477231588E-003
   11.8944281524927       1.455085160136080E-003
   11.9120234604106       1.468531154579956E-003
   11.9296187683284       1.473353932683805E-003
   11.9472140762463       1.477806253951509E-003
   11.9648093841642       1.473177694284749E-003
   11.9824046920821       1.467475549766771E-003
   12.0000000000000       1.452115534119018E-003
   12.0175953079179       1.435177826794420E-003
   12.0351906158358       1.410246901499276E-003
   12.0527859237537       1.387298445846578E-003
   12.0703812316716       1.360531285153203E-003
   12.0879765395894       1.339631701809174E-003
   12.1055718475073       1.318854534076276E-003
   12.1231671554252       1.307485679170356E-003
   12.1407624633431       1.299694856728495E-003
   12.1583577712610       1.304194604716245E-003
   12.1759530791789       1.314768598885998E-003
   12.1935483870968       1.339097612622654E-003
   12.2111436950147       1.368994310881588E-003
   12.2287390029326       1.406570674829098E-003
   12.2463343108504       1.440294797323053E-003
   12.2639296187683       1.473540650805298E-003
   12.2815249266862       1.497249304035293E-003
   12.2991202346041       1.516111262463473E-003
   12.3167155425220       1.522603602731515E-003
   12.3343108504399       1.522454102062396E-003
   12.3519061583578       1.509593504401408E-003
   12.3695014662757       1.490891681420828E-003
   12.3870967741935       1.462039535066710E-003
   12.4046920821114       1.431964179866009E-003
   12.4222873900293       1.398965516727021E-003
   12.4398826979472       1.370154342776949E-003
   12.4574780058651       1.339361337589991E-003
   12.4750733137830       1.311182044725638E-003
   12.4926686217009       1.278863824594771E-003
   12.5102639296188       1.246348332351269E-003
   12.5278592375367       1.206906974992482E-003
   12.5454545454545       1.164293720597409E-003
   12.5630498533724       1.112164005596082E-003
   12.5806451612903       1.054552455552446E-003
   12.5982404692082       9.861581113523770E-004
   12.6158357771261       9.134953272289434E-004
   12.6334310850440       8.366235258023434E-004
   12.6510263929619       7.635206740746110E-004
   12.6686217008798       6.922570987298440E-004
   12.6862170087977       6.287971190504212E-004
   12.7038123167155       5.700481696168338E-004
   12.7214076246334       5.206560946588244E-004
   12.7390029325513       4.766442584942225E-004
   12.7565982404692       4.414360050533959E-004
   12.7741935483871       4.101068760665949E-004
   12.7917888563050       3.846237472782899E-004
   12.8093841642229       3.581800323818291E-004
   12.8269794721408       3.298962017577276E-004
   12.8445747800587       2.930552829357718E-004
   12.8621700879765       2.488023701767228E-004
   12.8797653958944       1.920947878567072E-004
   12.8973607038123       1.246360304135881E-004
   12.9149560117302       4.218026697668531E-005
   12.9325513196481      -5.324331181672726E-005
   12.9501466275660      -1.651499407717722E-004
   12.9677419354839      -2.910915456037784E-004
   12.9853372434018      -4.335646766005696E-004
   13.0029325513196      -5.888829507326252E-004
   13.0205278592375      -7.545204881067864E-004
   13.0381231671554      -9.188561476905910E-004
   13.0557184750733      -1.076810341606131E-003
   13.0733137829912      -1.219652944259611E-003
   13.0909090909091      -1.344185452784559E-003
   13.1085043988270      -1.443715085394009E-003
   13.1260997067449      -1.516547166942294E-003
   13.1436950146628      -1.558005756579726E-003
   13.1612903225806      -1.568149829614990E-003
   13.1788856304985      -1.544963349756038E-003
   13.1964809384164      -1.491449123088218E-003
   13.2140762463343      -1.412313084880744E-003
   13.2316715542522      -1.320078474819699E-003
   13.2492668621701      -1.221082827516518E-003
   13.2668621700880      -1.122400000147517E-003
   13.2844574780059      -1.026914852039259E-003
   13.3020527859238      -9.393637671143815E-004
   13.3196480938416      -8.612467921022928E-004
   13.3372434017595      -7.959259564310232E-004
   13.3548387096774      -7.441525173784553E-004
   13.3724340175953      -7.084591053481748E-004
   13.3900293255132      -6.893777801715462E-004
   13.4076246334311      -6.896469140340583E-004
   13.4252199413490      -7.115654747843118E-004
   13.4428152492669      -7.578259578413174E-004
   13.4604105571848      -8.281520719388302E-004
   13.4780058651026      -9.223133931149046E-004
   13.4956011730205      -1.038172022306290E-003
   13.5131964809384      -1.173409448575014E-003
   13.5307917888563      -1.324174932670472E-003
   13.5483870967742      -1.485982435435667E-003
   13.5659824046921      -1.652955560318085E-003
   13.5835777126100      -1.817762739099112E-003
   13.6011730205279      -1.970996015137534E-003
   13.6187683284457      -2.100727544991230E-003
   13.6363636363636      -2.202258785929431E-003
   13.6539589442815      -2.276224384897454E-003
   13.6715542521994      -2.324753721562539E-003
   13.6891495601173      -2.350710709653119E-003
   13.7067448680352      -2.357936786891491E-003
   13.7243401759531      -2.350169336077837E-003
   13.7419354838710      -2.332164867675617E-003
   13.7595307917889      -2.308066458486595E-003
   13.7771260997067      -2.283138397822488E-003
   13.7947214076246      -2.261600475198511E-003
   13.8123167155425      -2.248396115572511E-003
   13.8299120234604      -2.243649774609596E-003
   13.8475073313783      -2.247450058930409E-003
   13.8651026392962      -2.258520051645785E-003
   13.8826979472141      -2.277456993635422E-003
   13.9002932551320      -2.303069794521224E-003
   13.9178885630499      -2.336113530850888E-003
   13.9354838709677      -2.375195657741014E-003
   13.9530791788856      -2.420890586878591E-003
   13.9706744868035      -2.471150237412910E-003
   13.9882697947214      -2.525672604936591E-003
   14.0058651026393      -2.579981346089910E-003
   14.0234604105572      -2.627547198096655E-003
   14.0410557184751      -2.658209857673372E-003
   14.0586510263930      -2.667868849308289E-003
   14.0762463343109      -2.651084738003206E-003
   14.0938416422287      -2.606946741376092E-003
   14.1114369501466      -2.532783867725018E-003
   14.1290322580645      -2.430343340842368E-003
   14.1466275659824      -2.299666538898470E-003
   14.1642228739003      -2.145493170020649E-003
   14.1818181818182      -1.971517291883441E-003
   14.1994134897361      -1.787459428326351E-003
   14.2170087976540      -1.606145986862624E-003
   14.2346041055718      -1.443482762879122E-003
   14.2521994134897      -1.304283220500456E-003
   14.2697947214076      -1.194783282017422E-003
   14.2873900293255      -1.114849379879427E-003
   14.3049853372434      -1.067241682550884E-003
   14.3225806451613      -1.049027316324889E-003
   14.3401759530792      -1.060387285777191E-003
   14.3577712609971      -1.095868744388464E-003
   14.3753665689150      -1.152841696086601E-003
   14.3929618768328      -1.222540617699718E-003
   14.4105571847507      -1.296475728202353E-003
   14.4281524926686      -1.359896389737453E-003
   14.4457478005865      -1.408043507015455E-003
   14.4633431085044      -1.434956331311386E-003
   14.4809384164223      -1.441088597161650E-003
   14.4985337243402      -1.423503578831934E-003
   14.5161290322581      -1.385298391899490E-003
   14.5337243401760      -1.325864222974298E-003
   14.5513196480938      -1.250730025722676E-003
   14.5689149560117      -1.161867782193122E-003
   14.5865102639296      -1.067987656769803E-003
   14.6041055718475      -9.758506353104434E-004
   14.6217008797654      -9.002437379422883E-004
   14.6392961876833      -8.452273941140558E-004
   14.6568914956012      -8.141883428239287E-004
   14.6744868035191      -8.042659586861702E-004
   14.6920821114370      -8.157811969554705E-004
   14.7096774193548      -8.435127613373647E-004
   14.7272727272727      -8.860526188292177E-004
   14.7448680351906      -9.366481091665620E-004
   14.7624633431085      -9.925908601607690E-004
   14.7800586510264      -1.045922321368128E-003
   14.7976539589443      -1.092808753781081E-003
   14.8152492668622      -1.125525443953860E-003
   14.8328445747801      -1.148425346386487E-003
   14.8504398826979      -1.163719505136219E-003
   14.8680351906158      -1.177730847006939E-003
   14.8856304985337      -1.191688065682151E-003
   14.9032258064516      -1.210789459279284E-003
   14.9208211143695      -1.235118880735980E-003
   14.9384164222874      -1.268489739372468E-003
   14.9560117302053      -1.309495631547271E-003
   14.9736070381232      -1.359934681359072E-003
   14.9912023460411      -1.415948908958770E-003
   15.0087976539589      -1.474454548120822E-003
   15.0263929618768      -1.524339150031743E-003
   15.0439882697947      -1.561588747799618E-003
   15.0615835777126      -1.581680951468406E-003
   15.0791788856305      -1.585598182228330E-003
   15.0967741935484      -1.571691374357482E-003
   15.1143695014663      -1.543195419767851E-003
   15.1319648093842      -1.500488906377390E-003
   15.1495601173021      -1.448617996083624E-003
   15.1671554252199      -1.389929839293940E-003
   15.1847507331378      -1.331534014065074E-003
   15.2023460410557      -1.278733681767935E-003
   15.2199413489736      -1.241615630280503E-003
   15.2375366568915      -1.222133568081818E-003
   15.2551319648094      -1.221667180150857E-003
   15.2727272727273      -1.237956380161992E-003
   15.2903225806452      -1.270647678955890E-003
   15.3079178885631      -1.316432966715006E-003
   15.3255131964809      -1.374008049763356E-003
   15.3431085043988      -1.439458128541442E-003
   15.3607038123167      -1.510712620008428E-003
   15.3782991202346      -1.583343592668413E-003
   15.3958944281525      -1.654447792271604E-003
   15.4134897360704      -1.718946637492113E-003
   15.4310850439883      -1.775292835519813E-003
   15.4486803519062      -1.822316827682054E-003
   15.4662756598240      -1.860345365556526E-003
   15.4838709677419      -1.888873189437050E-003
   15.5014662756598      -1.908320942328885E-003
   15.5190615835777      -1.918595421389666E-003
   15.5366568914956      -1.920135164057080E-003
   15.5542521994135      -1.913280436349557E-003
   15.5718475073314      -1.898561985853986E-003
   15.5894428152493      -1.876948807962730E-003
   15.6070381231672      -1.849671158136022E-003
   15.6246334310850      -1.820778990469064E-003
   15.6422287390029      -1.794353234952918E-003
   15.6598240469208      -1.774578457467671E-003
   15.6774193548387      -1.763731741376639E-003
   15.6950146627566      -1.765182312737806E-003
   15.7126099706745      -1.779921614079117E-003
   15.7302052785924      -1.810619573505148E-003
   15.7478005865103      -1.856897136728866E-003
   15.7653958944282      -1.920509475927481E-003
   15.7829912023460      -1.999193130082145E-003
   15.8005865102639      -2.092749968891785E-003
   15.8181818181818      -2.193782006370939E-003
   15.8357771260997      -2.297258028102559E-003
   15.8533724340176      -2.396857958935687E-003
   15.8709677419355      -2.491795090550003E-003
   15.8885630498534      -2.577558771940784E-003
   15.9061583577713      -2.655257602303075E-003
   15.9237536656892      -2.721148438250060E-003
   15.9413489736070      -2.777663669446421E-003
   15.9589442815249      -2.821445961233082E-003
   15.9765395894428      -2.855909268463358E-003
   15.9941348973607      -2.877685032966317E-003
   16.0117302052786      -2.889738552181269E-003
   16.0293255131965      -2.881337192560952E-003
   16.0469208211144      -2.848091538129425E-003
   16.0645161290323      -2.778303528921726E-003
   16.0821114369501      -2.670657586151030E-003
   16.0997067448680      -2.515323433266769E-003
   16.1173020527859      -2.313906971297429E-003
   16.1348973607038      -2.058766153783719E-003
   16.1524926686217      -1.755174895307332E-003
   16.1700879765396      -1.398953139105578E-003
   16.1876832844575      -1.001287741258536E-003
   16.2052785923754      -5.673623067002333E-004
   16.2228739002933      -1.323326596778647E-004
   16.2404692082111       2.779679787330229E-004
   16.2580645161290       6.346222807099742E-004
   16.2756598240469       9.279679420071439E-004
   16.2932551319648       1.137813504661308E-003
   16.3108504398827       1.263353877998552E-003
   16.3284457478006       1.290905297229716E-003
   16.3460410557185       1.227925904777717E-003
   16.3636363636364       1.067878288841459E-003
   16.3812316715543       8.288840411122649E-004
   16.3988269794721       5.166965281637291E-004
   16.4164222873900       1.769330378517612E-004
   16.4340175953079      -1.566342047604505E-004
   16.4516129032258      -4.470703899333640E-004
   16.4692082111437      -6.864872851602051E-004
   16.4868035190616      -8.517002675748522E-004
   16.5043988269795      -9.461380086242111E-004
   16.5219941348974      -9.541941888995701E-004
   16.5395894428153      -8.882371394746653E-004
   16.5571847507331      -7.395470812329858E-004
   16.5747800586510      -5.302970772040491E-004
   16.5923753665689      -2.610848543227102E-004
   16.6099706744868       2.678935304455887E-005
   16.6275659824047       3.108474078322259E-004
   16.6451612903226       5.513816063957106E-004
   16.6627565982405       7.497506970576871E-004
   16.6803519061584       8.802810869024628E-004
   16.6979472140762       9.536549107552171E-004
   16.7155425219941       9.499018842788764E-004
   16.7331378299120       8.865498821910729E-004
   16.7507331378299       7.480972891348011E-004
   16.7683284457478       5.589724810025277E-004
   16.7859237536657       3.091824139870333E-004
   16.8035190615836       3.402449057525215E-005
   16.8211143695015      -2.617419855993681E-004
   16.8387096774194      -5.342196276694833E-004
   16.8563049853372      -7.932789335923672E-004
   16.8739002932551      -1.006552770060544E-003
   16.8914956011730      -1.191591834945820E-003
   16.9090909090909      -1.319475556140771E-003
   16.9266862170088      -1.413039799833104E-003
   16.9442815249267      -1.445410422578550E-003
   16.9618768328446      -1.444370876961375E-003
   16.9794721407625      -1.385105537277219E-003
   16.9970674486804      -1.301333358661985E-003
   17.0146627565982      -1.173097595678889E-003
   17.0322580645161      -1.039273192253025E-003
   17.0498533724340      -8.713227900897018E-004
   17.0674486803519      -7.032490054348237E-004
   17.0850439882698      -5.018294115104282E-004
   17.1026392961877      -3.019242816140895E-004
   17.1202346041056      -6.740323455809971E-005
   17.1378299120235       1.648914469061089E-004
   17.1554252199413       4.335149270330154E-004
   17.1730205278592       6.988126676559285E-004
   17.1906158357771       1.001274225774261E-003
   17.2082111436950       1.296632502626718E-003
   17.2258064516129       1.622524489188552E-003
   17.2434017595308       1.926154819816107E-003
   17.2609970674487       2.248573269918671E-003
   17.2785923753666       2.536105198084306E-003
   17.2961876832845       2.834522742765980E-003
   17.3137829912023       3.087573425046740E-003
   17.3313782991202       3.345443934641378E-003
   17.3489736070381       3.548379439308433E-003
   17.3665689149560       3.750849933532337E-003
   17.3841642228739       3.888435423785616E-003
   17.4017595307918       4.018957587277479E-003
   17.4193548387097       4.068818647240884E-003
   17.4369501466276       4.096636708305802E-003
   17.4545454545455       4.026899841547495E-003
   17.4721407624633       3.930269906052272E-003
   17.4897360703812       3.729500102813321E-003
   17.5073313782991       3.505820082595748E-003
   17.5249266862170       3.178875730336005E-003
   17.5425219941349       2.841621887754852E-003
   17.5601173020528       2.410361650491626E-003
   17.5777126099707       1.992718042637054E-003
   17.5953079178886       1.503507349538957E-003
   17.6129032258065       1.076171640358074E-003
   17.6304985337243       6.318626021137092E-004
   17.6480938416422       3.078796430588626E-004
   17.6656891495601      -7.748712442104510E-006
   17.6832844574780      -1.757145488201667E-004
   17.7008797653959      -3.312455639219754E-004
   17.7184750733138      -3.240104922608698E-004
   17.7360703812317      -3.140842661024172E-004
   17.7536656891496      -1.348839165352673E-004
   17.7712609970675       2.346916745883887E-005
   17.7888563049853       3.489963581550566E-004
   17.8064516129032       6.098633700535348E-004
   17.8240469208211       1.019669065279679E-003
   17.8416422287390       1.306595815951862E-003
   17.8592375366569       1.753720619667841E-003
   17.8768328445748       2.037006050744557E-003
   17.8944281524927       2.524677599014079E-003
   17.9120234604106       2.798567889741475E-003
   17.9296187683284       3.367961009803000E-003
   17.9472140762463       3.641502219790056E-003
   17.9648093841642       4.429256084774100E-003
   17.9824046920821       4.732830757066617E-003
   18.0000000000000       6.638453626207655E-003
