  0.000000000000000E+000  5.802706913755461E-003
  1.759530791788856E-002  2.698546093325866E-003
  3.519061583577713E-002  2.832128653575227E-003
  5.278592375366570E-002  1.878414022094546E-003
  7.038123167155426E-002  1.995799765083982E-003
  8.797653958944282E-002  1.463452273181847E-003
  0.105571847507331       1.569545295296898E-003
  0.123167155425220       1.213865279142337E-003
  0.140762463343109       1.311440172388933E-003
  0.158357771260997       1.051887303213145E-003
  0.175953079178886       1.142793469913906E-003
  0.193548387096774       9.432830838084494E-004
  0.211143695014663       1.028795050552969E-003
  0.228739002932551       8.698025065765022E-004
  0.246334310850440       9.497567966928754E-004
  0.263929618768328       8.182292993472805E-004
  0.281524926686217       8.914850050154853E-004
  0.299120234604106       7.783484796399546E-004
  0.316715542521994       8.436412192074631E-004
  0.334310850439883       7.421899620385338E-004
  0.351906158357771       7.981455788613152E-004
  0.369501466275660       7.031059290798710E-004
  0.387096774193548       7.482432264321621E-004
  0.404692082111437       6.552275441456410E-004
  0.422287390029326       6.882895718739812E-004
  0.439882697947214       5.952454039350881E-004
  0.457478005865103       6.181967881802014E-004
  0.475073313782991       5.263305682784616E-004
  0.492668621700880       5.421908243727708E-004
  0.510263929618768       4.532216371170971E-004
  0.527859237536657       4.650719375405433E-004
  0.545454545454546       3.810306977671430E-004
  0.563049853372434       3.920046494502687E-004
  0.580645161290323       3.151734023871819E-004
  0.598240469208211       3.284687696338037E-004
  0.615835777126100       2.612295513217060E-004
  0.633431085043988       2.790112312961344E-004
  0.651026392961877       2.210865905099929E-004
  0.668621700879765       2.424408882005808E-004
  0.686217008797654       1.921397663282910E-004
  0.703812316715543       2.159026522982919E-004
  0.721407624633431       1.716401255284183E-004
  0.739002932551320       1.967023413041067E-004
  0.756598240469208       1.570346205785329E-004
  0.774193548387097       1.824006673318338E-004
  0.791788856304985       1.461003016793641E-004
  0.809384164222874       1.710660055310931E-004
  0.826979472140763       1.375525072874260E-004
  0.844574780058651       1.622307349621613E-004
  0.862170087976540       1.313345622123764E-004
  0.879765395894428       1.554789298510276E-004
  0.897360703812317       1.264472197176835E-004
  0.914956011730205       1.493198146737161E-004
  0.932551319648094       1.210267784103749E-004
  0.950146627565982       1.415143964574471E-004
  0.967741935483871       1.124716311042078E-004
  0.985337243401760       1.290326799310428E-004
   1.00293255131965       9.722497931128241E-005
   1.02052785923754       1.076772883753066E-004
   1.03812316715543       7.113774979156570E-005
   1.05571847507331       7.497405999547406E-005
   1.07331378299120       3.424596290326916E-005
   1.09090909090909       3.263990684925073E-005
   1.10850439882698      -1.096285090434901E-005
   1.12609970674487      -1.637794318838715E-005
   1.14369501466276      -6.115139608608319E-005
   1.16129032258065      -6.839472620503832E-005
   1.17888563049853      -1.122736562671314E-004
   1.19648093841642      -1.189696070148675E-004
   1.21407624633431      -1.593975628125326E-004
   1.23167155425220      -1.630524784868555E-004
   1.24926686217009      -1.986893327807070E-004
   1.26686217008798      -1.990881770251050E-004
   1.28445747800587      -2.303658958651871E-004
   1.30205278592375      -2.280854745768362E-004
   1.31964809384164      -2.558063480587649E-004
   1.33724340175953      -2.517161630421748E-004
   1.35483870967742      -2.769439726658915E-004
   1.37243401759531      -2.721828501070832E-004
   1.39002932551320      -2.962767728828148E-004
   1.40762463343109      -2.923797065553176E-004
   1.42521994134897      -3.170931448284104E-004
   1.44281524926686      -3.153528335164587E-004
   1.46041055718475      -3.411275048825872E-004
   1.47800586510264      -3.412676202560895E-004
   1.49560117302053      -3.675921527644160E-004
   1.51319648093842      -3.688776111356256E-004
   1.53079178885631      -3.949103031029707E-004
   1.54838709677419      -3.963139987285955E-004
   1.56598240469208      -4.209241149700271E-004
   1.58357771260997      -4.211092798053764E-004
   1.60117302052786      -4.427822652057114E-004
   1.61876832844575      -4.399360622634395E-004
   1.63636363636364      -4.570360253073680E-004
   1.65395894428153      -4.503405201903283E-004
   1.67155425219941      -4.629561301122715E-004
   1.68914956011730      -4.528762971810220E-004
   1.70674486803519      -4.617168186087003E-004
   1.72434017595308      -4.491004369616619E-004
   1.74193548387097      -4.552000442838591E-004
   1.75953079178886      -4.412086841517112E-004
   1.77712609970675      -4.459352026380609E-004
   1.79472140762463      -4.321273935966504E-004
   1.81231671554252      -4.374082916986747E-004
   1.82991202346041      -4.259349319513311E-004
   1.84750733137830      -4.335104180203130E-004
   1.86510263929619      -4.251620887560872E-004
   1.88269794721408      -4.351820455420321E-004
   1.90029325513196      -4.297439756919803E-004
   1.91788856304985      -4.417682078084989E-004
   1.93548387096774      -4.385536943700475E-004
   1.95307917888563      -4.516981214021677E-004
   1.97067448680352      -4.495650249559983E-004
   1.98826979472141      -4.624315475933928E-004
   2.00586510263930      -4.595589362215035E-004
   2.02346041055718      -4.698008974622698E-004
   2.04105571847507      -4.636876215982316E-004
   2.05865102639296      -4.695342404087304E-004
   2.07624633431085      -4.592749719339787E-004
   2.09384164222874      -4.603389996999354E-004
   2.11143695014663      -4.458332739005804E-004
   2.12903225806452      -4.422840609939069E-004
   2.14662756598241      -4.239120565311131E-004
   2.16422287390029      -4.163737110226153E-004
   2.18181818181818      -3.949924426203234E-004
   2.19941348973607      -3.846485316182575E-004
   2.21700879765396      -3.619315407302752E-004
   2.23460410557185      -3.510949389409574E-004
   2.25219941348974      -3.294487920637750E-004
   2.26979472140762      -3.200465639870700E-004
   2.28739002932551      -3.009060035358133E-004
   2.30498533724340      -2.940984592850472E-004
   2.32258064516129      -2.783913483667826E-004
   2.34017595307918      -2.749292889952458E-004
   2.35777126099707      -2.632087079274260E-004
   2.37536656891496      -2.634624212419423E-004
   2.39296187683284      -2.558578253055931E-004
   2.41055718475073      -2.596101097421935E-004
   2.42815249266862      -2.551629356693682E-004
   2.44574780058651      -2.606588054811775E-004
   2.46334310850440      -2.574025460448166E-004
   2.48093841642229      -2.629794993449314E-004
   2.49853372434018      -2.595153634884399E-004
   2.51612903225806      -2.639667972504193E-004
   2.53372434017595      -2.592256829040528E-004
   2.55131964809384      -2.616254209048687E-004
   2.56891495601173      -2.547984513396982E-004
   2.58651026392962      -2.544830461695139E-004
   2.60410557184751      -2.450651928399631E-004
   2.62170087976540      -2.418913149202572E-004
   2.63929618768328      -2.303626544086629E-004
   2.65689149560117      -2.253288100423381E-004
   2.67448680351906      -2.127343709668619E-004
   2.69208211143695      -2.067809748671795E-004
   2.70967741935484      -1.939796692750605E-004
   2.72727272727273      -1.879241591801585E-004
   2.74486803519062      -1.756859415988555E-004
   2.76246334310850      -1.702745104086448E-004
   2.78005865102639      -1.593066248377847E-004
   2.79765395894428      -1.552236946204136E-004
   2.81524926686217      -1.461272248805305E-004
   2.83284457478006      -1.436754445922392E-004
   2.85043988269795      -1.362438027668500E-004
   2.86803519061584      -1.349229577913833E-004
   2.88563049853372      -1.286098938317273E-004
   2.90322580645161      -1.278999991124633E-004
   2.92082111436950      -1.221898750185484E-004
   2.93841642228739      -1.215923538960436E-004
   2.95601173020528      -1.159864871636778E-004
   2.97360703812317      -1.150159900715476E-004
   2.99120234604106      -1.090255076593419E-004
   3.00879765395894      -1.072020125870559E-004
   3.02639296187683      -1.003943416002681E-004
   3.04398826979472      -9.746909389007629E-005
   3.06158357771261      -8.978949404884070E-005
   3.07917888563050      -8.581193056309336E-005
   3.09677419354839      -7.733352591767227E-005
   3.11436950146628      -7.240814053838304E-005
   3.13196480938416      -6.325352881720275E-005
   3.14956011730205      -5.753595438958291E-005
   3.16715542521994      -4.788387435887797E-005
   3.18475073313783      -4.159478530533807E-005
   3.20234604105572      -3.170788797850649E-005
   3.21994134897361      -2.518652782582968E-005
   3.23753665689150      -1.543941959163929E-005
   3.25513196480938      -9.006231293285107E-006
   3.27272727272727       3.873937012408152E-007
   3.29032258064516       6.568599859654300E-006
   3.30791788856305       1.547557821820725E-005
   3.32551319648094       2.127996964742029E-005
   3.34310850439883       2.958808130417936E-005
   3.36070381231672       3.489911817223084E-005
   3.37829912023460       4.249238939322293E-005
   3.39589442815249       4.717533680308964E-005
   3.41348973607038       5.389378964380400E-005
   3.43108504398827       5.775909553144869E-005
   3.44868035190616       6.346964195792879E-005
   3.46627565982405       6.648376186655309E-005
   3.48387096774194       7.123517183235887E-005
   3.50146627565982       7.348396287460009E-005
   3.51906158357771       7.739851022986230E-005
   3.53665689149560       7.902609607360453E-005
   3.55425219941349       8.227800117619109E-005
   3.57184750733138       8.347862248810181E-005
   3.58944281524927       8.629425150155108E-005
   3.60703812316716       8.732604188488786E-005
   3.62463343108504       9.001831878717575E-005
   3.64222873900293       9.121077465454863E-005
   3.65982404692082       9.407027212099369E-005
   3.67741935483871       9.564594880498637E-005
   3.69501466275660       9.885951003015184E-005
   3.71260997067449       1.009719266042003E-004
   3.73020527859238       1.046702511725917E-004
   3.74780058651026       1.074161541385109E-004
   3.76539589442815       1.116659818643843E-004
   3.78299120234604       1.150625118033379E-004
   3.80058651026393       1.198179761217298E-004
   3.81818181818182       1.236587740813012E-004
   3.83577712609971       1.284076989923745E-004
   3.85337243401760       1.319306449919030E-004
   3.87096774193548       1.359403047597265E-004
   3.88856304985337       1.385403444892535E-004
   3.90615835777126       1.413100098861283E-004
   3.92375366568915       1.425635422209424E-004
   3.94134897360704       1.437470833439682E-004
   3.95894428152493       1.433758999328606E-004
   3.97653958944282       1.427753904665819E-004
   3.99413489736070       1.406650068731417E-004
   4.01173020527859       1.383064766030508E-004
   4.02932551319648       1.347724859266572E-004
   4.04692082111437       1.313300084879770E-004
   4.06451612903226       1.271777726060773E-004
   4.08211143695015       1.233970479471181E-004
   4.09970674486804       1.192955079967677E-004
   4.11730205278592       1.158041687525749E-004
   4.13489736070381       1.123420019644918E-004
   4.15249266862170       1.097016386781250E-004
   4.17008797653959       1.074062753876906E-004
   4.18768328445748       1.061133405458812E-004
   4.20527859237537       1.054250524766990E-004
   4.22287390029326       1.057248319842260E-004
   4.24046920821114       1.064161747689894E-004
   4.25806451612903       1.076414747739247E-004
   4.27565982404692       1.089423235065459E-004
   4.29325513196481       1.103995428294832E-004
   4.31085043988270       1.116776536781770E-004
   4.32844574780059       1.127967116426012E-004
   4.34604105571848       1.135368299852467E-004
   4.36363636363636       1.138676354600164E-004
   4.38123167155425       1.136880547078529E-004
   4.39882697947214       1.129436437092523E-004
   4.41642228739003       1.117211107072801E-004
   4.43401759530792       1.100872521403941E-004
   4.45161290322581       1.082554099735206E-004
   4.46920821114370       1.061676238008056E-004
   4.48680351906158       1.040536917124611E-004
   4.50439882697947       1.017716131962541E-004
   4.52199413489736       9.958656688911243E-005
   4.53958944281525       9.729143189065640E-005
   4.55718475073314       9.518839592051398E-005
   4.57478005865103       9.301701032767747E-005
   4.59237536656892       9.111472515210912E-005
   4.60997067448680       8.917591874056671E-005
   4.62756598240469       8.754360394469507E-005
   4.64516129032258       8.582936094577358E-005
   4.66275659824047       8.438214517704032E-005
   4.68035190615836       8.278489676134906E-005
   4.69794721407625       8.141186468482192E-005
   4.71554252199414       7.982662960223382E-005
   4.73313782991202       7.842645826669358E-005
   4.75073313782991       7.676521750612406E-005
   4.76832844574780       7.526328715069159E-005
   4.78592375366569       7.347872275092357E-005
   4.80351906158358       7.186787527636301E-005
   4.82111436950147       7.002859191072482E-005
   4.83870967741935       6.841518601724568E-005
   4.85630498533724       6.654793316793780E-005
   4.87390029325513       6.482230080345433E-005
   4.89149560117302       6.273561655759720E-005
   4.90909090909091       6.065474281684371E-005
   4.92668621700880       5.807098527609201E-005
   4.94428152492669       5.532568746780834E-005
   4.96187683284458       5.191443842807118E-005
   4.97947214076246       4.815377726468147E-005
   4.99706744868035       4.355465614645819E-005
   5.01466275659824       3.843783453997894E-005
   5.03225806451613       3.249823558616729E-005
   5.04985337243402       2.619427270813440E-005
   5.06744868035191       1.927078032763247E-005
   5.08504398826980       1.213126764623723E-005
   5.10263929618768       4.534824076554766E-006
   5.12023460410557      -3.168509524332751E-006
   5.13782991202346      -1.119849938056807E-005
   5.15542521994135      -1.926217690345915E-005
   5.17302052785924      -2.755421689936164E-005
   5.19061583577713      -3.584503068594765E-005
   5.20821114369502      -4.430722274868679E-005
   5.22580645161290      -5.279144318447972E-005
   5.24340175953079      -6.143143113038218E-005
   5.26099706744868      -7.012221615789709E-005
   5.27859237536657      -7.893825920426960E-005
   5.29618768328446      -8.783520019142293E-005
   5.31378299120235      -9.683284785395254E-005
   5.33137829912024      -1.059547383152316E-004
   5.34897360703812      -1.151642778640209E-004
   5.36656891495601      -1.245584941708658E-004
   5.38416422287390      -1.340418720268944E-004
   5.40175953079179      -1.437902262741948E-004
   5.41935483870968      -1.536197715402219E-004
   5.43695014662757      -1.636827340692425E-004
   5.45454545454546      -1.736351275381636E-004
   5.47214076246334      -1.837025770259807E-004
   5.48973607038123      -1.934745291832899E-004
   5.50733137829912      -2.032712158104453E-004
   5.52492668621701      -2.126146359116658E-004
   5.54252199413490      -2.219270328960221E-004
   5.56011730205279      -2.306640776649333E-004
   5.57771260997067      -2.393614661982159E-004
   5.59530791788856      -2.474170957153721E-004
   5.61290322580645      -2.555166471613641E-004
   5.63049853372434      -2.630181351383391E-004
   5.64809384164223      -2.706673179102148E-004
   5.66568914956012      -2.776613680263912E-004
   5.68328445747801      -2.848138148111194E-004
   5.70087976539589      -2.912081214438452E-004
   5.71847507331378      -2.977515662568469E-004
   5.73607038123167      -3.034214558294595E-004
   5.75366568914956      -3.092300224793858E-004
   5.77126099706745      -3.140526286806787E-004
   5.78885630498534      -3.190175325232152E-004
   5.80645161290323      -3.229101926317194E-004
   5.82404692082111      -3.270131941027643E-004
   5.84164222873900      -3.300334395400567E-004
   5.85923753665689      -3.333530882421545E-004
   5.87683284457478      -3.355417953806421E-004
   5.89442815249267      -3.380888588591352E-004
   5.91202346041056      -3.394410002368092E-004
   5.92961876832845      -3.412056908581189E-004
   5.94721407624634      -3.417112132347849E-004
   5.96480938416422      -3.426926791914035E-004
   5.98240469208211      -3.423662971145038E-004
   6.00000000000000      -3.426117879917280E-004
   6.01759530791789      -3.415618695640318E-004
   6.03519061583578      -3.412435994376050E-004
   6.05278592375367      -3.396069928851707E-004
   6.07038123167156      -3.387545025943139E-004
   6.08797653958944      -3.364787245263152E-004
   6.10557184750733      -3.349968140800736E-004
   6.12316715542522      -3.319558784748369E-004
   6.14076246334311      -3.296994678857650E-004
   6.15835777126100      -3.257338300647311E-004
   6.17595307917889      -3.225392111844201E-004
   6.19354838709677      -3.174880627587400E-004
   6.21114369501466      -3.132277753895134E-004
   6.22873900293255      -3.071014342461922E-004
   6.24633431085044      -3.020064088297604E-004
   6.26392961876833      -2.951442973770850E-004
   6.28152492668622      -2.895214470998339E-004
   6.29912023460411      -2.821714163876127E-004
   6.31671554252199      -2.762272889537116E-004
   6.33431085043988      -2.685597296033811E-004
   6.35190615835777      -2.624358281708340E-004
   6.36950146627566      -2.545655914381341E-004
   6.38709677419355      -2.483563288516635E-004
   6.40469208211144      -2.403622086187461E-004
   6.42228739002933      -2.341531899368955E-004
   6.43988269794721      -2.261491928398836E-004
   6.45747800586510      -2.200655693288203E-004
   6.47507331378299      -2.121446818128771E-004
   6.49266862170088      -2.062388972982917E-004
   6.51026392961877      -1.984179723323000E-004
   6.52785923753666      -1.926761680856962E-004
   6.54545454545455      -1.849112410930493E-004
   6.56304985337243      -1.792624857166074E-004
   6.58064516129032      -1.714556580208534E-004
   6.59824046920821      -1.657784671114317E-004
   6.61583577712610      -1.578054395190701E-004
   6.63343108504399      -1.520928543741240E-004
   6.65102639296188      -1.441653372977737E-004
   6.66862170087977      -1.387537930443543E-004
   6.68621700879765      -1.312006765753164E-004
   6.70381231671554      -1.263835495420869E-004
   6.72140762463343      -1.194623745094773E-004
   6.73900293255132      -1.154624917624312E-004
   6.75659824046921      -1.093592904773289E-004
   6.77419354838710      -1.063254838796183E-004
   6.79178885630499      -1.011481300270090E-004
   6.80938416422287      -9.914198923903257E-005
   6.82697947214076      -9.489733215290077E-005
   6.84457478005865      -9.388493118249178E-005
   6.86217008797654      -9.052255053873402E-005
   6.87976539589443      -9.044126422337191E-005
   6.89736070381232      -8.787274276658161E-005
   6.91495601173021      -8.860104874361894E-005
   6.93255131964809      -8.666542148223732E-005
   6.95014662756598      -8.799783688956172E-005
   6.96774193548387      -8.643696530733232E-005
   6.98533724340176      -8.805280165637097E-005
   7.00293255131965      -8.646127678382639E-005
   7.02052785923754      -8.786665624082767E-005
   7.03812316715543      -8.580560389042953E-005
   7.05571847507331      -8.681807917159590E-005
   7.07331378299120      -8.432493524679982E-005
   7.09090909090909      -8.505262591003151E-005
   7.10850439882698      -8.224848209947517E-005
   7.12609970674487      -8.280872130969804E-005
   7.14369501466276      -7.979290751478458E-005
   7.16129032258065      -8.025611360742792E-005
   7.17888563049853      -7.705469801826021E-005
   7.19648093841642      -7.738308259638367E-005
   7.21407624633431      -7.384898201587490E-005
   7.23167155425220      -7.378872497039256E-005
   7.24926686217009      -6.972306336450423E-005
   7.26686217008798      -6.926086902745863E-005
   7.28445747800587      -6.478255478549122E-005
   7.30205278592375      -6.409149806022546E-005
   7.31964809384164      -5.939654517994960E-005
   7.33724340175953      -5.867788701680901E-005
   7.35483870967742      -5.395734306455085E-005
   7.37243401759531      -5.337479818429291E-005
   7.39002932551320      -4.874327341132025E-005
   7.40762463343109      -4.831243413705076E-005
   7.42521994134897      -4.360024659026698E-005
   7.44281524926686      -4.301278026145408E-005
   7.46041055718475      -3.799886517138084E-005
   7.47800586510264      -3.723076044328552E-005
   7.49560117302053      -3.202273555027820E-005
   7.51319648093842      -3.125710798863710E-005
   7.53079178885631      -2.609057287509846E-005
   7.54838709677419      -2.559654575479629E-005
   7.56598240469208      -2.075829763240129E-005
   7.58357771260997      -2.082017024938249E-005
   7.60117302052786      -1.656052453868916E-005
   7.61876832844575      -1.728882329897491E-005
   7.63636363636364      -1.341316218865872E-005
   7.65395894428153      -1.438863458198313E-005
   7.67155425219941      -1.054171747677987E-005
   7.68914956011730      -1.157320260681279E-005
   7.70674486803519      -7.686503621358489E-006
   7.72434017595308      -8.802674548956876E-006
   7.74193548387097      -4.987168126381683E-006
   7.75953079178886      -6.370997303100839E-006
   7.77712609970675      -2.872894386388172E-006
   7.79472140762463      -4.824425983218764E-006
   7.81231671554252      -1.968133611575551E-006
   7.82991202346041      -4.675430481208540E-006
   7.84750733137830      -2.348600128126169E-006
   7.86510263929619      -5.516500190229812E-006
   7.88269794721408      -3.455070877153104E-006
   7.90029325513197      -6.908897747277515E-006
   7.91788856304985      -5.019782754130425E-006
   7.93548387096774      -8.743886421031480E-006
   7.95307917888563      -7.088040914994028E-006
   7.97067448680352      -1.121909128398378E-005
   7.98826979472141      -1.001088749394327E-005
   8.00586510263930      -1.484276626334051E-005
   8.02346041055718      -1.436859549876733E-005
   8.04105571847507      -1.993701251837884E-005
   8.05865102639296      -1.989913748824347E-005
   8.07624633431085      -2.579077040031218E-005
   8.09384164222874      -2.582986087414852E-005
   8.11143695014663      -3.176080660624385E-005
   8.12903225806452      -3.167656763419694E-005
   8.14662756598241      -3.753790462817961E-005
   8.16422287390029      -3.732453425406477E-005
   8.18181818181818      -4.322968467853015E-005
   8.19941348973607      -4.315050945050047E-005
   8.21700879765396      -4.955260511858700E-005
   8.23460410557185      -5.010222980801734E-005
   8.25219941348974      -5.718511326682602E-005
   8.26979472140763      -5.817992165942419E-005
   8.28739002932551      -6.561198846689470E-005
   8.30498533724340      -6.669650783060615E-005
   8.32258064516129      -7.413325149345626E-005
   8.34017595307918      -7.499982120460650E-005
   8.35777126099707      -8.218934986575148E-005
   8.37536656891496      -8.266831421837176E-005
   8.39296187683285      -8.955319189446782E-005
   8.41055718475073      -8.977686759278397E-005
   8.42815249266862      -9.674066988764049E-005
   8.44574780058651      -9.715262400295356E-005
   8.46334310850440      -1.044039439974334E-004
   8.48093841642229      -1.049663149212275E-004
   8.49853372434018      -1.123535562292293E-004
   8.51612903225807      -1.128704747224561E-004
   8.53372434017595      -1.201838962218669E-004
   8.55131964809384      -1.204609831356316E-004
   8.56891495601173      -1.275471241658133E-004
   8.58651026392962      -1.275081283178032E-004
   8.60410557184751      -1.344325064830094E-004
   8.62170087976540      -1.344111154130992E-004
   8.63929618768329      -1.417340040043438E-004
   8.65689149560117      -1.421612387280956E-004
   8.67448680351906      -1.499679923452076E-004
   8.69208211143695      -1.506961294270316E-004
   8.70967741935484      -1.587127170972271E-004
   8.72727272727273      -1.593859499773492E-004
   8.74486803519062      -1.672057895105302E-004
   8.76246334310851      -1.673949249445920E-004
   8.78005865102639      -1.745969539777785E-004
   8.79765395894428      -1.739350608491592E-004
   8.81524926686217      -1.803345618499953E-004
   8.83284457478006      -1.790505897384079E-004
   8.85043988269795      -1.851946766104729E-004
   8.86803519061584      -1.837334867673783E-004
   8.88563049853373      -1.897915778676782E-004
   8.90322580645161      -1.881193563080637E-004
   8.92082111436950      -1.939057254340197E-004
   8.93841642228739      -1.917154042232950E-004
   8.95601173020528      -1.968191482912586E-004
   8.97360703812317      -1.936164985385719E-004
   8.99120234604106      -1.974761933633305E-004
   9.00879765395895      -1.926790385118245E-004
   9.02639296187683      -1.949425585628612E-004
   9.04398826979472      -1.887703955451629E-004
   9.06158357771261      -1.900924227832596E-004
   9.07917888563050      -1.832086255340706E-004
   9.09677419354839      -1.841005739489591E-004
   9.11436950146628      -1.768902988736568E-004
   9.13196480938416      -1.776215562681079E-004
   9.14956011730205      -1.702510200512562E-004
   9.16715542521994      -1.708902566702632E-004
   9.18475073313783      -1.633427716153809E-004
   9.20234604105572      -1.638015104857630E-004
   9.21994134897361      -1.560062883153520E-004
   9.23753665689150      -1.564213570380186E-004
   9.25513196480938      -1.487384739530508E-004
   9.27272727272727      -1.494427744638445E-004
   9.29032258064516      -1.420358018420499E-004
   9.30791788856305      -1.430239359937793E-004
   9.32551319648094      -1.357269389430389E-004
   9.34310850439883      -1.366688832558159E-004
   9.36070381231672      -1.289849362523522E-004
   9.37829912023460      -1.292019676208891E-004
   9.39589442815249      -1.202527627011763E-004
   9.41348973607038      -1.186536811361323E-004
   9.43108504398827      -1.075205357831899E-004
   9.44868035190616      -1.040159543302683E-004
   9.46627565982405      -9.138804652833731E-005
   9.48387096774194      -8.687068584083830E-005
   9.50146627565982      -7.357554142899131E-005
   9.51906158357771      -6.875790841654168E-005
   9.53665689149560      -5.536440791060886E-005
   9.55425219941349      -5.063685736905879E-005
   9.57184750733138      -3.731824624899582E-005
   9.58944281524927      -3.257660321584123E-005
   9.60703812316716      -1.882024512646015E-005
   9.62463343108504      -1.308233388065126E-005
   9.64222873900293       2.013091809604892E-006
   9.65982404692082       8.838218642944887E-006
   9.67741935483871       2.462279755744068E-005
   9.69501466275660       3.160036638713932E-005
   9.71260997067449       4.704185488927443E-005
   9.73020527859238       5.311985707299822E-005
   9.74780058651026       6.720782332725701E-005
   9.76539589442815       7.147925124627885E-005
   9.78299120234604       8.348607531318380E-005
   9.80058651026393       8.553510744402271E-005
   9.81818181818182       9.568706823577442E-005
   9.83577712609971       9.661860457115939E-005
   9.85337243401760       1.062086325518113E-004
   9.87096774193548       1.066519377943081E-004
   9.88856304985337       1.156538854379878E-004
   9.90615835777126       1.152006139422074E-004
   9.92375366568915       1.229382809963663E-004
   9.94134897360704       1.207218854238729E-004
   9.95894428152493       1.261869008866260E-004
   9.97653958944282       1.211158188615054E-004
   9.99413489736071       1.231908856510653E-004
   10.0117302052786       1.143061584970414E-004
   10.0293255131965       1.128679544439514E-004
   10.0469208211144       1.013918322205668E-004
   10.0645161290323       9.831461945198184E-005
   10.0821114369501       8.589964238579323E-005
   10.0997067448680       8.246234562379014E-005
   10.1173020527859       7.010657290531795E-005
   10.1348973607038       6.706380522424465E-005
   10.1524926686217       5.531143345074771E-005
   10.1700879765396       5.301661258730165E-005
   10.1876832844575       4.205702548905781E-005
   10.2052785923754       4.057017317311899E-005
   10.2228739002933       3.050467863036778E-005
   10.2404692082111       3.021959397390374E-005
   10.2580645161290       2.165887861443459E-005
   10.2756598240469       2.304066563606802E-005
   10.2932551319648       1.616107135968532E-005
   10.3108504398827       1.911642865534526E-005
   10.3284457478006       1.356792854291707E-005
   10.3460410557185       1.748666300221026E-005
   10.3636363636364       1.239550226113152E-005
   10.3812316715543       1.611897944625175E-005
   10.3988269794721       1.001124683147192E-005
   10.4164222873900       1.177075603389194E-005
   10.4340175953079       3.225779538611778E-006
   10.4516129032258       2.810484591771162E-006
   10.4692082111437      -7.427212138589531E-006
   10.4868035190616      -9.103302642421790E-006
   10.5043988269795      -2.023297478084887E-005
   10.5219941348974      -2.254338118222897E-005
   10.5395894428153      -3.415416953162864E-005
   10.5571847507331      -3.695211898398870E-005
   10.5747800586510      -4.921996805745468E-005
   10.5923753665689      -5.309379749871024E-005
   10.6099706744868      -6.722317321534881E-005
   10.6275659824047      -7.396095337411857E-005
   10.6451612903226      -9.135621606212143E-005
   10.6627565982405      -1.011070921036134E-004
   10.6803519061584      -1.209880014422607E-004
   10.6979472140762      -1.326549028882822E-004
   10.7155425219941      -1.538270537326485E-004
   10.7331378299120      -1.662259551647288E-004
   10.7507331378299      -1.876062509353485E-004
   10.7683284457478      -1.998582087419082E-004
   10.7859237536657      -2.209047484275063E-004
   10.8035190615836      -2.330866216052893E-004
   10.8211143695015      -2.551037210494001E-004
   10.8387096774194      -2.697619811469028E-004
   10.8563049853372      -2.949268298757145E-004
   10.8739002932551      -3.126287144073675E-004
   10.8914956011730      -3.402283114137088E-004
   10.9090909090909      -3.594494604145293E-004
   10.9266862170088      -3.872996538235200E-004
   10.9442815249267      -4.052859750613038E-004
   10.9618768328446      -4.300924975094727E-004
   10.9794721407625      -4.430134863595626E-004
   10.9970674486804      -4.603584820986429E-004
   11.0146627565982      -4.632674787785937E-004
   11.0322580645161      -4.694661656459178E-004
   11.0498533724340      -4.626626476599633E-004
   11.0674486803519      -4.615087948837327E-004
   11.0850439882698      -4.499255767508312E-004
   11.1026392961877      -4.465360382880469E-004
   11.1202346041056      -4.353669117228109E-004
   11.1378299120235      -4.349609513964693E-004
   11.1554252199413      -4.294289389330579E-004
   11.1730205278592      -4.372118998275594E-004
   11.1906158357771      -4.424995698114098E-004
   11.2082111436950      -4.635770320595765E-004
   11.2258064516129      -4.833819837278529E-004
   11.2434017595308      -5.173619059958526E-004
   11.2609970674487      -5.470170114878208E-004
   11.2785923753666      -5.875611910967717E-004
   11.2961876832845      -6.205490806603698E-004
   11.3137829912023      -6.610270266101589E-004
   11.3313782991202      -6.906001936641573E-004
   11.3489736070381      -7.241281473921812E-004
   11.3665689149560      -7.432496483558767E-004
   11.3841642228739      -7.625952144455143E-004
   11.4017595307918      -7.637640256869147E-004
   11.4193548387097      -7.617144086974904E-004
   11.4369501466276      -7.409711887546809E-004
   11.4545454545455      -7.192476938051179E-004
   11.4721407624633      -6.818826556550881E-004
   11.4897360703812      -6.465887877082576E-004
   11.5073313782991      -5.989391987392750E-004
   11.5249266862170      -5.565826530039549E-004
   11.5425219941349      -5.053001888480711E-004
   11.5601173020528      -4.626582663310529E-004
   11.5777126099707      -4.146456567092146E-004
   11.5953079178886      -3.787476818506058E-004
   11.6129032258065      -3.409993557155146E-004
   11.6304985337243      -3.167886358322796E-004
   11.6480938416422      -2.894642724870210E-004
   11.6656891495601      -2.732072511619544E-004
   11.6832844574780      -2.515050109560584E-004
   11.7008797653959      -2.383894024272017E-004
   11.7184750733138      -2.175341728050029E-004
   11.7360703812317      -2.028401378397999E-004
   11.7536656891496      -1.781956946861377E-004
   11.7712609970675      -1.573978891500372E-004
   11.7888563049853      -1.245994514440706E-004
   11.8064516129032      -9.361052363786459E-005
   11.8240469208211      -4.967609979300835E-005
   11.8416422287390      -7.994846609431894E-006
   11.8592375366569       4.531330135750033E-005
   11.8768328445748       9.535647501487188E-005
   11.8944281524927       1.559015991950839E-004
   11.9120234604106       2.122717382285867E-004
   11.9296187683284       2.780319273012184E-004
   11.9472140762463       3.386305328389688E-004
   11.9648093841642       4.073194806917279E-004
   11.9824046920821       4.694935052152832E-004
   12.0000000000000       5.377437627924035E-004
   12.0175953079179       5.963453236119647E-004
   12.0351906158358       6.561766959547758E-004
   12.0527859237537       7.024533264499733E-004
   12.0703812316716       7.475591741056409E-004
   12.0879765395894       7.780839467173235E-004
   12.1055718475073       8.072011380779658E-004
   12.1231671554252       8.226372227119796E-004
   12.1407624633431       8.383336022454755E-004
   12.1583577712610       8.432786777631175E-004
   12.1759530791789       8.524946339410772E-004
   12.1935483870968       8.567906695529619E-004
   12.2111436950147       8.738398553477651E-004
   12.2287390029326       8.960616451894739E-004
   12.2463343108504       9.365107561771970E-004
   12.2639296187683       9.826164267773857E-004
   12.2815249266862       1.044905691825691E-003
   12.2991202346041       1.109851320481257E-003
   12.3167155425220       1.186859950716694E-003
   12.3343108504399       1.262006766428075E-003
   12.3519061583578       1.343964247813591E-003
   12.3695014662757       1.418721288804689E-003
   12.3870967741935       1.494527841851212E-003
   12.4046920821114       1.557847138634317E-003
   12.4222873900293       1.619549899692312E-003
   12.4398826979472       1.672146356898020E-003
   12.4574780058651       1.728598349703113E-003
   12.4750733137830       1.780328525930007E-003
   12.4926686217009       1.838836459564012E-003
   12.5102639296188       1.894702401129264E-003
   12.5278592375367       1.958110694945056E-003
   12.5454545454545       2.018805664248601E-003
   12.5630498533724       2.085527779685551E-003
   12.5806451612903       2.146868405612765E-003
   12.5982404692082       2.209482492605299E-003
   12.6158357771261       2.259396677691137E-003
   12.6334310850440       2.303001022096418E-003
   12.6510263929619       2.331691159058717E-003
   12.6686217008798       2.355393210673914E-003
   12.6862170087977       2.367256796724223E-003
   12.7038123167155       2.377786218203628E-003
   12.7214076246334       2.381025098619878E-003
   12.7390029325513       2.387636405552042E-003
   12.7565982404692       2.392330570454722E-003
   12.7741935483871       2.405777429800030E-003
   12.7917888563050       2.423296802981272E-003
   12.8093841642229       2.455566919944562E-003
   12.8269794721408       2.496542861383724E-003
   12.8445747800587       2.552401650047614E-003
   12.8621700879765       2.614697961211483E-003
   12.8797653958944       2.688589233183551E-003
   12.8973607038123       2.765470231344945E-003
   12.9149560117302       2.849598429672773E-003
   12.9325513196481       2.932081676493926E-003
   12.9501466275660       3.016018357249958E-003
   12.9677419354839       3.091834967481759E-003
   12.9853372434018       3.160767928486495E-003
   13.0029325513196       3.210999197990501E-003
   13.0205278592375       3.239262406685315E-003
   13.0381231671554       3.235085417352828E-003
   13.0557184750733       3.202919950458186E-003
   13.0733137829912       3.138552208364584E-003
   13.0909090909091       3.049108062785879E-003
   13.1085043988270       2.933289020107461E-003
   13.1260997067449       2.799966535062713E-003
   13.1436950146628       2.650347454405753E-003
   13.1612903225806       2.494989491375457E-003
   13.1788856304985       2.337881941826818E-003
   13.1964809384164       2.191969151347329E-003
   13.2140762463343       2.065527793233303E-003
   13.2316715542522       1.968233246931299E-003
   13.2492668621701       1.897419006476768E-003
   13.2668621700880       1.855262926605763E-003
   13.2844574780059       1.837519927868477E-003
   13.3020527859238       1.844999674130857E-003
   13.3196480938416       1.873318482169497E-003
   13.3372434017595       1.922573657145615E-003
   13.3548387096774       1.988690327227692E-003
   13.3724340175953       2.071425175833354E-003
   13.3900293255132       2.167379383848266E-003
   13.4076246334311       2.276542849606439E-003
   13.4252199413490       2.395459121989311E-003
   13.4428152492669       2.520358785287588E-003
   13.4604105571848       2.645110143230368E-003
   13.4780058651026       2.764674887558044E-003
   13.4956011730205       2.873118083571317E-003
   13.5131964809384       2.964940244330908E-003
   13.5307917888563       3.034787320472267E-003
   13.5483870967742       3.077093506133253E-003
   13.5659824046921       3.087533853206747E-003
   13.5835777126100       3.061160842725984E-003
   13.6011730205279       2.995981787215424E-003
   13.6187683284457       2.893632835207641E-003
   13.6363636363636       2.767077394203955E-003
   13.6539589442815       2.623957927042167E-003
   13.6715542521994       2.474224823826842E-003
   13.6891495601173       2.322035447038396E-003
   13.7067448680352       2.175339480380626E-003
   13.7243401759531       2.035766812559433E-003
   13.7419354838710       1.909701469846891E-003
   13.7595307917889       1.796341532821329E-003
   13.7771260997067       1.700345436477854E-003
   13.7947214076246       1.617985215684924E-003
   13.8123167155425       1.550394235804248E-003
   13.8299120234604       1.488634694249920E-003
   13.8475073313783       1.434138540093945E-003
   13.8651026392962       1.380194630817666E-003
   13.8826979472141       1.330072401860084E-003
   13.9002932551320       1.276927155537446E-003
   13.9178885630499       1.224509239359602E-003
   13.9354838709677       1.165165477322829E-003
   13.9530791788856       1.102575033693456E-003
   13.9706744868035       1.027670880237575E-003
   13.9882697947214       9.432937681001064E-004
   14.0058651026393       8.372623495338789E-004
   14.0234604105572       7.112313880595307E-004
   14.0410557184751       5.585216564277866E-004
   14.0586510263930       3.906406601475110E-004
   14.0762463343109       2.046988291920353E-004
   14.0938416422287       1.478898745838930E-005
   14.1114369501466      -1.808587264316312E-004
   14.1290322580645      -3.663164027131273E-004
   14.1466275659824      -5.427005689625421E-004
   14.1642228739003      -6.924562449674916E-004
   14.1818181818182      -8.161293196950278E-004
   14.1994134897361      -8.943965138783223E-004
   14.2170087976540      -9.292562696514231E-004
   14.2346041055718      -9.139054187362487E-004
   14.2521994134897      -8.665340576089880E-004
   14.2697947214076      -7.839352316073031E-004
   14.2873900293255      -6.851538113579834E-004
   14.3049853372434      -5.665087587493074E-004
   14.3225806451613      -4.476299356814691E-004
   14.3401759530792      -3.242302281322704E-004
   14.3577712609971      -2.164788642384574E-004
   14.3753665689150      -1.194506317501249E-004
   14.3929618768328      -5.386799455934943E-005
   14.4105571847507      -1.372100468966486E-005
   14.4281524926686      -1.237824908074880E-005
   14.4457478005865      -2.980968685927099E-005
   14.4633431085044      -7.381208550983171E-005
   14.4809384164223      -1.234043769231516E-004
   14.4985337243402      -1.868789679108988E-004
   14.5161290322581      -2.425466651749867E-004
   14.5337243401760      -2.992848903910827E-004
   14.5513196480938      -3.347958680277977E-004
   14.5689149560117      -3.587064413756221E-004
   14.5865102639296      -3.483668951511811E-004
   14.6041055718475      -3.148535165621473E-004
   14.6217008797654      -2.413319500114515E-004
   14.6392961876833      -1.541339821636796E-004
   14.6568914956012      -4.378146673662550E-005
   14.6744868035191       6.424649967233875E-005
   14.6920821114370       1.818446237100883E-004
   14.7096774193548       2.845351450041934E-004
   14.7272727272727       3.864771386606441E-004
   14.7448680351906       4.643091438127107E-004
   14.7624633431085       5.348177172848272E-004
   14.7800586510264       5.765351812916200E-004
   14.7976539589443       6.103277733294378E-004
   14.8152492668622       6.212527659589144E-004
   14.8328445747801       6.398029887973163E-004
   14.8504398826979       6.490584636101486E-004
   14.8680351906158       6.733958267450580E-004
   14.8856304985337       6.909944667757395E-004
   14.9032258064516       7.241542197690173E-004
   14.9208211143695       7.481576470854798E-004
   14.9384164222874       7.841110353490049E-004
   14.9560117302053       8.048231255898554E-004
   14.9736070381232       8.303871947384271E-004
   14.9912023460411       8.310432979715780E-004
   15.0087976539589       8.253468669802458E-004
   15.0263929618768       7.855328449867607E-004
   15.0439882697947       7.414777238300341E-004
   15.0615835777126       6.721381256710976E-004
   15.0791788856305       6.093210517144938E-004
   15.0967741935484       5.313052664031448E-004
   15.1143695014663       4.705821077549451E-004
   15.1319648093842       4.043268407768170E-004
   15.1495601173021       3.653689438053031E-004
   15.1671554252199       3.294188405781952E-004
   15.1847507331378       3.291630095147592E-004
   15.2023460410557       3.378757054028507E-004
   15.2199413489736       3.836284862303894E-004
   15.2375366568915       4.286486663856766E-004
   15.2551319648094       4.975836275349452E-004
   15.2727272727273       5.539714349937330E-004
   15.2903225806452       6.250106443716772E-004
   15.3079178885631       6.747178673105927E-004
   15.3255131964809       7.322545001173928E-004
   15.3431085043988       7.618076325402374E-004
   15.3607038123167       7.944333650411765E-004
   15.3782991202346       7.945506369511938E-004
   15.3958944281525       7.954073805997310E-004
   15.4134897360704       7.628984091693570E-004
   15.4310850439883       7.354165078830035E-004
   15.4486803519062       6.799742902243095E-004
   15.4662756598240       6.349669309724662E-004
   15.4838709677419       5.655820868571164E-004
   15.5014662756598       5.107917179089920E-004
   15.5190615835777       4.346358120791961E-004
   15.5366568914956       3.770348046024362E-004
   15.5542521994135       3.011452057063593E-004
   15.5718475073314       2.481663397320477E-004
   15.5894428152493       1.807487743100695E-004
   15.6070381231672       1.423286649570896E-004
   15.6246334310850       9.574744197697027E-005
   15.6422287390029       8.345990489897249E-005
   15.6598240469208       6.322348173468162E-005
   15.6774193548387       7.616782488424245E-005
   15.6950146627566       7.758129138576608E-005
   15.7126099706745       1.084319129533253E-004
   15.7302052785924       1.218036430966595E-004
   15.7478005865103       1.586293714176517E-004
   15.7653958944282       1.697037435087226E-004
   15.7829912023460       1.957053844221000E-004
   15.8005865102639       1.845183170525276E-004
   15.8181818181818       1.763339038633265E-004
   15.8357771260997       1.218977205406440E-004
   15.8533724340176       7.012348725089746E-005
   15.8709677419355      -2.636104788194060E-005
   15.8885630498534      -1.167444500053906E-004
   15.9061583577713      -2.493729368374731E-004
   15.9237536656892      -3.722570554280855E-004
   15.9413489736070      -5.353286075790160E-004
   15.9589442815249      -6.859178755801584E-004
   15.9765395894428      -8.763618357871719E-004
   15.9941348973607      -1.054403903351746E-003
   16.0117302052786      -1.278096588016024E-003
   16.0293255131965      -1.498886463757065E-003
   16.0469208211144      -1.772597931099801E-003
   16.0645161290323      -2.040893872367144E-003
   16.0821114369501      -2.355342497386903E-003
   16.0997067448680      -2.652236002302532E-003
   16.1173020527859      -2.980907922765282E-003
   16.1348973607038      -3.272606677633439E-003
   16.1524926686217      -3.574243548782371E-003
   16.1700879765396      -3.811081878159018E-003
   16.1876832844575      -4.025856406296541E-003
   16.2052785923754      -4.132882855075628E-003
   16.2228739002933      -4.170140952420163E-003
   16.2404692082111      -4.071114612632207E-003
   16.2580645161290      -3.908163177820831E-003
   16.2756598240469      -3.628190090281022E-003
   16.2932551319648      -3.312251408288568E-003
   16.3108504398827      -2.911490408646916E-003
   16.3284457478006      -2.513484928086532E-003
   16.3460410557185      -2.072506517105428E-003
   16.3636363636364      -1.682608035742065E-003
   16.3812316715543      -1.301915380443213E-003
   16.3988269794721      -1.033217339100409E-003
   16.4164222873900      -8.392328493993267E-004
   16.4340175953079      -7.986908393796987E-004
   16.4516129032258      -8.255193788665809E-004
   16.4692082111437      -9.795382585605391E-004
   16.4868035190616      -1.166874563733486E-003
   16.5043988269795      -1.445464083713729E-003
   16.5219941348974      -1.716502107024750E-003
   16.5395894428153      -2.037436119573308E-003
   16.5571847507331      -2.305031799815703E-003
   16.5747800586510      -2.576475188435442E-003
   16.5923753665689      -2.743685129789901E-003
   16.6099706744868      -2.863044642545596E-003
   16.6275659824047      -2.840889069476717E-003
   16.6451612903226      -2.774499081975682E-003
   16.6627565982405      -2.590520646244255E-003
   16.6803519061584      -2.392352595597625E-003
   16.6979472140762      -2.105751685150640E-003
   16.7155425219941      -1.838065329949413E-003
   16.7331378299120      -1.513539321029337E-003
   16.7507331378299      -1.243385849358862E-003
   16.7683284457478      -9.502570873798526E-004
   16.7859237536657      -7.496584413671400E-004
   16.8035190615836      -5.633987691230941E-004
   16.8211143695015      -5.059047776053117E-004
   16.8387096774194      -4.728679806685937E-004
   16.8563049853372      -5.595227993203298E-004
   16.8739002932551      -6.531097189319573E-004
   16.8914956011730      -8.508370743638653E-004
   16.9090909090909      -1.035509271603787E-003
   16.9266862170088      -1.307153414737507E-003
   16.9442815249267      -1.544372559715208E-003
   16.9618768328446      -1.850497361546720E-003
   16.9794721407625      -2.100008394291668E-003
   16.9970674486804      -2.400110850482114E-003
   17.0146627565982      -2.623013566313539E-003
   17.0322580645161      -2.890323009997783E-003
   17.0498533724340      -3.080299647718404E-003
   17.0674486803519      -3.320360048866578E-003
   17.0850439882698      -3.482601300722457E-003
   17.1026392961877      -3.697950223491982E-003
   17.1202346041056      -3.832276821464888E-003
   17.1378299120235      -4.020361394572145E-003
   17.1554252199413      -4.121325079614432E-003
   17.1730205278592      -4.273833517268749E-003
   17.1906158357771      -4.329226874873743E-003
   17.2082111436950      -4.428753998273962E-003
   17.2258064516129      -4.414539223596263E-003
   17.2434017595308      -4.437624890335696E-003
   17.2609970674487      -4.339638197735171E-003
   17.2785923753666      -4.281703131268706E-003
   17.2961876832845      -4.099343630227935E-003
   17.3137829912023      -3.962278889029293E-003
   17.3313782991202      -3.698443075382636E-003
   17.3489736070381      -3.486302600949144E-003
   17.3665689149560      -3.144895109362712E-003
   17.3841642228739      -2.861718488336094E-003
   17.4017595307918      -2.444985005882435E-003
   17.4193548387097      -2.091975537396702E-003
   17.4369501466276      -1.606145976474811E-003
   17.4545454545455      -1.206393848034704E-003
   17.4721407624633      -6.885941494698946E-004
   17.4897360703812      -2.869319314626093E-004
   17.5073313782991       2.147676947140725E-004
   17.5249266862170       5.658434162345951E-004
   17.5425219941349       9.966777530342967E-004
   17.5601173020528       1.237948210347059E-003
   17.5777126099707       1.536342384277436E-003
   17.5953079178886       1.600561898575803E-003
   17.6129032258065       1.696683715338798E-003
   17.6304985337243       1.528866961000516E-003
   17.6480938416422       1.421391944854378E-003
   17.6656891495601       1.066369078196095E-003
   17.6832844574780       8.204904587578300E-004
   17.7008797653959       3.439557587888637E-004
   17.7184750733138       3.101442023581603E-005
   17.7360703812317      -4.983580681988972E-004
   17.7536656891496      -8.035446337380173E-004
   17.7712609970675      -1.315911381352346E-003
   17.7888563049853      -1.535560345832949E-003
   17.8064516129032      -1.961774252154672E-003
   17.8240469208211      -2.026645134670301E-003
   17.8416422287390      -2.345361963274166E-003
   17.8592375366569      -2.251891542967897E-003
   17.8768328445748      -2.493155083625410E-003
   17.8944281524927      -2.232432785921697E-003
   17.9120234604106      -2.423248370063452E-003
   17.9296187683284      -1.937792912170674E-003
   17.9472140762463      -2.101940476241618E-003
   17.9648093841642      -1.165012029583599E-003
   17.9824046920821      -1.322098017961813E-003
   18.0000000000000       1.792699085241209E-003
