  0.000000000000000E+000 -7.371486487435076E-003
  1.759530791788856E-002 -2.883127652693209E-003
  3.519061583577713E-002 -3.283356513577968E-003
  5.278592375366570E-002 -1.952931175781021E-003
  7.038123167155426E-002 -2.257514840854582E-003
  8.797653958944282E-002 -1.521191821477065E-003
  0.105571847507331      -1.769866283989485E-003
  0.123167155425220      -1.273505840194903E-003
  0.140762463343109      -1.483508404617162E-003
  0.158357771260997      -1.112803274790093E-003
  0.175953079178886      -1.293359015856570E-003
  0.193548387096774      -9.975339876970469E-004
  0.211143695014663      -1.153644993064895E-003
  0.228739002932551      -9.047218849075874E-004
  0.246334310850440      -1.038019080917083E-003
  0.263929618768328      -8.184994425439745E-004
  0.281524926686217      -9.302486371495138E-004
  0.299120234604106      -7.293958100351637E-004
  0.316715542521994      -8.209844503980838E-004
  0.334310850439883      -6.320004315185989E-004
  0.351906158357771      -7.050399505041484E-004
  0.369501466275660      -5.238553871838630E-004
  0.387096774193548      -5.805356498175718E-004
  0.404692082111437      -4.056146544451469E-004
  0.422287390029326      -4.502813936778719E-004
  0.439882697947214      -2.848344330273798E-004
  0.457478005865103      -3.248651098930074E-004
  0.475073313782991      -1.727050526871778E-004
  0.492668621700880      -2.133207752942951E-004
  0.510263929618768      -7.681296577978229E-005
  0.527859237536657      -1.217458301212166E-004
  0.545454545454546      -2.347872762588774E-006
  0.563049853372434      -5.408556674100377E-005
  0.580645161290323       4.774229607746207E-005
  0.598240469208211      -1.179247022505690E-005
  0.615835777126100       7.397756688320090E-005
  0.633431085043988       9.370660927443586E-006
  0.651026392961877       8.443295804433905E-005
  0.668621700879765       1.885269213305963E-005
  0.686217008797654       8.708748894292720E-005
  0.703812316715543       2.294216171383259E-005
  0.721407624633431       8.696341868255362E-005
  0.739002932551320       2.580841595600310E-005
  0.756598240469208       8.741538821672628E-005
  0.774193548387097       3.014334735831308E-005
  0.791788856304985       9.039755755762348E-005
  0.809384164222874       3.715049126281029E-005
  0.826979472140763       9.628097386835077E-005
  0.844574780058651       4.705251283774883E-005
  0.862170087976540       1.061213210373664E-004
  0.879765395894428       6.206546015752619E-005
  0.897360703812317       1.227043925277305E-004
  0.914956011730205       8.513712829222730E-005
  0.932551319648094       1.489446029232474E-004
  0.950146627565982       1.191020798217932E-004
  0.967741935483871       1.874833559047313E-004
  0.985337243401760       1.663440517339532E-004
   1.00293255131965       2.402452626265018E-004
   1.02052785923754       2.276445363909009E-004
   1.03812316715543       3.050867609842635E-004
   1.05571847507331       2.969043976890991E-004
   1.07331378299120       3.736354932231513E-004
   1.09090909090909       3.658974491460278E-004
   1.10850439882698       4.385115201623425E-004
   1.12609970674487       4.279639725248534E-004
   1.14369501466276       4.936701312887770E-004
   1.16129032258065       4.776652288984139E-004
   1.17888563049853       5.342932441865677E-004
   1.19648093841642       5.109124431526061E-004
   1.21407624633431       5.573893318870634E-004
   1.23167155425220       5.271023153736982E-004
   1.24926686217009       5.660081838933152E-004
   1.26686217008798       5.319721500600382E-004
   1.28445747800587       5.662385328829702E-004
   1.30205278592375       5.309025937855616E-004
   1.31964809384164       5.628295992100896E-004
   1.33724340175953       5.281844337062663E-004
   1.35483870967742       5.596713148871743E-004
   1.37243401759531       5.273360183660007E-004
   1.39002932551320       5.598869460618982E-004
   1.40762463343109       5.309837005956874E-004
   1.42521994134897       5.649765926969045E-004
   1.44281524926686       5.383085447596541E-004
   1.46041055718475       5.715255350728391E-004
   1.47800586510264       5.447116290748690E-004
   1.49560117302053       5.750916775925965E-004
   1.51319648093842       5.461800262389253E-004
   1.53079178885631       5.719902804937296E-004
   1.54838709677419       5.393273067899881E-004
   1.56598240469208       5.591252190610742E-004
   1.58357771260997       5.213793748386953E-004
   1.60117302052786       5.341184913658822E-004
   1.61876832844575       4.907513736058815E-004
   1.63636363636364       4.973355477576468E-004
   1.65395894428153       4.506955866640651E-004
   1.67155425219941       4.539580889641796E-004
   1.68914956011730       4.066049513830635E-004
   1.70674486803519       4.089467047369416E-004
   1.72434017595308       3.630771713067028E-004
   1.74193548387097       3.666053558334451E-004
   1.75953079178886       3.241571393644457E-004
   1.77712609970675       3.307239786972100E-004
   1.79472140762463       2.933667488153967E-004
   1.81231671554252       3.044239986983764E-004
   1.82991202346041       2.726001224531980E-004
   1.84750733137830       2.869265514869283E-004
   1.86510263929619       2.582296513885993E-004
   1.88269794721408       2.732813321280502E-004
   1.90029325513196       2.452294617972732E-004
   1.91788856304985       2.586172971719038E-004
   1.93548387096774       2.288323995292578E-004
   1.95307917888563       2.382446971025693E-004
   1.97067448680352       2.044135424002255E-004
   1.98826979472141       2.075937118621672E-004
   2.00586510263930       1.674632330142162E-004
   2.02346041055718       1.626495691905955E-004
   2.04105571847507       1.159587470057889E-004
   2.05865102639296       1.047198245377765E-004
   2.07624633431085       5.379254246270279E-005
   2.09384164222874       3.855533521628910E-005
   2.11143695014663      -1.417960638126049E-005
   2.12903225806452      -3.092860019419069E-005
   2.14662756598241      -8.296624370017426E-005
   2.16422287390029      -9.864342692013165E-005
   2.18181818181818      -1.473441904987684E-004
   2.19941348973607      -1.591641405906820E-004
   2.21700879765396      -2.016333608642779E-004
   2.23460410557185      -2.071250200724037E-004
   2.25219941348974      -2.422441231446629E-004
   2.26979472140762      -2.414788029114498E-004
   2.28739002932551      -2.698613144043510E-004
   2.30498533724340      -2.636918277837898E-004
   2.32258064516129      -2.864299825196465E-004
   2.34017595307918      -2.761422570475570E-004
   2.35777126099707      -2.947623485153697E-004
   2.37536656891496      -2.821188985359919E-004
   2.39296187683284      -2.987143339779646E-004
   2.41055718475073      -2.862824617235522E-004
   2.42815249266862      -3.039498731923750E-004
   2.44574780058651      -2.945495639647740E-004
   2.46334310850440      -3.150559055613234E-004
   2.48093841642229      -3.095222563538218E-004
   2.49853372434018      -3.332468218778253E-004
   2.51612903225806      -3.316300963850645E-004
   2.53372434017595      -3.583727022597489E-004
   2.55131964809384      -3.602140117571728E-004
   2.56891495601173      -3.892846656609713E-004
   2.58651026392962      -3.936094202169038E-004
   2.60410557184751      -4.236895588541639E-004
   2.62170087976540      -4.286287721634586E-004
   2.63929618768328      -4.574629761796811E-004
   2.65689149560117      -4.610131857234868E-004
   2.67448680351906      -4.872302097106669E-004
   2.69208211143695      -4.884192249597339E-004
   2.70967741935484      -5.113010921904454E-004
   2.72727272727273      -5.095916692336848E-004
   2.74486803519062      -5.287834995243670E-004
   2.76246334310850      -5.239758097348166E-004
   2.78005865102639      -5.394702356154987E-004
   2.79765395894428      -5.317643361821269E-004
   2.81524926686217      -5.441363247385854E-004
   2.83284457478006      -5.346623734385926E-004
   2.85043988269795      -5.453841912219117E-004
   2.86803519061584      -5.354157380102321E-004
   2.88563049853372      -5.454512587776110E-004
   2.90322580645161      -5.357353263204541E-004
   2.92082111436950      -5.456971944710174E-004
   2.93841642228739      -5.367174677799771E-004
   2.95601173020528      -5.469929197548493E-004
   2.97360703812317      -5.390239123030217E-004
   2.99120234604106      -5.497896990791865E-004
   3.00879765395894      -5.428585937193464E-004
   3.02639296187683      -5.539044611521453E-004
   3.04398826979472      -5.475032340167792E-004
   3.06158357771261      -5.582182499611029E-004
   3.07917888563050      -5.517851026982532E-004
   3.09677419354839      -5.616787651609472E-004
   3.11436950146628      -5.547442251758209E-004
   3.13196480938416      -5.633742449194063E-004
   3.14956011730205      -5.554984756874223E-004
   3.16715542521994      -5.624405819369135E-004
   3.18475073313783      -5.531949612516222E-004
   3.20234604105572      -5.580312127167503E-004
   3.21994134897361      -5.470237027323949E-004
   3.23753665689150      -5.495245026709629E-004
   3.25513196480938      -5.367398663967960E-004
   3.27272727272727      -5.370120215200727E-004
   3.29032258064516      -5.225597965832693E-004
   3.30791788856305      -5.207165150549458E-004
   3.32551319648094      -5.046980132796781E-004
   3.34310850439883      -5.008440272529244E-004
   3.36070381231672      -4.833524126180701E-004
   3.37829912023460      -4.775848507925813E-004
   3.39589442815249      -4.587075595539817E-004
   3.41348973607038      -4.511313603790237E-004
   3.43108504398827      -4.310577485906050E-004
   3.44868035190616      -4.220446411926527E-004
   3.46627565982405      -4.012544439526508E-004
   3.48387096774194      -3.913013355128559E-004
   3.50146627565982      -3.702655641757768E-004
   3.51906158357771      -3.598332731020255E-004
   3.53665689149560      -3.389895171087488E-004
   3.55425219941349      -3.285061204589386E-004
   3.57184750733138      -3.082596199455854E-004
   3.58944281524927      -2.981209530697073E-004
   3.60703812316716      -2.788457077851963E-004
   3.62463343108504      -2.693852125782254E-004
   3.64222873900293      -2.512777474801107E-004
   3.65982404692082      -2.425385157796897E-004
   3.67741935483871      -2.255417846846221E-004
   3.69501466275660      -2.174275700504358E-004
   3.71260997067449      -2.013951747512560E-004
   3.73020527859238      -1.937169323186776E-004
   3.74780058651026      -1.783965813789854E-004
   3.76539589442815      -1.708390398179632E-004
   3.78299120234604      -1.558190350792176E-004
   3.80058651026393      -1.478442026198617E-004
   3.81818181818182      -1.323621676365796E-004
   3.83577712609971      -1.230656850113048E-004
   3.85337243401760      -1.064411444524520E-004
   3.87096774193548      -9.558007190053433E-005
   3.88856304985337      -7.785189438263311E-005
   3.90615835777126      -6.563809871119438E-005
   3.92375366568915      -4.714508590450021E-005
   3.94134897360704      -3.404117586221702E-005
   3.95894428152493      -1.535605855472597E-005
   3.97653958944282      -2.064764824443795E-006
   3.99413489736070       1.596848980575017E-005
   4.01173020527859       2.837298449201566E-005
   4.02932551319648       4.442008778499579E-005
   4.04692082111437       5.461199343994384E-005
   4.06451612903226       6.770992747134339E-005
   4.08211143695015       7.506763770053665E-005
   4.09970674486804       8.480056073855294E-005
   4.11730205278592       8.904801341587703E-005
   4.13489736070381       9.527655388035007E-005
   4.15249266862170       9.640038704930234E-005
   4.17008797653959       9.926067405331365E-005
   4.18768328445748       9.756566433962196E-005
   4.20527859237537       9.762735818817948E-005
   4.22287390029326       9.413920658504927E-005
   4.24046920821114       9.288304340556533E-005
   4.25806451612903       8.901763020460023E-005
   4.27565982404692       8.742589203805792E-005
   4.29325513196481       8.381327579176232E-005
   4.31085043988270       8.230055001359044E-005
   4.32844574780059       7.916996313519645E-005
   4.34604105571848       7.781087121079600E-005
   4.36363636363636       7.507813993015297E-005
   4.38123167155425       7.363291494822217E-005
   4.39882697947214       7.086772761761458E-005
   4.41642228739003       6.865868531499578E-005
   4.43401759530792       6.499393900257767E-005
   4.45161290322581       6.132526600234561E-005
   4.46920821114370       5.641965846341283E-005
   4.48680351906158       5.117431849959533E-005
   4.50439882697947       4.500149204692823E-005
   4.52199413489736       3.821624014397076E-005
   4.53958944281525       3.084962393011618E-005
   4.55718475073314       2.263542621495516E-005
   4.57478005865103       1.421031332416130E-005
   4.59237536656892       4.736593743519399E-006
   4.60997067448680      -4.538956838811687E-006
   4.62756598240469      -1.497676114070709E-005
   4.64516129032258      -2.473027276312484E-005
   4.66275659824047      -3.575455495980481E-005
   4.68035190615836      -4.566997943021107E-005
   4.69794721407625      -5.701124191435532E-005
   4.71554252199414      -6.686234390906489E-005
   4.73313782991202      -7.832532820346443E-005
   4.75073313782991      -8.795535121027018E-005
   4.76832844574780      -9.941322397863233E-005
   4.78592375366569      -1.087354071473170E-004
   4.80351906158358      -1.201358459696138E-004
   4.82111436950147      -1.291016246092416E-004
   4.83870967741935      -1.402440870924432E-004
   4.85630498533724      -1.484262386635858E-004
   4.87390029325513      -1.587747660678301E-004
   4.89149560117302      -1.656609335203350E-004
   4.90909090909091      -1.747415474876572E-004
   4.92668621700880      -1.799123055103230E-004
   4.94428152492669      -1.873616033396005E-004
   4.96187683284458      -1.905302434642326E-004
   4.97947214076246      -1.961506786306567E-004
   4.99706744868035      -1.972510870883632E-004
   5.01466275659824      -2.012046553397003E-004
   5.03225806451613      -2.007794106228619E-004
   5.04985337243402      -2.038203753391541E-004
   5.06744868035191      -2.024823045093922E-004
   5.08504398826980      -2.049827755931085E-004
   5.10263929618768      -2.029584225733852E-004
   5.12023460410557      -2.050407214175432E-004
   5.13782991202346      -2.023793097682808E-004
   5.15542521994135      -2.040251345991477E-004
   5.17302052785924      -2.006584210176345E-004
   5.19061583577713      -2.017473363170647E-004
   5.20821114369502      -1.975133733551648E-004
   5.22580645161290      -1.978541792055032E-004
   5.24340175953079      -1.925969735547910E-004
   5.26099706744868      -1.920896204686943E-004
   5.27859237536657      -1.857416872352184E-004
   5.29618768328446      -1.843153044128176E-004
   5.31378299120235      -1.768087807710763E-004
   5.33137829912024      -1.743936803023270E-004
   5.34897360703812      -1.656702328905600E-004
   5.36656891495601      -1.622189261467736E-004
   5.38416422287390      -1.522622789479643E-004
   5.40175953079179      -1.478068913933850E-004
   5.41935483870968      -1.367848191530564E-004
   5.43695014662757      -1.317059357818956E-004
   5.45454545454546      -1.201020509783402E-004
   5.47214076246334      -1.147712229250110E-004
   5.48973607038123      -1.028177836613590E-004
   5.50733137829912      -9.736344350138103E-005
   5.52492668621701      -8.511173779987162E-005
   5.54252199413490      -7.951071149123404E-005
   5.56011730205279      -6.687590204531746E-005
   5.57771260997067      -6.097654940911927E-005
   5.59530791788856      -4.774740528210130E-005
   5.61290322580645      -4.127443617646163E-005
   5.63049853372434      -2.722429109922412E-005
   5.64809384164223      -2.016398715536691E-005
   5.66568914956012      -5.480942306740886E-006
   5.68328445747801       1.937050800300086E-006
   5.70087976539589       1.704354979468930E-005
   5.71847507331378       2.464520537427907E-005
   5.73607038123167       4.003302419669909E-005
   5.75366568914956       4.771928995778879E-005
   5.77126099706745       6.332956656694675E-005
   5.78885630498534       7.109552257514545E-005
   5.80645161290323       8.698443880053011E-005
   5.82404692082111       9.495735728617214E-005
   5.84164222873900       1.112437054558835E-004
   5.85923753665689       1.194526182479663E-004
   5.87683284457478       1.360845125617377E-004
   5.89442815249267       1.444634401226182E-004
   5.91202346041056       1.613759547931255E-004
   5.92961876832845       1.698760897849331E-004
   5.94721407624634       1.870352097734682E-004
   5.96480938416422       1.956491906157374E-004
   5.98240469208211       2.130719797160145E-004
   6.00000000000000       2.218548260861521E-004
   6.01759530791789       2.396160981254054E-004
   6.03519061583578       2.485604108270138E-004
   6.05278592375367       2.664479578081760E-004
   6.07038123167156       2.752135477367943E-004
   6.08797653958944       2.928746585218622E-004
   6.10557184750733       3.011403211827920E-004
   6.12316715542522       3.182868756606674E-004
   6.14076246334311       3.258135246098394E-004
   6.15835777126100       3.422582270533348E-004
   6.17595307917889       3.489326369295581E-004
   6.19354838709677       3.646513283315820E-004
   6.21114369501466       3.706067733180960E-004
   6.22873900293255       3.859528697226680E-004
   6.24633431085044       3.916393399140639E-004
   6.26392961876833       4.069061765593382E-004
   6.28152492668622       4.124225352555160E-004
   6.29912023460411       4.275954479904669E-004
   6.31671554252199       4.328685618193732E-004
   6.33431085043988       4.478291371295991E-004
   6.35190615835777       4.527164983156232E-004
   6.36950146627566       4.673024485655031E-004
   6.38709677419355       4.716395445340162E-004
   6.40469208211144       4.856924344658295E-004
   6.42228739002933       4.893523092349012E-004
   6.43988269794721       5.027517793400846E-004
   6.45747800586510       5.055686010649957E-004
   6.47507331378299       5.180803741415823E-004
   6.49266862170088       5.197892067935361E-004
   6.51026392961877       5.311325634666320E-004
   6.52785923753666       5.314543751106569E-004
   6.54545454545455       5.413562241153060E-004
   6.56304985337243       5.400416643802314E-004
   6.58064516129032       5.482867552423854E-004
   6.59824046920821       5.451878855222940E-004
   6.61583577712610       5.517702733290469E-004
   6.63343108504399       5.471434845082620E-004
   6.65102639296188       5.524671783023707E-004
   6.66862170087977       5.466114880702968E-004
   6.68621700879765       5.507960600926987E-004
   6.70381231671554       5.437145296527245E-004
   6.72140762463343       5.466723336216741E-004
   6.73900293255132       5.382092290021981E-004
   6.75659824046921       5.397198879067733E-004
   6.77419354838710       5.296037447132873E-004
   6.79178885630499       5.293432409242633E-004
   6.80938416422287       5.172075624699315E-004
   6.82697947214076       5.147801571311381E-004
   6.84457478005865       5.002458814533711E-004
   6.86217008797654       4.952930525359365E-004
   6.87976539589443       4.780015571652707E-004
   6.89736070381232       4.701422311008946E-004
   6.91495601173021       4.496976104553887E-004
   6.93255131964809       4.385184666523161E-004
   6.95014662756598       4.145012990770530E-004
   6.96774193548387       3.995778405688873E-004
   6.98533724340176       3.715762454634910E-004
   7.00293255131965       3.525281156862114E-004
   7.02052785923754       3.203277402180718E-004
   7.03812316715543       2.973480868617642E-004
   7.05571847507331       2.615298070590864E-004
   7.07331378299120       2.352390556751671E-004
   7.09090909090909       1.963004890929471E-004
   7.10850439882698       1.670879009354529E-004
   7.12609970674487       1.253320284616732E-004
   7.14369501466276       9.341797767918860E-005
   7.16129032258065       4.899352143474729E-005
   7.17888563049853       1.445297817098261E-005
   7.19648093841642      -3.263070529839182E-005
   7.21407624633431      -6.983594620146905E-005
   7.23167155425220      -1.194778196850570E-004
   7.24926686217009      -1.589089227745779E-004
   7.26686217008798      -2.104404336378571E-004
   7.28445747800587      -2.514353744525173E-004
   7.30205278592375      -3.042672591196700E-004
   7.31964809384164      -3.463178038809988E-004
   7.33724340175953      -4.000210957487300E-004
   7.35483870967742      -4.427885500386023E-004
   7.37243401759531      -4.971177084785063E-004
   7.39002932551320      -5.404677761221053E-004
   7.40762463343109      -5.954222004795236E-004
   7.42521994134897      -6.394247669826175E-004
   7.44281524926686      -6.948490020643757E-004
   7.46041055718475      -7.389562586676716E-004
   7.47800586510264      -7.940921311230004E-004
   7.49560117302053      -8.375384972275923E-004
   7.51319648093842      -8.916564052434485E-004
   7.53079178885631      -9.337738366525842E-004
   7.54838709677419      -9.862817379754356E-004
   7.56598240469208      -1.026580198647583E-003
   7.58357771260997      -1.077114697139069E-003
   7.60117302052786      -1.115415650059791E-003
   7.61876832844575      -1.164074118667046E-003
   7.63636363636364      -1.200669092009550E-003
   7.65395894428153      -1.247526871941211E-003
   7.67155425219941      -1.282090528666903E-003
   7.68914956011730      -1.326591289669216E-003
   7.70674486803519      -1.358478847585408E-003
   7.72434017595308      -1.399933488176861E-003
   7.74193548387097      -1.428451219594932E-003
   7.75953079178886      -1.466183501064710E-003
   7.77712609970675      -1.490710692178745E-003
   7.79472140762463      -1.524191407953571E-003
   7.81231671554252      -1.544402138183038E-003
   7.82991202346041      -1.573668175975857E-003
   7.84750733137830      -1.589844517252423E-003
   7.86510263929619      -1.615039149323087E-003
   7.88269794721408      -1.627060721587850E-003
   7.90029325513197      -1.647893190402686E-003
   7.91788856304985      -1.655374563988602E-003
   7.93548387096774      -1.671395846506663E-003
   7.95307917888563      -1.673858643844702E-003
   7.97067448680352      -1.684586124962616E-003
   7.98826979472141      -1.681584436722212E-003
   8.00586510263930      -1.686680503704541E-003
   8.02346041055718      -1.678199929524354E-003
   8.04105571847507      -1.678101330214965E-003
   8.05865102639296      -1.664717250179720E-003
   8.07624633431085      -1.659751424576065E-003
   8.09384164222874      -1.641530017536173E-003
   8.11143695014663      -1.631586110440960E-003
   8.12903225806452      -1.608281418204301E-003
   8.14662756598241      -1.593002091434720E-003
   8.16422287390029      -1.564170675814537E-003
   8.18181818181818      -1.543045926203386E-003
   8.19941348973607      -1.508147253893521E-003
   8.21700879765396      -1.480741779689215E-003
   8.23460410557185      -1.439854797037534E-003
   8.25219941348974      -1.406900989788098E-003
   8.26979472140763      -1.360944341774684E-003
   8.28739002932551      -1.323179763751223E-003
   8.30498533724340      -1.272699701317828E-003
   8.32258064516129      -1.230502065528093E-003
   8.34017595307918      -1.175724964105880E-003
   8.35777126099707      -1.129171582179226E-003
   8.37536656891496      -1.070031978347995E-003
   8.39296187683285      -1.018908611620683E-003
   8.41055718475073      -9.550481768661194E-004
   8.42815249266862      -8.990669439975753E-004
   8.44574780058651      -8.306873033487379E-004
   8.46334310850440      -7.705453364303820E-004
   8.48093841642229      -6.984681795481013E-004
   8.49853372434018      -6.349053173608330E-004
   8.51612903225807      -5.597710554819480E-004
   8.53372434017595      -4.933149264026145E-004
   8.55131964809384      -4.155324812395597E-004
   8.56891495601173      -3.464583661680778E-004
   8.58651026392962      -2.661574626492266E-004
   8.60410557184751      -1.944155090455329E-004
   8.62170087976540      -1.114503946259078E-004
   8.63929618768329      -3.723087083209064E-005
   8.65689149560117       4.752790901348687E-005
   8.67448680351906       1.229666601020970E-004
   8.69208211143695       2.082412235305398E-004
   8.70967741935484       2.836962507018669E-004
   8.72727272727273       3.683825472971974E-004
   8.74486803519062       4.428781985286962E-004
   8.76246334310851       5.261516106221130E-004
   8.78005865102639       5.990558376812054E-004
   8.79765395894428       6.805312107001165E-004
   8.81524926686217       7.518277820738502E-004
   8.83284457478006       8.317453018780178E-004
   8.85043988269795       9.013575971837455E-004
   8.86803519061584       9.790222354061899E-004
   8.88563049853373       1.045909704443469E-003
   8.90322580645161       1.120174379127029E-003
   8.92082111436950       1.183170097280897E-003
   8.93841642228739       1.252896952892954E-003
   8.95601173020528       1.310938994799932E-003
   8.97360703812317       1.375191420430282E-003
   8.99120234604106       1.427537215582652E-003
   9.00879765395895       1.485926486154143E-003
   9.02639296187683       1.532838999882622E-003
   9.04398826979472       1.586153934345616E-003
   9.06158357771261       1.628254976672211E-003
   9.07917888563050       1.676591538780906E-003
   9.09677419354839       1.713624445969630E-003
   9.11436950146628       1.756527623990728E-003
   9.13196480938416       1.787906674034291E-003
   9.14956011730205       1.824708171317698E-003
   9.16715542521994       1.849726386833096E-003
   9.18475073313783       1.879724701489767E-003
   9.20234604105572       1.897759164829737E-003
   9.21994134897361       1.920553203879080E-003
   9.23753665689150       1.931466061836014E-003
   9.25513196480938       1.946851373079246E-003
   9.27272727272727       1.950089197884171E-003
   9.29032258064516       1.957234816729969E-003
   9.30791788856305       1.951815879138626E-003
   9.32551319648094       1.949644652357224E-003
   9.34310850439883       1.934446956199556E-003
   9.36070381231672       1.921833887252572E-003
   9.37829912023460       1.895793603532830E-003
   9.39589442815249       1.871821191636859E-003
   9.41348973607038       1.834457381954703E-003
   9.43108504398827       1.799778363230087E-003
   9.44868035190616       1.752934540268919E-003
   9.46627565982405       1.709499326042844E-003
   9.48387096774194       1.654530000392223E-003
   9.50146627565982       1.603168395500934E-003
   9.51906158357771       1.540517541983911E-003
   9.53665689149560       1.481348761415029E-003
   9.55425219941349       1.410854767456729E-003
   9.57184750733138       1.343469168444648E-003
   9.58944281524927       1.264509013882667E-003
   9.60703812316716       1.188139640090406E-003
   9.62463343108504       1.100367999678408E-003
   9.64222873900293       1.016075087297797E-003
   9.65982404692082       9.218639951023433E-004
   9.67741935483871       8.321854380013467E-004
   9.69501466275660       7.336723578733938E-004
   9.71260997067449       6.403537747032210E-004
   9.73020527859238       5.388998437235552E-004
   9.74780058651026       4.429079208713830E-004
   9.76539589442815       3.390636750615146E-004
   9.78299120234604       2.404856122508889E-004
   9.80058651026393       1.337829150953221E-004
   9.81818181818182       3.154483175511578E-005
   9.83577712609971      -7.890630443434855E-005
   9.85337243401760      -1.842396504154157E-004
   9.87096774193548      -2.965414466981189E-004
   9.88856304985337      -4.026918750744669E-004
   9.90615835777126      -5.145857970139529E-004
   9.92375366568915      -6.194267465615248E-004
   9.94134897360704      -7.290040689486049E-004
   9.95894428152493      -8.309234321274069E-004
   9.97653958944282      -9.369766471786976E-004
   9.99413489736071      -1.035320280108720E-003
   10.0117302052786      -1.138149942814468E-003
   10.0293255131965      -1.234628965892741E-003
   10.0469208211144      -1.336538246968466E-003
   10.0645161290323      -1.432515107273212E-003
   10.0821114369501      -1.533654015534040E-003
   10.0997067448680      -1.628598161532220E-003
   10.1173020527859      -1.728047422496585E-003
   10.1348973607038      -1.820778390072114E-003
   10.1524926686217      -1.917188483842181E-003
   10.1700879765396      -2.006264329424727E-003
   10.1876832844575      -2.098178455630575E-003
   10.2052785923754      -2.182253286192125E-003
   10.2228739002933      -2.268645493791827E-003
   10.2404692082111      -2.346959918769575E-003
   10.2580645161290      -2.426825739918287E-003
   10.2756598240469      -2.497842590635607E-003
   10.2932551319648      -2.569282211701920E-003
   10.3108504398827      -2.630903934640113E-003
   10.3284457478006      -2.691697824359125E-003
   10.3460410557185      -2.741651425940958E-003
   10.3636363636364      -2.789537566473962E-003
   10.3812316715543      -2.825662951975564E-003
   10.3988269794721      -2.858724041799067E-003
   10.4164222873900      -2.879837575325896E-003
   10.4340175953079      -2.898607268761717E-003
   10.4516129032258      -2.906778140126268E-003
   10.4692082111437      -2.913265634108314E-003
   10.4868035190616      -2.909677756695459E-003
   10.5043988269795      -2.904418505179909E-003
   10.5219941348974      -2.889114800105862E-003
   10.5395894428153      -2.871744885660197E-003
   10.5571847507331      -2.844009911984545E-003
   10.5747800586510      -2.813515283751793E-003
   10.5923753665689      -2.772087856430410E-003
   10.6099706744868      -2.727119979267932E-003
   10.6275659824047      -2.671573422317516E-003
   10.6451612903226      -2.613909261957467E-003
   10.6627565982405      -2.547626197321334E-003
   10.6803519061584      -2.480633774464770E-003
   10.6979472140762      -2.406386001827297E-003
   10.7155425219941      -2.332290222836101E-003
   10.7331378299120      -2.251762925088231E-003
   10.7507331378299      -2.171696968243362E-003
   10.7683284457478      -2.085432639967000E-003
   10.7859237536657      -1.999278688313572E-003
   10.8035190615836      -1.906332322719432E-003
   10.8211143695015      -1.812534487397736E-003
   10.8387096774194      -1.712646242878110E-003
   10.8563049853372      -1.614144533864590E-003
   10.8739002932551      -1.512461503056068E-003
   10.8914956011730      -1.414862176211109E-003
   10.9090909090909      -1.316930795937277E-003
   10.9266862170088      -1.225565500023270E-003
   10.9442815249267      -1.136353230219603E-003
   10.9618768328446      -1.055681114243342E-003
   10.9794721407625      -9.789068775675636E-004
   10.9970674486804      -9.115518763656140E-004
   11.0146627565982      -8.474585300058021E-004
   11.0322580645161      -7.884012331876172E-004
   11.0498533724340      -7.269196854608482E-004
   11.0674486803519      -6.657747233684834E-004
   11.0850439882698      -5.988753065831225E-004
   11.1026392961877      -5.295863103346671E-004
   11.1202346041056      -4.527199642224423E-004
   11.1378299120235      -3.720897075598020E-004
   11.1554252199413      -2.833775838873464E-004
   11.1730205278592      -1.909386748859834E-004
   11.1906158357771      -9.155170811992235E-005
   11.2082111436950       9.045405685961335E-006
   11.2258064516129       1.106841133274407E-004
   11.2434017595308       2.057578635568180E-004
   11.2609970674487       2.949944057921564E-004
   11.2785923753666       3.725738248419734E-004
   11.2961876832845       4.399183608174910E-004
   11.3137829912023       4.921870541995091E-004
   11.3313782991202       5.312691391520197E-004
   11.3489736070381       5.532216737471217E-004
   11.3665689149560       5.604608289952425E-004
   11.3841642228739       5.501552094981636E-004
   11.4017595307918       5.258225254031286E-004
   11.4193548387097       4.879234890809628E-004
   11.4369501466276       4.439610577428236E-004
   11.4545454545455       3.950156992784399E-004
   11.4721407624633       3.464877758490690E-004
   11.4897360703812       2.984646190294111E-004
   11.5073313782991       2.552143801964744E-004
   11.5249266862170       2.162552738422923E-004
   11.5425219941349       1.849069271710201E-004
   11.5601173020528       1.601362692490171E-004
   11.5777126099707       1.441898444129094E-004
   11.5953079178886       1.351654186384850E-004
   11.6129032258065       1.329691903445333E-004
   11.6304985337243       1.321234346052026E-004
   11.6480938416422       1.309778870974144E-004
   11.6656891495601       1.257814963190353E-004
   11.6832844574780       1.160874002830598E-004
   11.7008797653959       9.917944838103906E-005
   11.7184750733138       7.514099421450737E-005
   11.7360703812317       4.205336601436007E-005
   11.7536656891496       4.373360275497507E-007
   11.7712609970675      -5.081954819654622E-005
   11.7888563049853      -1.106371563210223E-004
   11.8064516129032      -1.788731159737324E-004
   11.8240469208211      -2.528378785378425E-004
   11.8416422287390      -3.313163833508570E-004
   11.8592375366569      -4.126264266160311E-004
   11.8768328445748      -4.962431928479274E-004
   11.8944281524927      -5.809552580819899E-004
   11.9120234604106      -6.662720524344536E-004
   11.9296187683284      -7.511873728675740E-004
   11.9472140762463      -8.350349628256369E-004
   11.9648093841642      -9.168281652935572E-004
   11.9824046920821      -9.954847092220136E-004
   12.0000000000000      -1.069645324202816E-003
   12.0175953079179      -1.137392425416198E-003
   12.0351906158358      -1.199242730519669E-003
   12.0527859237537      -1.257019936131392E-003
   12.0703812316716      -1.313486084367824E-003
   12.0879765395894      -1.371219182489468E-003
   12.1055718475073      -1.433761445574818E-003
   12.1231671554252      -1.504080457654727E-003
   12.1407624633431      -1.586277312556640E-003
   12.1583577712610      -1.683568750645212E-003
   12.1759530791789      -1.800452955636256E-003
   12.1935483870968      -1.940220174471525E-003
   12.2111436950147      -2.106783105427249E-003
   12.2287390029326      -2.295918630887171E-003
   12.2463343108504      -2.501355793959264E-003
   12.2639296187683      -2.715760392149053E-003
   12.2815249266862      -2.934235376850865E-003
   12.2991202346041      -3.150493047822990E-003
   12.3167155425220      -3.360892685190906E-003
   12.3343108504399      -3.560274782374556E-003
   12.3519061583578      -3.746470508166260E-003
   12.3695014662757      -3.915868001155396E-003
   12.3870967741935      -4.068479918600286E-003
   12.4046920821114      -4.204042591417790E-003
   12.4222873900293      -4.328777898715894E-003
   12.4398826979472      -4.445525389034222E-003
   12.4574780058651      -4.556277021386767E-003
   12.4750733137830      -4.659336881062529E-003
   12.4926686217009      -4.754614146604083E-003
   12.5102639296188      -4.838727155379877E-003
   12.5278592375367      -4.910501844781178E-003
   12.5454545454545      -4.965545957344918E-003
   12.5630498533724      -5.002008183550564E-003
   12.5806451612903      -5.014884378087628E-003
   12.5982404692082      -5.002039035501288E-003
   12.6158357771261      -4.959961695564401E-003
   12.6334310850440      -4.895075446994198E-003
   12.6510263929619      -4.811798246023417E-003
   12.6686217008798      -4.717074312232483E-003
   12.6862170087977      -4.613926029565536E-003
   12.7038123167155      -4.508145879885802E-003
   12.7214076246334      -4.401615829185293E-003
   12.7390029325513      -4.299014693462161E-003
   12.7565982404692      -4.201025501278538E-003
   12.7741935483871      -4.110990728328200E-003
   12.7917888563050      -4.028008723580962E-003
   12.8093841642229      -3.952726309469023E-003
   12.8269794721408      -3.878567172288151E-003
   12.8445747800587      -3.801729527258872E-003
   12.8621700879765      -3.716101014795291E-003
   12.8797653958944      -3.619410607358626E-003
   12.8973607038123      -3.506190495487606E-003
   12.9149560117302      -3.374555971012369E-003
   12.9325513196481      -3.219239731459864E-003
   12.9501466275660      -3.038424375935560E-003
   12.9677419354839      -2.826836096547702E-003
   12.9853372434018      -2.582531316418791E-003
   13.0029325513196      -2.300057471037517E-003
   13.0205278592375      -1.981318180783090E-003
   13.0381231671554      -1.635136961748527E-003
   13.0557184750733      -1.275191955155587E-003
   13.0733137829912      -9.117275394409630E-004
   13.0909090909091      -5.580501334156779E-004
   13.1085043988270      -2.239771339255788E-004
   13.1260997067449       7.781719100307164E-005
   13.1436950146628       3.382672437600190E-004
   13.1612903225806       5.457409786030405E-004
   13.1788856304985       6.926088689230256E-004
   13.1964809384164       7.693854465321695E-004
   13.2140762463343       7.746418009048448E-004
   13.2316715542522       7.173039036166259E-004
   13.2492668621701       6.102257037580318E-004
   13.2668621700880       4.617305850277324E-004
   13.2844574780059       2.811004569554248E-004
   13.3020527859238       7.446367602566604E-005
   13.3196480938416      -1.507474613614230E-004
   13.3372434017595      -3.897829187042445E-004
   13.3548387096774      -6.365330249645237E-004
   13.3724340175953      -8.871645176866689E-004
   13.3900293255132      -1.136446966429614E-003
   13.4076246334311      -1.380461871957117E-003
   13.4252199413490      -1.611006306343872E-003
   13.4428152492669      -1.820223855244869E-003
   13.4604105571848      -2.000833372885534E-003
   13.4780058651026      -2.148075649015499E-003
   13.4956011730205      -2.257493752526675E-003
   13.5131964809384      -2.326949050847776E-003
   13.5307917888563      -2.354927051247559E-003
   13.5483870967742      -2.342364989354502E-003
   13.5659824046921      -2.291527429095881E-003
   13.5835777126100      -2.207992881903520E-003
   13.6011730205279      -2.101094079009648E-003
   13.6187683284457      -1.988860185500338E-003
   13.6363636363636      -1.887362157410178E-003
   13.6539589442815      -1.802347498340892E-003
   13.6715542521994      -1.737550432158492E-003
   13.6891495601173      -1.692524755002607E-003
   13.7067448680352      -1.666797051464823E-003
   13.7243401759531      -1.656502289113757E-003
   13.7419354838710      -1.658480119357067E-003
   13.7595307917889      -1.666201225175827E-003
   13.7771260997067      -1.674265182767802E-003
   13.7947214076246      -1.673523854209651E-003
   13.8123167155425      -1.656021489499281E-003
   13.8299120234604      -1.614569197821418E-003
   13.8475073313783      -1.549232963561157E-003
   13.8651026392962      -1.457084833149573E-003
   13.8826979472141      -1.339032198383833E-003
   13.9002932551320      -1.191928006392228E-003
   13.9178885630499      -1.016848914031931E-003
   13.9354838709677      -8.102581988647849E-004
   13.9530791788856      -5.734109878534874E-004
   13.9706744868035      -3.025100000877015E-004
   13.9882697947214       6.747021083727267E-007
   14.0058651026393       3.391103155733784E-004
   14.0234604105572       7.022910249308994E-004
   14.0410557184751       1.078151086480005E-003
   14.0586510263930       1.449796345296781E-003
   14.0762463343109       1.808538587618780E-003
   14.0938416422287       2.139850730649566E-003
   14.1114369501466       2.438034273322152E-003
   14.1290322580645       2.690813699978473E-003
   14.1466275659824       2.895802712365564E-003
   14.1642228739003       3.043637484826653E-003
   14.1818181818182       3.136666075446209E-003
   14.1994134897361       3.171170261516926E-003
   14.2170087976540       3.164281298899759E-003
   14.2346041055718       3.134332177446308E-003
   14.2521994134897       3.103340673013743E-003
   14.2697947214076       3.079401422301230E-003
   14.2873900293255       3.078145951614352E-003
   14.3049853372434       3.102285743583470E-003
   14.3225806451613       3.163917966765352E-003
   14.3401759530792       3.261544674991738E-003
   14.3577712609971       3.404090555662871E-003
   14.3753665689150       3.585487486393977E-003
   14.3929618768328       3.810361106197107E-003
   14.4105571847507       4.063235693646629E-003
   14.4281524926686       4.332614363630424E-003
   14.4457478005865       4.594372333265540E-003
   14.4633431085044       4.843952151529853E-003
   14.4809384164223       5.063892118799250E-003
   14.4985337243402       5.254388121646092E-003
   14.5161290322581       5.401182030991276E-003
   14.5337243401760       5.508300502018820E-003
   14.5513196480938       5.564471045695601E-003
   14.5689149560117       5.578056468429442E-003
   14.5865102639296       5.542067973682053E-003
   14.6041055718475       5.472984722401677E-003
   14.6217008797654       5.378084128037791E-003
   14.6392961876833       5.284619225157515E-003
   14.6568914956012       5.190986295360310E-003
   14.6744868035191       5.113863408113949E-003
   14.6920821114370       5.045173216435021E-003
   14.7096774193548       4.997319715312842E-003
   14.7272727272727       4.957803481370059E-003
   14.7448680351906       4.935846401069072E-003
   14.7624633431085       4.914828820964490E-003
   14.7800586510264       4.900586328550388E-003
   14.7976539589443       4.871375463305039E-003
   14.8152492668622       4.827867949916793E-003
   14.8328445747801       4.752869729111812E-003
   14.8504398826979       4.664296040710264E-003
   14.8680351906158       4.553431911659793E-003
   14.8856304985337       4.440999105188348E-003
   14.9032258064516       4.318479188491387E-003
   14.9208211143695       4.207435171844298E-003
   14.9384164222874       4.098408025259655E-003
   14.9560117302053       4.012940467658857E-003
   14.9736070381232       3.939571265236655E-003
   14.9912023460411       3.898524114173943E-003
   15.0087976539589       3.872624540603601E-003
   15.0263929618768       3.868810406101943E-003
   15.0439882697947       3.856649827866284E-003
   15.0615835777126       3.845596707508124E-003
   15.0791788856305       3.810697750836478E-003
   15.0967741935484       3.766102993794516E-003
   15.1143695014663       3.689519940128026E-003
   15.1319648093842       3.598947968192034E-003
   15.1495601173021       3.474420653371944E-003
   15.1671554252199       3.338014195437164E-003
   15.1847507331378       3.172866023641197E-003
   15.2023460410557       3.007387141671570E-003
   15.2199413489736       2.833118684261386E-003
   15.2375366568915       2.683645055313590E-003
   15.2551319648094       2.541363236703784E-003
   15.2727272727273       2.432711791369407E-003
   15.2903225806452       2.335409838678861E-003
   15.3079178885631       2.273961131011863E-003
   15.3255131964809       2.223039066350113E-003
   15.3431085043988       2.206112846611160E-003
   15.3607038123167       2.195133623930590E-003
   15.3782991202346       2.212617552369524E-003
   15.3958944281525       2.227441445395127E-003
   15.4134897360704       2.259906319519352E-003
   15.4310850439883       2.276500905484597E-003
   15.4486803519062       2.302285304483878E-003
   15.4662756598240       2.306494952581292E-003
   15.4838709677419       2.316706106541809E-003
   15.5014662756598       2.301805812380748E-003
   15.5190615835777       2.290938812218279E-003
   15.5366568914956       2.252213278434128E-003
   15.5542521994135       2.216145073865655E-003
   15.5718475073314       2.149884583081511E-003
   15.5894428152493       2.085273202978499E-003
   15.6070381231672       1.988557703930610E-003
   15.6246334310850       1.896214280871168E-003
   15.6422287390029       1.780318367117157E-003
   15.6598240469208       1.682443411115366E-003
   15.6774193548387       1.573266082451028E-003
   15.6950146627566       1.495307902284168E-003
   15.7126099706745       1.417552670649601E-003
   15.7302052785924       1.383408140681156E-003
   15.7478005865103       1.359933900567892E-003
   15.7653958944282       1.391187990536169E-003
   15.7829912023460       1.441756780344022E-003
   15.8005865102639       1.555393870158876E-003
   15.8181818181818       1.689431133604066E-003
   15.8357771260997       1.876743237400651E-003
   15.8533724340176       2.067293331079146E-003
   15.8709677419355       2.298156014740360E-003
   15.8885630498534       2.520266981292791E-003
   15.9061583577713       2.774251602537462E-003
   15.9237536656892       3.011143211422044E-003
   15.9413489736070       3.274825696855703E-003
   15.9589442815249       3.516311676610455E-003
   15.9765395894428       3.782960356608692E-003
   15.9941348973607       4.026137934976155E-003
   16.0117302052786       4.297396263014300E-003
   16.0293255131965       4.539614028859381E-003
   16.0469208211144       4.790141243356801E-003
   16.0645161290323       4.981350678062466E-003
   16.0821114369501       5.151306539810458E-003
   16.0997067448680       5.230435971235734E-003
   16.1173020527859       5.259056562270713E-003
   16.1348973607038       5.166392389406084E-003
   16.1524926686217       4.995924844367392E-003
   16.1700879765396       4.676691000684601E-003
   16.1876832844575       4.257044995200240E-003
   16.2052785923754       3.670060695104061E-003
   16.2228739002933       2.997137156500562E-003
   16.2404692082111       2.224863867786871E-003
   16.2580645161290       1.460396986797196E-003
   16.2756598240469       6.791485476091739E-004
   16.2932551319648      -1.675549305001928E-005
   16.3108504398827      -6.609509498210800E-004
   16.3284457478006      -1.155035012281777E-003
   16.3460410557185      -1.541798828373137E-003
   16.3636363636364      -1.727520289008752E-003
   16.3812316715543      -1.766966329185630E-003
   16.3988269794721      -1.576531116247095E-003
   16.4164222873900      -1.247799628945655E-003
   16.4340175953079      -7.658825257640962E-004
   16.4516129032258      -2.603530304072789E-004
   16.4692082111437       3.025653430254715E-004
   16.4868035190616       8.063187743631005E-004
   16.5043988269795       1.299301385951613E-003
   16.5219941348974       1.671593021997398E-003
   16.5395894428153       1.983997001647953E-003
   16.5571847507331       2.132666909415870E-003
   16.5747800586510       2.192254068482370E-003
   16.5923753665689       2.068116873695874E-003
   16.6099706744868       1.861886424696394E-003
   16.6275659824047       1.526604247018234E-003
   16.6451612903226       1.203530522412775E-003
   16.6627565982405       8.321275577187390E-004
   16.6803519061584       5.388683702005353E-004
   16.6979472140762       2.490636573726048E-004
   16.7155425219941       8.439759790855378E-005
   16.7331378299120      -4.094933084309872E-005
   16.7507331378299      -8.380570190502367E-006
   16.7683284457478       8.500383974045251E-005
   16.7859237536657       3.535895627307237E-004
   16.8035190615836       6.839375673065198E-004
   16.8211143695015       1.166972077526338E-003
   16.8387096774194       1.650059832780232E-003
   16.8563049853372       2.225191081953188E-003
   16.8739002932551       2.748599629674869E-003
   16.8914956011730       3.325005567794425E-003
   16.9090909090909       3.811767536780821E-003
   16.9266862170088       4.323625531167911E-003
   16.9442815249267       4.717254499437758E-003
   16.9618768328446       5.117348553404005E-003
   16.9794721407625       5.379984234497622E-003
   16.9970674486804       5.641722394828343E-003
   17.0146627565982       5.763806579853072E-003
   17.0322580645161       5.903742691703989E-003
   17.0498533724340       5.917033300682301E-003
   17.0674486803519       5.959591706272229E-003
   17.0850439882698       5.874872702981416E-003
   17.1026392961877       5.823048529101877E-003
   17.1202346041056       5.638022388222986E-003
   17.1378299120235       5.486137260633932E-003
   17.1554252199413       5.191987688009176E-003
   17.1730205278592       4.929307704694521E-003
   17.1906158357771       4.513195538746221E-003
   17.2082111436950       4.126266093857849E-003
   17.2258064516129       3.580564551207240E-003
   17.2434017595308       3.081040774243218E-003
   17.2609970674487       2.435305724673505E-003
   17.2785923753666       1.858321533384886E-003
   17.2961876832845       1.145647212676977E-003
   17.3137829912023       5.233698182122130E-004
   17.3313782991202      -2.258461351856327E-004
   17.3489736070381      -8.633291282619090E-004
   17.3665689149560      -1.620249983344341E-003
   17.3841642228739      -2.243436626314961E-003
   17.4017595307918      -2.978223611034077E-003
   17.4193548387097      -3.549358639402419E-003
   17.4369501466276      -4.205647480183305E-003
   17.4545454545455      -4.648836952768238E-003
   17.4721407624633      -5.151332994521301E-003
   17.4897360703812      -5.399184517867760E-003
   17.5073313782991      -5.690385387721759E-003
   17.5249266862170      -5.692287865645714E-003
   17.5425219941349      -5.732000888735024E-003
   17.5601173020528      -5.455953679209896E-003
   17.5777126099707      -5.226410078942785E-003
   17.5953079178886      -4.668677797851257E-003
   17.6129032258065      -4.199247732596013E-003
   17.6304985337243      -3.452584979714199E-003
   17.6480938416422      -2.906534820297706E-003
   17.6656891495601      -2.139529680927077E-003
   17.6832844574780      -1.660322399125907E-003
   17.7008797653959      -9.863695998127155E-004
   17.7184750733138      -6.747080269831247E-004
   17.7360703812317      -1.723495801950947E-004
   17.7536656891496      -9.973774769834390E-005
   17.7712609970675       1.836348025227182E-004
   17.7888563049853      -2.469041945758238E-005
   17.8064516129032       3.441972252262451E-005
   17.8240469208211      -4.356829320272068E-004
   17.8416422287390      -5.151727111530873E-004
   17.8592375366569      -1.183317118975912E-003
   17.8768328445748      -1.331319412880976E-003
   17.8944281524927      -2.208236918631982E-003
   17.9120234604106      -2.391548366751200E-003
   17.9296187683284      -3.584445345063896E-003
   17.9472140762463      -3.793907817072412E-003
   17.9648093841642      -5.693364740178422E-003
   17.9824046920821      -5.954073609959534E-003
   18.0000000000000      -1.134224650110934E-002
