  0.000000000000000E+000  1.165707647002267E-002
  1.759530791788856E-002  7.790702604124593E-003
  3.519061583577713E-002  7.447996292723983E-003
  5.278592375366570E-002  6.005018518562283E-003
  7.038123167155426E-002  5.713600537955114E-003
  8.797653958944282E-002  4.768302799582560E-003
  0.105571847507331       4.500901334862049E-003
  0.123167155425220       3.771789557179788E-003
  0.140762463343109       3.518380501155684E-003
  0.158357771260997       2.910938819416729E-003
  0.175953079178886       2.667819990270771E-003
  0.193548387096774       2.140326329193033E-003
  0.211143695014663       1.907794656563704E-003
  0.228739002932551       1.441497890795747E-003
  0.246334310850440       1.224427591136218E-003
  0.263929618768328       8.116247527727766E-004
  0.281524926686217       6.146026449252644E-004
  0.299120234604106       2.510941756711767E-004
  0.316715542521994       7.806675450513079E-005
  0.334310850439883      -2.380563894050406E-004
  0.351906158357771      -3.833793429256900E-004
  0.369501466275660      -6.525588463954712E-004
  0.387096774193548      -7.665773140347241E-004
  0.404692082111437      -9.882258143345563E-004
  0.422287390029326      -1.067581026428161E-003
  0.439882697947214      -1.241885641639641E-003
  0.457478005865103      -1.286353867665541E-003
  0.475073313782991      -1.416025039763532E-003
  0.492668621700880      -1.426913521778973E-003
  0.510263929618768      -1.514925819605788E-003
  0.527859237536657      -1.494033418211498E-003
  0.545454545454546      -1.543574719659132E-003
  0.563049853372434      -1.493212748288197E-003
  0.580645161290323      -1.507840862478264E-003
  0.598240469208211      -1.431027567582000E-003
  0.615835777126100      -1.415107163004730E-003
  0.633431085043988      -1.315684908631583E-003
  0.651026392961877      -1.272845710335676E-003
  0.668621700879765      -1.152485103829913E-003
  0.686217008797654      -1.084200792790957E-003
  0.703812316715543      -9.434828640432320E-004
  0.721407624633431      -8.505729297008098E-004
  0.739002932551320      -6.896613119814278E-004
  0.756598240469208      -5.725314652524243E-004
  0.774193548387097      -3.912655772364024E-004
  0.791788856304985      -2.499304951854544E-004
  0.809384164222874      -4.774578432028065E-005
  0.826979472140763       1.176623453485210E-004
  0.844574780058651       3.390187656680461E-004
  0.862170087976540       5.241380436528372E-004
  0.879765395894428       7.594056159070650E-004
  0.897360703812317       9.583817000474281E-004
  0.914956011730205       1.201690150919434E-003
  0.932551319648094       1.408194004539279E-003
  0.950146627565982       1.653166781994384E-003
  0.967741935483871       1.860335087298034E-003
  0.985337243401760       2.099928127216961E-003
   1.00293255131965       2.300002242474744E-003
   1.02052785923754       2.526040139944179E-003
   1.03812316715543       2.711385787365644E-003
   1.05571847507331       2.918928077020530E-003
   1.07331378299120       3.086779313436580E-003
   1.09090909090909       3.274222707378705E-003
   1.10850439882698       3.423397275042651E-003
   1.12609970674487       3.590122005380542E-003
   1.14369501466276       3.720267090923457E-003
   1.16129032258065       3.866399644233947E-003
   1.17888563049853       3.977914765467409E-003
   1.19648093841642       4.104388880487443E-003
   1.21407624633431       4.198710144966333E-003
   1.23167155425220       4.307580506806855E-003
   1.24926686217009       4.386372414110264E-003
   1.26686217008798       4.478475634530035E-003
   1.28445747800587       4.541839604676400E-003
   1.30205278592375       4.617051437223272E-003
   1.31964809384164       4.664589817779391E-003
   1.33724340175953       4.722428808477708E-003
   1.35483870967742       4.753447807080693E-003
   1.37243401759531       4.793144863455720E-003
   1.39002932551320       4.806646018211522E-003
   1.40762463343109       4.827026304849586E-003
   1.42521994134897       4.821613348377799E-003
   1.44281524926686       4.821798672676192E-003
   1.46041055718475       4.797535053509461E-003
   1.47800586510264       4.778389987307006E-003
   1.49560117302053       4.736417744829873E-003
   1.51319648093842       4.699352402127683E-003
   1.53079178885631       4.641222106010561E-003
   1.54838709677419       4.588015425496515E-003
   1.56598240469208       4.515644164484497E-003
   1.58357771260997       4.448463173998469E-003
   1.60117302052786       4.364230497382941E-003
   1.61876832844575       4.285789633111781E-003
   1.63636363636364       4.192256403168764E-003
   1.65395894428153       4.104353914641356E-003
   1.67155425219941       4.002493583813573E-003
   1.68914956011730       3.905827627886529E-003
   1.70674486803519       3.796192263019949E-003
   1.72434017595308       3.691293895792098E-003
   1.74193548387097       3.574358406973547E-003
   1.75953079178886       3.461740548168962E-003
   1.77712609970675       3.338020650423441E-003
   1.79472140762463       3.218305289900380E-003
   1.81231671554252       3.088611113144909E-003
   1.82991202346041       2.963459457877241E-003
   1.84750733137830       2.830704627315239E-003
   1.86510263929619       2.703743019026812E-003
   1.88269794721408       2.571437740462172E-003
   1.90029325513196       2.445969258592272E-003
   1.91788856304985       2.317212625601815E-003
   1.93548387096774       2.196204886350259E-003
   1.95307917888563       2.073788245563047E-003
   1.97067448680352       1.959901083034561E-003
   1.98826979472141       1.846284418964865E-003
   2.00586510263930       1.741754857219577E-003
   2.02346041055718       1.638475627896940E-003
   2.04105571847507       1.543531323555576E-003
   2.05865102639296       1.449692527031568E-003
   2.07624633431085       1.363293600781476E-003
   2.09384164222874       1.278049113381397E-003
   2.11143695014663       1.199528894074932E-003
   2.12903225806452       1.122325538132331E-003
   2.14662756598241       1.051276856389252E-003
   2.16422287390029       9.818205878663940E-004
   2.18181818181818       9.181258908095278E-004
   2.19941348973607       8.564942763211217E-004
   2.21700879765396       8.006427065677264E-004
   2.23460410557185       7.478415132828256E-004
   2.25219941348974       7.009742250193059E-004
   2.26979472140762       6.576894409664711E-004
   2.28739002932551       6.200454740695993E-004
   2.30498533724340       5.861891676942539E-004
   2.32258064516129       5.574436885614929E-004
   2.34017595307918       5.324392471996393E-004
   2.35777126099707       5.117920451933208E-004
   2.37536656891496       4.945575332621630E-004
   2.39296187683284       4.806216238151461E-004
   2.41055718475073       4.692559047015135E-004
   2.42815249266862       4.594514483701505E-004
   2.44574780058651       4.511253747381137E-004
   2.46334310850440       4.432203217094074E-004
   2.48093841642229       4.364112830089819E-004
   2.49853372434018       4.293249432889295E-004
   2.51612903225806       4.232186922994651E-004
   2.53372434017595       4.163823935789394E-004
   2.55131964809384       4.106063580064789E-004
   2.56891495601173       4.038669632344649E-004
   2.58651026392962       3.984785863787879E-004
   2.60410557184751       3.921957827579250E-004
   2.62170087976540       3.879768242624512E-004
   2.63929618768328       3.832889547246106E-004
   2.65689149560117       3.811967400546536E-004
   2.67448680351906       3.786088803711173E-004
   2.69208211143695       3.788207609372903E-004
   2.70967741935484       3.783365298985475E-004
   2.72727272727273       3.806973835453047E-004
   2.74486803519062       3.820425902424768E-004
   2.76246334310850       3.861394145978240E-004
   2.78005865102639       3.887727578677163E-004
   2.79765395894428       3.938844990022673E-004
   2.81524926686217       3.968063623601578E-004
   2.83284457478006       4.014278496397591E-004
   2.85043988269795       4.027807582490950E-004
   2.86803519061584       4.051177165593311E-004
   2.88563049853372       4.033488637700561E-004
   2.90322580645161       4.019956664858579E-004
   2.92082111436950       3.958163040137116E-004
   2.93841642228739       3.895592709038212E-004
   2.95601173020528       3.778364960552467E-004
   2.97360703812317       3.655957623902277E-004
   2.99120234604106       3.473147035028277E-004
   3.00879765395894       3.281228188382162E-004
   3.02639296187683       3.025571563224080E-004
   3.04398826979472       2.762611479621457E-004
   3.06158357771261       2.438676966357786E-004
   3.07917888563050       2.111816599819027E-004
   3.09677419354839       1.727626271083378E-004
   3.11436950146628       1.345536556375280E-004
   3.13196480938416       9.106307681421178E-005
   3.14956011730205       4.836585400713922E-005
   3.16715542521994       9.505755441263087E-007
   3.18475073313783      -4.496441080916408E-005
   3.20234604105572      -9.483460166399466E-005
   3.21994134897361      -1.421817010671012E-004
   3.23753665689150      -1.924248110375972E-004
   3.25513196480938      -2.392727385789410E-004
   3.27272727272727      -2.883867307121095E-004
   3.29032258064516      -3.335595676090332E-004
   3.30791788856305      -3.805524497796373E-004
   3.32551319648094      -4.232170412735343E-004
   3.34310850439883      -4.673817045566874E-004
   3.36070381231672      -5.069667682689025E-004
   3.37829912023460      -5.478617744544168E-004
   3.39589442815249      -5.840932845102093E-004
   3.41348973607038      -6.216938582773679E-004
   3.43108504398827      -6.549587334921438E-004
   3.44868035190616      -6.898973782811504E-004
   3.46627565982405      -7.206983713054795E-004
   3.48387096774194      -7.532108881619802E-004
   3.50146627565982      -7.816121718734769E-004
   3.51906158357771      -8.116265600987242E-004
   3.53665689149560      -8.374465191937011E-004
   3.55425219941349      -8.646607235470621E-004
   3.57184750733138      -8.874787561723414E-004
   3.58944281524927      -9.113174406483704E-004
   3.60703812316716      -9.303380322703478E-004
   3.62463343108504      -9.496248974497177E-004
   3.64222873900293      -9.633925044530013E-004
   3.65982404692082      -9.768160520622724E-004
   3.67741935483871      -9.844021586668031E-004
   3.69501466275660      -9.912932381531668E-004
   3.71260997067449      -9.922034788713955E-004
   3.73020527859238      -9.922019948749522E-004
   3.74780058651026      -9.862057595279702E-004
   3.76539589442815      -9.791955496325487E-004
   3.78299120234604      -9.663066859721024E-004
   3.80058651026393      -9.524419456980667E-004
   3.81818181818182      -9.330493643938568E-004
   3.83577712609971      -9.130514111959796E-004
   3.85337243401760      -8.880948845318516E-004
   3.87096774193548      -8.628566965092153E-004
   3.88856304985337      -8.331351128408520E-004
   3.90615835777126      -8.034020495134149E-004
   3.92375366568915      -7.696421846010781E-004
   3.94134897360704      -7.361277772407261E-004
   3.95894428152493      -6.990493918306986E-004
   3.97653958944282      -6.624806250873292E-004
   3.99413489736070      -6.228387593807914E-004
   4.01173020527859      -5.840131851379437E-004
   4.02932551319648      -5.426442079237108E-004
   4.04692082111437      -5.023153640933288E-004
   4.06451612903226      -4.598185428690900E-004
   4.08211143695015      -4.184693670894399E-004
   4.09970674486804      -3.752790317675413E-004
   4.11730205278592      -3.333046546633703E-004
   4.13489736070381      -2.897918389917284E-004
   4.15249266862170      -2.475342639927294E-004
   4.17008797653959      -2.040212362291129E-004
   4.18768328445748      -1.617732007905929E-004
   4.20527859237537      -1.185223532811249E-004
   4.22287390029326      -7.648510918165330E-005
   4.24046920821114      -3.365076451363136E-005
   4.25806451612903       8.008237413241304E-006
   4.27565982404692       5.018993604617572E-005
   4.29325513196481       9.118486083280197E-005
   4.31085043988270       1.323841436612973E-004
   4.32844574780059       1.723503852189119E-004
   4.34604105571848       2.121580004615783E-004
   4.36363636363636       2.506431882196452E-004
   4.38123167155425       2.885442139739907E-004
   4.39882697947214       3.249549182319180E-004
   4.41642228739003       3.602080196858193E-004
   4.43401759530792       3.936443835770301E-004
   4.45161290322581       4.253759239767251E-004
   4.46920821114370       4.551809608717152E-004
   4.48680351906158       4.829110650447510E-004
   4.50439882697947       5.087150549059037E-004
   4.52199413489736       5.321509523735377E-004
   4.53958944281525       5.537327014228513E-004
   4.55718475073314       5.727133947025416E-004
   4.57478005865103       5.899779897476803E-004
   4.59237536656892       6.044730240696928E-004
   4.60997067448680       6.174862897804914E-004
   4.62756598240469       6.277489293629004E-004
   4.64516129032258       6.370163376096620E-004
   4.66275659824047       6.436710345772139E-004
   4.68035190615836       6.497963608256676E-004
   4.69794721407625       6.534027753183299E-004
   4.71554252199414       6.569265524889257E-004
   4.73313782991202       6.580073663997077E-004
   4.75073313782991       6.594437081448107E-004
   4.76832844574780       6.585005526786041E-004
   4.78592375366569       6.583437489410639E-004
   4.80351906158358       6.558547422557748E-004
   4.82111436950147       6.545526307217794E-004
   4.83870967741935       6.509024249379514E-004
   4.85630498533724       6.487994044825880E-004
   4.87390029325513       6.443377529222434E-004
   4.89149560117302       6.418106071614649E-004
   4.90909090909091       6.369310081004534E-004
   4.92668621700880       6.343922852163452E-004
   4.94428152492669       6.295207376351515E-004
   4.96187683284458       6.274144939094512E-004
   4.97947214076246       6.230095992076950E-004
   4.99706744868035       6.218156109418397E-004
   5.01466275659824       6.183668351357082E-004
   5.03225806451613       6.184856550511639E-004
   5.04985337243402       6.161641907877717E-004
   5.06744868035191       6.175879568118210E-004
   5.08504398826980       6.163352291676081E-004
   5.10263929618768       6.190059684736660E-004
   5.12023460410557       6.187651133030472E-004
   5.13782991202346       6.226334274187797E-004
   5.15542521994135       6.233609236385037E-004
   5.17302052785924       6.283954275029640E-004
   5.19061583577713       6.300717362160570E-004
   5.20821114369502       6.362778086615474E-004
   5.22580645161290       6.389813768857724E-004
   5.24340175953079       6.465797883649703E-004
   5.26099706744868       6.506371245766372E-004
   5.27859237536657       6.599721964506514E-004
   5.29618768328446       6.657110611214054E-004
   5.31378299120235       6.771035994217504E-004
   5.33137829912024       6.848380703112262E-004
   5.34897360703812       6.986008160431775E-004
   5.36656891495601       7.086411780765116E-004
   5.38416422287390       7.250866737286233E-004
   5.40175953079179       7.377474730669064E-004
   5.41935483870968       7.571548672815746E-004
   5.43695014662757       7.724993004226582E-004
   5.45454545454546       7.945928966996931E-004
   5.47214076246334       8.121480257989337E-004
   5.48973607038123       8.364215095413254E-004
   5.50733137829912       8.556742648927170E-004
   5.52492668621701       8.816117086961608E-004
   5.54252199413490       9.020419896289620E-004
   5.56011730205279       9.291217493647201E-004
   5.57771260997067       9.502043966112270E-004
   5.59530791788856       9.778995208986933E-004
   5.61290322580645       9.990994783601861E-004
   5.63049853372434       1.026842677115104E-003
   5.64809384164223       1.047533926888342E-003
   5.66568914956012       1.074664312460397E-003
   5.68328445747801       1.094184224776766E-003
   5.70087976539589       1.120048214518877E-003
   5.71847507331378       1.137749885864152E-003
   5.73607038123167       1.161708907961819E-003
   5.75366568914956       1.176961257896277E-003
   5.77126099706745       1.198394259577406E-003
   5.78885630498534       1.210586839803185E-003
   5.80645161290323       1.228900782305214E-003
   5.82404692082111       1.237500437061804E-003
   5.84164222873900       1.252300145120063E-003
   5.85923753665689       1.257040824820828E-003
   5.87683284457478       1.268098736549343E-003
   5.89442815249267       1.268745916933689E-003
   5.91202346041056       1.275824313031170E-003
   5.92961876832845       1.272138902739766E-003
   5.94721407624634       1.275000122743886E-003
   5.96480938416422       1.266746860512608E-003
   5.98240469208211       1.265160533842760E-003
   6.00000000000000       1.252115872487442E-003
   6.01759530791789       1.245870219977350E-003
   6.03519061583578       1.227832998647176E-003
   6.05278592375367       1.216724637832946E-003
   6.07038123167156       1.193480876303526E-003
   6.08797653958944       1.177291271972498E-003
   6.10557184750733       1.148623777200878E-003
   6.12316715542522       1.127140197944333E-003
   6.14076246334311       1.092843311080471E-003
   6.15835777126100       1.065869881028832E-003
   6.17595307917889       1.025761410328109E-003
   6.19354838709677       9.931347692256824E-004
   6.21114369501466       9.470937140568580E-004
   6.22873900293255       9.088874157463846E-004
   6.24633431085044       8.573625939343201E-004
   6.26392961876833       8.143036717077870E-004
   6.28152492668622       7.580773036066555E-004
   6.29912023460411       7.109311513834601E-004
   6.31671554252199       6.507625260926610E-004
   6.33431085043988       6.002883963290814E-004
   6.35190615835777       5.369438086967401E-004
   6.36950146627566       4.839217670654558E-004
   6.38709677419355       4.182062241497787E-004
   6.40469208211144       3.634883416908784E-004
   6.42228739002933       2.963592328818688E-004
   6.43988269794721       2.410278907639555E-004
   6.45747800586510       1.735780352868346E-004
   6.47507331378299       1.186236577004292E-004
   6.49266862170088       5.175217442461177E-005
   6.51026392961877      -1.985561840443184E-006
   6.52785923753666      -6.748455394093000E-005
   6.54545454545455      -1.192495598136324E-004
   6.56304985337243      -1.826507902712928E-004
   6.58064516129032      -2.317437055638437E-004
   6.59824046920821      -2.923647859801714E-004
   6.61583577712610      -3.381085029299349E-004
   6.63343108504399      -3.952914535332932E-004
   6.65102639296188      -4.371150795860693E-004
   6.66862170087977      -4.904051949923045E-004
   6.68621700879765      -5.279410576343326E-004
   6.70381231671554      -5.770321282593289E-004
   6.72140762463343      -6.100316349257815E-004
   6.73900293255132      -6.547297513640056E-004
   6.75659824046921      -6.830569528305017E-004
   6.77419354838710      -7.232864100490163E-004
   6.79178885630499      -7.469355824291086E-004
   6.80938416422287      -7.827804776934389E-004
   6.82697947214076      -8.019311158252576E-004
   6.84457478005865      -8.335683240233315E-004
   6.86217008797654      -8.482924850210380E-004
   6.87976539589443      -8.757084570177506E-004
   6.89736070381232      -8.859734758525519E-004
   6.91495601173021      -9.091394545355564E-004
   6.93255131964809      -9.149340632915162E-004
   6.95014662756598      -9.338634916814016E-004
   6.96774193548387      -9.352380469251627E-004
   6.98533724340176      -9.500283143018942E-004
   7.00293255131965      -9.471536733669754E-004
   7.02052785923754      -9.580928393606242E-004
   7.03812316715543      -9.513638650336819E-004
   7.05571847507331      -9.588096186207607E-004
   7.07331378299120      -9.484612013416595E-004
   7.09090909090909      -9.525673139330903E-004
   7.10850439882698      -9.387204829841352E-004
   7.12609970674487      -9.395897768567871E-004
   7.14369501466276      -9.223454138515733E-004
   7.16129032258065      -9.200840193471694E-004
   7.17888563049853      -8.995695021294506E-004
   7.19648093841642      -8.943392583599377E-004
   7.21407624633431      -8.707910131294252E-004
   7.23167155425220      -8.629016073989621E-004
   7.24926686217009      -8.365799597415144E-004
   7.26686217008798      -8.261316332582003E-004
   7.28445747800587      -7.970175897758901E-004
   7.30205278592375      -7.839292771303307E-004
   7.31964809384164      -7.519071884850759E-004
   7.33724340175953      -7.360380268556988E-004
   7.35483870967742      -7.009559124132944E-004
   7.37243401759531      -6.821500346355272E-004
   7.39002932551320      -6.438649689215644E-004
   7.40762463343109      -6.220200218019295E-004
   7.42521994134897      -5.806078598451840E-004
   7.44281524926686      -5.561245510476053E-004
   7.46041055718475      -5.122050750577909E-004
   7.47800586510264      -4.856817513033455E-004
   7.49560117302053      -4.397694607027969E-004
   7.51319648093842      -4.116580904671280E-004
   7.53079178885631      -3.641587141400077E-004
   7.54838709677419      -3.348236984453262E-004
   7.56598240469208      -2.860714240931070E-004
   7.58357771260997      -2.558198916076187E-004
   7.60117302052786      -2.061093626202575E-004
   7.61876832844575      -1.752658087846859E-004
   7.63636363636364      -1.250717876180258E-004
   7.65395894428153      -9.428230352692079E-005
   7.67155425219941      -4.428877397506159E-005
   7.68914956011730      -1.417973851090670E-005
   7.70674486803519       3.503832542415186E-005
   7.72434017595308       6.394030724443079E-005
   7.74193548387097       1.118947146692821E-004
   7.75953079178886       1.391406576236439E-004
   7.77712609970675       1.854119575748515E-004
   7.79472140762463       2.106105628919122E-004
   7.81231671554252       2.548098039935541E-004
   7.82991202346041       2.775190995363641E-004
   7.84750733137830       3.191280301698230E-004
   7.86510263929619       3.388457793872380E-004
   7.88269794721408       3.774463047324312E-004
   7.90029325513197       3.938469457997297E-004
   7.91788856304985       4.291932719657135E-004
   7.93548387096774       4.421162002932994E-004
   7.95307917888563       4.741315194747089E-004
   7.97067448680352       4.835973621473270E-004
   7.98826979472141       5.124089219793027E-004
   8.00586510263930       5.186944111838570E-004
   8.02346041055718       5.447589627231041E-004
   8.04105571847507       5.483789733602200E-004
   8.05865102639296       5.720293828392490E-004
   8.07624633431085       5.731130346968780E-004
   8.09384164222874       5.943916465204088E-004
   8.11143695014663       5.929613167409217E-004
   8.12903225806452       6.118871327825302E-004
   8.14662756598241       6.079820140715735E-004
   8.16422287390029       6.246235830759872E-004
   8.18181818181818       6.183664068985897E-004
   8.19941348973607       6.329230477362484E-004
   8.21700879765396       6.246584889810735E-004
   8.23460410557185       6.376233394179367E-004
   8.25219941348974       6.278123229599768E-004
   8.26979472140763       6.394506668898871E-004
   8.28739002932551       6.282164328616947E-004
   8.30498533724340       6.385778530734758E-004
   8.32258064516129       6.259319024041745E-004
   8.34017595307918       6.350020568664445E-004
   8.35777126099707       6.209238654745736E-004
   8.37536656891496       6.286846690094625E-004
   8.39296187683285       6.131814596557081E-004
   8.41055718475073       6.196967998263477E-004
   8.42815249266862       6.029347674598095E-004
   8.44574780058651       6.083929853408079E-004
   8.46334310850440       5.904514434655193E-004
   8.48093841642229       5.947963659891695E-004
   8.49853372434018       5.755459936755325E-004
   8.51612903225807       5.786003486473762E-004
   8.53372434017595       5.578373580969446E-004
   8.55131964809384       5.593772839651624E-004
   8.56891495601173       5.368768799935481E-004
   8.58651026392962       5.366862508017771E-004
   8.60410557184751       5.122791032503508E-004
   8.62170087976540       5.103366987383824E-004
   8.63929618768329       4.842820807204993E-004
   8.65689149560117       4.810085592336628E-004
   8.67448680351906       4.536552753216909E-004
   8.69208211143695       4.492620881884485E-004
   8.70967741935484       4.207285507778232E-004
   8.72727272727273       4.152513327570324E-004
   8.74486803519062       3.855077954222373E-004
   8.76246334310851       3.788504204188201E-004
   8.78005865102639       3.477450330071632E-004
   8.79765395894428       3.396943537715625E-004
   8.81524926686217       3.069710208108609E-004
   8.83284457478006       2.973236236272135E-004
   8.85043988269795       2.629653159223498E-004
   8.86803519061584       2.518344966205729E-004
   8.88563049853373       2.159696840927266E-004
   8.90322580645161       2.034522271899355E-004
   8.92082111436950       1.661506269341181E-004
   8.93841642228739       1.522811426023410E-004
   8.95601173020528       1.135488514399082E-004
   8.97360703812317       9.829722072409541E-005
   8.99120234604106       5.807439880854526E-005
   9.00879765395895       4.134644501425711E-005
   9.02639296187683      -3.847897838240577E-007
   9.04398826979472      -1.833588928116470E-005
   9.06158357771261      -6.103556778981578E-005
   9.07917888563050      -7.958650782401122E-005
   9.09677419354839      -1.226497300434918E-004
   9.11436950146628      -1.412277967529560E-004
   9.13196480938416      -1.841075664728879E-004
   9.14956011730205      -2.021995366643938E-004
   9.16715542521994      -2.444094870300234E-004
   9.18475073313783      -2.615635431597688E-004
   9.20234604105572      -3.026785112849435E-004
   9.21994134897361      -3.184640801534352E-004
   9.23753665689150      -3.579035665187767E-004
   9.25513196480938      -3.715278581625461E-004
   9.27272727272727      -4.084093179453837E-004
   9.29032258064516      -4.190250872164668E-004
   9.30791788856305      -4.525452483090084E-004
   9.32551319648094      -4.594024018639891E-004
   9.34310850439883      -4.888595447100417E-004
   9.36070381231672      -4.913162016088415E-004
   9.37829912023460      -5.161267193053749E-004
   9.39589442815249      -5.136743343827970E-004
   9.41348973607038      -5.334317042017447E-004
   9.43108504398827      -5.258999248726952E-004
   9.44868035190616      -5.407426130059215E-004
   9.46627565982405      -5.284560704970332E-004
   9.48387096774194      -5.387467242957570E-004
   9.50146627565982      -5.220994804730070E-004
   9.51906158357771      -5.282747118992387E-004
   9.53665689149560      -5.077681678036315E-004
   9.55425219941349      -5.104015722904498E-004
   9.57184750733138      -4.867099914253459E-004
   9.58944281524927      -4.865976439212909E-004
   9.60703812316716      -4.607183722924299E-004
   9.62463343108504      -4.591645261121891E-004
   9.64222873900293      -4.326136030666177E-004
   9.65982404692082      -4.309803505257941E-004
   9.67741935483871      -4.048288322140189E-004
   9.69501466275660      -4.040110228847432E-004
   9.71260997067449      -3.790762542955459E-004
   9.73020527859238      -3.798419625217627E-004
   9.74780058651026      -3.568805977075454E-004
   9.76539589442815      -3.599924922400005E-004
   9.78299120234604      -3.398142504657016E-004
   9.80058651026393      -3.461732479188518E-004
   9.81818181818182      -3.298898387143202E-004
   9.83577712609971      -3.408010902731505E-004
   9.85337243401760      -3.295671533015850E-004
   9.87096774193548      -3.457670929210516E-004
   9.88856304985337      -3.400100666190274E-004
   9.90615835777126      -3.617325911663846E-004
   9.92375366568915      -3.615448523670549E-004
   9.94134897360704      -3.887574470281156E-004
   9.95894428152493      -3.940041841893480E-004
   9.97653958944282      -4.264726203130471E-004
   9.99413489736071      -4.368359176053402E-004
   10.0117302052786      -4.741549538599825E-004
   10.0293255131965      -4.891286180492087E-004
   10.0469208211144      -5.306458584551971E-004
   10.0645161290323      -5.494490256788564E-004
   10.0821114369501      -5.942882077335609E-004
   10.0997067448680      -6.159753185895320E-004
   10.1173020527859      -6.631139777952228E-004
   10.1348973607038      -6.865927914347504E-004
   10.1524926686217      -7.348581250844958E-004
   10.1700879765396      -7.588785469066683E-004
   10.1876832844575      -8.069262085507159E-004
   10.2052785923754      -8.300354510368628E-004
   10.2228739002933      -8.763016027513137E-004
   10.2404692082111      -8.969899940729797E-004
   10.2580645161290      -9.401904755208490E-004
   10.2756598240469      -9.573577554717889E-004
   10.2932551319648      -9.964350968349569E-004
   10.3108504398827      -1.009030217365158E-003
   10.3284457478006      -1.042918263425329E-003
   10.3460410557185      -1.049858509139545E-003
   10.3636363636364      -1.077442551749025E-003
   10.3812316715543      -1.077581300167990E-003
   10.3988269794721      -1.097663796448082E-003
   10.4164222873900      -1.089767492094299E-003
   10.4340175953079      -1.101238358309228E-003
   10.4516129032258      -1.084550269335482E-003
   10.4692082111437      -1.086924540678464E-003
   10.4868035190616      -1.061035841633561E-003
   10.5043988269795      -1.053900862150139E-003
   10.5219941348974      -1.018391381694028E-003
   10.5395894428153      -1.001303055135209E-003
   10.5571847507331      -9.557062751261339E-004
   10.5747800586510      -9.281590217934692E-004
   10.5923753665689      -8.719282640000056E-004
   10.6099706744868      -8.333070716807647E-004
   10.6275659824047      -7.658503981947793E-004
   10.6451612903226      -7.158154855605516E-004
   10.6627565982405      -6.371326807273811E-004
   10.6803519061584      -5.758421461378184E-004
   10.6979472140762      -4.861267495383235E-004
   10.7155425219941      -4.137749022343278E-004
   10.7331378299120      -3.132189425384351E-004
   10.7507331378299      -2.299768514202514E-004
   10.7683284457478      -1.187280699795896E-004
   10.7859237536657      -2.469721652695944E-005
   10.8035190615836       9.720940906839770E-005
   10.8211143695015       2.020046629940753E-004
   10.8387096774194       3.341363507278690E-004
   10.8563049853372       4.485006234484581E-004
   10.8739002932551       5.891353858833462E-004
   10.8914956011730       7.111865495748873E-004
   10.9090909090909       8.583605591751202E-004
   10.9266862170088       9.860772993835671E-004
   10.9442815249267       1.137711753301418E-003
   10.9618768328446       1.268968735812729E-003
   10.9794721407625       1.422881762520616E-003
   10.9970674486804       1.555441165911253E-003
   11.0146627565982       1.709262232162420E-003
   11.0322580645161       1.840303194339272E-003
   11.0498533724340       1.990500404271411E-003
   11.0674486803519       2.116088031817186E-003
   11.0850439882698       2.258687609661711E-003
   11.1026392961877       2.374887297122438E-003
   11.1202346041056       2.505967114701156E-003
   11.1378299120235       2.608865306581081E-003
   11.1554252199413       2.724500487609306E-003
   11.1730205278592       2.810152372960045E-003
   11.1906158357771       2.906345425526685E-003
   11.2082111436950       2.970644066178775E-003
   11.2258064516129       3.043216540560955E-003
   11.2434017595308       3.082352942776406E-003
   11.2609970674487       3.128240245588201E-003
   11.2785923753666       3.139739642695136E-003
   11.2961876832845       3.156770260109691E-003
   11.3137829912023       3.138696617495015E-003
   11.3313782991202       3.125148028683918E-003
   11.3489736070381       3.076000971813509E-003
   11.3665689149560       3.030601068678414E-003
   11.3841642228739       2.949376377881289E-003
   11.4017595307918       2.871451870904856E-003
   11.4193548387097       2.758188454168364E-003
   11.4369501466276       2.649307706435559E-003
   11.4545454545455       2.507151640664142E-003
   11.4721407624633       2.370953154968891E-003
   11.4897360703812       2.203443781774134E-003
   11.5073313782991       2.043421743671051E-003
   11.5249266862170       1.854093879633587E-003
   11.5425219941349       1.673881824849670E-003
   11.5601173020528       1.466537479810061E-003
   11.5777126099707       1.270188982587208E-003
   11.5953079178886       1.049270977283739E-003
   11.6129032258065       8.420155570783599E-004
   11.6304985337243       6.143625051630850E-004
   11.6480938416422       4.044278758049100E-004
   11.6656891495601       1.781314887273608E-004
   11.6832844574780      -2.731215747456384E-005
   11.7008797653959      -2.457648288026140E-004
   11.7184750733138      -4.406932244849768E-004
   11.7360703812317      -6.456282206124798E-004
   11.7536656891496      -8.246505990482609E-004
   11.7712609970675      -1.010886336134307E-003
   11.7888563049853      -1.168966886795849E-003
   11.8064516129032      -1.331466767042181E-003
   11.8240469208211      -1.463452606473026E-003
   11.8416422287390      -1.597346235781322E-003
   11.8592375366569      -1.699394477918260E-003
   11.8768328445748      -1.801950396961006E-003
   11.8944281524927      -1.872089988725632E-003
   11.9120234604106      -1.941927954464531E-003
   11.9296187683284      -1.979341298882283E-003
   11.9472140762463      -2.016193145208758E-003
   11.9648093841642      -2.021191009962744E-003
   11.9824046920821      -2.025996467363833E-003
   12.0000000000000      -2.000279713298077E-003
   12.0175953079179      -1.975875107655063E-003
   12.0351906158358      -1.923784569217489E-003
   12.0527859237537      -1.875285646959394E-003
   12.0703812316716      -1.801638212323030E-003
   12.0879765395894      -1.733473608356159E-003
   12.1055718475073      -1.642634386582703E-003
   12.1231671554252      -1.559259517139557E-003
   12.1407624633431      -1.455900191525764E-003
   12.1583577712610      -1.362299185215560E-003
   12.1759530791789      -1.251865103952155E-003
   12.1935483870968      -1.154126359602898E-003
   12.2111436950147      -1.043851106173719E-003
   12.2287390029326      -9.507160520590639E-004
   12.2463343108504      -8.494833371271523E-004
   12.2639296187683      -7.680248822285362E-004
   12.2815249266862      -6.810596364493150E-004
   12.2991202346041      -6.155027701684633E-004
   12.3167155425220      -5.464356216131237E-004
   12.3343108504399      -4.999750652536668E-004
   12.3519061583578      -4.516937773544770E-004
   12.3695014662757      -4.270024456044768E-004
   12.3870967741935      -4.020778811354417E-004
   12.4046920821114      -4.017913332458284E-004
   12.4222873900293      -4.028489465185929E-004
   12.4398826979472      -4.283631830650933E-004
   12.4574780058651      -4.543150163493396E-004
   12.4750733137830      -5.025832883376953E-004
   12.4926686217009      -5.494857174206245E-004
   12.5102639296188      -6.159753020770143E-004
   12.5278592375367      -6.787928416785030E-004
   12.5454545454545      -7.580043240758086E-004
   12.5630498533724      -8.308004634356301E-004
   12.5806451612903      -9.163553808427019E-004
   12.5982404692082      -9.922943261733486E-004
   12.6158357771261      -1.077034117035053E-003
   12.6334310850440      -1.150099608543229E-003
   12.6510263929619      -1.230899983096888E-003
   12.6686217008798      -1.300110510108933E-003
   12.6862170087977      -1.376397442272175E-003
   12.7038123167155      -1.441037829898780E-003
   12.7214076246334      -1.511888335085440E-003
   12.7390029325513      -1.570792926783834E-003
   12.7565982404692      -1.634752369743616E-003
   12.7741935483871      -1.686129270618995E-003
   12.7917888563050      -1.740985325490744E-003
   12.8093841642229      -1.782023691205286E-003
   12.8269794721408      -1.824516319843350E-003
   12.8445747800587      -1.852664109102238E-003
   12.8621700879765      -1.881817211419548E-003
   12.8797653958944      -1.897165310825562E-003
   12.8973607038123      -1.913421287886801E-003
   12.9149560117302      -1.916559338619979E-003
   12.9325513196481      -1.920570108869986E-003
   12.9501466275660      -1.912160134247432E-003
   12.9677419354839      -1.904544333132891E-003
   12.9853372434018      -1.885117488396019E-003
   13.0029325513196      -1.866235137701131E-003
   13.0205278592375      -1.835886207169110E-003
   13.0381231671554      -1.805712980690184E-003
   13.0557184750733      -1.764749037735987E-003
   13.0733137829912      -1.724038617337325E-003
   13.0909090909091      -1.673434166779674E-003
   13.1085043988270      -1.623229272786893E-003
   13.1260997067449      -1.564044589171307E-003
   13.1436950146628      -1.505368515411148E-003
   13.1612903225806      -1.438553824178399E-003
   13.1788856304985      -1.372218540139492E-003
   13.1964809384164      -1.298372343960658E-003
   13.2140762463343      -1.224566031039568E-003
   13.2316715542522      -1.143493594169999E-003
   13.2492668621701      -1.062354525165638E-003
   13.2668621700880      -9.751081154158636E-004
   13.2844574780059      -8.883657853556832E-004
   13.3020527859238      -7.970243051576481E-004
   13.3196480938416      -7.069781643588746E-004
   13.3372434017595      -6.140068431070653E-004
   13.3548387096774      -5.232371206636447E-004
   13.3724340175953      -4.312963827489038E-004
   13.3900293255132      -3.424935685095572E-004
   13.4076246334311      -2.542186465551940E-004
   13.4252199413490      -1.696280121712351E-004
   13.4428152492669      -8.655746496412875E-005
   13.4604105571848      -7.315980633413322E-006
   13.4780058651026       6.925186334711086E-005
   13.4956011730205       1.415657548259354E-004
   13.5131964809384       2.098416607500972E-004
   13.5307917888563       2.732697496102842E-004
   13.5483870967742       3.311479716336857E-004
   13.5659824046921       3.834653521990258E-004
   13.5835777126100       4.286219419617551E-004
   13.6011730205279       4.674528649874018E-004
   13.6187683284457       4.977727268979082E-004
   13.6363636363636       5.222549584640838E-004
   13.6539589442815       5.385372516099050E-004
   13.6715542521994       5.500955204011582E-004
   13.6891495601173       5.535321124046070E-004
   13.7067448680352       5.530552150506416E-004
   13.7243401759531       5.442437424522260E-004
   13.7419354838710       5.320418769908739E-004
   13.7595307917889       5.109819884182652E-004
   13.7771260997067       4.867100596997106E-004
   13.7947214076246       4.526356942327069E-004
   13.8123167155425       4.149937567502779E-004
   13.8299120234604       3.669409740647739E-004
   13.8475073313783       3.173117851159154E-004
   13.8651026392962       2.593489552632337E-004
   13.8826979472141       2.030164968644395E-004
   13.9002932551320       1.407398791217932E-004
   13.9178885630499       8.345752420249464E-005
   13.9354838709677       2.270245047510444E-005
   13.9530791788856      -2.965752319311066E-005
   13.9706744868035      -8.303537702522645E-005
   13.9882697947214      -1.246816933733740E-004
   14.0058651026393      -1.650874649283804E-004
   14.0234604105572      -1.917350205466474E-004
   14.0410557184751      -2.184042157412532E-004
   14.0586510263930      -2.328465818725167E-004
   14.0762463343109      -2.496336006621249E-004
   14.0938416422287      -2.554047926666956E-004
   14.1114369501466      -2.655410099201763E-004
   14.1290322580645      -2.655993553467630E-004
   14.1466275659824      -2.717881083839127E-004
   14.1642228739003      -2.685658738884617E-004
   14.1818181818182      -2.729380479196127E-004
   14.1994134897361      -2.681734227123152E-004
   14.2170087976540      -2.717332027121089E-004
   14.2346041055718      -2.650418747065091E-004
   14.2521994134897      -2.662649069203252E-004
   14.2697947214076      -2.561311493503026E-004
   14.2873900293255      -2.540012348215059E-004
   14.3049853372434      -2.397606105449326E-004
   14.3225806451613      -2.338728804473569E-004
   14.3401759530792      -2.153247691373242E-004
   14.3577712609971      -2.056649859972003E-004
   14.3753665689150      -1.829597447471346E-004
   14.3929618768328      -1.698448573417718E-004
   14.4105571847507      -1.434547937921430E-004
   14.4281524926686      -1.273129948491406E-004
   14.4457478005865      -9.721885053514812E-005
   14.4633431085044      -7.757443877252146E-005
   14.4809384164223      -4.319046167941898E-005
   14.4985337243402      -1.955179274800634E-005
   14.5161290322581       1.949978256909868E-005
   14.5337243401760       4.737160034755616E-005
   14.5513196480938       9.117622606907594E-005
   14.5689149560117       1.231754487289399E-004
   14.5865102639296       1.713958132365539E-004
   14.6041055718475       2.068339739859512E-004
   14.6217008797654       2.579304667121636E-004
   14.6392961876833       2.936339563830065E-004
   14.6568914956012       3.431262855804026E-004
   14.6744868035191       3.745092188367015E-004
   14.6920821114370       4.181697021357387E-004
   14.7096774193548       4.412388832812950E-004
   14.7272727272727       4.752572294061938E-004
   14.7448680351906       4.863452288139232E-004
   14.7624633431085       5.071941468562420E-004
   14.7800586510264       5.029135518802712E-004
   14.7976539589443       5.073896931881012E-004
   14.8152492668622       4.849145256452483E-004
   14.8328445747801       4.710837083246196E-004
   14.8504398826979       4.293454699102652E-004
   14.8680351906158       3.961772112707418E-004
   14.8856304985337       3.336644193878380E-004
   14.9032258064516       2.791905501365020E-004
   14.9208211143695       1.934994929226885E-004
   14.9384164222874       1.148585468616186E-004
   14.9560117302053       2.590980862379855E-006
   14.9736070381232      -1.042811203728347E-004
   14.9912023460411      -2.480900404795139E-004
   15.0087976539589      -3.896399675360436E-004
   15.0263929618768      -5.719648561476927E-004
   15.0439882697947      -7.507667224320227E-004
   15.0615835777126      -9.664610940866747E-004
   15.0791788856305      -1.172160181390244E-003
   15.0967741935484      -1.408662582872253E-003
   15.1143695014663      -1.627203497697570E-003
   15.1319648093842      -1.869153394951948E-003
   15.1495601173021      -2.083922283942692E-003
   15.1671554252199      -2.313421225290037E-003
   15.1847507331378      -2.505059631798383E-003
   15.2023460410557      -2.700848456288956E-003
   15.2199413489736      -2.846753649694854E-003
   15.2375366568915      -2.991238703070313E-003
   15.2551319648094      -3.085925240931988E-003
   15.2727272727273      -3.182903116212582E-003
   15.2903225806452      -3.233335658937232E-003
   15.3079178885631      -3.291163429767025E-003
   15.3255131964809      -3.306753717888128E-003
   15.3431085043988      -3.335755389004021E-003
   15.3607038123167      -3.327684582238921E-003
   15.3782991202346      -3.339959544584499E-003
   15.3958944281525      -3.321393795812762E-003
   15.4134897360704      -3.331607305593606E-003
   15.4310850439883      -3.317478088117479E-003
   15.4486803519062      -3.337024625404422E-003
   15.4662756598240      -3.333734362651961E-003
   15.4838709677419      -3.366173808280341E-003
   15.5014662756598      -3.376001003144486E-003
   15.5190615835777      -3.422697910247319E-003
   15.5366568914956      -3.446188436686246E-003
   15.5542521994135      -3.506918030474504E-003
   15.5718475073314      -3.543021874772010E-003
   15.5894428152493      -3.615814616339413E-003
   15.6070381231672      -3.661252846042474E-003
   15.6246334310850      -3.741084498290589E-003
   15.6422287390029      -3.790129894686545E-003
   15.6598240469208      -3.872826629185777E-003
   15.6774193548387      -3.923346431609037E-003
   15.6950146627566      -4.007889974799740E-003
   15.7126099706745      -4.059444030174118E-003
   15.7302052785924      -4.145822690800201E-003
   15.7478005865103      -4.198690588158391E-003
   15.7653958944282      -4.287424106668558E-003
   15.7829912023460      -4.342276760378717E-003
   15.8005865102639      -4.434139854623383E-003
   15.8181818181818      -4.491330651645338E-003
   15.8357771260997      -4.584485915414590E-003
   15.8533724340176      -4.638918277276942E-003
   15.8709677419355      -4.726715368717068E-003
   15.8885630498534      -4.771782508630315E-003
   15.9061583577713      -4.847891118802748E-003
   15.9237536656892      -4.877470472044210E-003
   15.9413489736070      -4.935979771754860E-003
   15.9589442815249      -4.944329416293817E-003
   15.9765395894428      -4.979685996686160E-003
   15.9941348973607      -4.961405259710277E-003
   16.0117302052786      -4.968516489368666E-003
   16.0293255131965      -4.920370991739967E-003
   16.0469208211144      -4.900154124303733E-003
   16.0645161290323      -4.826540808766801E-003
   16.0821114369501      -4.784530919305079E-003
   16.0997067448680      -4.691145069062002E-003
   16.1173020527859      -4.633232433482688E-003
   16.1348973607038      -4.526138961042178E-003
   16.1524926686217      -4.458627226751858E-003
   16.1700879765396      -4.344368206002969E-003
   16.1876832844575      -4.274143582419051E-003
   16.2052785923754      -4.160068215970412E-003
   16.2228739002933      -4.095098428366082E-003
   16.2404692082111      -3.989039381376479E-003
   16.2580645161290      -3.935921814164019E-003
   16.2756598240469      -3.843156806691252E-003
   16.2932551319648      -3.806547326106538E-003
   16.3108504398827      -3.731334418246018E-003
   16.3284457478006      -3.715219541890672E-003
   16.3460410557185      -3.661257128785546E-003
   16.3636363636364      -3.669112313344901E-003
   16.3812316715543      -3.639579031824288E-003
   16.3988269794721      -3.674291317940212E-003
   16.4164222873900      -3.670929660450460E-003
   16.4340175953079      -3.729496462234041E-003
   16.4516129032258      -3.741773553750855E-003
   16.4692082111437      -3.809470655317393E-003
   16.4868035190616      -3.822234029416676E-003
   16.5043988269795      -3.884259523195739E-003
   16.5219941348974      -3.882912575459091E-003
   16.5395894428153      -3.924933776744777E-003
   16.5571847507331      -3.895329777514387E-003
   16.5747800586510      -3.903502108879567E-003
   16.5923753665689      -3.832073065850994E-003
   16.6099706744868      -3.793670544187313E-003
   16.6275659824047      -3.673462960406663E-003
   16.6451612903226      -3.594921960477488E-003
   16.6627565982405      -3.443775086345760E-003
   16.6803519061584      -3.346033044036210E-003
   16.6979472140762      -3.184308579173943E-003
   16.7155425219941      -3.087324232247943E-003
   16.7331378299120      -2.934498351249390E-003
   16.7507331378299      -2.857393200135072E-003
   16.7683284457478      -2.732065405769840E-003
   16.7859237536657      -2.692967000138683E-003
   16.8035190615836      -2.612407863101906E-003
   16.8211143695015      -2.625082489525791E-003
   16.8387096774194      -2.592222864516261E-003
   16.8563049853372      -2.647077419602481E-003
   16.8739002932551      -2.647362418751017E-003
   16.8914956011730      -2.730400322191442E-003
   16.9090909090909      -2.750452985193088E-003
   16.9266862170088      -2.848983575029861E-003
   16.9442815249267      -2.876538865661331E-003
   16.9618768328446      -2.978937244368635E-003
   16.9794721407625      -3.002839588705511E-003
   16.9970674486804      -3.098792143076919E-003
   17.0146627565982      -3.110097651300898E-003
   17.0322580645161      -3.195089831929870E-003
   17.0498533724340      -3.194854573824299E-003
   17.0674486803519      -3.272562667002763E-003
   17.0850439882698      -3.263715065356837E-003
   17.1026392961877      -3.336306073517907E-003
   17.1202346041056      -3.320104338444769E-003
   17.1378299120235      -3.388336278098018E-003
   17.1554252199413      -3.364623067916777E-003
   17.1730205278592      -3.427721489928188E-003
   17.1906158357771      -3.394453818298328E-003
   17.2082111436950      -3.448926654550510E-003
   17.2258064516129      -3.400653266046218E-003
   17.2434017595308      -3.442957192948695E-003
   17.2609970674487      -3.381211475285848E-003
   17.2785923753666      -3.417860175076356E-003
   17.2961876832845      -3.351233558583687E-003
   17.3137829912023      -3.392826339872703E-003
   17.3313782991202      -3.333005652792696E-003
   17.3489736070381      -3.393067460068117E-003
   17.3665689149560      -3.354632266547291E-003
   17.3841642228739      -3.449952678583077E-003
   17.4017595307918      -3.451473160817170E-003
   17.4193548387097      -3.602835137287920E-003
   17.4369501466276      -3.657800472724174E-003
   17.4545454545455      -3.862981883403279E-003
   17.4721407624633      -3.955708173383942E-003
   17.4897360703812      -4.195443971667051E-003
   17.5073313782991      -4.303924388832176E-003
   17.5249266862170      -4.555777338638206E-003
   17.5425219941349      -4.655324730147184E-003
   17.5601173020528      -4.894719057632244E-003
   17.5777126099707      -4.958345284472998E-003
   17.5953079178886      -5.158595026459647E-003
   17.6129032258065      -5.156981514856242E-003
   17.6304985337243      -5.296316010676430E-003
   17.6480938416422      -5.221644534940255E-003
   17.6656891495601      -5.309160364591239E-003
   17.6832844574780      -5.172612650050784E-003
   17.7008797653959      -5.223453568723918E-003
   17.7184750733138      -5.036770627833673E-003
   17.7360703812317      -5.067307629852831E-003
   17.7536656891496      -4.841747849148515E-003
   17.7712609970675      -4.869523800825818E-003
   17.7888563049853      -4.615045406440242E-003
   17.8064516129032      -4.659273468844455E-003
   17.8240469208211      -4.382451037211347E-003
   17.8416422287390      -4.459471066686630E-003
   17.8592375366569      -4.150380002542991E-003
   17.8768328445748      -4.269094542221751E-003
   17.8944281524927      -3.897087552341388E-003
   17.9120234604106      -4.067384558665533E-003
   17.9296187683284      -3.557068010088937E-003
   17.9472140762463      -3.793537361044134E-003
   17.9648093841642      -2.904617720995439E-003
   17.9824046920821      -3.237724883668195E-003
   18.0000000000000      -2.186791833621218E-004
