  0.000000000000000E+000  1.963327502728919E-002
  1.759530791788856E-002  9.550351632552623E-003
  3.519061583577713E-002  9.665874242417634E-003
  5.278592375366570E-002  6.387174805035708E-003
  7.038123167155426E-002  6.512324311075469E-003
  8.797653958944282E-002  4.601764069208459E-003
  0.105571847507331       4.737998004016736E-003
  0.123167155425220       3.422578849837315E-003
  0.140762463343109       3.573720061548403E-003
  0.158357771260997       2.599198055555673E-003
  0.175953079178886       2.770085594553491E-003
  0.193548387096774       2.024220166140273E-003
  0.211143695014663       2.220808882849629E-003
  0.228739002932551       1.646461793154300E-003
  0.246334310850440       1.873304588599154E-003
  0.263929618768328       1.434472517404407E-003
  0.281524926686217       1.691877900725846E-003
  0.299120234604106       1.363532364431661E-003
  0.316715542521994       1.650484696474088E-003
  0.334310850439883       1.414297315177133E-003
  0.351906158357771       1.728791498222690E-003
  0.369501466275660       1.570237658406505E-003
  0.387096774193548       1.909175652612625E-003
  0.404692082111437       1.815492328057520E-003
  0.422287390029326       2.173570761814674E-003
  0.439882697947214       2.130953521254073E-003
  0.457478005865103       2.500524479321917E-003
  0.475073313782991       2.496810578148216E-003
  0.492668621700880       2.871708038619015E-003
  0.510263929618768       2.897007403285633E-003
  0.527859237536657       3.271827461809242E-003
  0.545454545454546       3.317643903015630E-003
  0.563049853372434       3.687484110270452E-003
  0.580645161290323       3.746408442633650E-003
  0.598240469208211       4.106880298451287E-003
  0.615835777126100       4.172798937684369E-003
  0.633431085043988       4.521478663098355E-003
  0.651026392961877       4.591751148049170E-003
  0.668621700879765       4.928471809972393E-003
  0.686217008797654       5.001012174851887E-003
  0.703812316715543       5.324941706969536E-003
  0.721407624633431       5.397231059993270E-003
  0.739002932551320       5.706913999789977E-003
  0.756598240469208       5.775966175326973E-003
  0.774193548387097       6.069179634290899E-003
  0.791788856304985       6.131194883004295E-003
  0.809384164222874       6.404199545507442E-003
  0.826979472140763       6.452560946534438E-003
  0.844574780058651       6.697613539654892E-003
  0.862170087976540       6.723705325222169E-003
  0.879765395894428       6.934299727137638E-003
  0.897360703812317       6.932062311718191E-003
  0.914956011730205       7.103630758485316E-003
  0.932551319648094       7.068572842180884E-003
  0.950146627565982       7.197886271633125E-003
  0.967741935483871       7.126885714385674E-003
  0.985337243401760       7.212090236138046E-003
   1.00293255131965       7.103723788163697E-003
   1.02052785923754       7.145721377605956E-003
   1.03812316715543       7.003671522108078E-003
   1.05571847507331       7.009068302190825E-003
   1.07331378299120       6.839623186080918E-003
   1.09090909090909       6.814344983611482E-003
   1.10850439882698       6.622591438409681E-003
   1.12609970674487       6.571751206065900E-003
   1.14369501466276       6.362224545341237E-003
   1.16129032258065       6.290474869899931E-003
   1.17888563049853       6.067343364997886E-003
   1.19648093841642       5.978964751522675E-003
   1.21407624633431       5.745928036891302E-003
   1.23167155425220       5.643927604130440E-003
   1.24926686217009       5.402263271379461E-003
   1.26686217008798       5.287318914377146E-003
   1.28445747800587       5.037431165743003E-003
   1.30205278592375       4.910299342771751E-003
   1.31964809384164       4.652832387993320E-003
   1.33724340175953       4.514464938565967E-003
   1.35483870967742       4.250282166602478E-003
   1.37243401759531       4.101864850051298E-003
   1.39002932551320       3.832138116421976E-003
   1.40762463343109       3.675306761699125E-003
   1.42521994134897       3.402241410887075E-003
   1.44281524926686       3.240498297288005E-003
   1.46041055718475       2.968052735658273E-003
   1.47800586510264       2.805322189340316E-003
   1.49560117302053       2.536932042622320E-003
   1.51319648093842       2.376553749153756E-003
   1.53079178885631       2.115220714204203E-003
   1.54838709677419       1.960143041266811E-003
   1.56598240469208       1.708501276862798E-003
   1.58357771260997       1.561274285452633E-003
   1.60117302052786       1.321486808204871E-003
   1.61876832844575       1.183836590046874E-003
   1.63636363636364       9.564510275211797E-004
   1.65395894428153       8.281479864133817E-004
   1.67155425219941       6.128191429305092E-004
   1.68914956011730       4.939783614966555E-004
   1.70674486803519       2.910032055302352E-004
   1.72434017595308       1.822541259982977E-004
   1.74193548387097      -7.600973748103867E-006
   1.75953079178886      -1.051571259035393E-004
   1.77712609970675      -2.805854883248748E-004
   1.79472140762463      -3.651770920330343E-004
   1.81231671554252      -5.238328758452777E-004
   1.82991202346041      -5.921709683150335E-004
   1.84750733137830      -7.307910829564472E-004
   1.86510263929619      -7.805991059709307E-004
   1.88269794721408      -8.980840806955225E-004
   1.90029325513196      -9.288678609604959E-004
   1.91788856304985      -1.025290261770777E-003
   1.93548387096774      -1.037497414280231E-003
   1.95307917888563      -1.113798384602189E-003
   1.97067448680352      -1.108754211377800E-003
   1.98826979472141      -1.166830812917846E-003
   2.00586510263930      -1.147075832323563E-003
   2.02346041055718      -1.190549282880042E-003
   2.04105571847507      -1.160257850986155E-003
   2.05865102639296      -1.192713288414857E-003
   2.07624633431085      -1.154284221578400E-003
   2.09384164222874      -1.177496276620157E-003
   2.11143695014663      -1.132274556733987E-003
   2.12903225806452      -1.147355839534497E-003
   2.14662756598241      -1.096176149064217E-003
   2.16422287390029      -1.103808590669001E-003
   2.18181818181818      -1.047113589708454E-003
   2.19941348973607      -1.047583158177775E-003
   2.21700879765396      -9.854225923788284E-004
   2.23460410557185      -9.790404691944817E-004
   2.25219941348974      -9.124987611181236E-004
   2.26979472140762      -9.011130165554930E-004
   2.28739002932551      -8.322472796537131E-004
   2.30498533724340      -8.180308752076650E-004
   2.32258064516129      -7.490213758289657E-004
   2.34017595307918      -7.342301347003808E-004
   2.35777126099707      -6.673267350464528E-004
   2.37536656891496      -6.542818901124525E-004
   2.39296187683284      -5.918085984017104E-004
   2.41055718475073      -5.829053933900561E-004
   2.42815249266862      -5.268260002827991E-004
   2.44574780058651      -5.228736834617518E-004
   2.46334310850440      -4.727798469076561E-004
   2.48093841642229      -4.729511872013299E-004
   2.49853372434018      -4.279098423852135E-004
   2.51612903225806      -4.312604211505583E-004
   2.53372434017595      -3.902587389010445E-004
   2.55131964809384      -3.957737192050019E-004
   2.56891495601173      -3.577339028451667E-004
   2.58651026392962      -3.643310804999326E-004
   2.60410557184751      -3.280985945155331E-004
   2.62170087976540      -3.347394056280599E-004
   2.63929618768328      -2.998034073444171E-004
   2.65689149560117      -3.068325720332809E-004
   2.67448680351906      -2.739669066050570E-004
   2.69208211143695      -2.822793853612047E-004
   2.70967741935484      -2.523926558715695E-004
   2.72727272727273      -2.629617932924007E-004
   2.74486803519062      -2.370440041958965E-004
   2.76246334310850      -2.509357610837403E-004
   2.78005865102639      -2.300963522280977E-004
   2.79765395894428      -2.485454474048050E-004
   2.81524926686217      -2.341594581241241E-004
   2.83284457478006      -2.585629115532386E-004
   2.85043988269795      -2.515038189091675E-004
   2.86803519061584      -2.820922079277089E-004
   2.88563049853372      -2.821740826878830E-004
   2.90322580645161      -3.185707541562129E-004
   2.92082111436950      -3.252221333313913E-004
   2.93841642228739      -3.667159454191868E-004
   2.95601173020528      -3.790411619302602E-004
   2.97360703812317      -4.245788599471259E-004
   2.99120234604106      -4.412935368439836E-004
   3.00879765395894      -4.892961009235797E-004
   3.02639296187683      -5.082692277540236E-004
   3.04398826979472      -5.561676905385123E-004
   3.06158357771261      -5.748658708976784E-004
   3.07917888563050      -6.204940170320754E-004
   3.09677419354839      -6.369778595604127E-004
   3.11436950146628      -6.785570412796433E-004
   3.13196480938416      -6.911333211007679E-004
   3.14956011730205      -7.270675255905048E-004
   3.16715542521994      -7.341845481143003E-004
   3.18475073313783      -7.629885680374781E-004
   3.20234604105572      -7.631767747974437E-004
   3.21994134897361      -7.835131739335895E-004
   3.23753665689150      -7.759190380760232E-004
   3.25513196480938      -7.877332976617186E-004
   3.27272727272727      -7.727672073998910E-004
   3.29032258064516      -7.766230182460458E-004
   3.30791788856305      -7.549044764285563E-004
   3.32551319648094      -7.515058545570060E-004
   3.34310850439883      -7.237911984190279E-004
   3.36070381231672      -7.139828723645308E-004
   3.37829912023460      -6.811835941227930E-004
   3.39589442815249      -6.659940014773210E-004
   3.41348973607038      -6.292599094787549E-004
   3.43108504398827      -6.098252093914217E-004
   3.44868035190616      -5.698303185026794E-004
   3.46627565982405      -5.462928020724952E-004
   3.48387096774194      -5.028902633790635E-004
   3.50146627565982      -4.750151090814515E-004
   3.51906158357771      -4.278871591287583E-004
   3.53665689149560      -3.953149079273960E-004
   3.55425219941349      -3.440369236123460E-004
   3.57184750733138      -3.063059359952860E-004
   3.58944281524927      -2.503452149753403E-004
   3.60703812316716      -2.068591966821498E-004
   3.62463343108504      -1.456556538964191E-004
   3.64222873900293      -9.634432831527118E-005
   3.65982404692082      -3.050565539011962E-005
   3.67741935483871       2.362025364110792E-005
   3.69501466275660       9.298396826372158E-005
   3.71260997067449       1.507347589533446E-004
   3.73020527859238       2.223880263055841E-004
   3.74780058651026       2.824583099095449E-004
   3.76539589442815       3.550481757641501E-004
   3.78299120234604       4.160019644918227E-004
   3.80058651026393       4.880114949207522E-004
   3.81818181818182       5.481964135836279E-004
   3.83577712609971       6.180002200468010E-004
   3.85337243401760       6.760886039144401E-004
   3.87096774193548       7.427230797728436E-004
   3.88856304985337       7.979139239504726E-004
   3.90615835777126       8.606755686822321E-004
   3.92375366568915       9.123170784079330E-004
   3.94134897360704       9.706185011621424E-004
   3.95894428152493       1.018159314620337E-003
   3.97653958944282       1.071506973256489E-003
   3.99413489736070       1.114490570192877E-003
   4.01173020527859       1.162507737875498E-003
   4.02932551319648       1.200702653268527E-003
   4.04692082111437       1.243389314991576E-003
   4.06451612903226       1.276907571465778E-003
   4.08211143695015       1.314390239234157E-003
   4.09970674486804       1.343330122462216E-003
   4.11730205278592       1.375711938231984E-003
   4.13489736070381       1.400164352537978E-003
   4.15249266862170       1.427548985569209E-003
   4.17008797653959       1.447611595777349E-003
   4.18768328445748       1.470115072302295E-003
   4.20527859237537       1.485906254741457E-003
   4.22287390029326       1.503657686788130E-003
   4.24046920821114       1.515232837862103E-003
   4.25806451612903       1.528188670824538E-003
   4.27565982404692       1.535425291368504E-003
   4.29325513196481       1.543453846863087E-003
   4.31085043988270       1.546201471538546E-003
   4.32844574780059       1.549156186737491E-003
   4.34604105571848       1.547253274470388E-003
   4.36363636363636       1.544978129217258E-003
   4.38123167155425       1.538253761927023E-003
   4.39882697947214       1.530580778109505E-003
   4.41642228739003       1.518872532833451E-003
   4.43401759530792       1.505836483159980E-003
   4.45161290322581       1.489541577532786E-003
   4.46920821114370       1.471817852305690E-003
   4.48680351906158       1.451680477457487E-003
   4.50439882697947       1.430049996143500E-003
   4.52199413489736       1.406868122671450E-003
   4.53958944281525       1.382167360117106E-003
   4.55718475073314       1.356801839209019E-003
   4.57478005865103       1.329943801748042E-003
   4.59237536656892       1.303355629009947E-003
   4.60997067448680       1.275408948259344E-003
   4.62756598240469       1.248773513748315E-003
   4.64516129032258       1.220883873641233E-003
   4.66275659824047       1.195109235929334E-003
   4.68035190615836       1.167980053921014E-003
   4.69794721407625       1.143643922438434E-003
   4.71554252199414       1.117783510384626E-003
   4.73313782991202       1.095319540946629E-003
   4.75073313782991       1.071111793755040E-003
   4.76832844574780       1.050839306962923E-003
   4.78592375366569       1.028556354657592E-003
   4.80351906158358       1.010676700001526E-003
   4.82111436950147       9.904561976973399E-004
   4.83870967741935       9.750503126666440E-004
   4.85630498533724       9.569961645894288E-004
   4.87390029325513       9.441912140561959E-004
   4.89149560117302       9.284405650527135E-004
   4.90909090909091       9.183476167225663E-004
   4.92668621700880       9.049944277727316E-004
   4.94428152492669       8.976658375787195E-004
   4.96187683284458       8.867297229104001E-004
   4.97947214076246       8.821231056932473E-004
   4.99706744868035       8.734964944284737E-004
   5.01466275659824       8.713606946630461E-004
   5.03225806451613       8.645745894264125E-004
   5.04985337243402       8.642921881760258E-004
   5.06744868035191       8.588121851283593E-004
   5.08504398826980       8.599780874634751E-004
   5.10263929618768       8.554976886967834E-004
   5.12023460410557       8.578605973156043E-004
   5.13782991202346       8.541884288657766E-004
   5.15542521994135       8.575958850005785E-004
   5.17302052785924       8.546336350052906E-004
   5.19061583577713       8.590299580193179E-004
   5.20821114369502       8.568012102128388E-004
   5.22580645161290       8.623039118966561E-004
   5.24340175953079       8.609790888089265E-004
   5.26099706744868       8.676657578107108E-004
   5.27859237536657       8.672043665341533E-004
   5.29618768328446       8.749430796609741E-004
   5.31378299120235       8.751594613687448E-004
   5.33137829912024       8.836990421205275E-004
   5.34897360703812       8.842893314150567E-004
   5.36656891495601       8.932504863190719E-004
   5.38416422287390       8.937588513435540E-004
   5.40175953079179       9.025584014874659E-004
   5.41935483870968       9.021853012524207E-004
   5.43695014662757       9.097218456901978E-004
   5.45454545454546       9.072919751208243E-004
   5.47214076246334       9.125651276977284E-004
   5.48973607038123       9.072701640141711E-004
   5.50733137829912       9.095755552178384E-004
   5.52492668621701       9.007998507490727E-004
   5.54252199413490       8.995782997051696E-004
   5.56011730205279       8.868227092867338E-004
   5.57771260997067       8.816110915220308E-004
   5.59530791788856       8.644538039966199E-004
   5.61290322580645       8.548404616496430E-004
   5.63049853372434       8.328779812444677E-004
   5.64809384164223       8.184831392527231E-004
   5.66568914956012       7.914237193474796E-004
   5.68328445747801       7.720359792529044E-004
   5.70087976539589       7.397456265096473E-004
   5.71847507331378       7.152871571484609E-004
   5.73607038123167       6.777563845521027E-004
   5.75366568914956       6.482733797877234E-004
   5.77126099706745       6.056216560166340E-004
   5.78885630498534       5.713011295594177E-004
   5.80645161290323       5.238192397369059E-004
   5.82404692082111       4.850840727328630E-004
   5.84164222873900       4.333115856579323E-004
   5.85923753665689       3.906762202181000E-004
   5.87683284457478       3.350521519349025E-004
   5.89442815249267       2.889051870728102E-004
   5.91202346041056       2.298121467644977E-004
   5.92961876832845       1.805282124186182E-004
   5.94721407624634       1.183534140900986E-004
   5.96480938416422       6.632425319805402E-005
   5.98240469208211       1.480925674817279E-006
   6.00000000000000      -5.286822720700102E-005
   6.01759530791789      -1.199296095412047E-004
   6.03519061583578      -1.761445016980256E-004
   6.05278592375367      -2.449580509140817E-004
   6.07038123167156      -3.025590112101572E-004
   6.08797653958944      -3.726027194762468E-004
   6.10557184750733      -4.310305983590735E-004
   6.12316715542522      -5.016896646258878E-004
   6.14076246334311      -5.602776751277918E-004
   6.15835777126100      -6.308100237398240E-004
   6.17595307917889      -6.887344622695927E-004
   6.19354838709677      -7.581947576552290E-004
   6.21114369501466      -8.143199127083150E-004
   6.22873900293255      -8.812660601232243E-004
   6.24633431085044      -9.340092431837009E-004
   6.26392961876833      -9.970365180957479E-004
   6.28152492668622      -1.045263133825137E-003
   6.29912023460411      -1.103388804686717E-003
   6.31671554252199      -1.146217232810085E-003
   6.33431085043988      -1.198623593882417E-003
   6.35190615835777      -1.235293718621761E-003
   6.36950146627566      -1.281252936899656E-003
   6.38709677419355      -1.311067371465029E-003
   6.40469208211144      -1.349881484792382E-003
   6.42228739002933      -1.372158083389731E-003
   6.43988269794721      -1.403264752313810E-003
   6.45747800586510      -1.417695326103178E-003
   6.47507331378299      -1.440978797125270E-003
   6.49266862170088      -1.447547888150063E-003
   6.51026392961877      -1.463049741425834E-003
   6.52785923753666      -1.461858147045759E-003
   6.54545454545455      -1.469721796215547E-003
   6.56304985337243      -1.460963471079044E-003
   6.58064516129032      -1.461421093876542E-003
   6.59824046920821      -1.445378035978417E-003
   6.61583577712610      -1.438765198476068E-003
   6.63343108504399      -1.415889130621560E-003
   6.65102639296188      -1.402784052812878E-003
   6.66862170087977      -1.373725992711102E-003
   6.68621700879765      -1.354787644911821E-003
   6.70381231671554      -1.320220045937321E-003
   6.72140762463343      -1.296126630102917E-003
   6.73900293255132      -1.256744107175504E-003
   6.75659824046921      -1.228195511323276E-003
   6.77419354838710      -1.184711318617714E-003
   6.79178885630499      -1.152420272983042E-003
   6.80938416422287      -1.105542545242983E-003
   6.82697947214076      -1.070124065784621E-003
   6.84457478005865      -1.020294795907831E-003
   6.86217008797654      -9.820666804405656E-004
   6.87976539589443      -9.296180212811038E-004
   6.89736070381232      -8.889567552386097E-004
   6.91495601173021      -8.343110335312782E-004
   6.93255131964809      -7.916717643732190E-004
   6.95014662756598      -7.353248062505881E-004
   6.96774193548387      -6.912339115192652E-004
   6.98533724340176      -6.337525915109520E-004
   7.00293255131965      -5.888102078414601E-004
   7.02052785923754      -5.308056474815491E-004
   7.03812316715543      -4.854937592857907E-004
   7.05571847507331      -4.272408191990296E-004
   7.07331378299120      -3.817205259836693E-004
   7.09090909090909      -3.233867600390137E-004
   7.10850439882698      -2.778427279143875E-004
   7.12609970674487      -2.196412144898942E-004
   7.14369501466276      -1.743073715565326E-004
   7.16129032258065      -1.165026954285696E-004
   7.17888563049853      -7.166566477878230E-005
   7.19648093841642      -1.457464053160642E-005
   7.21407624633431       2.944477954406763E-005
   7.23167155425220       8.559530385608754E-005
   7.24926686217009       1.287713027040508E-004
   7.26686217008798       1.840577214783621E-004
   7.28445747800587       2.264414731377233E-004
   7.30205278592375       2.808446385372468E-004
   7.31964809384164       3.223531115125635E-004
   7.33724340175953       3.757118584801676E-004
   7.35483870967742       4.161049467828244E-004
   7.37243401759531       4.680769117093144E-004
   7.39002932551320       5.068949176400099E-004
   7.40762463343109       5.568336035014959E-004
   7.42521994134897       5.931808633234825E-004
   7.44281524926686       6.400878002353058E-004
   7.46041055718475       6.731880102573664E-004
   7.47800586510264       7.165655884938195E-004
   7.49560117302053       7.460703605878707E-004
   7.51319648093842       7.856358703060990E-004
   7.53079178885631       8.113073317683497E-004
   7.54838709677419       8.468381189283963E-004
   7.56598240469208       8.684588376544521E-004
   7.58357771260997       8.997147207210938E-004
   7.60117302052786       9.169984775102969E-004
   7.61876832844575       9.435780844853680E-004
   7.63636363636364       9.560175252146394E-004
   7.65395894428153       9.774794116328147E-004
   7.67155425219941       9.848378442401074E-004
   7.68914956011730       1.001090692278087E-003
   7.70674486803519       1.003365133115155E-003
   7.72434017595308       1.014462752450325E-003
   7.74193548387097       1.011754397069894E-003
   7.75953079178886       1.017826889559559E-003
   7.77712609970675       1.010288840264360E-003
   7.79472140762463       1.011491500515255E-003
   7.81231671554252       9.992585949432765E-004
   7.82991202346041       9.956967079599228E-004
   7.84750733137830       9.789517464295590E-004
   7.86510263929619       9.709702294764751E-004
   7.88269794721408       9.501962266806067E-004
   7.90029325513197       9.383545833308098E-004
   7.91788856304985       9.141723682862259E-004
   7.93548387096774       8.991364090825917E-004
   7.95307917888563       8.722549075246390E-004
   7.97067448680352       8.547633691645077E-004
   7.98826979472141       8.259488613212812E-004
   8.00586510263930       8.067727133064060E-004
   8.02346041055718       7.766928129580129E-004
   8.04105571847507       7.561855285578845E-004
   8.05865102639296       7.249011305373677E-004
   8.07624633431085       7.030717298104248E-004
   8.09384164222874       6.706680243164060E-004
   8.11143695014663       6.476648718981631E-004
   8.12903225806452       6.143522915814951E-004
   8.14662756598241       5.904385125733001E-004
   8.16422287390029       5.565361014553789E-004
   8.18181818181818       5.320804953358037E-004
   8.19941348973607       4.980124478506271E-004
   8.21700879765396       4.734619019193100E-004
   8.23460410557185       4.395340147269707E-004
   8.25219941348974       4.148895108386305E-004
   8.26979472140763       3.809215351171707E-004
   8.28739002932551       3.559958430974007E-004
   8.30498533724340       3.218420031185430E-004
   8.32258064516129       2.965287478758681E-004
   8.34017595307918       2.621286795615043E-004
   8.35777126099707       2.364109218482080E-004
   8.37536656891496       2.017980026318901E-004
   8.39296187683285       1.757581324420118E-004
   8.41055718475073       1.410694965937818E-004
   8.42815249266862       1.148228172244759E-004
   8.44574780058651       8.002043592101568E-005
   8.46334310850440       5.337425611793836E-005
   8.48093841642229       1.824462747448925E-005
   8.49853372434018      -8.969266996982029E-006
   8.51612903225807      -4.453492057112080E-005
   8.53372434017595      -7.236209487208431E-005
   8.55131964809384      -1.083330291366958E-004
   8.56891495601173      -1.366575188356081E-004
   8.58651026392962      -1.728097558028884E-004
   8.60410557184751      -2.012609886949126E-004
   8.62170087976540      -2.370269434380863E-004
   8.63929618768329      -2.649833230227038E-004
   8.65689149560117      -2.999799222491111E-004
   8.67448680351906      -3.273494340121658E-004
   8.69208211143695      -3.616146617422807E-004
   8.70967741935484      -3.884856243813355E-004
   8.72727272727273      -4.221269750726613E-004
   8.74486803519062      -4.486078890438061E-004
   8.76246334310851      -4.817157506194255E-004
   8.78005865102639      -5.078622902476672E-004
   8.79765395894428      -5.404298009567396E-004
   8.81524926686217      -5.661097439324081E-004
   8.83284457478006      -5.977891450554245E-004
   8.85043988269795      -6.225254608727506E-004
   8.86803519061584      -6.529043434578846E-004
   8.88563049853373      -6.763974189013470E-004
   8.90322580645161      -7.052348467712413E-004
   8.92082111436950      -7.272721316248890E-004
   8.93841642228739      -7.543609921089475E-004
   8.95601173020528      -7.747250262533721E-004
   8.97360703812317      -7.998138976011721E-004
   8.99120234604106      -8.181938958063101E-004
   9.00879765395895      -8.408423428583347E-004
   9.02639296187683      -8.565394340225232E-004
   9.04398826979472      -8.758276888116184E-004
   9.06158357771261      -8.879958626493931E-004
   9.07917888563050      -9.033130165026681E-004
   9.09677419354839      -9.115134882277404E-004
   9.11436950146628      -9.225260000968853E-004
   9.13196480938416      -9.265048120498590E-004
   9.14956011730205      -9.330156394077700E-004
   9.16715542521994      -9.326161706320402E-004
   9.18475073313783      -9.344867121449770E-004
   9.20234604105572      -9.295545019934862E-004
   9.21994134897361      -9.265312830409460E-004
   9.23753665689150      -9.166809477915777E-004
   9.25513196480938      -9.084273170009375E-004
   9.27272727272727      -8.935556790017711E-004
   9.29032258064516      -8.801825649489586E-004
   9.30791788856305      -8.605578249997038E-004
   9.32551319648094      -8.424704569488813E-004
   9.34310850439883      -8.186268417769800E-004
   9.36070381231672      -7.964870729291577E-004
   9.37829912023460      -7.692212089553836E-004
   9.39589442815249      -7.439767857578739E-004
   9.41348973607038      -7.144432849562553E-004
   9.43108504398827      -6.874858132960051E-004
   9.44868035190616      -6.571356893499314E-004
   9.46627565982405      -6.297663756753226E-004
   9.48387096774194      -5.997632819177306E-004
   9.50146627565982      -5.730947949480070E-004
   9.51906158357771      -5.445365081218549E-004
   9.53665689149560      -5.196682095260655E-004
   9.55425219941349      -4.936662565942985E-004
   9.57184750733138      -4.717315348403524E-004
   9.58944281524927      -4.494498635233191E-004
   9.60703812316716      -4.316569223543134E-004
   9.62463343108504      -4.142253794743800E-004
   9.64222873900293      -4.012828072184012E-004
   9.65982404692082      -3.888660048912204E-004
   9.67741935483871      -3.806826000413868E-004
   9.69501466275660      -3.731551190358396E-004
   9.71260997067449      -3.696027541937175E-004
   9.73020527859238      -3.668395854444876E-004
   9.74780058651026      -3.678026645450552E-004
   9.76539589442815      -3.697000522794217E-004
   9.78299120234604      -3.750916975958351E-004
   9.80058651026393      -3.815826522168867E-004
   9.81818181818182      -3.912968128761360E-004
   9.83577712609971      -4.019205581887767E-004
   9.85337243401760      -4.148896319968162E-004
   9.87096774193548      -4.282144822616000E-004
   9.88856304985337      -4.429531692914199E-004
   9.90615835777126      -4.575017147682452E-004
   9.92375366568915      -4.725452274892343E-004
   9.94134897360704      -4.868646228154471E-004
   9.95894428152493      -5.007744765522752E-004
   9.97653958944282      -5.134373431316370E-004
   9.99413489736071      -5.247965368656159E-004
   10.0117302052786      -5.343807020677931E-004
   10.0293255131965      -5.417404369351428E-004
   10.0469208211144      -5.467886368958707E-004
   10.0645161290323      -5.487505256269459E-004
   10.0821114369501      -5.479483574090379E-004
   10.0997067448680      -5.432740575319284E-004
   10.1173020527859      -5.354502650427715E-004
   10.1348973607038      -5.230393773654516E-004
   10.1524926686217      -5.071654698865592E-004
   10.1700879765396      -4.860718707066682E-004
   10.1876832844575      -4.612934074484568E-004
   10.2052785923754      -4.307879654515499E-004
   10.2228739002933      -3.966159828698795E-004
   10.2404692082111      -3.565927937354812E-004
   10.2580645161290      -3.131923298021110E-004
   10.2756598240469      -2.638479933378201E-004
   10.2932551319648      -2.113812108843702E-004
   10.3108504398827      -1.528849729692516E-004
   10.3284457478006      -9.154566297812259E-005
   10.3460410557185      -2.413837942167271E-005
   10.3636363636364       4.577178046118521E-005
   10.3812316715543       1.216992367951882E-004
   10.3988269794721       1.996666602498803E-004
   10.4164222873900       2.833627267789096E-004
   10.4340175953079       3.682434217412223E-004
   10.4516129032258       4.582988656850223E-004
   10.4692082111437       5.487573053083451E-004
   10.4868035190616       6.439951991095240E-004
   10.5043988269795       7.389438182405605E-004
   10.5219941348974       8.383164363981796E-004
   10.5395894428153       9.367234998568803E-004
   10.5571847507331       1.039188156459207E-003
   10.5747800586510       1.139979352713932E-003
   10.5923753665689       1.244395438953139E-003
   10.6099706744868       1.346294897284258E-003
   10.6275659824047       1.451071215565729E-003
   10.6451612903226       1.552140733156253E-003
   10.6627565982405       1.655264230351960E-003
   10.6803519061584       1.753635006221316E-003
   10.6979472140762       1.853348720016123E-003
   10.7155425219941       1.947318340545027E-003
   10.7331378299120       2.041935719016901E-003
   10.7507331378299       2.129807391004585E-003
   10.7683284457478       2.217582097115536E-003
   10.7859237536657       2.297518909205960E-003
   10.8035190615836       2.376424758917791E-003
   10.8211143695015       2.445940778184607E-003
   10.8387096774194       2.512779403395440E-003
   10.8563049853372       2.568371459462462E-003
   10.8739002932551       2.619942350042627E-003
   10.8914956011730       2.658790579784772E-003
   10.9090909090909       2.692509591133301E-003
   10.9266862170088       2.712208050783558E-003
   10.9442815249267       2.725793079425555E-003
   10.9618768328446       2.724152116851521E-003
   10.9794721407625       2.715450837851645E-003
   10.9970674486804       2.690295515329052E-003
   11.0146627565982       2.656929184477506E-003
   11.0322580645161       2.605546662894758E-003
   11.0498533724340       2.544876327618412E-003
   11.0674486803519       2.465272666486612E-003
   11.0850439882698       2.375960757409991E-003
   11.1026392961877       2.267271157378488E-003
   11.1202346041056       2.148838428352966E-003
   11.1378299120235       2.010946654925383E-003
   11.1554252199413       1.863622623726934E-003
   11.1730205278592       1.697116323848792E-003
   11.1906158357771       1.521860169048180E-003
   11.2082111436950       1.328157660258401E-003
   11.2258064516129       1.127165132748128E-003
   11.2434017595308       9.095406637603680E-004
   11.2609970674487       6.868152631418564E-004
   11.2785923753666       4.494725263911416E-004
   11.2961876832845       2.093136945734652E-004
   11.3137829912023      -4.325306611124801E-005
   11.3313782991202      -2.961080570243191E-004
   11.3489736070381      -5.588508924336825E-004
   11.3665689149560      -8.189830854727895E-004
   11.3841642228739      -1.085999912862132E-003
   11.4017595307918      -1.346833604280329E-003
   11.4193548387097      -1.610462306059732E-003
   11.4369501466276      -1.863417586558877E-003
   11.4545454545455      -2.115548331872806E-003
   11.4721407624633      -2.353847236996191E-003
   11.4897360703812      -2.588551777486497E-003
   11.5073313782991      -2.806661154747636E-003
   11.5249266862170      -3.018621577002437E-003
   11.5425219941349      -3.211327166839512E-003
   11.5601173020528      -3.395332475864984E-003
   11.5777126099707      -3.557322872246665E-003
   11.5953079178886      -3.707810732973159E-003
   11.6129032258065      -3.832991124994540E-003
   11.6304985337243      -3.943709815323669E-003
   11.6480938416422      -4.027410717159876E-003
   11.6656891495601      -4.096150405456668E-003
   11.6832844574780      -4.137748308371970E-003
   11.7008797653959      -4.164659569176207E-003
   11.7184750733138      -4.164867315693659E-003
   11.7360703812317      -4.151125850851919E-003
   11.7536656891496      -4.111537403560703E-003
   11.7712609970675      -4.059114779892317E-003
   11.7888563049853      -3.982074677168704E-003
   11.8064516129032      -3.893701079438008E-003
   11.8240469208211      -3.782680185171799E-003
   11.8416422287390      -3.663189150090779E-003
   11.8592375366569      -3.524325517203635E-003
   11.8768328445748      -3.380379264559320E-003
   11.8944281524927      -3.220489572591167E-003
   11.9120234604106      -3.059069516164721E-003
   11.9296187683284      -2.885332347832402E-003
   11.9472140762463      -2.713827116156863E-003
   11.9648093841642      -2.533877057094046E-003
   11.9824046920821      -2.360199550580798E-003
   12.0000000000000      -2.182316962980907E-003
   12.0175953079179      -2.015148422011590E-003
   12.0351906158358      -1.847690883335802E-003
   12.0527859237537      -1.693839420247710E-003
   12.0703812316716      -1.542162440417669E-003
   12.0879765395894      -1.406410755399360E-003
   12.1055718475073      -1.275103709488972E-003
   12.1231671554252      -1.161913944034837E-003
   12.1407624633431      -1.055363099936790E-003
   12.1583577712610      -9.690559079319401E-004
   12.1759530791789      -8.915423106925715E-004
   12.1935483870968      -8.363554873168337E-004
   12.2111436950147      -7.919999266921849E-004
   12.2287390029326      -7.706834629408343E-004
   12.2463343108504      -7.590070399623587E-004
   12.2639296187683      -7.682652366467207E-004
   12.2815249266862      -7.851137482480266E-004
   12.2991202346041      -8.207379386465591E-004
   12.3167155425220      -8.618605785224724E-004
   12.3343108504399      -9.195243229549352E-004
   12.3519061583578      -9.804985689687170E-004
   12.3695014662757      -1.055619208777127E-003
   12.3870967741935      -1.131626613581662E-003
   12.4046920821114      -1.218908569636099E-003
   12.4222873900293      -1.303331974932842E-003
   12.4398826979472      -1.393913875291146E-003
   12.4574780058651      -1.476694638525403E-003
   12.4750733137830      -1.561231212607246E-003
   12.4926686217009      -1.634192781953457E-003
   12.5102639296188      -1.705401571921290E-003
   12.5278592375367      -1.762088971279703E-003
   12.5454545454545      -1.814320008797600E-003
   12.5630498533724      -1.849949185842368E-003
   12.5806451612903      -1.879399532000418E-003
   12.5982404692082      -1.891417118358016E-003
   12.6158357771261      -1.897626527930556E-003
   12.6334310850440      -1.888834284839641E-003
   12.6510263929619      -1.876543370839567E-003
   12.6686217008798      -1.850798171898745E-003
   12.6862170087977      -1.822298049304438E-003
   12.7038123167155      -1.780988816014931E-003
   12.7214076246334      -1.737111844522575E-003
   12.7390029325513      -1.680717943542644E-003
   12.7565982404692      -1.621703268964245E-003
   12.7741935483871      -1.550357016348045E-003
   12.7917888563050      -1.476336541788326E-003
   12.8093841642229      -1.390458294366260E-003
   12.8269794721408      -1.303033706132859E-003
   12.8445747800587      -1.206108689611661E-003
   12.8621700879765      -1.109645603210526E-003
   12.8797653958944      -1.005605524108653E-003
   12.8973607038123      -9.033802777607140E-004
   12.9149560117302      -7.950496479701121E-004
   12.9325513196481      -6.895017121783223E-004
   12.9501466275660      -5.790083457986420E-004
   12.9677419354839      -4.719793544923271E-004
   12.9853372434018      -3.609305745943942E-004
   13.0029325513196      -2.538190695225650E-004
   13.0205278592375      -1.435957994090621E-004
   13.0381231671554      -3.815047430868324E-005
   13.0557184750733       6.902790726777713E-005
   13.0733137829912       1.705688952078143E-004
   13.0909090909091       2.727101061357888E-004
   13.1085043988270       3.686114813194369E-004
   13.1260997067449       4.642007642916883E-004
   13.1436950146628       5.531688626574925E-004
   13.1612903225806       6.411051328217560E-004
   13.1788856304985       7.222326649106316E-004
   13.1964809384164       8.017661952716944E-004
   13.2140762463343       8.743567002817382E-004
   13.2316715542522       9.442175024768158E-004
   13.2492668621701       1.005922215657883E-003
   13.2668621700880       1.063198062088504E-003
   13.2844574780059       1.111297405488645E-003
   13.3020527859238       1.153615493543701E-003
   13.3196480938416       1.186085890349989E-003
   13.3372434017595       1.211760570200972E-003
   13.3548387096774       1.227288962448727E-003
   13.3724340175953       1.235396211478713E-003
   13.3900293255132       1.233519656356311E-003
   13.4076246334311       1.224183348902933E-003
   13.4252199413490       1.205769165334704E-003
   13.4428152492669       1.180175142279685E-003
   13.4604105571848       1.146017258036285E-003
   13.4780058651026       1.104469195123119E-003
   13.4956011730205       1.054763018800435E-003
   13.5131964809384       9.975252555665555E-004
   13.5307917888563       9.327120562605133E-004
   13.5483870967742       8.604699384379845E-004
   13.5659824046921       7.815859872690945E-004
   13.5835777126100       6.958354851076274E-004
   13.6011730205279       6.050826255189008E-004
   13.6187683284457       5.092527791961038E-004
   13.6363636363636       4.114601179429216E-004
   13.6539589442815       3.103640339509655E-004
   13.6715542521994       2.090677736355988E-004
   13.6891495601173       1.052066965534892E-004
   13.7067448680352       2.402997827075662E-006
   13.7243401759531      -1.025411062499006E-004
   13.7419354838710      -2.053143319695532E-004
   13.7595307917889      -3.098481440292685E-004
   13.7771260997067      -4.109656004249479E-004
   13.7947214076246      -5.131471467761244E-004
   13.8123167155425      -6.096948275018645E-004
   13.8299120234604      -7.042294360216277E-004
   13.8475073313783      -7.885947701911998E-004
   13.8651026392962      -8.680852075722531E-004
   13.8826979472141      -9.346158071210442E-004
   13.9002932551320      -9.949487175201861E-004
   13.9178885630499      -1.040731827968911E-003
   13.9354838709677      -1.080133174697593E-003
   13.9530791788856      -1.104511425789449E-003
   13.9706744868035      -1.123551387237790E-003
   13.9882697947214      -1.128496397863925E-003
   14.0058651026393      -1.131162497140977E-003
   14.0234604105572      -1.123853564944664E-003
   14.0410557184751      -1.119976052324773E-003
   14.0586510263930      -1.109334195404795E-003
   14.0762463343109      -1.104904884844807E-003
   14.0938416422287      -1.094877379738797E-003
   14.1114369501466      -1.092673000189956E-003
   14.1290322580645      -1.085111319533604E-003
   14.1466275659824      -1.086237837783575E-003
   14.1642228739003      -1.081541471318368E-003
   14.1818181818182      -1.085724091185880E-003
   14.1994134897361      -1.082842205731985E-003
   14.2170087976540      -1.088071257909627E-003
   14.2346041055718      -1.084404201114431E-003
   14.2521994134897      -1.088914251488627E-003
   14.2697947214076      -1.084095199264383E-003
   14.2873900293255      -1.088304379350116E-003
   14.3049853372434      -1.083043457620675E-003
   14.3225806451613      -1.087845289164198E-003
   14.3401759530792      -1.083119625448751E-003
   14.3577712609971      -1.089554480676058E-003
   14.3753665689150      -1.086392332899111E-003
   14.3929618768328      -1.095450703705908E-003
   14.4105571847507      -1.094641224867432E-003
   14.4281524926686      -1.106675774641485E-003
   14.4457478005865      -1.108187876699153E-003
   14.4633431085044      -1.123370321281026E-003
   14.4809384164223      -1.127858132653187E-003
   14.4985337243402      -1.147267905596712E-003
   14.5161290322581      -1.156125490626300E-003
   14.5337243401760      -1.181486667997510E-003
   14.5513196480938      -1.196749817937620E-003
   14.5689149560117      -1.230479273853263E-003
   14.5865102639296      -1.254996214131477E-003
   14.6041055718475      -1.300615686598474E-003
   14.6217008797654      -1.338885803709935E-003
   14.6392961876833      -1.401382986998206E-003
   14.6568914956012      -1.457285039272572E-003
   14.6744868035191      -1.538887940628285E-003
   14.6920821114370      -1.613601111315058E-003
   14.7096774193548      -1.714870950770384E-003
   14.7272727272727      -1.808414161515362E-003
   14.7448680351906      -1.928911692372737E-003
   14.7624633431085      -2.040360499831478E-003
   14.7800586510264      -2.178680774467188E-003
   14.7976539589443      -2.306035102369052E-003
   14.8152492668622      -2.459405867500131E-003
   14.8328445747801      -2.599207430096681E-003
   14.8504398826979      -2.764490432748231E-003
   14.8680351906158      -2.914492930184946E-003
   14.8856304985337      -3.089974053085216E-003
   14.9032258064516      -3.248526834758065E-003
   14.9208211143695      -3.432476392303881E-003
   14.9384164222874      -3.597591430119843E-003
   14.9560117302053      -3.787651644887925E-003
   14.9736070381232      -3.956335240229781E-003
   14.9912023460411      -4.148580950716707E-003
   15.0087976539589      -4.314884834447743E-003
   15.0263929618768      -4.497824873600616E-003
   15.0439882697947      -4.642432735654439E-003
   15.0615835777126      -4.793726259471737E-003
   15.0791788856305      -4.896920854140168E-003
   15.0967741935484      -5.000229755563113E-003
   15.1143695014663      -5.048235522203755E-003
   15.1319648093842      -5.092203341309311E-003
   15.1495601173021      -5.076047966795881E-003
   15.1671554252199      -5.054332403980084E-003
   15.1847507331378      -4.970728915009946E-003
   15.2023460410557      -4.884298040941561E-003
   15.2199413489736      -4.742558749453988E-003
   15.2375366568915      -4.614042981288456E-003
   15.2551319648094      -4.444698870987756E-003
   15.2727272727273      -4.301758801747041E-003
   15.2903225806452      -4.127116382674710E-003
   15.3079178885631      -3.988649212023265E-003
   15.3255131964809      -3.824978074902347E-003
   15.3431085043988      -3.705126614707029E-003
   15.3607038123167      -3.564583315245493E-003
   15.3782991202346      -3.473625241886530E-003
   15.3958944281525      -3.364431047190304E-003
   15.4134897360704      -3.307690704937386E-003
   15.4310850439883      -3.229426381055238E-003
   15.4486803519062      -3.200094614042102E-003
   15.4662756598240      -3.143564479490840E-003
   15.4838709677419      -3.133259411249799E-003
   15.5014662756598      -3.090854251830304E-003
   15.5190615835777      -3.092379987715776E-003
   15.5366568914956      -3.057082322885023E-003
   15.5542521994135      -3.063565224841058E-003
   15.5718475073314      -3.028517750248117E-003
   15.5894428152493      -3.033147276914120E-003
   15.6070381231672      -2.991535017124692E-003
   15.6246334310850      -2.988520019062739E-003
   15.6422287390029      -2.937500191120559E-003
   15.6598240469208      -2.927142663322988E-003
   15.6774193548387      -2.867961857687405E-003
   15.6950146627566      -2.851283976877478E-003
   15.7126099706745      -2.784581309654539E-003
   15.7302052785924      -2.761878413023081E-003
   15.7478005865103      -2.687458630989154E-003
   15.7653958944282      -2.658027996070027E-003
   15.7829912023460      -2.574421936602540E-003
   15.8005865102639      -2.535764135324595E-003
   15.8181818181818      -2.438404431030469E-003
   15.8357771260997      -2.383498238318101E-003
   15.8533724340176      -2.265200389201636E-003
   15.8709677419355      -2.189376372569502E-003
   15.8885630498534      -2.047720319831337E-003
   15.9061583577713      -1.950094543225793E-003
   15.9237536656892      -1.785356984679628E-003
   15.9413489736070      -1.667363927249371E-003
   15.9589442815249      -1.482036948735780E-003
   15.9765395894428      -1.347439910150628E-003
   15.9941348973607      -1.146689568028315E-003
   16.0117302052786      -1.003025660682591E-003
   16.0293255131965      -7.980306378437725E-004
   16.0469208211144      -6.589197922212022E-004
   16.0645161290323      -4.619261658362241E-004
   16.0821114369501      -3.370560242123934E-004
   16.0997067448680      -1.559607951950495E-004
   16.1173020527859      -5.215717073258985E-005
   16.1348973607038       1.071996994321598E-004
   16.1524926686217       1.848281823435469E-004
   16.1700879765396       3.181495578847271E-004
   16.1876832844575       3.659644114609679E-004
   16.2052785923754       4.704862261333763E-004
   16.2228739002933       4.870134169094043E-004
   16.2404692082111       5.636508696809804E-004
   16.2580645161290       5.518153727215966E-004
   16.2756598240469       6.043929407992693E-004
   16.2932551319648       5.682306478979681E-004
   16.3108504398827       6.013104838283800E-004
   16.3284457478006       5.458668023660101E-004
   16.3460410557185       5.653275243209184E-004
   16.3636363636364       4.973356414293317E-004
   16.3812316715543       5.113275454296019E-004
   16.3988269794721       4.408200722848726E-004
   16.4164222873900       4.634020598550229E-004
   16.4340175953079       4.096924825832078E-004
   16.4516129032258       4.609844990365498E-004
   16.4692082111437       4.387311995434818E-004
   16.4868035190616       5.279932758737433E-004
   16.5043988269795       5.425923493826641E-004
   16.5219941348974       6.722431633987634E-004
   16.5395894428153       7.230356939633346E-004
   16.5571847507331       8.894969002634195E-004
   16.5747800586510       9.692896700860624E-004
   16.5923753665689       1.161233496650147E-003
   16.6099706744868       1.251596371998152E-003
   16.6275659824047       1.439385214263119E-003
   16.6451612903226       1.503259309238872E-003
   16.6627565982405       1.655336763565237E-003
   16.6803519061584       1.671279494476584E-003
   16.6979472140762       1.773435778496743E-003
   16.7155425219941       1.731892747650666E-003
   16.7331378299120       1.778954389625219E-003
   16.7507331378299       1.678491765941956E-003
   16.7683284457478       1.673285819266478E-003
   16.7859237536657       1.521071027517111E-003
   16.8035190615836       1.477091697161537E-003
   16.8211143695015       1.296283431532285E-003
   16.8387096774194       1.246644457063943E-003
   16.8563049853372       1.068997728625259E-003
   16.8739002932551       1.036342295297642E-003
   16.8914956011730       8.770148930538146E-004
   16.9090909090909       8.725866812434233E-004
   16.9266862170088       7.392720149341993E-004
   16.9442815249267       7.683521260742610E-004
   16.9618768328446       6.634425512553213E-004
   16.9794721407625       7.261915246087743E-004
   16.9970674486804       6.465700529334080E-004
   17.0146627565982       7.361457547121901E-004
   17.0322580645161       6.700159289314150E-004
   17.0498533724340       7.747636953121420E-004
   17.0674486803519       7.141540953970671E-004
   17.0850439882698       8.301600871895986E-004
   17.1026392961877       7.723956527220356E-004
   17.1202346041056       8.985494566257739E-004
   17.1378299120235       8.426494147157147E-004
   17.1554252199413       9.790480149027107E-004
   17.1730205278592       9.247529104694434E-004
   17.1906158357771       1.071881790904427E-003
   17.2082111436950       1.018483081032539E-003
   17.2258064516129       1.173293822676581E-003
   17.2434017595308       1.110797143535848E-003
   17.2609970674487       1.260144600445478E-003
   17.2785923753666       1.175159007684556E-003
   17.2961876832845       1.308832522671552E-003
   17.3137829912023       1.192024469391647E-003
   17.3313782991202       1.303799765631914E-003
   17.3489736070381       1.149862829944366E-003
   17.3665689149560       1.238268058189577E-003
   17.3841642228739       1.047497732736423E-003
   17.4017595307918       1.119111177504782E-003
   17.4193548387097       9.065293643235872E-004
   17.4369501466276       9.950471857728546E-004
   17.4545454545455       8.022265795993783E-004
   17.4721407624633       9.465260878586362E-004
   17.4897360703812       8.015391862896218E-004
   17.5073313782991       1.026379502809752E-003
   17.5249266862170       9.462099192361051E-004
   17.5425219941349       1.267289888119893E-003
   17.5601173020528       1.259602906289735E-003
   17.5777126099707       1.683592805400171E-003
   17.5953079178886       1.744700586137347E-003
   17.6129032258065       2.263119645300337E-003
   17.6304985337243       2.362450187646852E-003
   17.6480938416422       2.939110021463702E-003
   17.6656891495601       3.036941797240495E-003
   17.6832844574780       3.650425676609939E-003
   17.7008797653959       3.722875731430781E-003
   17.7184750733138       4.365511842216486E-003
   17.7360703812317       4.396259510349977E-003
   17.7536656891496       5.071436029876737E-003
   17.7712609970675       5.049767676517406E-003
   17.7888563049853       5.774063978205706E-003
   17.8064516129032       5.695291047449797E-003
   17.8240469208211       6.507346298128170E-003
   17.8416422287390       6.378540979433741E-003
   17.8592375366569       7.351330898490276E-003
   17.8768328445748       7.180736474100057E-003
   17.8944281524927       8.438330332035381E-003
   17.9120234604106       8.231658257263939E-003
   17.9296187683284       1.003755558669406E-002
   17.9472140762463       9.799220962688619E-003
   17.9648093841642       1.293223300794051E-002
   17.9824046920821       1.266433853080889E-002
   18.0000000000000       2.254773288339954E-002
