  0.000000000000000E+000 -8.999227949043046E-003
  1.759530791788856E-002 -6.793836784893123E-003
  3.519061583577713E-002 -6.372966130611844E-003
  5.278592375366570E-002 -5.441868158091861E-003
  7.038123167155426E-002 -5.077478198939197E-003
  8.797653958944282E-002 -4.414499696976970E-003
  0.105571847507331      -4.075126546086926E-003
  0.123167155425220      -3.528446568981894E-003
  0.140762463343109      -3.201808429323295E-003
  0.158357771260997      -2.719291785845305E-003
  0.175953079178886      -2.400105046039050E-003
  0.193548387096774      -1.958744079162544E-003
  0.211143695014663      -1.646049124615327E-003
  0.228739002932551      -1.236992481603116E-003
  0.246334310850440      -9.354145232077260E-004
  0.263929618768328      -5.578548589932890E-004
  0.281524926686217      -2.726616912052971E-004
  0.299120234604106       7.260679783585821E-005
  0.316715542521994       3.365878996982331E-004
  0.334310850439883       6.476256554513792E-004
  0.351906158357771       8.856205701397171E-004
  0.369501466275660       1.159647042125388E-003
  0.387096774193548       1.366767071245012E-003
  0.404692082111437       1.600213134311810E-003
  0.422287390029326       1.771372779191725E-003
  0.439882697947214       1.961381386346372E-003
  0.457478005865103       2.094662179423423E-003
  0.475073313782991       2.241701313263577E-003
  0.492668621700880       2.337287142694259E-003
  0.510263929618768       2.442627765064110E-003
  0.527859237536657       2.501431398757141E-003
  0.545454545454546       2.566894152795833E-003
  0.563049853372434       2.590523808277168E-003
  0.580645161290323       2.618590546451195E-003
  0.598240469208211       2.609574781201881E-003
  0.615835777126100       2.603931115405106E-003
  0.633431085043988       2.566151576486893E-003
  0.651026392961877       2.530357030287032E-003
  0.668621700879765       2.465657195454507E-003
  0.686217008797654       2.400904890619939E-003
  0.703812316715543       2.309733368291871E-003
  0.721407624633431       2.216374116563270E-003
  0.739002932551320       2.098565872884742E-003
  0.756598240469208       1.976375252656457E-003
  0.774193548387097       1.831226428073949E-003
  0.791788856304985       1.679354732552481E-003
  0.809384164222874       1.505368305767940E-003
  0.826979472140763       1.322509085889501E-003
  0.844574780058651       1.120046771984608E-003
  0.862170087976540       9.094256720373570E-004
  0.879765395894428       6.832261690786965E-004
  0.897360703812317       4.503591511619165E-004
  0.914956011730205       2.062839886134151E-004
  0.932551319648094      -4.242644368132864E-005
  0.950146627565982      -2.976435218661739E-004
  0.967741935483871      -5.548839779664805E-004
  0.985337243401760      -8.134448356763642E-004
   1.00293255131965      -1.070506275368321E-003
   1.02052785923754      -1.322727358932039E-003
   1.03812316715543      -1.569986346605045E-003
   1.05571847507331      -1.808753625187893E-003
   1.07331378299120      -2.041687332910785E-003
   1.09090909090909      -2.263890094365442E-003
   1.10850439882698      -2.480052782326851E-003
   1.12609970674487      -2.683882217449288E-003
   1.14369501466276      -2.881896674213747E-003
   1.16129032258065      -3.066497464379387E-003
   1.17888563049853      -3.245926421882993E-003
   1.19648093841642      -3.411447031596714E-003
   1.21407624633431      -3.573139278543229E-003
   1.23167155425220      -3.721278916730453E-003
   1.24926686217009      -3.866850552424491E-003
   1.26686217008798      -3.998398990530118E-003
   1.28445747800587      -4.127856969277410E-003
   1.30205278592375      -4.242486190799902E-003
   1.31964809384164      -4.355214688604195E-003
   1.33724340175953      -4.452145756294641E-003
   1.35483870967742      -4.547142559629997E-003
   1.37243401759531      -4.625216620375135E-003
   1.39002932551320      -4.701063780160939E-003
   1.40762463343109      -4.758559924987772E-003
   1.42521994134897      -4.813165996917138E-003
   1.44281524926686      -4.848322960827743E-003
   1.46041055718475      -4.880926619894096E-003
   1.47800586510264      -4.893915287698075E-003
   1.49560117302053      -4.905112003373529E-003
   1.51319648093842      -4.896855264808271E-003
   1.53079178885631      -4.887802424431723E-003
   1.54838709677419      -4.859730376685277E-003
   1.56598240469208      -4.832084721608254E-003
   1.58357771260997      -4.786158208755146E-003
   1.60117302052786      -4.742208170039872E-003
   1.61876832844575      -4.681190918928746E-003
   1.63636363636364      -4.623765974135174E-003
   1.65395894428153      -4.549759993179476E-003
   1.67155425219941      -4.480030013503737E-003
   1.68914956011730      -4.393787587587435E-003
   1.70674486803519      -4.312297912459438E-003
   1.72434017595308      -4.214267525680981E-003
   1.74193548387097      -4.121372305260359E-003
   1.75953079178886      -4.011878144836995E-003
   1.77712609970675      -3.907859514399674E-003
   1.79472140762463      -3.787203168502836E-003
   1.81231671554252      -3.672452938278543E-003
   1.82991202346041      -3.541810209058936E-003
   1.84750733137830      -3.418982553313351E-003
   1.86510263929619      -3.282072839204438E-003
   1.88269794721408      -3.155022308093601E-003
   1.90029325513196      -3.015596712466231E-003
   1.91788856304985      -2.887965699131060E-003
   1.93548387096774      -2.749598907207972E-003
   1.95307917888563      -2.624868973730505E-003
   1.97067448680352      -2.490976798277885E-003
   1.98826979472141      -2.372460876643588E-003
   2.00586510263930      -2.246242800805461E-003
   2.02346041055718      -2.136567911619858E-003
   2.04105571847507      -2.019240100262136E-003
   2.05865102639296      -1.918165192047449E-003
   2.07624633431085      -1.809044576855836E-003
   2.09384164222874      -1.715969378654817E-003
   2.11143695014663      -1.614566466450868E-003
   2.12903225806452      -1.529079982594054E-003
   2.14662756598241      -1.435089662381446E-003
   2.16422287390029      -1.356982340848048E-003
   2.18181818181818      -1.270344250389718E-003
   2.19941348973607      -1.199744082909542E-003
   2.21700879765396      -1.121005160848639E-003
   2.23460410557185      -1.059110085208850E-003
   2.25219941348974      -9.897990058823087E-004
   2.26979472140762      -9.377891664893197E-004
   2.28739002932551      -8.786222412714141E-004
   2.30498533724340      -8.368657794124286E-004
   2.32258064516129      -7.879422661297621E-004
   2.34017595307918      -7.562673144185726E-004
   2.35777126099707      -7.171587449792685E-004
   2.37536656891496      -6.948305864792012E-004
   2.39296187683284      -6.644545214577022E-004
   2.41055718475073      -6.498189956217393E-004
   2.42815249266862      -6.256522273356494E-004
   2.44574780058651      -6.156498173645024E-004
   2.46334310850440      -5.950495157093554E-004
   2.48093841642229      -5.877562665150291E-004
   2.49853372434018      -5.692801532516683E-004
   2.51612903225806      -5.635555326119649E-004
   2.53372434017595      -5.463286746236848E-004
   2.55131964809384      -5.415211990916402E-004
   2.56891495601173      -5.251290488490681E-004
   2.58651026392962      -5.210636356064523E-004
   2.60410557184751      -5.056605748864935E-004
   2.62170087976540      -5.029988817748091E-004
   2.63929618768328      -4.897690520005533E-004
   2.65689149560117      -4.896751459121598E-004
   2.67448680351906      -4.793598469135014E-004
   2.69208211143695      -4.822271225171446E-004
   2.70967741935484      -4.750243959239959E-004
   2.72727272727273      -4.808836861253488E-004
   2.74486803519062      -4.766921130351644E-004
   2.76246334310850      -4.853000187537291E-004
   2.78005865102639      -4.837392916436712E-004
   2.79765395894428      -4.945375899299245E-004
   2.81524926686217      -4.947614712251959E-004
   2.83284457478006      -5.063253832657719E-004
   2.85043988269795      -5.063807888493697E-004
   2.86803519061584      -5.166806072084421E-004
   2.88563049853372      -5.147206803316142E-004
   2.90322580645161      -5.220356997358382E-004
   2.92082111436950      -5.164305600923962E-004
   2.93841642228739      -5.191858922634341E-004
   2.95601173020528      -5.084124962328774E-004
   2.97360703812317      -5.051109953258482E-004
   2.99120234604106      -4.876957796293222E-004
   3.00879765395894      -4.768535348908413E-004
   3.02639296187683      -4.514733993185693E-004
   3.04398826979472      -4.323441320494726E-004
   3.06158357771261      -3.989753733936772E-004
   3.07917888563050      -3.719162755146941E-004
   3.09677419354839      -3.310668718217173E-004
   3.11436950146628      -2.966952495153479E-004
   3.13196480938416      -2.491006513614201E-004
   3.14956011730205      -2.082653407656745E-004
   3.16715542521994      -1.549123110119891E-004
   3.18475073313783      -1.087558266743420E-004
   3.20234604105572      -5.101804296158677E-005
   3.21994134897361      -1.303614925245139E-006
   3.23753665689150       5.861171317585606E-005
   3.25513196480938       1.096748942448712E-004
   3.27272727272727       1.699473885013753E-004
   3.29032258064516       2.208779502919538E-004
   3.30791788856305       2.802240071849790E-004
   3.32551319648094       3.299012942902407E-004
   3.34310850439883       3.873326804326825E-004
   3.36070381231672       4.349042698952380E-004
   3.37829912023460       4.897021540731546E-004
   3.39589442815249       5.346148334312801E-004
   3.41348973607038       5.864842886382048E-004
   3.43108504398827       6.289193959931220E-004
   3.44868035190616       6.784298702775333E-004
   3.46627565982405       7.189301500832814E-004
   3.48387096774194       7.663840598122843E-004
   3.50146627565982       8.050752663284627E-004
   3.51906158357771       8.504609710396278E-004
   3.53665689149560       8.872154672871753E-004
   3.55425219941349       9.302820060056461E-004
   3.57184750733138       9.647216025718419E-004
   3.58944281524927       1.004929585921390E-003
   3.60703812316716       1.036277391348832E-003
   3.62463343108504       1.072406310222167E-003
   3.64222873900293       1.099013276359899E-003
   3.65982404692082       1.129427411790970E-003
   3.67741935483871       1.150005927321735E-003
   3.69501466275660       1.173692011978826E-003
   3.71260997067449       1.187411028855611E-003
   3.73020527859238       1.203681286625118E-003
   3.74780058651026       1.209985634351986E-003
   3.76539589442815       1.218405135882989E-003
   3.78299120234604       1.216990204913682E-003
   3.80058651026393       1.217396839672842E-003
   3.81818181818182       1.208339663728634E-003
   3.83577712609971       1.201200158281168E-003
   3.85337243401760       1.185289032456677E-003
   3.87096774193548       1.171421968600290E-003
   3.88856304985337       1.149404336306723E-003
   3.90615835777126       1.129517383333284E-003
   3.92375366568915       1.102091074563034E-003
   3.94134897360704       1.076881038409941E-003
   3.95894428152493       1.044757919188442E-003
   3.97653958944282       1.014957578518145E-003
   3.99413489736070       9.789106346620453E-004
   4.01173020527859       9.453589150434083E-004
   4.02932551319648       9.063018744659665E-004
   4.04692082111437       8.698652746782123E-004
   4.06451612903226       8.285101803356627E-004
   4.08211143695015       7.897701881798998E-004
   4.09970674486804       7.466368208670097E-004
   4.11730205278592       7.060694823043830E-004
   4.13489736070381       6.616037004558437E-004
   4.15249266862170       6.196244930745533E-004
   4.17008797653959       5.742179354315351E-004
   4.18768328445748       5.311887761715596E-004
   4.20527859237537       4.851692321812189E-004
   4.22287390029326       4.413502885418489E-004
   4.24046920821114       3.949077155806022E-004
   4.25806451612903       3.504816604246339E-004
   4.27565982404692       3.038596404866184E-004
   4.29325513196481       2.591247670546576E-004
   4.31085043988270       2.126676677739803E-004
   4.32844574780059       1.680089796771784E-004
   4.34604105571848       1.221495252444513E-004
   4.36363636363636       7.805020075691066E-005
   4.38123167155425       3.333975854463645E-005
   4.39882697947214      -9.558521978084212E-006
   4.41642228739003      -5.230815233073693E-005
   4.43401759530792      -9.296960421356970E-005
   4.45161290322581      -1.326736773310349E-004
   4.46920821114370      -1.702003880661138E-004
   4.48680351906158      -2.061482714728852E-004
   4.50439882697947      -2.399473736911082E-004
   4.52199413489736      -2.716303511968510E-004
   4.53958944281525      -3.012664351861449E-004
   4.55718475073314      -3.283125054453193E-004
   4.57478005865103      -3.534776034757395E-004
   4.59237536656892      -3.756418934234697E-004
   4.60997067448680      -3.961776012574197E-004
   4.62756598240469      -4.134948127452717E-004
   4.64516129032258      -4.297367574348714E-004
   4.66275659824047      -4.427365036156183E-004
   4.68035190615836      -4.552375478355959E-004
   4.69794721407625      -4.644499646544859E-004
   4.71554252199414      -4.737336228116091E-004
   4.73313782991202      -4.796782353173172E-004
   4.75073313782991      -4.862651587752019E-004
   4.76832844574780      -4.894625498944795E-004
   4.78592375366569      -4.938752830719415E-004
   4.80351906158358      -4.948450776282755E-004
   4.82111436950147      -4.975822870448776E-004
   4.83870967741935      -4.967620252512024E-004
   4.85630498533724      -4.982082780272578E-004
   4.87390029325513      -4.959826040593946E-004
   4.89149560117302      -4.965511080383155E-004
   4.90909090909091      -4.933580681347135E-004
   4.92668621700880      -4.935123636370025E-004
   4.94428152492669      -4.898400195019466E-004
   4.96187683284458      -4.900959591278394E-004
   4.97947214076246      -4.864904143371686E-004
   4.99706744868035      -4.874325747225943E-004
   5.01466275659824      -4.845205464951608E-004
   5.03225806451613      -4.867177457817354E-004
   5.04985337243402      -4.848305430480806E-004
   5.06744868035191      -4.883855294958073E-004
   5.08504398826980      -4.875383094492112E-004
   5.10263929618768      -4.924452454845109E-004
   5.12023460410557      -4.926213504423356E-004
   5.13782991202346      -4.988589162292332E-004
   5.15542521994135      -5.000352308155377E-004
   5.17302052785924      -5.075822497993556E-004
   5.19061583577713      -5.097418059655007E-004
   5.20821114369502      -5.185923809007356E-004
   5.22580645161290      -5.217935685017252E-004
   5.24340175953079      -5.321611021008162E-004
   5.26099706744868      -5.367627682002112E-004
   5.27859237536657      -5.490539116045083E-004
   5.29618768328446      -5.554639789960704E-004
   5.31378299120235      -5.700904651478104E-004
   5.33137829912024      -5.787274103908795E-004
   5.34897360703812      -5.961177110847268E-004
   5.36656891495601      -6.074238073422252E-004
   5.38416422287390      -6.280395308105436E-004
   5.40175953079179      -6.425066814862452E-004
   5.41935483870968      -6.668452202793453E-004
   5.43695014662757      -6.847828707440955E-004
   5.45454545454546      -7.127712923515873E-004
   5.47214076246334      -7.338366391354650E-004
   5.48973607038123      -7.650509548015643E-004
   5.50733137829912      -7.887895245888032E-004
   5.52492668621701      -8.227524625083520E-004
   5.54252199413490      -8.486698756370497E-004
   5.56011730205279      -8.848720549702178E-004
   5.57771260997067      -9.124470653511646E-004
   5.59530791788856      -9.503560633811419E-004
   5.61290322580645      -9.790447406837985E-004
   5.63049853372434      -1.018077047235244E-003
   5.64809384164223      -1.047221680102682E-003
   5.66568914956012      -1.086658811543834E-003
   5.68328445747801      -1.115520940594683E-003
   5.70087976539589      -1.154617708633776E-003
   5.71847507331378      -1.182447510383810E-003
   5.73607038123167      -1.220448536775030E-003
   5.75366568914956      -1.246487033119529E-003
   5.77126099706745      -1.282628637842254E-003
   5.78885630498534      -1.306109501967716E-003
   5.80645161290323      -1.339622415685429E-003
   5.82404692082111      -1.359817081837166E-003
   5.84164222873900      -1.390108723656734E-003
   5.85923753665689      -1.406582359780770E-003
   5.87683284457478      -1.433280278203646E-003
   5.89442815249267      -1.445663751622007E-003
   5.91202346041056      -1.468396403420493E-003
   5.92961876832845      -1.476318432446619E-003
   5.94721407624634      -1.494713329710678E-003
   5.96480938416422      -1.497803251378525E-003
   5.98240469208211      -1.511490520707268E-003
   6.00000000000000      -1.509383700418810E-003
   6.01759530791789      -1.518006508594708E-003
   6.03519061583578      -1.510357387224971E-003
   6.05278592375367      -1.513564820386820E-003
   6.07038123167156      -1.500007329062872E-003
   6.08797653958944      -1.497418717423152E-003
   6.10557184750733      -1.477565650880950E-003
   6.12316715542522      -1.468786580526021E-003
   6.14076246334311      -1.442240277686005E-003
   6.15835777126100      -1.426867644179985E-003
   6.17595307917889      -1.393222799417308E-003
   6.19354838709677      -1.370846013165829E-003
   6.21114369501466      -1.329699046877216E-003
   6.22873900293255      -1.300074404286428E-003
   6.24633431085044      -1.251591562778038E-003
   6.26392961876833      -1.215252611042666E-003
   6.28152492668622      -1.160093069792586E-003
   6.29912023460411      -1.117713074600225E-003
   6.31671554252199      -1.056565421067075E-003
   6.33431085043988      -1.008846863466116E-003
   6.35190615835777      -9.424343645996402E-004
   6.36950146627566      -8.901232304735970E-004
   6.38709677419355      -8.192271456403428E-004
   6.40469208211144      -7.631582318621419E-004
   6.42228739002933      -6.887377278749575E-004
   6.43988269794721      -6.300410540886789E-004
   6.45747800586510      -5.532963618118973E-004
   6.47507331378299      -4.930984399862303E-004
   6.49266862170088      -4.150739989059891E-004
   6.51026392961877      -3.543637877297827E-004
   6.52785923753666      -2.760096245850317E-004
   6.54545454545455      -2.157029604211542E-004
   6.56304985337243      -1.379109123755712E-004
   6.58064516129032      -7.887831970543941E-005
   6.59824046920821      -2.510572039370773E-006
   6.61583577712610       5.438027214471364E-005
   6.63343108504399       1.284532234983068E-004
   6.65102639296188       1.824053773252536E-004
   6.66862170087977       2.535043658071426E-004
   6.68621700879765       3.039366762786224E-004
   6.70381231671554       3.715476820430793E-004
   6.72140762463343       4.180107952335522E-004
   6.73900293255132       4.817432083150913E-004
   6.75659824046921       5.239116780302832E-004
   6.77419354838710       5.835058158037732E-004
   6.79178885630499       6.212001284746362E-004
   6.80938416422287       6.765799218063074E-004
   6.82697947214076       7.098525438109738E-004
   6.84457478005865       7.611026493592547E-004
   6.86217008797654       7.899433008401516E-004
   6.87976539589443       8.369514907934686E-004
   6.89736070381232       8.612164662437510E-004
   6.91495601173021       9.038333122962583E-004
   6.93255131964809       9.233860777845595E-004
   6.95014662756598       9.614942177699386E-004
   6.96774193548387       9.762529927904247E-004
   6.98533724340176       1.009815353804019E-003
   7.00293255131965       1.019819807951048E-003
   7.02052785923754       1.049007332240646E-003
   7.03812316715543       1.054578596082584E-003
   7.05571847507331       1.079714893117607E-003
   7.07331378299120       1.081061206532793E-003
   7.09090909090909       1.102260287231912E-003
   7.10850439882698       1.099454633654419E-003
   7.12609970674487       1.116762316169884E-003
   7.14369501466276       1.109843850310245E-003
   7.16129032258065       1.123298422630346E-003
   7.17888563049853       1.112324996285386E-003
   7.19648093841642       1.122016912732840E-003
   7.21407624633431       1.107163323018869E-003
   7.23167155425220       1.113370487320826E-003
   7.24926686217009       1.094900351578498E-003
   7.26686217008798       1.097724228711093E-003
   7.28445747800587       1.075597032611224E-003
   7.30205278592375       1.074910628509858E-003
   7.31964809384164       1.048945985388860E-003
   7.33724340175953       1.044522821298161E-003
   7.35483870967742       1.014464359579981E-003
   7.37243401759531       1.006021035220413E-003
   7.39002932551320       9.715745159807966E-004
   7.40762463343109       9.588220787507387E-004
   7.42521994134897       9.198507475925538E-004
   7.44281524926686       9.030105088019840E-004
   7.46041055718475       8.600452355434357E-004
   7.47800586510264       8.396886321882128E-004
   7.49560117302053       7.932381917367431E-004
   7.51319648093842       7.698168486556036E-004
   7.53079178885631       7.202900356503574E-004
   7.54838709677419       6.941687374556993E-004
   7.56598240469208       6.418971160271223E-004
   7.58357771260997       6.133713786617459E-004
   7.60117302052786       5.586262415309213E-004
   7.61876832844575       5.279769243455745E-004
   7.63636363636364       4.711923780162124E-004
   7.65395894428153       4.390709768233119E-004
   7.67155425219941       3.809910360144841E-004
   7.68914956011730       3.481081347995365E-004
   7.70674486803519       2.894042078562000E-004
   7.72434017595308       2.563882849753910E-004
   7.74193548387097       1.976555241889698E-004
   7.75953079178886       1.650631453568315E-004
   7.77712609970675       1.068295805878260E-004
   7.79472140762463       7.515694912213166E-005
   7.81231671554252       1.791189551898578E-005
   7.82991202346041      -1.229610617003799E-005
   7.84750733137830      -6.789976548993856E-005
   7.86510263929619      -9.597009562651568E-005
   7.88269794721408      -1.493241254944760E-004
   7.90029325513197      -1.747375953996412E-004
   7.91788856304985      -2.254003054028748E-004
   7.93548387096774      -2.478028114498691E-004
   7.95307917888563      -2.955061955031380E-004
   7.97067448680352      -3.147346375173327E-004
   7.98826979472141      -3.594311816950303E-004
   8.00586510263930      -3.756079042632242E-004
   8.02346041055718      -4.176470060723749E-004
   8.04105571847507      -4.312530883285012E-004
   8.05865102639296      -4.709674504992760E-004
   8.07624633431085      -4.821124552621113E-004
   8.09384164222874      -5.194954966098134E-004
   8.11143695014663      -5.281363225351390E-004
   8.12903225806452      -5.631273013396094E-004
   8.14662756598241      -5.692148595623065E-004
   8.16422287390029      -6.017857836914342E-004
   8.18181818181818      -6.053432080044769E-004
   8.19941348973607      -6.355923729816221E-004
   8.21700879765396      -6.368790697361054E-004
   8.23460410557185      -6.652656332244116E-004
   8.25219941348974      -6.647699287666244E-004
   8.26979472140763      -6.915976792398288E-004
   8.28739002932551      -6.894626808680973E-004
   8.30498533724340      -7.147813274802656E-004
   8.32258064516129      -7.110047556495989E-004
   8.34017595307918      -7.347722363384368E-004
   8.35777126099707      -7.292955952101620E-004
   8.37536656891496      -7.514449911054206E-004
   8.39296187683285      -7.442196715346268E-004
   8.41055718475073      -7.647549105020449E-004
   8.42815249266862      -7.559065292543719E-004
   8.44574780058651      -7.750117044927295E-004
   8.46334310850440      -7.646336458305332E-004
   8.48093841642229      -7.822516945185193E-004
   8.49853372434018      -7.701935599230694E-004
   8.51612903225807      -7.861060977429223E-004
   8.53372434017595      -7.721055006848028E-004
   8.55131964809384      -7.860102939403928E-004
   8.56891495601173      -7.697453883782548E-004
   8.58651026392962      -7.813066148840635E-004
   8.60410557184751      -7.624630228940664E-004
   8.62170087976540      -7.714937300715214E-004
   8.63929618768329      -7.501998326490383E-004
   8.65689149560117      -7.570736680852936E-004
   8.67448680351906      -7.336892510297044E-004
   8.69208211143695      -7.386378882317790E-004
   8.70967741935484      -7.132995665628467E-004
   8.72727272727273      -7.163691113928557E-004
   8.74486803519062      -6.890486950119087E-004
   8.76246334310851      -6.901309921293211E-004
   8.78005865102639      -6.606492186862226E-004
   8.79765395894428      -6.594810927582220E-004
   8.81524926686217      -6.274988782917921E-004
   8.83284457478006      -6.237579814005051E-004
   8.85043988269795      -5.891453617202911E-004
   8.86803519061584      -5.828699021031023E-004
   8.88563049853373      -5.457084774040420E-004
   8.90322580645161      -5.369565802661033E-004
   8.92082111436950      -4.972799561893585E-004
   8.93841642228739      -4.860461532619870E-004
   8.95601173020528      -4.438141865258640E-004
   8.97360703812317      -4.300093438712754E-004
   8.99120234604106      -3.850860848067478E-004
   9.00879765395895      -3.685065501198172E-004
   9.02639296187683      -3.207226760061384E-004
   9.04398826979472      -3.014705947335605E-004
   9.06158357771261      -2.512827140120480E-004
   9.07917888563050      -2.299650901756800E-004
   9.09677419354839      -1.779972898095838E-004
   9.11436950146628      -1.552243850642240E-004
   9.13196480938416      -1.020751894416108E-004
   9.14956011730205      -7.841927976311503E-005
   9.16715542521994      -2.463932888667827E-005
   9.18475073313783      -6.153797197371858E-007
   9.20234604105572       5.331412101387204E-005
   9.21994134897361       7.723934990268077E-005
   9.23753665689150       1.307031893382455E-004
   9.25513196480938       1.536527364991974E-004
   9.27272727272727       2.056154181148064E-004
   9.29032258064516       2.265466936881911E-004
   9.30791788856305       2.759811613478089E-004
   9.32551319648094       2.938979345560013E-004
   9.34310850439883       3.398347259136160E-004
   9.36070381231672       3.538080310615862E-004
   9.37829912023460       3.953549896798824E-004
   9.39589442815249       4.045453975396049E-004
   9.41348973607038       4.409344411035144E-004
   9.43108504398827       4.447957948601347E-004
   9.44868035190616       4.758287717018532E-004
   9.46627565982405       4.744150575404573E-004
   9.48387096774194       5.002210277167489E-004
   9.50146627565982       4.937085585988867E-004
   9.51906158357771       5.145155435231084E-004
   9.53665689149560       5.032061632170733E-004
   9.55425219941349       5.193956365772838E-004
   9.57184750733138       5.037811722519613E-004
   9.58944281524927       5.159772287692579E-004
   9.60703812316716       4.969021259365211E-004
   9.62463343108504       5.063167976981949E-004
   9.64222873900293       4.853275849273843E-004
   9.65982404692082       4.934507433046455E-004
   9.67741935483871       4.717611485225574E-004
   9.69501466275660       4.796125956598442E-004
   9.71260997067449       4.581546473187935E-004
   9.73020527859238       4.666092850704066E-004
   9.74780058651026       4.462429352074112E-004
   9.76539589442815       4.561648249210955E-004
   9.78299120234604       4.378043345742040E-004
   9.80058651026393       4.502073810730416E-004
   9.81818181818182       4.351159252778424E-004
   9.83577712609971       4.515605955371041E-004
   9.85337243401760       4.412578684853575E-004
   9.87096774193548       4.628646320525974E-004
   9.88856304985337       4.581298778957902E-004
   9.90615835777126       4.854550122118964E-004
   9.92375366568915       4.866802433134971E-004
   9.94134897360704       5.199703211976901E-004
   9.95894428152493       5.272822662727960E-004
   9.97653958944282       5.665478596779455E-004
   9.99413489736071       5.798593773946532E-004
   10.0117302052786       6.249145023376854E-004
   10.0293255131965       6.439293159619259E-004
   10.0469208211144       6.943101070154102E-004
   10.0645161290323       7.184029090200769E-004
   10.0821114369501       7.733559350371786E-004
   10.0997067448680       8.016775867159237E-004
   10.1173020527859       8.602509791500019E-004
   10.1348973607038       8.917545074499011E-004
   10.1524926686217       9.527933284898644E-004
   10.1700879765396       9.862175785741488E-004
   10.1876832844575       1.048332730378000E-003
   10.2052785923754       1.082137399440134E-003
   10.2228739002933       1.143610543592442E-003
   10.2404692082111       1.176061342880300E-003
   10.2580645161290       1.235363670198781E-003
   10.2756598240469       1.265138417767894E-003
   10.2932551319648       1.321004304669748E-003
   10.3108504398827       1.346843308098280E-003
   10.3284457478006       1.397990266489366E-003
   10.3460410557185       1.418581938590300E-003
   10.3636363636364       1.463648334203035E-003
   10.3812316715543       1.477575152544735E-003
   10.3988269794721       1.515058208173016E-003
   10.4164222873900       1.520725194864804E-003
   10.4340175953079       1.549091790031180E-003
   10.4516129032258       1.545324049544801E-003
   10.4692082111437       1.563733895753508E-003
   10.4868035190616       1.549814620835481E-003
   10.5043988269795       1.557566009452393E-003
   10.5219941348974       1.532793799016651E-003
   10.5395894428153       1.529161366318006E-003
   10.5571847507331       1.492782985039189E-003
   10.5747800586510       1.476961790010989E-003
   10.5923753665689       1.428110939320761E-003
   10.6099706744868       1.399127002267613E-003
   10.6275659824047       1.336791058180313E-003
   10.6451612903226       1.293854064078692E-003
   10.6627565982405       1.217624195992107E-003
   10.6803519061584       1.160540945693656E-003
   10.6979472140762       1.070289227290472E-003
   10.7155425219941       9.989445102950799E-004
   10.7331378299120       8.945567474150837E-004
   10.7507331378299       8.088100412015153E-004
   10.7683284457478       6.901083256117142E-004
   10.7859237536657       5.897088583129028E-004
   10.8035190615836       4.563250548200463E-004
   10.8211143695015       3.407956930718350E-004
   10.8387096774194       1.925805420937350E-004
   10.8563049853372       6.260005222996668E-005
   10.8739002932551      -9.908777568200144E-005
   10.8914956011730      -2.418931071128203E-004
   10.9090909090909      -4.152821180376477E-004
   10.9266862170088      -5.690361404972349E-004
   10.9442815249267      -7.521571962446729E-004
   10.9618768328446      -9.148174540483497E-004
   10.9794721407625      -1.105555192840065E-003
   10.9970674486804      -1.274947509304929E-003
   11.0146627565982      -1.471019414361702E-003
   11.0322580645161      -1.644408554959326E-003
   11.0498533724340      -1.842227641763864E-003
   11.0674486803519      -2.015408320845686E-003
   11.0850439882698      -2.210576933923521E-003
   11.1026392961877      -2.379092557326443E-003
   11.1202346041056      -2.567083581488791E-003
   11.1378299120235      -2.726337251814722E-003
   11.1554252199413      -2.902464824657579E-003
   11.1730205278592      -3.047669405028048E-003
   11.1906158357771      -3.207004522057875E-003
   11.2082111436950      -3.333005492072756E-003
   11.2258064516129      -3.470146435434992E-003
   11.2434017595308      -3.571742847299588E-003
   11.2609970674487      -3.682194698403342E-003
   11.2785923753666      -3.755527458075044E-003
   11.2961876832845      -3.835756648951741E-003
   11.3137829912023      -3.877518516234089E-003
   11.3313782991202      -3.924408221649271E-003
   11.3489736070381      -3.931668027590391E-003
   11.3665689149560      -3.942466248560799E-003
   11.3841642228739      -3.912672037430171E-003
   11.4017595307918      -3.885056825175545E-003
   11.4193548387097      -3.816468793205483E-003
   11.4369501466276      -3.750280708229267E-003
   11.4545454545455      -3.644697542855475E-003
   11.4721407624633      -3.542618652590804E-003
   11.4897360703812      -3.402799678629622E-003
   11.5073313782991      -3.267624361633777E-003
   11.5249266862170      -3.096457733155657E-003
   11.5425219941349      -2.931209555927246E-003
   11.5601173020528      -2.731912104714566E-003
   11.5777126099707      -2.540073099928217E-003
   11.5953079178886      -2.316516494071321E-003
   11.6129032258065      -2.102741595179853E-003
   11.6304985337243      -1.861403019890680E-003
   11.6480938416422      -1.634143840041825E-003
   11.6656891495601      -1.383891491237443E-003
   11.6832844574780      -1.151320176128096E-003
   11.7008797653959      -8.997160034366618E-004
   11.7184750733138      -6.689892287052351E-004
   11.7360703812317      -4.228914840888910E-004
   11.7536656891496      -2.006357523186539E-004
   11.7712609970675       3.348500299282719E-005
   11.7888563049853       2.408838526011781E-004
   11.8064516129032       4.565561853051977E-004
   11.8240469208211       6.423348234560711E-004
   11.8416422287390       8.328302139206211E-004
   11.8592375366569       9.911605677404949E-004
   11.8768328445748       1.151810727372554E-003
   11.8944281524927       1.278859628516831E-003
   11.9120234604106       1.406469990634142E-003
   11.9296187683284       1.499642362797076E-003
   11.9472140762463       1.592199240498882E-003
   11.9648093841642       1.650088778851106E-003
   11.9824046920821       1.706843116302438E-003
   12.0000000000000       1.729489585171082E-003
   12.0175953079179       1.751691882849720E-003
   12.0351906158358       1.742146486319355E-003
   12.0527859237537       1.734091562428017E-003
   12.0703812316716       1.696637762114728E-003
   12.0879765395894       1.662293105868420E-003
   12.1055718475073       1.600868353287732E-003
   12.1231671554252       1.544302424610791E-003
   12.1407624633431       1.463238950453537E-003
   12.1583577712610       1.389155201557162E-003
   12.1759530791789       1.293692064932994E-003
   12.1935483870968       1.208073505981431E-003
   12.2111436950147       1.105527131567796E-003
   12.2287390029326       1.017706605632249E-003
   12.2463343108504       9.182648761956380E-004
   12.2639296187683       8.369658609555280E-004
   12.2815249266862       7.474255886495456E-004
   12.2991202346041       6.783145009516685E-004
   12.3167155425220       6.036725082887008E-004
   12.3343108504399       5.512647872441554E-004
   12.3519061583578       4.957070502082699E-004
   12.3695014662757       4.639783489853358E-004
   12.3870967741935       4.314157843994229E-004
   12.4046920821114       4.244554822944363E-004
   12.4222873900293       4.192428353984371E-004
   12.4398826979472       4.404435117686264E-004
   12.4574780058651       4.633348198093657E-004
   12.4750733137830       5.110268905296666E-004
   12.4926686217009       5.590689405990105E-004
   12.5102639296188       6.294299304236169E-004
   12.5278592375367       6.980443464348398E-004
   12.5454545454545       7.857891533396031E-004
   12.5630498533724       8.690015007993802E-004
   12.5806451612903       9.674354066038766E-004
   12.5982404692082       1.057754287819144E-003
   12.6158357771261       1.158565595451008E-003
   12.6334310850440       1.248327154222297E-003
   12.6510263929619       1.346838554168671E-003
   12.6686217008798       1.434079433356870E-003
   12.6862170087977       1.529151289552309E-003
   12.7038123167155       1.612768760481416E-003
   12.7214076246334       1.703183116041911E-003
   12.7390029325513       1.781759573574992E-003
   12.7565982404692       1.865821428341094E-003
   12.7741935483871       1.937300133168487E-003
   12.7917888563050       2.012472552181171E-003
   12.8093841642229       2.073570316431643E-003
   12.8269794721408       2.135812813628444E-003
   12.8445747800587       2.182925341121505E-003
   12.8621700879765       2.230280008809020E-003
   12.8797653958944       2.262777063665918E-003
   12.8973607038123       2.295159502973594E-003
   12.9149560117302       2.313224108576271E-003
   12.9325513196481       2.330972979261768E-003
   12.9501466275660       2.335023797053287E-003
   12.9677419354839       2.338570996766963E-003
   12.9853372434018       2.328991475213460E-003
   13.0029325513196       2.318570783043904E-003
   13.0205278592375       2.295297053756979E-003
   13.0381231671554       2.270634076378052E-003
   13.0557184750733       2.233675857976766E-003
   13.0733137829912       2.195290820084224E-003
   13.0909090909091       2.145475105722511E-003
   13.1085043988270       2.094329319903967E-003
   13.1260997067449       2.032685913571918E-003
   13.1436950146628       1.969815458920145E-003
   13.1612903225806       1.897339280355214E-003
   13.1788856304985       1.823623677693309E-003
   13.1964809384164       1.740985026689659E-003
   13.2140762463343       1.656638281395498E-003
   13.2316715542522       1.563494684802311E-003
   13.2492668621701       1.468331693545991E-003
   13.2668621700880       1.365428556264477E-003
   13.2844574780059       1.261013000119898E-003
   13.3020527859238       1.150389278646445E-003
   13.3196480938416       1.039088695847133E-003
   13.3372434017595       9.233754962297100E-004
   13.3548387096774       8.080341429711057E-004
   13.3724340175953       6.902527489370822E-004
   13.3900293255132       5.740274715048892E-004
   13.4076246334311       4.574002439099602E-004
   13.4252199413490       3.432239455590371E-004
   13.4428152492669       2.299245316617938E-004
   13.4604105571848       1.194025895299931E-004
   13.4780058651026       1.110399582653326E-005
   13.4956011730205      -9.379486683651845E-005
   13.5131964809384      -1.948680008966350E-004
   13.5307917888563      -2.916872880248034E-004
   13.5483870967742      -3.828563538972454E-004
   13.5659824046921      -4.687042994508339E-004
   13.5835777126100      -5.468634729698299E-004
   13.6011730205279      -6.184201080310649E-004
   13.6187683284457      -6.802855072492461E-004
   13.6363636363636      -7.354316983719628E-004
   13.6539589442815      -7.808494190116081E-004
   13.6715542521994      -8.204620796246960E-004
   13.6891495601173      -8.502754931423944E-004
   13.7067448680352      -8.749626908868301E-004
   13.7243401759531      -8.895162746894570E-004
   13.7419354838710      -8.993257736792253E-004
   13.7595307917889      -8.983223649647889E-004
   13.7771260997067      -8.925342267391039E-004
   13.7947214076246      -8.747035211652896E-004
   13.8123167155425      -8.512274400621688E-004
   13.8299120234604      -8.143804353366122E-004
   13.8475073313783      -7.732894236106831E-004
   13.8651026392962      -7.206876856306934E-004
   13.8826979472141      -6.670352758411764E-004
   13.9002932551320      -6.044272095390834E-004
   13.9178885630499      -5.444048424072732E-004
   13.9354838709677      -4.783255338035243E-004
   13.9530791788856      -4.187556381853506E-004
   13.9706744868035      -3.562780839468861E-004
   13.9882697947214      -3.044677560815647E-004
   14.0058651026393      -2.531167922091061E-004
   14.0234604105572      -2.157631975157257E-004
   14.0410557184751      -1.786850566594890E-004
   14.0586510263930      -1.545381720981382E-004
   14.0762463343109      -1.285712095737170E-004
   14.0938416422287      -1.143822763954388E-004
   14.1114369501466      -9.636646655742315E-005
   14.1290322580645      -8.908417816488145E-005
   14.1466275659824      -7.609583820490012E-005
   14.1642228739003      -7.295100387955771E-005
   14.1818181818182      -6.241719607833290E-005
   14.1994134897361      -6.111502428365245E-005
   14.2170087976540      -5.137247010053425E-005
   14.2346041055718      -5.172901451964501E-005
   14.2521994134897      -4.411859828595377E-005
   14.2697947214076      -4.779636429421074E-005
   14.2873900293255      -4.358672964349364E-005
   14.3049853372434      -5.151662155788683E-005
   14.3225806451613      -5.138248607026413E-005
   14.3401759530792      -6.402422718642159E-005
   14.3577712609971      -6.822634720275688E-005
   14.3753665689150      -8.564997747002467E-005
   14.3929618768328      -9.405985777255438E-005
   14.4105571847507      -1.159156447842086E-004
   14.4281524926686      -1.281462324361925E-004
   14.4457478005865      -1.544941197386029E-004
   14.4633431085044      -1.711895321305296E-004
   14.4809384164223      -2.029109667618534E-004
   14.4985337243402      -2.249387253730585E-004
   14.5161290322581      -2.628401719399583E-004
   14.5337243401760      -2.909206205568176E-004
   14.5513196480938      -3.356155353796127E-004
   14.5689149560117      -3.702274582303882E-004
   14.5865102639296      -4.220247594256849E-004
   14.6041055718475      -4.632238248392470E-004
   14.6217008797654      -5.214117173861703E-004
   14.6392961876833      -5.666878269612287E-004
   14.6568914956012      -6.269686636920044E-004
   14.6744868035191      -6.715167280037358E-004
   14.6920821114370      -7.292618577348762E-004
   14.7096774193548      -7.685854620727875E-004
   14.7272727272727      -8.193882675169382E-004
   14.7448680351906      -8.491434560996878E-004
   14.7624633431085      -8.887134640721345E-004
   14.7800586510264      -9.046641154352087E-004
   14.7976539589443      -9.288447238332382E-004
   14.8152492668622      -9.270979355062832E-004
   14.8328445747801      -9.328810353586267E-004
   14.8504398826979      -9.115198699004591E-004
   14.8680351906158      -8.972496702358697E-004
   14.8856304985337      -8.541905143958738E-004
   14.9032258064516      -8.172756129078526E-004
   14.9208211143695      -7.494122847733360E-004
   14.9384164222874      -6.861668284144711E-004
   14.9560117302053      -5.891192344341403E-004
   14.9736070381232      -4.942628770094374E-004
   14.9912023460411      -3.615173368437403E-004
   15.0087976539589      -2.264022222865949E-004
   15.0263929618768      -4.755870668594930E-005
   15.0439882697947       1.347170988165300E-004
   15.0615835777126       3.582158705807292E-004
   15.0791788856305       5.796168214212825E-004
   15.0967741935484       8.364699521219580E-004
   15.1143695014663       1.083426160291405E-003
   15.1319648093842       1.358041750652217E-003
   15.1495601173021       1.613006347505836E-003
   15.1671554252199       1.885792674659067E-003
   15.1847507331378       2.126835523400195E-003
   15.2023460410557       2.372757158944732E-003
   15.2199413489736       2.571533367899580E-003
   15.2375366568915       2.765310567800368E-003
   15.2551319648094       2.909026380130517E-003
   15.2727272727273       3.049302831808839E-003
   15.2903225806452       3.141421908140319E-003
   15.3079178885631       3.234000189822393E-003
   15.3255131964809       3.282106800490722E-003
   15.3431085043988       3.336080063358588E-003
   15.3607038123167       3.350682634301252E-003
   15.3782991202346       3.378020573141659E-003
   15.3958944281525       3.372758903610229E-003
   15.4134897360704       3.389443297921958E-003
   15.4310850439883       3.381799810391850E-003
   15.4486803519062       3.402539994522485E-003
   15.4662756598240       3.401942655703809E-003
   15.4838709677419       3.432714998258818E-003
   15.5014662756598       3.443506796785572E-003
   15.5190615835777       3.487519467464685E-003
   15.5366568914956       3.511934362398244E-003
   15.5542521994135       3.570509350575787E-003
   15.5718475073314       3.608923213956290E-003
   15.5894428152493       3.681375678346847E-003
   15.6070381231672       3.731609241099390E-003
   15.6246334310850       3.813547953765959E-003
   15.6422287390029       3.869780432496014E-003
   15.6598240469208       3.956491312812360E-003
   15.6774193548387       4.016141927022428E-003
   15.6950146627566       4.106366926271018E-003
   15.7126099706745       4.168922206435932E-003
   15.7302052785924       4.262712632783185E-003
   15.7478005865103       4.328664429337574E-003
   15.7653958944282       4.426897747837485E-003
   15.7829912023460       4.497464594151322E-003
   15.8005865102639       4.601703985591300E-003
   15.8181818181818       4.678408983289554E-003
   15.8357771260997       4.788140986478165E-003
   15.8533724340176       4.866666584980990E-003
   15.8709677419355       4.975178505119119E-003
   15.8885630498534       5.048357436435498E-003
   15.9061583577713       5.148460438893462E-003
   15.9237536656892       5.209086472146792E-003
   15.9413489736070       5.293561870059825E-003
   15.9589442815249       5.334377181020485E-003
   15.9765395894428       5.395903262737882E-003
   15.9941348973607       5.409452754557735E-003
   16.0117302052786       5.440409854909337E-003
   16.0293255131965       5.420455107103333E-003
   16.0469208211144       5.418946141868258E-003
   16.0645161290323       5.367980440151788E-003
   16.0821114369501       5.338393313498512E-003
   16.0997067448680       5.261381357405446E-003
   16.1173020527859       5.209138550815263E-003
   16.1348973607038       5.111918876070116E-003
   16.1524926686217       5.043292056888742E-003
   16.1700879765396       4.932586969736067E-003
   16.1876832844575       4.854836010800484E-003
   16.2052785923754       4.738626270322538E-003
   16.2228739002933       4.660714813893452E-003
   16.2404692082111       4.548310171814153E-003
   16.2580645161290       4.478548213654388E-003
   16.2756598240469       4.376935620775730E-003
   16.2932551319648       4.321644995920203E-003
   16.3108504398827       4.236807565286270E-003
   16.3284457478006       4.201767175701265E-003
   16.3460410557185       4.139337766667466E-003
   16.3636363636364       4.130113299869536E-003
   16.3812316715543       4.095629818378099E-003
   16.3988269794721       4.117839223521508E-003
   16.4164222873900       4.116475598304455E-003
   16.4340175953079       4.170883206913788E-003
   16.4516129032258       4.194724769220785E-003
   16.4692082111437       4.267265699559620E-003
   16.4868035190616       4.300542360263213E-003
   16.5043988269795       4.374998477495813E-003
   16.5219941348974       4.401073063860268E-003
   16.5395894428153       4.460432832574820E-003
   16.5571847507331       4.461865402963149E-003
   16.5747800586510       4.488240230043915E-003
   16.5923753665689       4.446550529221471E-003
   16.6099706744868       4.420871407003106E-003
   16.6275659824047       4.321294309293729E-003
   16.6451612903226       4.242904273650232E-003
   16.6627565982405       4.099429656497452E-003
   16.6803519061584       3.988214221240480E-003
   16.6979472140762       3.821662052131001E-003
   16.7155425219941       3.699002836315914E-003
   16.7331378299120       3.531165500402004E-003
   16.7507331378299       3.419270645771133E-003
   16.7683284457478       3.272695652236094E-003
   16.7859237536657       3.194526350641494E-003
   16.8035190615836       3.092584824755346E-003
   16.8211143695015       3.069552922457667E-003
   16.8387096774194       3.023137638061335E-003
   16.8563049853372       3.051085533830955E-003
   16.8739002932551       3.048151401279688E-003
   16.8914956011730       3.114004797145858E-003
   16.9090909090909       3.141326098799647E-003
   16.9266862170088       3.231863595242533E-003
   16.9442815249267       3.276175640168960E-003
   16.9618768328446       3.378229374701783E-003
   16.9794721407625       3.426410551113992E-003
   16.9970674486804       3.527100916305098E-003
   17.0146627565982       3.567029635956414E-003
   17.0322580645161       3.658302932937263E-003
   17.0498533724340       3.688509280379249E-003
   17.0674486803519       3.772831581065588E-003
   17.0850439882698       3.795848747240102E-003
   17.1026392961877       3.875155406558259E-003
   17.1202346041056       3.892224343091433E-003
   17.1378299120235       3.967213265302088E-003
   17.1554252199413       3.978223077343630E-003
   17.1730205278592       4.048000054795969E-003
   17.1906158357771       4.050771243323632E-003
   17.2082111436950       4.111240467906654E-003
   17.2258064516129       4.098961446119349E-003
   17.2434017595308       4.144069480789777E-003
   17.2609970674487       4.115901707864104E-003
   17.2785923753666       4.150484601230638E-003
   17.2961876832845       4.114337683049851E-003
   17.3137829912023       4.148790971563114E-003
   17.3313782991202       4.116985476632465E-003
   17.3489736070381       4.165930691665476E-003
   17.3665689149560       4.155134843433965E-003
   17.3841642228739       4.238152480570355E-003
   17.4017595307918       4.271360182668845E-003
   17.4193548387097       4.415754326037077E-003
   17.4369501466276       4.515685751853906E-003
   17.4545454545455       4.727427986024731E-003
   17.4721407624633       4.883797626277246E-003
   17.4897360703812       5.146100521494328E-003
   17.5073313782991       5.338261828596562E-003
   17.5249266862170       5.628279924586684E-003
   17.5425219941349       5.830535538000219E-003
   17.5601173020528       6.120934769184950E-003
   17.5777126099707       6.302976782288559E-003
   17.5953079178886       6.561520121058075E-003
   17.6129032258065       6.687075743845950E-003
   17.6304985337243       6.881525004384914E-003
   17.6480938416422       6.933632929288888E-003
   17.6656891495601       7.066022477769501E-003
   17.6832844574780       7.053236615914490E-003
   17.7008797653959       7.136105543416782E-003
   17.7184750733138       7.070637478354729E-003
   17.7360703812317       7.119587001438729E-003
   17.7536656891496       7.015525248540182E-003
   17.7712609970675       7.048726189435302E-003
   17.7888563049853       6.921570262775911E-003
   17.8064516129032       6.960423284266092E-003
   17.8240469208211       6.826606390103547E-003
   17.8416422287390       6.891624461536835E-003
   17.8592375366569       6.755962728058086E-003
   17.8768328445748       6.859186899987272E-003
   17.8944281524927       6.713970317933546E-003
   17.9120234604106       6.868006861787382E-003
   17.9296187683284       6.685025255906674E-003
   17.9472140762463       6.907566653379488E-003
   17.9648093841642       6.583387510025419E-003
   17.9824046920821       6.909752630738014E-003
   18.0000000000000       5.634412659526072E-003
