  0.000000000000000E+000 -1.825596839668785E-002
  1.759530791788856E-002 -1.044760978569514E-002
  3.519061583577713E-002 -1.025027392527414E-002
  5.278592375366570E-002 -7.625880795455923E-003
  7.038123167155426E-002 -7.523759395201593E-003
  8.797653958944282E-002 -5.976246109682685E-003
  0.105571847507331      -5.935200772845078E-003
  0.123167155425220      -4.870658654849867E-003
  0.140762463343109      -4.877827505131665E-003
  0.158357771260997      -4.096196728091239E-003
  0.175953079178886      -4.144477444917240E-003
  0.193548387096774      -3.552749587147173E-003
  0.211143695014663      -3.635248164425923E-003
  0.228739002932551      -3.176814530052126E-003
  0.246334310850440      -3.280271853925248E-003
  0.263929618768328      -2.914139606218372E-003
  0.281524926686217      -3.028241702107984E-003
  0.299120234604106      -2.728305418738637E-003
  0.316715542521994      -2.846775351706085E-003
  0.334310850439883      -2.595901597860281E-003
  0.351906158357771      -2.715463370371452E-003
  0.369501466275660      -2.503070353105319E-003
  0.387096774193548      -2.623754101069999E-003
  0.404692082111437      -2.445806186350845E-003
  0.422287390029326      -2.574461401153849E-003
  0.439882697947214      -2.437541009052547E-003
  0.457478005865103      -2.586033533131665E-003
  0.475073313782991      -2.494585539085517E-003
  0.492668621700880      -2.668158956186905E-003
  0.510263929618768      -2.622406615204932E-003
  0.527859237536657      -2.822738425814306E-003
  0.545454545454546      -2.820426492077131E-003
  0.563049853372434      -3.046280056536896E-003
  0.580645161290323      -3.082554177963955E-003
  0.598240469208211      -3.329150582755654E-003
  0.615835777126100      -3.394342431562207E-003
  0.633431085043988      -3.648999989050264E-003
  0.651026392961877      -3.726733920628237E-003
  0.668621700879765      -3.976492616553192E-003
  0.686217008797654      -4.055377161593161E-003
  0.703812316715543      -4.291729823286989E-003
  0.721407624633431      -4.363422688191230E-003
  0.739002932551320      -4.580000821499492E-003
  0.756598240469208      -4.638109132198650E-003
  0.774193548387097      -4.830211542545781E-003
  0.791788856304985      -4.870127649981598E-003
  0.809384164222874      -5.035043580723314E-003
  0.826979472140763      -5.055632041751469E-003
  0.844574780058651      -5.195789939694056E-003
  0.862170087976540      -5.200293106089353E-003
  0.879765395894428      -5.319182851354396E-003
  0.897360703812317      -5.310040766351673E-003
  0.914956011730205      -5.410328545075617E-003
  0.932551319648094      -5.389551440658145E-003
  0.950146627565982      -5.473557899177341E-003
  0.967741935483871      -5.442940238485373E-003
  0.985337243401760      -5.512761448207804E-003
   1.00293255131965      -5.473922315983130E-003
   1.02052785923754      -5.531142758283895E-003
   1.03812316715543      -5.484093079057334E-003
   1.05571847507331      -5.527502874164376E-003
   1.07331378299120      -5.470065955897245E-003
   1.09090909090909      -5.497787089452596E-003
   1.10850439882698      -5.427871522767480E-003
   1.12609970674487      -5.438124090731754E-003
   1.14369501466276      -5.353741937281060E-003
   1.16129032258065      -5.344814446687608E-003
   1.17888563049853      -5.244059819125267E-003
   1.19648093841642      -5.214292278144662E-003
   1.21407624633431      -5.095410937900960E-003
   1.23167155425220      -5.044201231065059E-003
   1.24926686217009      -4.908380433752932E-003
   1.26686217008798      -4.838627345862968E-003
   1.28445747800587      -4.689043150530598E-003
   1.30205278592375      -4.604193056086477E-003
   1.31964809384164      -4.444230044256568E-003
   1.33724340175953      -4.347931248356377E-003
   1.35483870967742      -4.181211364062692E-003
   1.37243401759531      -4.077379170952337E-003
   1.39002932551320      -3.907871794313389E-003
   1.40762463343109      -3.800910442338016E-003
   1.42521994134897      -3.632981016090494E-003
   1.44281524926686      -3.526415356148942E-003
   1.46041055718475      -3.361772844927256E-003
   1.47800586510264      -3.256307590500023E-003
   1.49560117302053      -3.095120232551587E-003
   1.51319648093842      -2.990766655904481E-003
   1.53079178885631      -2.832714196423557E-003
   1.54838709677419      -2.729037774129103E-003
   1.56598240469208      -2.573365946898825E-003
   1.58357771260997      -2.469449640190099E-003
   1.60117302052786      -2.314804345260184E-003
   1.61876832844575      -2.208871455455283E-003
   1.63636363636364      -2.053183800003940E-003
   1.65395894428153      -1.944012419188280E-003
   1.67155425219941      -1.787110336402241E-003
   1.68914956011730      -1.675301955929942E-003
   1.70674486803519      -1.518130555642012E-003
   1.72434017595308      -1.405059077203751E-003
   1.74193548387097      -1.249262465968739E-003
   1.75953079178886      -1.137000917893086E-003
   1.77712609970675      -9.850053599273680E-004
   1.79472140762463      -8.765798493670455E-004
   1.81231671554252      -7.322512691221500E-004
   1.82991202346041      -6.328564704529682E-004
   1.84750733137830      -5.016626520897941E-004
   1.86510263929619      -4.156610745354628E-004
   1.88269794721408      -3.005566847268478E-004
   1.90029325513196      -2.301173676452956E-004
   1.91788856304985      -1.326130172013955E-004
   1.93548387096774      -7.877029424138971E-005
   1.95307917888563       6.549258387048562E-007
   1.97067448680352       3.789421555290523E-005
   1.98826979472141       9.987146477819581E-005
   2.00586510263930       1.219069277123726E-004
   2.02346041055718       1.692849013808181E-004
   2.04105571847507       1.803902957367391E-004
   2.05865102639296       2.176346987098507E-004
   2.07624633431085       2.212857009787270E-004
   2.09384164222874       2.511260807117936E-004
   2.11143695014663       2.495374881158291E-004
   2.12903225806452       2.738573498886500E-004
   2.14662756598241       2.685550451144990E-004
   2.16422287390029       2.886168705074086E-004
   2.18181818181818       2.805088601983505E-004
   2.19941348973607       2.968793474380868E-004
   2.21700879765396       2.858833817586806E-004
   2.23460410557185       2.976756440050693E-004
   2.25219941348974       2.825344829449682E-004
   2.26979472140762       2.889538165773076E-004
   2.28739002932551       2.693530556824217E-004
   2.30498533724340       2.704408812734233E-004
   2.32258064516129       2.466346964267248E-004
   2.34017595307918       2.428915676811696E-004
   2.35777126099707       2.155581875515972E-004
   2.37536656891496       2.079152450322801E-004
   2.39296187683284       1.782150044924657E-004
   2.41055718475073       1.682491588224311E-004
   2.42815249266862       1.382451368179149E-004
   2.44574780058651       1.282045619403425E-004
   2.46334310850440       9.967994774457593E-005
   2.48093841642229       9.085996783018804E-005
   2.49853372434018       6.479797774114004E-005
   2.51612903225806       5.803619291914789E-005
   2.53372434017595       3.511815793405082E-005
   2.55131964809384       3.101767811835061E-005
   2.56891495601173       1.173539388761270E-005
   2.58651026392962       1.073984031715170E-005
   2.60410557184751      -4.545397027388230E-006
   2.62170087976540      -2.055702484217561E-006
   2.63929618768328      -1.289177427326854E-005
   2.65689149560117      -6.347292026216158E-006
   2.67448680351906      -1.221527390449978E-005
   2.69208211143695      -1.169167229490564E-006
   2.70967741935484      -1.738270956284663E-006
   2.72727272727273       1.406600278931733E-005
   2.74486803519062       1.892767784689626E-005
   2.76246334310850       3.952661813672752E-005
   2.78005865102639       4.969231002784676E-005
   2.79765395894428       7.478938334844892E-005
   2.81524926686217       8.956766301800627E-005
   2.83284457478006       1.177101473284419E-004
   2.85043988269795       1.349004495756722E-004
   2.86803519061584       1.638559276635786E-004
   2.88563049853372       1.815189550508503E-004
   2.90322580645161       2.096208110192686E-004
   2.92082111436950       2.262649517735073E-004
   2.93841642228739       2.522124163272423E-004
   2.95601173020528       2.666890603032275E-004
   2.97360703812317       2.895351689995045E-004
   2.99120234604106       3.010976335375083E-004
   3.00879765395894       3.204558707038806E-004
   3.02639296187683       3.294454418090358E-004
   3.04398826979472       3.466118975056482E-004
   3.06158357771261       3.546408512989651E-004
   3.07917888563050       3.709442222357091E-004
   3.09677419354839       3.789863982356619E-004
   3.11436950146628       3.951841680192561E-004
   3.13196480938416       4.037822089135070E-004
   3.14956011730205       4.202463132807727E-004
   3.16715542521994       4.295665206546358E-004
   3.18475073313783       4.462646844318465E-004
   3.20234604105572       4.559793398690925E-004
   3.21994134897361       4.720897256538586E-004
   3.23753665689150       4.806412211280782E-004
   3.25513196480938       4.942852888402306E-004
   3.27272727272727       5.000382582222989E-004
   3.29032258064516       5.099282042310453E-004
   3.30791788856305       5.117886816022761E-004
   3.32551319648094       5.170023611420895E-004
   3.34310850439883       5.141678127966235E-004
   3.36070381231672       5.140402398943401E-004
   3.37829912023460       5.059585829516488E-004
   3.39589442815249       5.000922851543267E-004
   3.41348973607038       4.865751517191363E-004
   3.43108504398827       4.752290755593686E-004
   3.44868035190616       4.569697852591819E-004
   3.46627565982405       4.409524546085313E-004
   3.48387096774194       4.186231213964748E-004
   3.50146627565982       3.985128353672793E-004
   3.51906158357771       3.726123981887884E-004
   3.53665689149560       3.488681500581699E-004
   3.55425219941349       3.198003560997115E-004
   3.57184750733138       2.927986492805268E-004
   3.58944281524927       2.608910819637220E-004
   3.60703812316716       2.309312037205212E-004
   3.62463343108504       1.964552763790320E-004
   3.64222873900293       1.638811585560267E-004
   3.65982404692082       1.272717158066548E-004
   3.67741935483871       9.257638306650887E-005
   3.69501466275660       5.431020469394002E-005
   3.71260997067449       1.796405251536129E-005
   3.73020527859238      -2.152170187449895E-005
   3.74780058651026      -5.910029012133725E-005
   3.76539589442815      -9.943528491745573E-005
   3.78299120234604      -1.379175941122960E-004
   3.80058651026393      -1.788630383743579E-004
   3.81818181818182      -2.181721202923017E-004
   3.83577712609971      -2.599467676529953E-004
   3.85337243401760      -3.004436340538868E-004
   3.87096774193548      -3.433009197039271E-004
   3.88856304985337      -3.850516030152278E-004
   3.90615835777126      -4.289394437522127E-004
   3.92375366568915      -4.717752991289083E-004
   3.94134897360704      -5.164335049550903E-004
   3.95894428152493      -5.599808501055417E-004
   3.97653958944282      -6.049267002729775E-004
   3.99413489736070      -6.485474866974408E-004
   4.01173020527859      -6.929044432660344E-004
   4.02932551319648      -7.352549983507552E-004
   4.04692082111437      -7.772998582089601E-004
   4.06451612903226      -8.166986220945316E-004
   4.08211143695015      -8.550404456487679E-004
   4.09970674486804      -8.903049125522067E-004
   4.11730205278592      -9.239242947469908E-004
   4.13489736070381      -9.541617511686541E-004
   4.15249266862170      -9.823034870865800E-004
   4.17008797653959      -1.006884910464696E-003
   4.18768328445748      -1.029081159065922E-003
   4.20527859237537      -1.047743507880868E-003
   4.22287390029326      -1.064183631974797E-003
   4.24046920821114      -1.077782962187505E-003
   4.25806451612903      -1.089721688084240E-003
   4.27565982404692      -1.099403498777267E-003
   4.29325513196481      -1.107792739140306E-003
   4.31085043988270      -1.114376249369213E-003
   4.32844574780059      -1.119948668653812E-003
   4.34604105571848      -1.124083348396704E-003
   4.36363636363636      -1.127429935000649E-003
   4.38123167155425      -1.129638808697058E-003
   4.39882697947214      -1.131230281402964E-003
   4.41642228739003      -1.131898405435203E-003
   4.43401759530792      -1.131987072294305E-003
   4.45161290322581      -1.131203236630002E-003
   4.46920821114370      -1.129811850027563E-003
   4.48680351906158      -1.127579155891304E-003
   4.50439882697947      -1.124706684351845E-003
   4.52199413489736      -1.121000367416397E-003
   4.53958944281525      -1.116608718318417E-003
   4.55718475073314      -1.111360403043722E-003
   4.57478005865103      -1.105360002606547E-003
   4.59237536656892      -1.098438691895835E-003
   4.60997067448680      -1.090654586953089E-003
   4.62756598240469      -1.081867923354443E-003
   4.64516129032258      -1.072254960540855E-003
   4.66275659824047      -1.061770861400170E-003
   4.68035190615836      -1.050636040006636E-003
   4.69794721407625      -1.038806065719630E-003
   4.71554252199414      -1.026541841793912E-003
   4.73313782991202      -1.013784015333437E-003
   4.75073313782991      -1.000848021975694E-003
   4.76832844574780      -9.876531340632599E-004
   4.78592375366569      -9.745944109655207E-004
   4.80351906158358      -9.615910065882244E-004
   4.82111436950147      -9.492331975173017E-004
   4.83870967741935      -9.374995755316078E-004
   4.85630498533724      -9.269960256168015E-004
   4.87390029325513      -9.175044851897861E-004
   4.89149560117302      -9.096412982896498E-004
   4.90909090909091      -9.030319246175060E-004
   4.92668621700880      -8.983297736070894E-004
   4.94428152492669      -8.949954297572190E-004
   4.96187683284458      -8.937242074974659E-004
   4.97947214076246      -8.937816839728579E-004
   4.99706744868035      -8.958790786514054E-004
   5.01466275659824      -8.989461930884482E-004
   5.03225806451613      -9.035117472657277E-004
   5.04985337243402      -9.083204468842858E-004
   5.06744868035191      -9.141978406774163E-004
   5.08504398826980      -9.198496578893862E-004
   5.10263929618768      -9.263162100721677E-004
   5.12023460410557      -9.321948058090389E-004
   5.13782991202346      -9.387244063524631E-004
   5.15542521994135      -9.443688765100454E-004
   5.17302052785924      -9.505669068739997E-004
   5.19061583577713      -9.556353038138434E-004
   5.20821114369502      -9.612306617322229E-004
   5.22580645161290      -9.655812917855417E-004
   5.24340175953079      -9.706483771324411E-004
   5.26099706744868      -9.744959046118878E-004
   5.27859237536657      -9.792654181573551E-004
   5.29618768328446      -9.828058238030431E-004
   5.31378299120235      -9.874549771064633E-004
   5.33137829912024      -9.908371036212191E-004
   5.34897360703812      -9.954914621263643E-004
   5.36656891495601      -9.988013315967465E-004
   5.38416422287390      -1.003502855513697E-003
   5.40175953079179      -1.006701635259460E-003
   5.41935483870968      -1.011229331564276E-003
   5.43695014662757      -1.013727504579838E-003
   5.45454545454546      -1.017212221694760E-003
   5.47214076246334      -1.018156273236110E-003
   5.48973607038123      -1.019879602570566E-003
   5.50733137829912      -1.018639319384856E-003
   5.52492668621701      -1.018044363108326E-003
   5.54252199413490      -1.014113860165401E-003
   5.56011730205279      -1.010744562286881E-003
   5.57771260997067      -1.003700820340117E-003
   5.59530791788856      -9.971658097849359E-004
   5.61290322580645      -9.866208852704753E-004
   5.63049853372434      -9.765156087179431E-004
   5.64809384164223      -9.620676850597058E-004
   5.66568914956012      -9.480682417820318E-004
   5.68328445747801      -9.294837655624887E-004
   5.70087976539589      -9.114372504006347E-004
   5.71847507331378      -8.886271853826180E-004
   5.73607038123167      -8.665128446963062E-004
   5.75366568914956      -8.395178269114294E-004
   5.77126099706745      -8.134474784286174E-004
   5.78885630498534      -7.824500573450191E-004
   5.80645161290323      -7.527023855095641E-004
   5.82404692082111      -7.180882119579152E-004
   5.84164222873900      -6.850965455845098E-004
   5.85923753665689      -6.472232762177325E-004
   5.87683284457478      -6.112628969229288E-004
   5.89442815249267      -5.703763302029247E-004
   5.91202346041056      -5.316986408164359E-004
   5.92961876832845      -4.880598314654571E-004
   5.94721407624634      -4.469491628159924E-004
   5.96480938416422      -4.008655761608413E-004
   5.98240469208211      -3.576647198282064E-004
   6.00000000000000      -3.095169405931280E-004
   6.01759530791789      -2.646513753937092E-004
   6.03519061583578      -2.148368741807543E-004
   6.05278592375367      -1.685872100327526E-004
   6.07038123167156      -1.172909473742938E-004
   6.08797653958944      -6.983605845710405E-005
   6.10557184750733      -1.725878698210795E-005
   6.12316715542522       3.116310055583541E-005
   6.14076246334311       8.474078517497524E-005
   6.15835777126100       1.337911343292668E-004
   6.17595307917889       1.879616337684138E-004
   6.19354838709677       2.371361365766716E-004
   6.21114369501466       2.912377273998958E-004
   6.22873900293255       3.396052028757413E-004
   6.24633431085044       3.925197353105003E-004
   6.26392961876833       4.390327650904078E-004
   6.28152492668622       4.898894716536382E-004
   6.29912023460411       5.337834912216625E-004
   6.31671554252199       5.818786776131815E-004
   6.33431085043988       6.224849170125641E-004
   6.35190615835777       6.671722488441175E-004
   6.36950146627566       7.038484237075874E-004
   6.38709677419355       7.444776422309081E-004
   6.40469208211144       7.765341570807619E-004
   6.42228739002933       8.123733207950157E-004
   6.43988269794721       8.391676003288709E-004
   6.45747800586510       8.698446047148435E-004
   6.47507331378299       8.912371419188320E-004
   6.49266862170088       9.167200846672376E-004
   6.51026392961877       9.327347815407029E-004
   6.52785923753666       9.530908686837344E-004
   6.54545454545455       9.638228820762885E-004
   6.56304985337243       9.791689213595300E-004
   6.58064516129032       9.847424756669093E-004
   6.59824046920821       9.951985246131529E-004
   6.61583577712610       9.956928959134080E-004
   6.63343108504399       1.001278886719918E-003
   6.65102639296188       9.967289031808015E-004
   6.66862170087977       9.975887558571997E-004
   6.68621700879765       9.882381161586092E-004
   6.70381231671554       9.846819197430433E-004
   6.72140762463343       9.708883542130232E-004
   6.73900293255132       9.633142642215262E-004
   6.75659824046921       9.455068562479384E-004
   6.77419354838710       9.343695416327353E-004
   6.79178885630499       9.130179608751191E-004
   6.80938416422287       8.987830794901806E-004
   6.82697947214076       8.742699577961563E-004
   6.84457478005865       8.571737171152469E-004
   6.86217008797654       8.296645217955022E-004
   6.87976539589443       8.099185590152110E-004
   6.89736070381232       7.796910852857569E-004
   6.91495601173021       7.576256899296933E-004
   6.93255131964809       7.250537227896966E-004
   6.95014662756598       7.010812655517472E-004
   6.96774193548387       6.666084595227170E-004
   6.98533724340176       6.411973578972365E-004
   7.00293255131965       6.053007477769862E-004
   7.02052785923754       5.788489267894850E-004
   7.03812316715543       5.416527126097900E-004
   7.05571847507331       5.139994775890686E-004
   7.07331378299120       4.753004223626277E-004
   7.09090909090909       4.463409024712718E-004
   7.10850439882698       4.061273489003509E-004
   7.12609970674487       3.759367526542670E-004
   7.14369501466276       3.343680061569987E-004
   7.16129032258065       3.031917150928708E-004
   7.17888563049853       2.606041708867890E-004
   7.19648093841642       2.288807355908538E-004
   7.21407624633431       1.858329604640919E-004
   7.23167155425220       1.541477548471056E-004
   7.24926686217009       1.110323832186917E-004
   7.26686217008798       7.954767107272413E-005
   7.28445747800587       3.644820419674333E-005
   7.30205278592375       5.259382530350243E-006
   7.31964809384164      -3.769461845466890E-005
   7.33724340175953      -6.841064487219700E-005
   7.35483870967742      -1.109827346884243E-004
   7.37243401759531      -1.409159668667915E-004
   7.39002932551320      -1.827036769573952E-004
   7.40762463343109      -2.113185270177043E-004
   7.42521994134897      -2.516615594547308E-004
   7.44281524926686      -2.783902884018152E-004
   7.46041055718475      -3.170274926579918E-004
   7.47800586510264      -3.418369636650295E-004
   7.49560117302053      -3.788003990358125E-004
   7.51319648093842      -4.017316889674138E-004
   7.53079178885631      -4.370471931654333E-004
   7.54838709677419      -4.580909778772549E-004
   7.56598240469208      -4.916929055971069E-004
   7.58357771260997      -5.107009474884460E-004
   7.60117302052786      -5.423105638602454E-004
   7.61876832844575      -5.587733152218188E-004
   7.63636363636364      -5.876472250540169E-004
   7.65395894428153      -6.008857841295707E-004
   7.67155425219941      -6.266364870334627E-004
   7.68914956011730      -6.364765821280607E-004
   7.70674486803519      -6.590357457711543E-004
   7.72434017595308      -6.654755399525140E-004
   7.74193548387097      -6.848782116928751E-004
   7.75953079178886      -6.879708006792728E-004
   7.77712609970675      -7.042624814426933E-004
   7.79472140762463      -7.040197755737591E-004
   7.81231671554252      -7.171116202078341E-004
   7.82991202346041      -7.132948379507297E-004
   7.84750733137830      -7.229491228795813E-004
   7.86510263929619      -7.155417688395513E-004
   7.88269794721408      -7.219641527817408E-004
   7.90029325513197      -7.113032238849858E-004
   7.91788856304985      -7.149137132177590E-004
   7.93548387096774      -7.014820972789491E-004
   7.95307917888563      -7.028055487836094E-004
   7.97067448680352      -6.871547870553748E-004
   7.98826979472141      -6.867453601547048E-004
   8.00586510263930      -6.693906590901030E-004
   8.02346041055718      -6.675650290431205E-004
   8.04105571847507      -6.484599417077798E-004
   8.05865102639296      -6.449613483925432E-004
   8.07624633431085      -6.239469426780223E-004
   8.09384164222874      -6.187828854363171E-004
   8.11143695014663      -5.959914513164791E-004
   8.12903225806452      -5.893953743438699E-004
   8.14662756598241      -5.651503513477878E-004
   8.16422287390029      -5.575224738033952E-004
   8.18181818181818      -5.322944328441233E-004
   8.19941348973607      -5.241608519799175E-004
   8.21700879765396      -4.984658928756286E-004
   8.23460410557185      -4.900667160537107E-004
   8.25219941348974      -4.637084124617941E-004
   8.26979472140763      -4.546556962166615E-004
   8.28739002932551      -4.273128417768379E-004
   8.30498533724340      -4.173841910321755E-004
   8.32258064516129      -3.889292423152106E-004
   8.34017595307918      -3.780842756395675E-004
   8.35777126099707      -3.485665862569950E-004
   8.37536656891496      -3.369400304348073E-004
   8.39296187683285      -3.065850068405873E-004
   8.41055718475073      -2.944832817521547E-004
   8.42815249266862      -2.635375366743509E-004
   8.44574780058651      -2.508969327181128E-004
   8.46334310850440      -2.190172830790705E-004
   8.48093841642229      -2.054575880247170E-004
   8.49853372434018      -1.723522730273011E-004
   8.51612903225807      -1.576768514341990E-004
   8.53372434017595      -1.232574579842231E-004
   8.55131964809384      -1.074922211162764E-004
   8.56891495601173      -7.191890020138939E-005
   8.58651026392962      -5.537662850398600E-005
   8.60410557184751      -1.917088913634255E-005
   8.62170087976540      -2.612468972860535E-006
   8.63929618768329       3.345444995409655E-005
   8.65689149560117       4.963845832746132E-005
   8.67448680351906       8.555043068809599E-005
   8.69208211143695       1.014816917854855E-004
   8.70967741935484       1.373854691608107E-004
   8.72727272727273       1.532050775483841E-004
   8.74486803519062       1.892021234826985E-004
   8.76246334310851       2.049539524232434E-004
   8.78005865102639       2.409949833785252E-004
   8.79765395894428       2.565011185411259E-004
   8.81524926686217       2.921781006407098E-004
   8.83284457478006       3.067699469044449E-004
   8.85043988269795       3.414157292751895E-004
   8.86803519061584       3.547009282175180E-004
   8.88563049853373       3.881387769919019E-004
   8.90322580645161       4.000365887683392E-004
   8.92082111436950       4.322208645109555E-004
   8.93841642228739       4.426931725896408E-004
   8.95601173020528       4.735593280917094E-004
   8.97360703812317       4.824890593844399E-004
   8.99120234604106       5.118216292254176E-004
   9.00879765395895       5.188066894473720E-004
   9.02639296187683       5.458635433531475E-004
   9.04398826979472       5.499443762920244E-004
   9.06158357771261       5.739429743107605E-004
   9.07917888563050       5.746784072973318E-004
   9.09677419354839       5.953873861482626E-004
   9.11436950146628       5.926684649232725E-004
   9.13196480938416       6.100543937531315E-004
   9.14956011730205       6.038965314057958E-004
   9.16715542521994       6.179873241578554E-004
   9.18475073313783       6.084006231745982E-004
   9.20234604105572       6.191184603459020E-004
   9.21994134897361       6.057849912924338E-004
   9.23753665689150       6.124667602122251E-004
   9.25513196480938       5.946920496631465E-004
   9.27272727272727       5.969664566683470E-004
   9.29032258064516       5.747017210466153E-004
   9.30791788856305       5.727294954485157E-004
   9.32551319648094       5.463092724210877E-004
   9.34310850439883       5.405649753453556E-004
   9.36070381231672       5.105951387353766E-004
   9.37829912023460       5.017953841556886E-004
   9.39589442815249       4.691003092470251E-004
   9.41348973607038       4.581419210450555E-004
   9.43108504398827       4.235510838301796E-004
   9.44868035190616       4.110328994558631E-004
   9.46627565982405       3.750179673705896E-004
   9.48387096774194       3.614573595093388E-004
   9.50146627565982       3.246397477576106E-004
   9.51906158357771       3.107500347879284E-004
   9.53665689149560       2.739408369192819E-004
   9.55425219941349       2.606226429787967E-004
   9.57184750733138       2.248213052176010E-004
   9.58944281524927       2.131687005649406E-004
   9.60703812316716       1.795809161253374E-004
   9.62463343108504       1.707755179974657E-004
   9.64222873900293       1.402128585972897E-004
   9.65982404692082       1.345605615299402E-004
   9.67741935483871       1.071225510393493E-004
   9.69501466275660       1.047344212705259E-004
   9.71260997067449       8.058192655190179E-005
   9.73020527859238       8.166649037375644E-005
   9.74780058651026       6.106832555649217E-005
   9.76539589442815       6.594931055906080E-005
   9.78299120234604       4.929537322945823E-005
   9.80058651026393       5.842359923254918E-005
   9.81818181818182       4.615422725020049E-005
   9.83577712609971       5.955983301723199E-005
   9.85337243401760       5.100137068360340E-005
   9.87096774193548       6.761377712673245E-005
   9.88856304985337       6.168875089059700E-005
   9.90615835777126       8.048968489324317E-005
   9.92375366568915       7.625036284830206E-005
   9.94134897360704       9.635559621603392E-005
   9.95894428152493       9.299118448725974E-005
   9.97653958944282       1.136542318692307E-004
   9.99413489736071       1.104892821372163E-004
   10.0117302052786       1.310641203598323E-004
   10.0293255131965       1.272337223760518E-004
   10.0469208211144       1.463251467519358E-004
   10.0645161290323       1.400871505447994E-004
   10.0821114369501       1.559817040500458E-004
   10.0997067448680       1.457915764237785E-004
   10.1173020527859       1.571055520641146E-004
   10.1348973607038       1.417591348602125E-004
   10.1524926686217       1.474747836707454E-004
   10.1700879765396       1.261757411753704E-004
   10.1876832844575       1.257492112901596E-004
   10.2052785923754       9.831090004297782E-005
   10.2228739002933       9.203002634912573E-005
   10.2404692082111       5.899900649994562E-005
   10.2580645161290       4.709016609282231E-005
   10.2756598240469       8.229270103803338E-006
   10.2932551319648      -9.755049585973923E-006
   10.3108504398827      -5.493384867519063E-005
   10.3284457478006      -7.946876715029308E-005
   10.3460410557185      -1.313645152514349E-004
   10.3636363636364      -1.627354254672666E-004
   10.3812316715543      -2.214463090691827E-004
   10.3988269794721      -2.594787963203416E-004
   10.4164222873900      -3.243097625780639E-004
   10.4340175953079      -3.676439859509975E-004
   10.4516129032258      -4.371117303871571E-004
   10.4692082111437      -4.848073219294965E-004
   10.4868035190616      -5.584642257575348E-004
   10.5043988269795      -6.103304845112609E-004
   10.5219941348974      -6.881201455198144E-004
   10.5395894428153      -7.441739778051266E-004
   10.5571847507331      -8.261203675821370E-004
   10.5747800586510      -8.863378375615641E-004
   10.5923753665689      -9.722806721731666E-004
   10.6099706744868      -1.036172750351352E-003
   10.6275659824047      -1.124778758013018E-003
   10.6451612903226      -1.190051554837527E-003
   10.6627565982405      -1.278849016759090E-003
   10.6803519061584      -1.343507926623953E-003
   10.6979472140762      -1.430919227206704E-003
   10.7155425219941      -1.493652983510001E-003
   10.7331378299120      -1.578547347295475E-003
   10.7507331378299      -1.638352224928337E-003
   10.7683284457478      -1.719782122003652E-003
   10.7859237536657      -1.775699999840918E-003
   10.8035190615836      -1.852539658603463E-003
   10.8211143695015      -1.902753237413673E-003
   10.8387096774194      -1.971760737608388E-003
   10.8563049853372      -2.012076794901838E-003
   10.8739002932551      -2.069363077189206E-003
   10.8914956011730      -2.096595418825055E-003
   10.9090909090909      -2.139495906221410E-003
   10.9266862170088      -2.151428992508779E-003
   10.9442815249267      -2.178116268348286E-003
   10.9618768328446      -2.173295038063573E-003
   10.9794721407625      -2.182658556976755E-003
   10.9970674486804      -2.160321890611172E-003
   11.0146627565982      -2.151912999908087E-003
   11.0322580645161      -2.111651722395356E-003
   11.0498533724340      -2.084706223392244E-003
   11.0674486803519      -2.025524739138514E-003
   11.0850439882698      -1.979164517620702E-003
   11.1026392961877      -1.900447341795114E-003
   11.1202346041056      -1.834325130854290E-003
   11.1378299120235      -1.736016573411558E-003
   11.1554252199413      -1.650369864933480E-003
   11.1730205278592      -1.533027518883570E-003
   11.1906158357771      -1.428742869077621E-003
   11.2082111436950      -1.293622170675465E-003
   11.2258064516129      -1.172113807831364E-003
   11.2434017595308      -1.020278244043852E-003
   11.2609970674487      -8.821222415666527E-004
   11.2785923753666      -7.141487872763850E-004
   11.2961876832845      -5.602618414303715E-004
   11.3137829912023      -3.775015890959510E-004
   11.3313782991202      -2.097214452177117E-004
   11.3489736070381      -1.459407598827900E-005
   11.3665689149560       1.639784817199911E-004
   11.3841642228739       3.674996239280671E-004
   11.4017595307918       5.516713556353895E-004
   11.4193548387097       7.563510366020353E-004
   11.4369501466276       9.368918281510813E-004
   11.4545454545455       1.133925807073438E-003
   11.4721407624633       1.304299907892558E-003
   11.4897360703812       1.488782446240615E-003
   11.5073313782991       1.644918453777434E-003
   11.5249266862170       1.813302044589053E-003
   11.5425219941349       1.951992824176292E-003
   11.5601173020528       2.101265735739234E-003
   11.5777126099707       2.219563548737306E-003
   11.5953079178886       2.346672184411491E-003
   11.6129032258065       2.441109682262468E-003
   11.6304985337243       2.542220915305731E-003
   11.6480938416422       2.609831526851000E-003
   11.6656891495601       2.683773803930528E-003
   11.6832844574780       2.724741560396526E-003
   11.7008797653959       2.772419391339810E-003
   11.7184750733138       2.788157518412461E-003
   11.7360703812317       2.811374086876499E-003
   11.7536656891496       2.804007209720356E-003
   11.7712609970675       2.805125521893379E-003
   11.7888563049853       2.777191178735204E-003
   11.8064516129032       2.758775105048843E-003
   11.8240469208211       2.712604289863199E-003
   11.8416422287390       2.676718624968621E-003
   11.8592375366569       2.614659857575984E-003
   11.8768328445748       2.564322015226462E-003
   11.8944281524927       2.489966876001593E-003
   11.9120234604106       2.429177149744777E-003
   11.9296187683284       2.346878632014211E-003
   11.9472140762463       2.280272826837656E-003
   11.9648093841642       2.194909846874987E-003
   11.9824046920821       2.127527317857825E-003
   12.0000000000000       2.044196729659593E-003
   12.0175953079179       1.980575891035969E-003
   12.0351906158358       1.901576037297488E-003
   12.0527859237537       1.841267770224285E-003
   12.0703812316716       1.765461137475045E-003
   12.0879765395894       1.708118061572028E-003
   12.1055718475073       1.636011092725707E-003
   12.1231671554252       1.582896893248661E-003
   12.1407624633431       1.516499369386221E-003
   12.1583577712610       1.470370687918757E-003
   12.1759530791789       1.413250568724492E-003
   12.1935483870968       1.378573998473208E-003
   12.2111436950147       1.336310346318355E-003
   12.2287390029326       1.318588516061764E-003
   12.2463343108504       1.293609879772983E-003
   12.2639296187683       1.291411669783905E-003
   12.2815249266862       1.280630022219807E-003
   12.2991202346041       1.290701877195323E-003
   12.3167155425220       1.291006026805180E-003
   12.3343108504399       1.310504392523156E-003
   12.3519061583578       1.319451991341383E-003
   12.3695014662757       1.346452555987843E-003
   12.3870967741935       1.362817016164254E-003
   12.4046920821114       1.397114798354070E-003
   12.4222873900293       1.421848267113973E-003
   12.4398826979472       1.463882767167799E-003
   12.4574780058651       1.494616596299355E-003
   12.4750733137830       1.539514726094722E-003
   12.4926686217009       1.570487975726393E-003
   12.5102639296188       1.612242233972574E-003
   12.5278592375367       1.637452855696985E-003
   12.5454545454545       1.670269559341226E-003
   12.5630498533724       1.684344756112161E-003
   12.5806451612903       1.703552485877179E-003
   12.5982404692082       1.702984688817151E-003
   12.6158357771261       1.707665083390105E-003
   12.6334310850440       1.696479454617926E-003
   12.6510263929619       1.694163136880700E-003
   12.6686217008798       1.678715730133827E-003
   12.6862170087977       1.672937311348017E-003
   12.7038123167155       1.654779082558309E-003
   12.7214076246334       1.645628222158179E-003
   12.7390029325513       1.623662756295153E-003
   12.7565982404692       1.608999409426228E-003
   12.7741935483871       1.580166306724206E-003
   12.7917888563050       1.556071630356789E-003
   12.8093841642229       1.515752573576527E-003
   12.8269794721408       1.478709516021030E-003
   12.8445747800587       1.427652800348715E-003
   12.8621700879765       1.382475124203394E-003
   12.8797653958944       1.326399260434498E-003
   12.8973607038123       1.278102794342134E-003
   12.9149560117302       1.221264835340748E-003
   12.9325513196481       1.173305569694515E-003
   12.9501466275660       1.118320532019758E-003
   12.9677419354839       1.072375982643830E-003
   12.9853372434018       1.019850637270181E-003
   13.0029325513196       9.751165991308617E-004
   13.0205278592375       9.223277180080974E-004
   13.0381231671554       8.749569861882069E-004
   13.0557184750733       8.194694791709508E-004
   13.0733137829912       7.693175270203661E-004
   13.0909090909091       7.121544007621296E-004
   13.1085043988270       6.606594422857314E-004
   13.1260997067449       6.034419152992916E-004
   13.1436950146628       5.522251353300698E-004
   13.1612903225806       4.964666369648994E-004
   13.1788856304985       4.467838933959094E-004
   13.1964809384164       3.933332208236395E-004
   13.2140762463343       3.453010226995315E-004
   13.2316715542522       2.937938780269668E-004
   13.2492668621701       2.479851536873625E-004
   13.2668621700880       2.007377331073414E-004
   13.2844574780059       1.605110853486124E-004
   13.3020527859238       1.212722521223026E-004
   13.3196480938416       9.052120027813817E-005
   13.3372434017595       6.320236707429257E-005
   13.3548387096774       4.571806444766857E-005
   13.3724340175953       3.385365185542955E-005
   13.3900293255132       3.270371886336682E-005
   13.4076246334311       3.839216903854744E-005
   13.4252199413490       5.279333316890200E-005
   13.4428152492669       7.068655474781364E-005
   13.4604105571848       9.279989275793576E-005
   13.4780058651026       1.158859859106266E-004
   13.4956011730205       1.401691809195559E-004
   13.5131964809384       1.639428313202568E-004
   13.5307917888563       1.867422759951213E-004
   13.5483870967742       2.083152349713108E-004
   13.5659824046921       2.274547081381617E-004
   13.5835777126100       2.453826161054760E-004
   13.6011730205279       2.602254142725211E-004
   13.6187683284457       2.750781600097423E-004
   13.6363636363636       2.877936840733004E-004
   13.6539589442815       3.026370079390725E-004
   13.6715542521994       3.159914695671352E-004
   13.6891495601173       3.331057084536330E-004
   13.7067448680352       3.491013632743740E-004
   13.7243401759531       3.702968895612764E-004
   13.7419354838710       3.905396452263833E-004
   13.7595307917889       4.171865604671434E-004
   13.7771260997067       4.426708371835851E-004
   13.7947214076246       4.751740800834807E-004
   13.8123167155425       5.045774908429552E-004
   13.8299120234604       5.350693051031628E-004
   13.8475073313783       5.504281579210632E-004
   13.8651026392962       5.559741361052312E-004
   13.8826979472141       5.357484249702029E-004
   13.9002932551320       4.974644341498160E-004
   13.9178885630499       4.250743812878281E-004
   13.9354838709677       3.287325115305100E-004
   13.9530791788856       1.925095000229537E-004
   13.9706744868035       2.949493767867573E-005
   13.9882697947214      -1.752887354864880E-004
   14.0058651026393      -4.033905490674785E-004
   14.0234604105572      -6.600118346894526E-004
   14.0410557184751      -9.131116506611363E-004
   14.0586510263930      -1.169117108282455E-003
   14.0762463343109      -1.400277576164981E-003
   14.0938416422287      -1.617742241638971E-003
   14.1114369501466      -1.795431038530846E-003
   14.1290322580645      -1.948373377733448E-003
   14.1466275659824      -2.051843181484440E-003
   14.1642228739003      -2.124935034959879E-003
   14.1818181818182      -2.144997370649480E-003
   14.1994134897361      -2.136928400952133E-003
   14.2170087976540      -2.086448263973472E-003
   14.2346041055718      -2.033183931702299E-003
   14.2521994134897      -1.962501342746823E-003
   14.2697947214076      -1.908415574665733E-003
   14.2873900293255      -1.850466455157924E-003
   14.3049853372434      -1.820856111400339E-003
   14.3225806451613      -1.795193544878368E-003
   14.3401759530792      -1.804689230069931E-003
   14.3577712609971      -1.821249953701043E-003
   14.3753665689150      -1.874925067860662E-003
   14.3929618768328      -1.933222505849387E-003
   14.4105571847507      -2.022197335560736E-003
   14.4281524926686      -2.098281832400834E-003
   14.4457478005865      -2.184610859231406E-003
   14.4633431085044      -2.240064718035472E-003
   14.4809384164223      -2.293274708420243E-003
   14.4985337243402      -2.303878653630464E-003
   14.5161290322581      -2.303870219003962E-003
   14.5337243401760      -2.252937006018706E-003
   14.5513196480938      -2.186141467094953E-003
   14.5689149560117      -2.063204982601706E-003
   14.5865102639296      -1.922583444193706E-003
   14.6041055718475      -1.725121123378015E-003
   14.6217008797654      -1.516869895627505E-003
   14.6392961876833      -1.263945007033149E-003
   14.6568914956012      -1.014233044575948E-003
   14.6744868035191      -7.293520931141466E-004
   14.6920821114370      -4.572633701376644E-004
   14.7096774193548      -1.567725173526795E-004
   14.7272727272727       1.233776689483056E-004
   14.7448680351906       4.268029841804379E-004
   14.7624633431085       7.037489189522041E-004
   14.7800586510264       1.000132599883839E-003
   14.7976539589443       1.265105546512278E-003
   14.8152492668622       1.546789137832637E-003
   14.8328445747801       1.792223766325685E-003
   14.8504398826979       2.050435370491176E-003
   14.8680351906158       2.266728467853270E-003
   14.8856304985337       2.492289369435297E-003
   14.9032258064516       2.671148370300761E-003
   14.9208211143695       2.856796153237399E-003
   14.9384164222874       2.992105207925472E-003
   14.9560117302053       3.133074208329749E-003
   14.9736070381232       3.221693112954064E-003
   14.9912023460411       3.316948735423152E-003
   15.0087976539589       3.361270474796113E-003
   15.0263929618768       3.419745147421382E-003
   15.0439882697947       3.435129441452129E-003
   15.0615835777126       3.472418677373008E-003
   15.0791788856305       3.470350364040703E-003
   15.0967741935484       3.494684627544075E-003
   15.1143695014663       3.481367122370825E-003
   15.1319648093842       3.497408226519029E-003
   15.1495601173021       3.476235965643766E-003
   15.1671554252199       3.486322231585128E-003
   15.1847507331378       3.458691144625925E-003
   15.2023460410557       3.463425538094845E-003
   15.2199413489736       3.429766181296088E-003
   15.2375366568915       3.431342393427502E-003
   15.2551319648094       3.396447050629569E-003
   15.2727272727273       3.400465949471740E-003
   15.2903225806452       3.369171496763390E-003
   15.3079178885631       3.379561003460843E-003
   15.3255131964809       3.354838934874959E-003
   15.3431085043988       3.373587110255044E-003
   15.3607038123167       3.356309649022505E-003
   15.3782991202346       3.383008343075639E-003
   15.3958944281525       3.371117626513591E-003
   15.4134897360704       3.401048017481149E-003
   15.4310850439883       3.385895302841962E-003
   15.4486803519062       3.408612033559847E-003
   15.4662756598240       3.381790423102607E-003
   15.4838709677419       3.391675898995584E-003
   15.5014662756598       3.349181758651622E-003
   15.5190615835777       3.343289375531478E-003
   15.5366568914956       3.282939115114405E-003
   15.5542521994135       3.259735205049681E-003
   15.5718475073314       3.180497025627459E-003
   15.5894428152493       3.139418018926759E-003
   15.6070381231672       3.041059888227228E-003
   15.6246334310850       2.981721311546193E-003
   15.6422287390029       2.862736397593601E-003
   15.6598240469208       2.782612766432805E-003
   15.6774193548387       2.640459401661306E-003
   15.6950146627566       2.537593537288345E-003
   15.7126099706745       2.370886677652414E-003
   15.7302052785924       2.244569001123741E-003
   15.7478005865103       2.053330628785644E-003
   15.7653958944282       1.904533051520282E-003
   15.7829912023460       1.690951206021949E-003
   15.8005865102639       1.523791335214021E-003
   15.8181818181818       1.296921671387035E-003
   15.8357771260997       1.131937061212174E-003
   15.8533724340176       9.231161752983077E-004
   15.8709677419355       7.926992846859548E-004
   15.8885630498534       6.302140211180134E-004
   15.9061583577713       5.591281746102293E-004
   15.9237536656892       4.645835453109272E-004
   15.9413489736070       4.713622458089641E-004
   15.9589442815249       4.599068749924469E-004
   15.9765395894428       5.557302209452175E-004
   15.9941348973607       6.333459807355696E-004
   16.0117302052786       8.146909739122726E-004
   16.0293255131965       9.558413235844041E-004
   16.0469208211144       1.172093448866280E-003
   16.0645161290323       1.319948883134568E-003
   16.0821114369501       1.523421680671659E-003
   16.0997067448680       1.639264979143860E-003
   16.1173020527859       1.797865632758866E-003
   16.1348973607038       1.855393560880806E-003
   16.1524926686217       1.948478425621771E-003
   16.1700879765396       1.932875740484733E-003
   16.1876832844575       1.952348263373586E-003
   16.2052785923754       1.864658581889399E-003
   16.2228739002933       1.827327472853796E-003
   16.2404692082111       1.701156132951624E-003
   16.2580645161290       1.642846944412574E-003
   16.2756598240469       1.503540511734881E-003
   16.2932551319648       1.441028426612835E-003
   16.3108504398827       1.300502498220089E-003
   16.3284457478006       1.242342134648503E-003
   16.3460410557185       1.106599528060620E-003
   16.3636363636364       1.056961657833687E-003
   16.3812316715543       9.288167955814517E-004
   16.3988269794721       8.900079471380198E-004
   16.4164222873900       7.739416840707352E-004
   16.4340175953079       7.607646560630381E-004
   16.4516129032258       6.843068356337150E-004
   16.4692082111437       7.273109810426314E-004
   16.4868035190616       7.163282891853056E-004
   16.5043988269795       8.364387487220067E-004
   16.5219941348974       9.070917205545393E-004
   16.5395894428153       1.115744134915212E-003
   16.5571847507331       1.274110414570245E-003
   16.5747800586510       1.571217330014047E-003
   16.5923753665689       1.809175591815683E-003
   16.6099706744868       2.173291941853185E-003
   16.6275659824047       2.443426621127673E-003
   16.6451612903226       2.802855745931056E-003
   16.6627565982405       3.034042822413804E-003
   16.6803519061584       3.334568307001328E-003
   16.6979472140762       3.486069005483053E-003
   16.7155425219941       3.696450176147777E-003
   16.7331378299120       3.744951365101851E-003
   16.7507331378299       3.849559872208785E-003
   16.7683284457478       3.786998242357560E-003
   16.7859237536657       3.786556651357527E-003
   16.8035190615836       3.625011994938477E-003
   16.8211143695015       3.552194928881747E-003
   16.8387096774194       3.349885242876350E-003
   16.8563049853372       3.271084048867358E-003
   16.8739002932551       3.081391759694575E-003
   16.8914956011730       3.036980841730177E-003
   16.9090909090909       2.891943515862406E-003
   16.9266862170088       2.907828546836667E-003
   16.9442815249267       2.827669530215182E-003
   16.9618768328446       2.919136597306269E-003
   16.9794721407625       2.913526850277055E-003
   16.9970674486804       3.084368441076726E-003
   17.0146627565982       3.147504529100268E-003
   17.0322580645161       3.378616889416325E-003
   17.0498533724340       3.483243619886285E-003
   17.0674486803519       3.751701139570665E-003
   17.0850439882698       3.881256444390899E-003
   17.1026392961877       4.174631533346628E-003
   17.1202346041056       4.318415736504357E-003
   17.1378299120235       4.627711946985279E-003
   17.1554252199413       4.776990232356509E-003
   17.1730205278592       5.094027194718184E-003
   17.1906158357771       5.239509738854391E-003
   17.2082111436950       5.553086774632130E-003
   17.2258064516129       5.674659140913779E-003
   17.2434017595308       5.952887196119248E-003
   17.2609970674487       6.013406903609086E-003
   17.2785923753666       6.224993718927997E-003
   17.2961876832845       6.198961855816591E-003
   17.3137829912023       6.324386772562002E-003
   17.3313782991202       6.196362148813588E-003
   17.3489736070381       6.226107189136452E-003
   17.3665689149560       5.991104166061400E-003
   17.3841642228739       5.927818874513038E-003
   17.4017595307918       5.596443796982253E-003
   17.4193548387097       5.469093184393801E-003
   17.4369501466276       5.093536682328743E-003
   17.4545454545455       4.966319312439906E-003
   17.4721407624633       4.598405130107372E-003
   17.4897360703812       4.511595531161356E-003
   17.5073313782991       4.181135866325339E-003
   17.5249266862170       4.159993802011866E-003
   17.5425219941349       3.884116398259380E-003
   17.5601173020528       3.942827562337066E-003
   17.5777126099707       3.727044604182638E-003
   17.5953079178886       3.867736608665735E-003
   17.6129032258065       3.700337405482102E-003
   17.6304985337243       3.898086274549314E-003
   17.6480938416422       3.735432794018255E-003
   17.6656891495601       3.952914910571142E-003
   17.6832844574780       3.759559828801843E-003
   17.7008797653959       3.973870054656803E-003
   17.7184750733138       3.722162492312282E-003
   17.7360703812317       3.917852659306595E-003
   17.7536656891496       3.583123559160500E-003
   17.7712609970675       3.751003897345655E-003
   17.7888563049853       3.309512721670676E-003
   17.8064516129032       3.448623014482213E-003
   17.8240469208211       2.881129290248037E-003
   17.8416422287390       3.013814205808343E-003
   17.8592375366569       2.304004834424720E-003
   17.8768328445748       2.459083278689337E-003
   17.8944281524927       1.547174794027302E-003
   17.9120234604106       1.750486417140922E-003
   17.9296187683284       4.740306406773222E-004
   17.9472140762463       7.553210766404555E-004
   17.9648093841642      -1.416349605361432E-003
   17.9824046920821      -1.007564330245434E-003
   18.0000000000000      -7.937710931411546E-003
