  0.000000000000000E+000 -1.574643635615324E-002
  1.759530791788856E-002 -8.406413155264738E-003
  3.519061583577713E-002 -8.453949590862441E-003
  5.278592375366570E-002 -6.087516739583075E-003
  7.038123167155426E-002 -6.179133810076152E-003
  8.797653958944282E-002 -4.826585396476117E-003
  0.105571847507331      -4.946954835410076E-003
  0.123167155425220      -4.039157126318913E-003
  0.140762463343109      -4.181866784202955E-003
  0.158357771260997      -3.527238568854043E-003
  0.175953079178886      -3.687606831367863E-003
  0.193548387096774      -3.196550991238764E-003
  0.211143695014663      -3.368548240476842E-003
  0.228739002932551      -2.987076444963889E-003
  0.246334310850440      -3.161057047751189E-003
  0.263929618768328      -2.853895408207706E-003
  0.281524926686217      -3.024621049142692E-003
  0.299120234604106      -2.770670176705594E-003
  0.316715542521994      -2.936062583075019E-003
  0.334310850439883      -2.722296984289933E-003
  0.351906158357771      -2.882549596483862E-003
  0.369501466275660      -2.701672772265568E-003
  0.387096774193548      -2.859462668782022E-003
  0.404692082111437      -2.709605908891636E-003
  0.422287390029326      -2.872235225603781E-003
  0.439882697947214      -2.757582215428594E-003
  0.457478005865103      -2.932088101465293E-003
  0.475073313782991      -2.852230204072838E-003
  0.492668621700880      -3.039622529408541E-003
  0.510263929618768      -2.991133108088899E-003
  0.527859237536657      -3.189797985200383E-003
  0.545454545454546      -3.167575253160149E-003
  0.563049853372434      -3.373761005259942E-003
  0.580645161290323      -3.370903866120922E-003
  0.598240469208211      -3.578249047137657E-003
  0.615835777126100      -3.584515853152789E-003
  0.633431085043988      -3.782014570197725E-003
  0.651026392961877      -3.785362401955132E-003
  0.668621700879765      -3.965244848829375E-003
  0.686217008797654      -3.959136741655820E-003
  0.703812316715543      -4.117354938073661E-003
  0.721407624633431      -4.097696418375001E-003
  0.739002932551320      -4.231934272278312E-003
  0.756598240469208      -4.196272583821318E-003
  0.774193548387097      -4.305643551390914E-003
  0.791788856304985      -4.253121763666146E-003
  0.809384164222874      -4.338572278640658E-003
  0.826979472140763      -4.271245397230523E-003
  0.844574780058651      -4.337092122171272E-003
  0.862170087976540      -4.258792432595142E-003
  0.879765395894428      -4.308554824929658E-003
  0.897360703812317      -4.221641730468940E-003
  0.914956011730205      -4.257797177199233E-003
  0.932551319648094      -4.164011686583468E-003
  0.950146627565982      -4.188504981101650E-003
  0.967741935483871      -4.089173680256657E-003
  0.985337243401760      -4.103501535017578E-003
   1.00293255131965      -3.999488467655996E-003
   1.02052785923754      -4.004292948764960E-003
   1.03812316715543      -3.894839091804262E-003
   1.05571847507331      -3.888793253242740E-003
   1.07331378299120      -3.772224949479016E-003
   1.09090909090909      -3.754218425211171E-003
   1.10850439882698      -3.629368585810656E-003
   1.12609970674487      -3.598662084468109E-003
   1.14369501466276      -3.464707127057566E-003
   1.16129032258065      -3.420867609394034E-003
   1.17888563049853      -3.277328565423107E-003
   1.19648093841642      -3.220299314902007E-003
   1.21407624633431      -3.067316421416478E-003
   1.23167155425220      -2.998504649793830E-003
   1.24926686217009      -2.838730396918753E-003
   1.26686217008798      -2.761616765874973E-003
   1.28445747800587      -2.598258902296160E-003
   1.30205278592375      -2.516031913922394E-003
   1.31964809384164      -2.352007036147604E-003
   1.33724340175953      -2.267647437206491E-003
   1.35483870967742      -2.105724166067875E-003
   1.37243401759531      -2.022084264235378E-003
   1.39002932551320      -1.864936135457508E-003
   1.40762463343109      -1.784773068019982E-003
   1.42521994134897      -1.634650488584196E-003
   1.44281524926686      -1.559210165680510E-003
   1.46041055718475      -1.416015889213371E-003
   1.47800586510264      -1.344793995962553E-003
   1.49560117302053      -1.207835658907115E-003
   1.51319648093842      -1.140189630648586E-003
   1.53079178885631      -1.008669969070069E-003
   1.54838709677419      -9.438383908633566E-004
   1.56598240469208      -8.168326357302087E-004
   1.58357771260997      -7.538909885700755E-004
   1.60117302052786      -6.302548947436068E-004
   1.61876832844575      -5.679970668591419E-004
   1.63636363636364      -4.466983766293777E-004
   1.65395894428153      -3.850472332879424E-004
   1.67155425219941      -2.667496781888654E-004
   1.68914956011730      -2.068213894936646E-004
   1.70674486803519      -9.278329700275312E-005
   1.72434017595308      -3.609505284674941E-005
   1.74193548387097       7.204617964379723E-005
   1.75953079178886       1.235871528569792E-004
   1.77712609970675       2.237428343907191E-004
   1.79472140762463       2.676659658509677E-004
   1.81231671554252       3.568941216396901E-004
   1.82991202346041       3.897055292142650E-004
   1.84750733137830       4.650397905812608E-004
   1.86510263929619       4.850191963552429E-004
   1.88269794721408       5.458246395835097E-004
   1.90029325513196       5.528449741684610E-004
   1.91788856304985       5.994556829953477E-004
   1.93548387096774       5.941661681870368E-004
   1.95307917888563       6.276336341671514E-004
   1.97067448680352       6.114111541751967E-004
   1.98826979472141       6.335855321384138E-004
   2.00586510263930       6.088351055206867E-004
   2.02346041055718       6.230544428895455E-004
   2.04105571847507       5.936174173468182E-004
   2.05865102639296       6.032011190446777E-004
   2.07624633431085       5.713385679505769E-004
   2.09384164222874       5.779545515047334E-004
   2.11143695014663       5.449238613253534E-004
   2.12903225806452       5.495738356500256E-004
   2.14662756598241       5.160873135711928E-004
   2.16422287390029       5.192803393648110E-004
   2.18181818181818       4.855616880666445E-004
   2.19941348973607       4.872605145014302E-004
   2.21700879765396       4.528012039400803E-004
   2.23460410557185       4.521031529693027E-004
   2.25219941348974       4.160711052706175E-004
   2.26979472140762       4.127097487403711E-004
   2.28739002932551       3.752170108020814E-004
   2.30498533724340       3.695608356236295E-004
   2.32258064516129       3.311122054981577E-004
   2.34017595307918       3.238372974490725E-004
   2.35777126099707       2.852147588583752E-004
   2.37536656891496       2.772718824397586E-004
   2.39296187683284       2.395592629225229E-004
   2.41055718475073       2.322895440929263E-004
   2.42815249266862       1.970098198002434E-004
   2.44574780058651       1.918016143936983E-004
   2.46334310850440       1.598267048068744E-004
   2.48093841642229       1.571988624830160E-004
   2.49853372434018       1.288535671997609E-004
   2.51612903225806       1.290556050282023E-004
   2.53372434017595       1.044911372845435E-004
   2.55131964809384       1.076400796850107E-004
   2.56891495601173       8.690448235493992E-005
   2.58651026392962       9.303578761330888E-005
   2.60410557184751       7.612252099961212E-005
   2.62170087976540       8.527700567313528E-005
   2.63929618768328       7.228015483553067E-005
   2.65689149560117       8.459762837998183E-005
   2.67448680351906       7.556047118083055E-005
   2.69208211143695       9.100346672709787E-005
   2.70967741935484       8.577813383585774E-005
   2.72727272727273       1.041286344150676E-004
   2.74486803519062       1.023811603950486E-004
   2.76246334310850       1.232155824731854E-004
   2.78005865102639       1.243688405799809E-004
   2.79765395894428       1.469472165101836E-004
   2.81524926686217       1.499081612972642E-004
   2.83284457478006       1.726255072381400E-004
   2.85043988269795       1.755063929556907E-004
   2.86803519061584       1.967568642474673E-004
   2.88563049853372       1.983154749767396E-004
   2.90322580645161       2.171316808721020E-004
   2.92082111436950       2.165813263037315E-004
   2.93841642228739       2.323700526257018E-004
   2.95601173020528       2.292751372454257E-004
   2.97360703812317       2.418041937512849E-004
   2.99120234604106       2.361363395790626E-004
   3.00879765395894       2.457274386361130E-004
   3.02639296187683       2.383667058815081E-004
   3.04398826979472       2.463984619401357E-004
   3.06158357771261       2.386089179725725E-004
   3.07917888563050       2.459292002053191E-004
   3.09677419354839       2.382240658913144E-004
   3.11436950146628       2.451505049724930E-004
   3.13196480938416       2.376562514048481E-004
   3.14956011730205       2.441671263428833E-004
   3.16715542521994       2.366845921969013E-004
   3.18475073313783       2.424133097897011E-004
   3.20234604105572       2.343267240816754E-004
   3.21994134897361       2.382924149326322E-004
   3.23753665689150       2.282241419359872E-004
   3.25513196480938       2.291010759084377E-004
   3.27272727272727       2.160961316840068E-004
   3.29032258064516       2.132444021843237E-004
   3.30791788856305       1.968276655226868E-004
   3.32551319648094       1.899218045862710E-004
   3.34310850439883       1.698731952165032E-004
   3.36070381231672       1.588173011665182E-004
   3.37829912023460       1.351452439304849E-004
   3.39589442815249       1.200931909955854E-004
   3.41348973607038       9.314395695336369E-005
   3.43108504398827       7.476914711228561E-005
   3.44868035190616       4.540930785758946E-005
   3.46627565982405       2.450919521993428E-005
   3.48387096774194      -6.645611067034984E-006
   3.50146627565982      -2.955084771170896E-005
   3.51906158357771      -6.205811402556106E-005
   3.53665689149560      -8.656502561286183E-005
   3.55425219941349      -1.200721222138066E-004
   3.57184750733138      -1.458506292194030E-004
   3.58944281524927      -1.800665157599255E-004
   3.60703812316716      -2.068379276546465E-004
   3.62463343108504      -2.414874379548785E-004
   3.64222873900293      -2.689077435053223E-004
   3.65982404692082      -3.036012420072433E-004
   3.67741935483871      -3.312726143025488E-004
   3.69501466275660      -3.656541332576659E-004
   3.71260997067449      -3.932435884770363E-004
   3.73020527859238      -4.270243909767379E-004
   3.74780058651026      -4.542715765267933E-004
   3.76539589442815      -4.872448691918848E-004
   3.78299120234604      -5.139886333585450E-004
   3.80058651026393      -5.460808156452669E-004
   3.81818181818182      -5.723784904763378E-004
   3.83577712609971      -6.038204169200541E-004
   3.85337243401760      -6.298905942613126E-004
   3.87096774193548      -6.607373558391178E-004
   3.88856304985337      -6.864716447623618E-004
   3.90615835777126      -7.165245309111593E-004
   3.92375366568915      -7.416337611563132E-004
   3.94134897360704      -7.705361251713524E-004
   3.95894428152493      -7.945763098668228E-004
   3.97653958944282      -8.218027320207596E-004
   3.99413489736070      -8.441270668791525E-004
   4.01173020527859      -8.688496876028358E-004
   4.02932551319648      -8.883435563832628E-004
   4.04692082111437      -9.093573300744847E-004
   4.06451612903226      -9.250379183104888E-004
   4.08211143695015      -9.416629260472826E-004
   4.09970674486804      -9.530329825955288E-004
   4.11730205278592      -9.649193728043110E-004
   4.13489736070381      -9.717457326787192E-004
   4.15249266862170      -9.787898095178244E-004
   4.17008797653959      -9.810897203915566E-004
   4.18768328445748      -9.834650092377625E-004
   4.20527859237537      -9.816125434641313E-004
   4.22287390029326      -9.800666523791591E-004
   4.24046920821114      -9.752033338642181E-004
   4.25806451612903      -9.709435848483823E-004
   4.27565982404692      -9.640215772489978E-004
   4.29325513196481      -9.577953018706520E-004
   4.31085043988270      -9.494304296570721E-004
   4.32844574780059      -9.417674002659685E-004
   4.34604105571848      -9.324073246180773E-004
   4.36363636363636      -9.236970276198670E-004
   4.38123167155425      -9.136636526541244E-004
   4.39882697947214      -9.041743191597698E-004
   4.41642228739003      -8.936503772772595E-004
   4.43401759530792      -8.834589740095685E-004
   4.45161290322581      -8.724244058395468E-004
   4.46920821114370      -8.615029873038412E-004
   4.48680351906158      -8.499370314989610E-004
   4.50439882697947      -8.382761490311368E-004
   4.52199413489736      -8.261609054917236E-004
   4.53958944281525      -8.137452594553390E-004
   4.55718475073314      -8.010533419691605E-004
   4.57478005865103      -7.878560940511046E-004
   4.59237536656892      -7.745473352262474E-004
   4.60997067448680      -7.605299444780408E-004
   4.62756598240469      -7.466097246420271E-004
   4.64516129032258      -7.319351445706068E-004
   4.66275659824047      -7.177094545003762E-004
   4.68035190615836      -7.027449985647608E-004
   4.69794721407625      -6.885819434597768E-004
   4.71554252199414      -6.737086854743878E-004
   4.73313782991202      -6.599922740487954E-004
   4.75073313782991      -6.456141019468922E-004
   4.76832844574780      -6.327625070490952E-004
   4.78592375366569      -6.193362046531829E-004
   4.80351906158358      -6.078608741144310E-004
   4.82111436950147      -5.960272346224002E-004
   4.83870967741935      -5.866713481335904E-004
   4.85630498533724      -5.770969597040783E-004
   4.87390029325513      -5.703064720556364E-004
   4.89149560117302      -5.632733669301270E-004
   4.90909090909091      -5.592041768485218E-004
   4.92668621700880      -5.547666097173813E-004
   4.94428152492669      -5.533623928602054E-004
   4.96187683284458      -5.513601283015196E-004
   4.97947214076246      -5.523299973130758E-004
   4.99706744868035      -5.523229838754572E-004
   5.01466275659824      -5.549741377309256E-004
   5.03225806451613      -5.559607613282956E-004
   5.04985337243402      -5.592163216189733E-004
   5.06744868035191      -5.603720001355123E-004
   5.08504398826980      -5.636507018713251E-004
   5.10263929618768      -5.645367614071190E-004
   5.12023460410557      -5.674837681032714E-004
   5.13782991202346      -5.678193063639568E-004
   5.15542521994135      -5.702056769729687E-004
   5.17302052785924      -5.698187363913960E-004
   5.19061583577713      -5.715183060586112E-004
   5.20821114369502      -5.703523401274672E-004
   5.22580645161290      -5.714177109677173E-004
   5.24340175953079      -5.696628198969714E-004
   5.26099706744868      -5.703195583367218E-004
   5.27859237536657      -5.681568436125691E-004
   5.29618768328446      -5.685267041421680E-004
   5.31378299120235      -5.660421035872479E-004
   5.33137829912024      -5.661665445699249E-004
   5.34897360703812      -5.633642980730262E-004
   5.36656891495601      -5.631936723040089E-004
   5.38416422287390      -5.599669676033441E-004
   5.40175953079179      -5.592990417665271E-004
   5.41935483870968      -5.552751703815207E-004
   5.43695014662757      -5.534872997400112E-004
   5.45454545454546      -5.479592849772330E-004
   5.47214076246334      -5.444671517585301E-004
   5.48973607038123      -5.369971211217492E-004
   5.50733137829912      -5.314442670913212E-004
   5.52492668621701      -5.217430028165828E-004
   5.54252199413490      -5.138837487334009E-004
   5.56011730205279      -5.017493833236339E-004
   5.57771260997067      -4.914081368302912E-004
   5.59530791788856      -4.766924704684676E-004
   5.61290322580645      -4.637243743544408E-004
   5.63049853372434      -4.462863388897273E-004
   5.64809384164223      -4.305805626096493E-004
   5.66568914956012      -4.103911974264898E-004
   5.68328445747801      -3.919880708779487E-004
   5.70087976539589      -3.691462363012997E-004
   5.71847507331378      -3.481864566606046E-004
   5.73607038123167      -3.228803789348467E-004
   5.75366568914956      -2.995900159287485E-004
   5.77126099706745      -2.720926078399436E-004
   5.78885630498534      -2.467853247278988E-004
   5.80645161290323      -2.174674340853930E-004
   5.82404692082111      -1.905557665922026E-004
   5.84164222873900      -1.598123541608348E-004
   5.85923753665689      -1.316013695338500E-004
   5.87683284457478      -9.968304583811904E-005
   5.89442815249267      -7.041133097802033E-005
   5.91202346041056      -3.756760205552334E-005
   5.92961876832845      -7.491923737292460E-006
   5.94721407624634       2.600247432215386E-005
   5.96480938416422       5.659549998303581E-005
   5.98240469208211       9.043308423039431E-005
   6.00000000000000       1.212222488881414E-004
   6.01759530791789       1.550735212347205E-004
   6.03519061583578       1.857877959624160E-004
   6.05278592375367       2.194715384729221E-004
   6.07038123167156       2.499698633304337E-004
   6.08797653958944       2.833166802418995E-004
   6.10557184750733       3.133964223972676E-004
   6.12316715542522       3.461606720518922E-004
   6.14076246334311       3.755360088497660E-004
   6.15835777126100       4.073785583162501E-004
   6.17595307917889       4.356538080364319E-004
   6.19354838709677       4.660996632475548E-004
   6.21114369501466       4.926833362364997E-004
   6.22873900293255       5.209832889228205E-004
   6.24633431085044       5.451005082837542E-004
   6.26392961876833       5.706270870670329E-004
   6.28152492668622       5.918112198035534E-004
   6.29912023460411       6.141746952054336E-004
   6.31671554252199       6.320836302957335E-004
   6.33431085043988       6.509684212817311E-004
   6.35190615835777       6.653095008966521E-004
   6.36950146627566       6.804318206361844E-004
   6.38709677419355       6.909294875521514E-004
   6.40469208211144       7.020065559472970E-004
   6.42228739002933       7.084035600885203E-004
   6.43988269794721       7.153153658948766E-004
   6.45747800586510       7.177103632787093E-004
   6.47507331378299       7.206786244884860E-004
   6.49266862170088       7.193267189879132E-004
   6.51026392961877       7.186139681875556E-004
   6.52785923753666       7.137854460800219E-004
   6.54545454545455       7.096587942557079E-004
   6.56304985337243       7.016187824948384E-004
   6.58064516129032       6.943293826724253E-004
   6.59824046920821       6.833118885039569E-004
   6.61583577712610       6.730528251651993E-004
   6.63343108504399       6.592241037583459E-004
   6.65102639296188       6.462010670851782E-004
   6.66862170087977       6.298552333213177E-004
   6.68621700879765       6.144154451766867E-004
   6.70381231671554       5.959279069490929E-004
   6.72140762463343       5.784582210263849E-004
   6.73900293255132       5.582251801214658E-004
   6.75659824046921       5.391197269424610E-004
   6.77419354838710       5.175310591801889E-004
   6.79178885630499       4.971612706443249E-004
   6.80938416422287       4.745521845844389E-004
   6.82697947214076       4.531583867880036E-004
   6.84457478005865       4.296702672671175E-004
   6.86217008797654       4.073805174323728E-004
   6.87976539589443       3.832020648134588E-004
   6.89736070381232       3.602512003952136E-004
   6.91495601173021       3.356476741021610E-004
   6.93255131964809       3.123167117032822E-004
   6.95014662756598       2.875804448650452E-004
   6.96774193548387       2.641593652928043E-004
   6.98533724340176       2.395700258104339E-004
   7.00293255131965       2.162997667493359E-004
   7.02052785923754       1.919819300682392E-004
   7.03812316715543       1.687633261996960E-004
   7.05571847507331       1.444854979860194E-004
   7.07331378299120       1.211508425608672E-004
   7.09090909090909       9.686528341772848E-005
   7.10850439882698       7.345058972574802E-005
   7.12609970674487       4.926600905615041E-005
   7.14369501466276       2.593962571214142E-005
   7.16129032258065       2.083048011546296E-006
   7.17888563049853      -2.087666678777611E-005
   7.19648093841642      -4.407349338074684E-005
   7.21407624633431      -6.629747210177467E-005
   7.23167155425220      -8.852766541648732E-005
   7.24926686217009      -1.099002768094070E-004
   7.26686217008798      -1.311802322152279E-004
   7.28445747800587      -1.517216673552306E-004
   7.30205278592375      -1.720279641207331E-004
   7.31964809384164      -1.916725450196071E-004
   7.33724340175953      -2.108919817923572E-004
   7.35483870967742      -2.294800071307131E-004
   7.37243401759531      -2.473996126441238E-004
   7.39002932551320      -2.646629877743013E-004
   7.40762463343109      -2.809460372466374E-004
   7.42521994134897      -2.965381334491567E-004
   7.44281524926686      -3.109993072088743E-004
   7.46041055718475      -3.249730348807964E-004
   7.47800586510264      -3.377670566421146E-004
   7.49560117302053      -3.502683149140640E-004
   7.51319648093842      -3.615074617858223E-004
   7.53079178885631      -3.726086952597207E-004
   7.54838709677419      -3.823135566893149E-004
   7.56598240469208      -3.919759615373492E-004
   7.58357771260997      -4.000304702496628E-004
   7.60117302052786      -4.080356331386974E-004
   7.61876832844575      -4.140728775993849E-004
   7.63636363636364      -4.199850021272704E-004
   7.65395894428153      -4.237350377080914E-004
   7.67155425219941      -4.275282534910970E-004
   7.68914956011730      -4.290864783572379E-004
   7.70674486803519      -4.309024846090177E-004
   7.72434017595308      -4.304293950265102E-004
   7.74193548387097      -4.304324105821119E-004
   7.75953079178886      -4.280810384050728E-004
   7.77712609970675      -4.264001614468044E-004
   7.79472140762463      -4.222563418075230E-004
   7.81231671554252      -4.188999186751141E-004
   7.82991202346041      -4.129036122288890E-004
   7.84750733137830      -4.078945156806512E-004
   7.86510263929619      -4.002607642267387E-004
   7.88269794721408      -3.939470844238673E-004
   7.90029325513197      -3.850743874305817E-004
   7.91788856304985      -3.778766314922423E-004
   7.93548387096774      -3.681897227478207E-004
   7.95307917888563      -3.605237779205960E-004
   7.97067448680352      -3.504123196742299E-004
   7.98826979472141      -3.426223293157311E-004
   8.00586510263930      -3.323384391955221E-004
   8.02346041055718      -3.244741905469857E-004
   8.04105571847507      -3.138237755036308E-004
   8.05865102639296      -3.056525111614015E-004
   8.07624633431085      -2.945578176553731E-004
   8.09384164222874      -2.861417720974254E-004
   8.11143695014663      -2.747473309246723E-004
   8.12903225806452      -2.662905982828671E-004
   8.14662756598241      -2.548408647628995E-004
   8.16422287390029      -2.466146677690384E-004
   8.18181818181818      -2.353895810409367E-004
   8.19941348973607      -2.276591521243763E-004
   8.21700879765396      -2.168250165708555E-004
   8.23460410557185      -2.094800085031712E-004
   8.25219941348974      -1.986548378793715E-004
   8.26979472140763      -1.913023098676181E-004
   8.28739002932551      -1.802205585955769E-004
   8.30498533724340      -1.727009617895802E-004
   8.32258064516129      -1.612852894503862E-004
   8.34017595307918      -1.535897450191087E-004
   8.35777126099707      -1.418896637839365E-004
   8.37536656891496      -1.341159716126098E-004
   8.39296187683285      -1.222662750165723E-004
   8.41055718475073      -1.145541336361356E-004
   8.42815249266862      -1.025661264929139E-004
   8.44574780058651      -9.468090237808969E-005
   8.46334310850440      -8.220002275272542E-005
   8.48093841642229      -7.385912077233559E-005
   8.49853372434018      -6.071821008389539E-005
   8.51612903225807      -5.185373007480920E-005
   8.53372434017595      -3.807942368866451E-005
   8.55131964809384      -2.881063834666242E-005
   8.56891495601173      -1.461727564557391E-005
   8.58651026392962      -5.258798058784819E-006
   8.60410557184751       8.922317081613451E-006
   8.62170087976540       1.785999158485985E-005
   8.63929618768329       3.166507336228947E-005
   8.65689149560117       4.016070851496215E-005
   8.67448680351906       5.377656422631330E-005
   8.69208211143695       6.203245739160010E-005
   8.70967741935484       7.562599553971930E-005
   8.72727272727273       8.376078357487718E-005
   8.74486803519062       9.738930306507854E-005
   8.76246334310851       1.053889462040170E-004
   8.78005865102639       1.189503482192226E-004
   8.79765395894428       1.266029730482252E-004
   8.81524926686217       1.397287618088769E-004
   8.83284457478006       1.465599413827425E-004
   8.85043988269795       1.589000175460156E-004
   8.86803519061584       1.647964701932020E-004
   8.88563049853373       1.763592063617964E-004
   8.90322580645161       1.813556007809593E-004
   8.92082111436950       1.921675290259393E-004
   8.93841642228739       1.962632653135369E-004
   8.95601173020528       2.062775148128113E-004
   8.97360703812317       2.093602689972610E-004
   8.99120234604106       2.183711060868879E-004
   9.00879765395895       2.200823313938410E-004
   9.02639296187683       2.275324997312008E-004
   9.04398826979472       2.273003804022062E-004
   9.06158357771261       2.328726226903412E-004
   9.07917888563050       2.306394869549060E-004
   9.09677419354839       2.343934808555658E-004
   9.11436950146628       2.302720144283303E-004
   9.13196480938416       2.323432622625095E-004
   9.14956011730205       2.264702754643186E-004
   9.16715542521994       2.269729864548935E-004
   9.18475073313783       2.194147612242299E-004
   9.20234604105572       2.183171474516940E-004
   9.21994134897361       2.088541347345149E-004
   9.23753665689150       2.057768433772359E-004
   9.25513196480938       1.941653726368402E-004
   9.27272727272727       1.891785971928502E-004
   9.29032258064516       1.757089122133740E-004
   9.30791788856305       1.692258265875439E-004
   9.32551319648094       1.544024913040427E-004
   9.34310850439883       1.469936139313140E-004
   9.36070381231672       1.314405791072512E-004
   9.37829912023460       1.237650285809649E-004
   9.39589442815249       1.081634740475092E-004
   9.41348973607038       1.008799706988857E-004
   9.43108504398827       8.575460159051645E-005
   9.44868035190616       7.920351354193159E-005
   9.46627565982405       6.485063691413389E-005
   9.48387096774194       5.939832731531488E-005
   9.50146627565982       4.625915927696262E-005
   9.51906158357771       4.239928152287240E-005
   9.53665689149560       3.101220075602404E-005
   9.55425219941349       2.931530804641297E-005
   9.57184750733138       2.027694277877060E-005
   9.58944281524927       2.135113391945190E-005
   9.60703812316716       1.525921302421673E-005
   9.62463343108504       1.954406899076508E-005
   9.64222873900293       1.646595950231741E-005
   9.65982404692082       2.371215114750638E-005
   9.67741935483871       2.336177994394873E-005
   9.69501466275660       3.335540492859332E-005
   9.71260997067449       3.557664738457605E-005
   9.73020527859238       4.820297891077085E-005
   9.74780058651026       5.291501305917001E-005
   9.76539589442815       6.811226201556727E-005
   9.78299120234604       7.526115427181086E-005
   9.80058651026393       9.295388799768224E-005
   9.81818181818182       1.023298802033848E-004
   9.83577712609971       1.218881699869796E-004
   9.85337243401760       1.324065322757558E-004
   9.87096774193548       1.526501033896459E-004
   9.88856304985337       1.632632543847272E-004
   9.90615835777126       1.832607319588379E-004
   9.92375366568915       1.931339809773793E-004
   9.94134897360704       2.121269842464698E-004
   9.95894428152493       2.205705923226017E-004
   9.97653958944282       2.379183385184000E-004
   9.99413489736071       2.443257652467198E-004
   10.0117302052786       2.593871039610615E-004
   10.0293255131965       2.628815314624716E-004
   10.0469208211144       2.744409610024383E-004
   10.0645161290323       2.737403536215318E-004
   10.0821114369501       2.807065131532038E-004
   10.0997067448680       2.749384278089312E-004
   10.1173020527859       2.766227137299775E-004
   10.1348973607038       2.652800775565100E-004
   10.1524926686217       2.613525857237197E-004
   10.1700879765396       2.442963614185086E-004
   10.1876832844575       2.348217198111038E-004
   10.2052785923754       2.123726298385704E-004
   10.2228739002933       1.979283819195828E-004
   10.2404692082111       1.706492069851747E-004
   10.2580645161290       1.514279234819980E-004
   10.2756598240469       1.192145276316462E-004
   10.2932551319648       9.505842026015560E-005
   10.3108504398827       5.780047297219487E-005
   10.3284457478006       2.867659759669866E-005
   10.3460410557185      -1.354436615500920E-005
   10.3636363636364      -4.741612173278148E-005
   10.3812316715543      -9.419498708912566E-005
   10.3988269794721      -1.321668978317296E-004
   10.4164222873900      -1.824760876237329E-004
   10.4340175953079      -2.232055266861441E-004
   10.4516129032258      -2.758974064965501E-004
   10.4692082111437      -3.187534948451291E-004
   10.4868035190616      -3.735031647026399E-004
   10.5043988269795      -4.182646850844183E-004
   10.5219941348974      -4.748697865920542E-004
   10.5395894428153      -5.213066846558053E-004
   10.5571847507331      -5.794592231782516E-004
   10.5747800586510      -6.271373593858837E-004
   10.5923753665689      -6.862026127969816E-004
   10.6099706744868      -7.341201463810347E-004
   10.6275659824047      -7.924416794070475E-004
   10.6451612903226      -8.384802958339612E-004
   10.6627565982405      -8.941636574209078E-004
   10.6803519061584      -9.369410416681977E-004
   10.6979472140762      -9.889167506028605E-004
   10.7155425219941      -1.027529662608697E-003
   10.7331378299120      -1.074982792297040E-003
   10.7507331378299      -1.108649204973010E-003
   10.7683284457478      -1.150763350831623E-003
   10.7859237536657      -1.178559813392190E-003
   10.8035190615836      -1.214145413026040E-003
   10.8211143695015      -1.234222251584623E-003
   10.8387096774194      -1.260517498433327E-003
   10.8563049853372      -1.269935377528518E-003
   10.8739002932551      -1.284676818924098E-003
   10.8914956011730      -1.281856490893707E-003
   10.9090909090909      -1.283911373217800E-003
   10.9266862170088      -1.268081684604477E-003
   10.9442815249267      -1.256974158949410E-003
   10.9618768328446      -1.227925483196053E-003
   10.9794721407625      -1.203673200769957E-003
   10.9970674486804      -1.161629613570046E-003
   11.0146627565982      -1.124582689161987E-003
   11.0322580645161      -1.069781908920856E-003
   11.0498533724340      -1.019898510921377E-003
   11.0674486803519      -9.522620620882787E-004
   11.0850439882698      -8.896749149516225E-004
   11.1026392961877      -8.095883972380628E-004
   11.1202346041056      -7.349092719155037E-004
   11.1378299120235      -6.432080320621925E-004
   11.1554252199413      -5.574812748052160E-004
   11.1730205278592      -4.554192371829493E-004
   11.1906158357771      -3.600923475015401E-004
   11.2082111436950      -2.492866188847884E-004
   11.2258064516129      -1.459162478114400E-004
   11.2434017595308      -2.756513336063971E-005
   11.2609970674487       8.287915449605788E-005
   11.2785923753666       2.075975715501892E-004
   11.2961876832845       3.235620193548983E-004
   11.3137829912023       4.527066010660423E-004
   11.3313782991202       5.718491213381820E-004
   11.3489736070381       7.026287783683544E-004
   11.3665689149560       8.216560824603271E-004
   11.3841642228739       9.501608190847216E-004
   11.4017595307918       1.064334700238391E-003
   11.4193548387097       1.184646088336419E-003
   11.4369501466276       1.287534884818964E-003
   11.4545454545455       1.394627279441932E-003
   11.4721407624633       1.483223685861183E-003
   11.4897360703812       1.575149315442156E-003
   11.5073313782991       1.647984229652031E-003
   11.5249266862170       1.723561155480107E-003
   11.5425219941349       1.779631638083509E-003
   11.5601173020528       1.837950768520497E-003
   11.5777126099707       1.876372559190380E-003
   11.5953079178886       1.916485635003914E-003
   11.6129032258065       1.936134544231481E-003
   11.6304985337243       1.957060772283418E-003
   11.6480938416422       1.958040856031859E-003
   11.6656891495601       1.961213444026612E-003
   11.6832844574780       1.945661335935651E-003
   11.7008797653959       1.933476360315180E-003
   11.7184750733138       1.903948013145854E-003
   11.7360703812317       1.879056203297116E-003
   11.7536656891496       1.838259940012271E-003
   11.7712609970675       1.803372955545488E-003
   11.7888563049853       1.753980553533311E-003
   11.8064516129032       1.711622246068334E-003
   11.8240469208211       1.655884049086046E-003
   11.8416422287390       1.608165529233114E-003
   11.8592375366569       1.548496275293134E-003
   11.8768328445748       1.498262437722996E-003
   11.8944281524927       1.437755242628866E-003
   11.9120234604106       1.388204012739471E-003
   11.9296187683284       1.330105096088348E-003
   11.9472140762463       1.284456389853026E-003
   11.9648093841642       1.231900907800828E-003
   11.9824046920821       1.193093828610381E-003
   12.0000000000000       1.148659852122784E-003
   12.0175953079179       1.118296953223635E-003
   12.0351906158358       1.081614352808753E-003
   12.0527859237537       1.057832244421217E-003
   12.0703812316716       1.027380437116779E-003
   12.0879765395894       1.009658931878291E-003
   12.1055718475073       9.856608967259172E-004
   12.1231671554252       9.747883178268714E-004
   12.1407624633431       9.585139531305124E-004
   12.1583577712610       9.561759291680595E-004
   12.1759530791789       9.496882279564748E-004
   12.1935483870968       9.582744607362778E-004
   12.2111436950147       9.641392594684117E-004
   12.2287390029326       9.850606288736837E-004
   12.2463343108504       1.001770989749477E-003
   12.2639296187683       1.031235968745158E-003
   12.2815249266862       1.054731530742935E-003
   12.2991202346041       1.089161783327564E-003
   12.3167155425220       1.116339966798683E-003
   12.3343108504399       1.153097202881734E-003
   12.3519061583578       1.181804494870934E-003
   12.3695014662757       1.219234830765894E-003
   12.3870967741935       1.248369518575148E-003
   12.4046920821114       1.286007666123938E-003
   12.4222873900293       1.315431482873753E-003
   12.4398826979472       1.351965929662606E-003
   12.4574780058651       1.378166159164226E-003
   12.4750733137830       1.408926528889807E-003
   12.4926686217009       1.427310113192500E-003
   12.5102639296188       1.448066496121203E-003
   12.5278592375367       1.454888085943171E-003
   12.5454545454545       1.462494208049380E-003
   12.5630498533724       1.455356888031957E-003
   12.5806451612903       1.448383595507144E-003
   12.5982404692082       1.427212606293644E-003
   12.6158357771261       1.407983352290652E-003
   12.6334310850440       1.378361737349151E-003
   12.6510263929619       1.353322096558960E-003
   12.6686217008798       1.319339726928536E-003
   12.6862170087977       1.290130480642113E-003
   12.7038123167155       1.252055805440476E-003
   12.7214076246334       1.218045996636913E-003
   12.7390029325513       1.174617818098174E-003
   12.7565982404692       1.134080464295579E-003
   12.7741935483871       1.083284092802044E-003
   12.7917888563050       1.034078061791268E-003
   12.8093841642229       9.740749338757042E-004
   12.8269794721408       9.162949491192366E-004
   12.8445747800587       8.506518141984344E-004
   12.8621700879765       7.897943285385150E-004
   12.8797653958944       7.234223971879089E-004
   12.8973607038123       6.632175590605676E-004
   12.9149560117302       5.989299476400909E-004
   12.9325513196481       5.413570540017370E-004
   12.9501466275660       4.803579600371172E-004
   12.9677419354839       4.258386642751328E-004
   12.9853372434018       3.677410215321172E-004
   13.0029325513196       3.149307975853138E-004
   13.0205278592375       2.574047416572919E-004
   13.0381231671554       2.040799035347554E-004
   13.0557184750733       1.466498157066593E-004
   13.0733137829912       9.391245539118509E-005
   13.0909090909091       3.815299259588379E-005
   13.1085043988270      -1.239548424612724E-005
   13.1260997067449      -6.495978667750935E-005
   13.1436950146628      -1.119623908143145E-004
   13.1612903225806      -1.601843356335263E-004
   13.1788856304985      -2.027761247769008E-004
   13.1964809384164      -2.461304416422916E-004
   13.2140762463343      -2.842200973123421E-004
   13.2316715542522      -3.225609713833832E-004
   13.2492668621701      -3.549618277516376E-004
   13.2668621700880      -3.859904728777533E-004
   13.2844574780059      -4.100860861248205E-004
   13.3020527859238      -4.312898535967677E-004
   13.3196480938416      -4.448008422107549E-004
   13.3372434017595      -4.542112760383257E-004
   13.3548387096774      -4.555899748882300E-004
   13.3724340175953      -4.522042707700625E-004
   13.3900293255132      -4.412021870582582E-004
   13.4076246334311      -4.260423112141758E-004
   13.4252199413490      -4.062622899615420E-004
   13.4428152492669      -3.857212532199800E-004
   13.4604105571848      -3.638832901198331E-004
   13.4780058651026      -3.429625062322421E-004
   13.4956011730205      -3.225939729028149E-004
   13.5131964809384      -3.038781606888045E-004
   13.5307917888563      -2.868266322039794E-004
   13.5483870967742      -2.715298550528442E-004
   13.5659824046921      -2.584440687325610E-004
   13.5835777126100      -2.466497135404358E-004
   13.6011730205279      -2.370031924070505E-004
   13.6187683284457      -2.273330432425685E-004
   13.6363636363636      -2.189028575712500E-004
   13.6539589442815      -2.090936282788019E-004
   13.6715542521994      -2.003131642912255E-004
   13.6891495601173      -1.893768362358428E-004
   13.7067448680352      -1.796459233136699E-004
   13.7243401759531      -1.673281572197708E-004
   13.7419354838710      -1.567974582942213E-004
   13.7595307917889      -1.437367294555040E-004
   13.7771260997067      -1.337571896121922E-004
   13.7947214076246      -1.223577470615147E-004
   13.8123167155425      -1.177246054339211E-004
   13.8299120234604      -1.184449006027254E-004
   13.8475073313783      -1.353614379997387E-004
   13.8651026392962      -1.644779090369031E-004
   13.8826979472141      -2.155131576826551E-004
   13.9002932551320      -2.821639821437606E-004
   13.9178885630499      -3.736350265319040E-004
   13.9354838709677      -4.813640233391830E-004
   13.9530791788856      -6.138922653072137E-004
   13.9706744868035      -7.599380318311522E-004
   13.9882697947214      -9.265673774058996E-004
   14.0058651026393      -1.097409415221967E-003
   14.0234604105572      -1.272135862692602E-003
   14.0410557184751      -1.428303827735966E-003
   14.0586510263930      -1.571117585888834E-003
   14.0762463343109      -1.683034039019609E-003
   14.0938416422287      -1.773450123892708E-003
   14.1114369501466      -1.826685611698144E-003
   14.1290322580645      -1.855448063450741E-003
   14.1466275659824      -1.845538476510828E-003
   14.1642228739003      -1.813073398495375E-003
   14.1818181818182      -1.745895068204333E-003
   14.1994134897361      -1.664972804970546E-003
   14.2170087976540      -1.564539557967090E-003
   14.2346041055718      -1.472799111157865E-003
   14.2521994134897      -1.378560231036078E-003
   14.2697947214076      -1.304039989464561E-003
   14.2873900293255      -1.233349464399158E-003
   14.3049853372434      -1.187094010420554E-003
   14.3225806451613      -1.146284702006084E-003
   14.3401759530792      -1.130613860540172E-003
   14.3577712609971      -1.118184982543336E-003
   14.3753665689150      -1.127644944002415E-003
   14.3929618768328      -1.133609472378358E-003
   14.4105571847507      -1.151485438624601E-003
   14.4281524926686      -1.149344064942933E-003
   14.4457478005865      -1.144252660441516E-003
   14.4633431085044      -1.108352992252398E-003
   14.4809384164223      -1.063288118025265E-003
   14.4985337243402      -9.820152425801276E-004
   14.5161290322581      -8.889466187299706E-004
   14.5337243401760      -7.572781887793006E-004
   14.5513196480938      -6.139749567900863E-004
   14.5689149560117      -4.324886228084255E-004
   14.5865102639296      -2.426667733425018E-004
   14.6041055718475      -1.923869255076993E-005
   14.6217008797654       2.022612738104998E-004
   14.6392961876833       4.453272920733515E-004
   14.6568914956012       6.754947197767480E-004
   14.6744868035191       9.204484248017495E-004
   14.6920821114370       1.145875779186726E-003
   14.7096774193548       1.381799390987215E-003
   14.7272727272727       1.593382477690227E-003
   14.7448680351906       1.812602871090333E-003
   14.7624633431085       2.003856281839752E-003
   14.7800586510264       2.200922963654550E-003
   14.7976539589443       2.367280994096541E-003
   14.8152492668622       2.538262664758939E-003
   14.8328445747801       2.675551314112882E-003
   14.8504398826979       2.815512501250490E-003
   14.8680351906158       2.918833946744476E-003
   14.8856304985337       3.023826080243843E-003
   14.9032258064516       3.090318912714084E-003
   14.9208211143695       3.158601977203601E-003
   14.9384164222874       3.187693505802270E-003
   14.9560117302053       3.220007777122590E-003
   14.9736070381232       3.213950087963642E-003
   14.9912023460411       3.214442315267418E-003
   15.0087976539589       3.180287378316266E-003
   15.0263929618768       3.160421722368222E-003
   15.0439882697947       3.112062333713279E-003
   15.0615835777126       3.083174272091424E-003
   15.0791788856305       3.027764765979761E-003
   15.0967741935484       2.994536384969982E-003
   15.1143695014663       2.935321385588593E-003
   15.1319648093842       2.899972492345345E-003
   15.1495601173021       2.838382862939710E-003
   15.1671554252199       2.801764918621638E-003
   15.1847507331378       2.738211502776618E-003
   15.2023460410557       2.700538439086448E-003
   15.2199413489736       2.635709469133800E-003
   15.2375366568915       2.599384723705313E-003
   15.2551319648094       2.537109074476299E-003
   15.2727272727273       2.505647349351727E-003
   15.2903225806452       2.448307851106800E-003
   15.3079178885631       2.423136045506974E-003
   15.3255131964809       2.371247793753203E-003
   15.3431085043988       2.352015979960843E-003
   15.3607038123167       2.304290023188609E-003
   15.3782991202346       2.288691336046891E-003
   15.3958944281525       2.241548230002404E-003
   15.4134897360704       2.224129935878342E-003
   15.4310850439883       2.170094546392051E-003
   15.4486803519062       2.143777123481627E-003
   15.4662756598240       2.078424737864000E-003
   15.4838709677419       2.040997236080094E-003
   15.5014662756598       1.963170646213572E-003
   15.5190615835777       1.914153015804298E-003
   15.5366568914956       1.823828151309929E-003
   15.5542521994135       1.763583112898547E-003
   15.5718475073314       1.661380081133475E-003
   15.5894428152493       1.590755326938865E-003
   15.6070381231672       1.477569953853493E-003
   15.6246334310850       1.397101614941007E-003
   15.6422287390029       1.272627029606522E-003
   15.6598240469208       1.181702059067899E-003
   15.6774193548387       1.045827297694560E-003
   15.6950146627566       9.451150922171427E-004
   15.7126099706745       7.991965402475942E-004
   15.7302052785924       6.908376169622246E-004
   15.7478005865103       5.378633293412188E-004
   15.7653958944282       4.259383134778716E-004
   15.7829912023460       2.713975757554505E-004
   15.8005865102639       1.636271738874180E-004
   15.8181818181818       2.002360993761809E-005
   15.8357771260997      -6.308929325859891E-005
   15.8533724340176      -1.712709623133610E-004
   15.8709677419355      -2.089458390028711E-004
   15.8885630498534      -2.663913724392663E-004
   15.9061583577713      -2.473186018040291E-004
   15.9237536656892      -2.462618999827106E-004
   15.9413489736070      -1.660803609275900E-004
   15.9589442815249      -1.058563254422131E-004
   15.9765395894428       3.183559553763621E-005
   15.9941348973607       1.421385301415979E-004
   16.0117302052786       3.188891096899273E-004
   16.0293255131965       4.443844487894187E-004
   16.0469208211144       6.136077669775567E-004
   16.0645161290323       7.126871892341336E-004
   16.0821114369501       8.448889087719542E-004
   16.0997067448680       8.966734135820853E-004
   16.1173020527859       9.771417325188611E-004
   16.1348973607038       9.721789221501532E-004
   16.1524926686217       9.964887760773933E-004
   16.1700879765396       9.353867952297800E-004
   16.1876832844575       9.098108574335354E-004
   16.2052785923754       8.062434808513794E-004
   16.2228739002933       7.551809258924934E-004
   16.2404692082111       6.405791788392491E-004
   16.2580645161290       5.901181173433842E-004
   16.2756598240469       4.798008614040803E-004
   16.2932551319648       4.390440367333817E-004
   16.3108504398827       3.389693702503676E-004
   16.3284457478006       3.119337799870773E-004
   16.3460410557185       2.248283837036573E-004
   16.3636363636364       2.136259639029830E-004
   16.3812316715543       1.414995366563924E-004
   16.3988269794721       1.490510668334988E-004
   16.4164222873900       9.836741493637335E-005
   16.4340175953079       1.395879050044998E-004
   16.4516129032258       1.313242135854048E-004
   16.4692082111437       2.244581243438934E-004
   16.4868035190616       2.704073494645172E-004
   16.5043988269795       4.220924015069990E-004
   16.5219941348974       5.242128397520376E-004
   16.5395894428153       7.319726625870635E-004
   16.5571847507331       8.829027041412343E-004
   16.5747800586510       1.133935233842102E-003
   16.5923753665689       1.313909523488488E-003
   16.6099706744868       1.577456236521601E-003
   16.6275659824047       1.738742507692853E-003
   16.6451612903226       1.958999143607373E-003
   16.6627565982405       2.057323477733285E-003
   16.6803519061584       2.207439426039348E-003
   16.6979472140762       2.226894470895558E-003
   16.7155425219941       2.298571941715349E-003
   16.7331378299120       2.237129528152360E-003
   16.7507331378299       2.234449615815370E-003
   16.7683284457478       2.102133758412155E-003
   16.7859237536657       2.042083851529070E-003
   16.8035190615836       1.864807257922985E-003
   16.8211143695015       1.787646486163546E-003
   16.8387096774194       1.617549300525617E-003
   16.8563049853372       1.570597748711211E-003
   16.8739002932551       1.439042481498656E-003
   16.8914956011730       1.442745787891568E-003
   16.9090909090909       1.363478910888968E-003
   16.9266862170088       1.426720996709310E-003
   16.9442815249267       1.404038558875340E-003
   16.9618768328446       1.527220254448937E-003
   16.9794721407625       1.557013119577325E-003
   16.9970674486804       1.731443562833350E-003
   17.0146627565982       1.797829393188181E-003
   17.0322580645161       2.000225011115296E-003
   17.0498533724340       2.078935264948846E-003
   17.0674486803519       2.292011995560632E-003
   17.0850439882698       2.371108659903111E-003
   17.1026392961877       2.585863709039671E-003
   17.1202346041056       2.657257206111025E-003
   17.1378299120235       2.866636469246711E-003
   17.1554252199413       2.922966345691522E-003
   17.1730205278592       3.119630946435430E-003
   17.1906158357771       3.151953038639576E-003
   17.2082111436950       3.324598262241177E-003
   17.2258064516129       3.314384423481740E-003
   17.2434017595308       3.438724316057103E-003
   17.2609970674487       3.362861333081828E-003
   17.2785923753666       3.423826526095154E-003
   17.2961876832845       3.272779651548357E-003
   17.3137829912023       3.266329950306911E-003
   17.3313782991202       3.039610636980151E-003
   17.3489736070381       2.970517205782084E-003
   17.3665689149560       2.676659604380322E-003
   17.3841642228739       2.560043270117092E-003
   17.4017595307918       2.220618964502678E-003
   17.4193548387097       2.091842892707372E-003
   17.4369501466276       1.753608126038197E-003
   17.4545454545455       1.658416538434245E-003
   17.4721407624633       1.350850706960295E-003
   17.4897360703812       1.308911885507330E-003
   17.5073313782991       1.042943873225977E-003
   17.5249266862170       1.061915408230350E-003
   17.5425219941349       8.382620675745591E-004
   17.5601173020528       9.169509079331806E-004
   17.5777126099707       7.269116549354919E-004
   17.5953079178886       8.544055455255801E-004
   17.6129032258065       6.754364180314187E-004
   17.6304985337243       8.223239832505662E-004
   17.6480938416422       6.162759778221196E-004
   17.6656891495601       7.563726526353402E-004
   17.6832844574780       4.993388007100163E-004
   17.7008797653959       6.202929543064357E-004
   17.7184750733138       2.948211894163970E-004
   17.7360703812317       3.907983205020819E-004
   17.7536656891496      -1.825867331335562E-005
   17.7712609970675       5.251526409189111E-005
   17.7888563049853      -4.548429051797882E-004
   17.8064516129032      -4.019150459826051E-004
   17.8240469208211      -1.019945104790199E-003
   17.8416422287390      -9.620961718589127E-004
   17.8592375366569      -1.712562809291260E-003
   17.8768328445748      -1.630578951104421E-003
   17.8944281524927      -2.582183720046732E-003
   17.9120234604106      -2.461948618138280E-003
   17.9296187683284      -3.786909836023092E-003
   17.9472140762463      -3.614577278502272E-003
   17.9648093841642      -5.853550379424130E-003
   17.9824046920821      -5.607950890114967E-003
   18.0000000000000      -1.261112984268682E-002
