  0.000000000000000E+000 -1.321579534048527E-003
  1.759530791788856E-002 -9.203402677996642E-004
  3.519061583577713E-002 -8.210190283932156E-004
  5.278592375366570E-002 -6.608531013527036E-004
  7.038123167155426E-002 -5.990269766782243E-004
  8.797653958944282E-002 -4.990800980776332E-004
  0.105571847507331      -4.569790812358034E-004
  0.123167155425220      -3.866317103070893E-004
  0.140762463343109      -3.568785819785969E-004
  0.158357771260997      -3.044236162315456E-004
  0.175953079178886      -2.830081365514751E-004
  0.193548387096774      -2.424168020136406E-004
  0.211143695014663      -2.267296171509910E-004
  0.228739002932551      -1.942056008753146E-004
  0.246334310850440      -1.822940594966828E-004
  0.263929618768328      -1.553453741361449E-004
  0.281524926686217      -1.459679389072310E-004
  0.299120234604106      -1.230084588413034E-004
  0.316715542521994      -1.153545119738262E-004
  0.334310850439883      -9.532770907304311E-005
  0.351906158357771      -8.887514765142602E-005
  0.369501466275660      -7.109256467243563E-005
  0.387096774193548      -6.555125158543118E-005
  0.404692082111437      -4.963190536086548E-005
  0.422287390029326      -4.498616458344607E-005
  0.439882697947214      -3.090571915233353E-005
  0.457478005865103      -2.733175174058877E-005
  0.475073313782991      -1.509400051933052E-005
  0.492668621700880      -1.268517437116623E-005
  0.510263929618768      -2.276479744176663E-006
  0.527859237536657      -1.116880538272968E-006
  0.545454545454546       7.452780223596633E-006
  0.563049853372434       7.265118658142611E-006
  0.580645161290323       1.394796940865128E-005
  0.598240469208211       1.227754092628541E-005
  0.615835777126100       1.695297508562754E-005
  0.633431085043988       1.363071406242400E-005
  0.651026392961877       1.630406769490644E-005
  0.668621700879765       1.145893900937112E-005
  0.686217008797654       1.239865394793649E-005
  0.703812316715543       6.321327700222645E-006
  0.721407624633431       5.902803262967881E-006
  0.739002932551320      -1.011298878713762E-006
  0.756598240469208      -2.308440310977877E-006
  0.774193548387097      -9.540957470482448E-006
  0.791788856304985      -1.109038236461479E-005
  0.809384164222874      -1.790441503945783E-005
  0.826979472140763      -1.880038961442154E-005
  0.844574780058651      -2.437982326236165E-005
  0.862170087976540      -2.410800111482559E-005
  0.879765395894428      -2.824438601373380E-005
  0.897360703812317      -2.672897261285767E-005
  0.914956011730205      -2.946014092539573E-005
  0.932551319648094      -2.680657154406740E-005
  0.950146627565982      -2.832662892079441E-005
  0.967741935483871      -2.478948535975911E-005
  0.985337243401760      -2.544410861501389E-005
   1.00293255131965      -2.145479888192836E-005
   1.02052785923754      -2.179527093357625E-005
   1.03812316715543      -1.787012639339969E-005
   1.05571847507331      -1.818246611647556E-005
   1.07331378299120      -1.436105129008036E-005
   1.09090909090909      -1.459479872935499E-005
   1.10850439882698      -1.077629242147771E-005
   1.12609970674487      -1.081213787686441E-005
   1.14369501466276      -6.852493230428802E-006
   1.16129032258065      -6.542960191727065E-006
   1.17888563049853      -2.283302923952180E-006
   1.19648093841642      -1.479349982970390E-006
   1.21407624633431       3.203964957538829E-006
   1.23167155425220       4.484225332499258E-006
   1.24926686217009       9.382914160280808E-006
   1.26686217008798       1.084376824949596E-005
   1.28445747800587       1.570358059114651E-005
   1.30205278592375       1.713843408325621E-005
   1.31964809384164       2.180445312102775E-005
   1.33724340175953       2.310093736567265E-005
   1.35483870967742       2.751701245004073E-005
   1.37243401759531       2.867617357336971E-005
   1.39002932551320       3.292650039428363E-005
   1.40762463343109       3.416025618860585E-005
   1.42521994134897       3.870805145170686E-005
   1.44281524926686       4.069921764420004E-005
   1.46041055718475       4.617834963667072E-005
   1.47800586510264       4.932446839185361E-005
   1.49560117302053       5.594921268179937E-005
   1.51319648093842       6.032878111263490E-005
   1.53079178885631       6.806161722729431E-005
   1.54838709677419       7.351683698334760E-005
   1.56598240469208       8.207707632657940E-005
   1.58357771260997       8.817529140050744E-005
   1.60117302052786       9.692855854680126E-005
   1.61876832844575       1.026910791607953E-004
   1.63636363636364       1.103335014368982E-004
   1.65395894428153       1.145822264440597E-004
   1.67155425219941       1.204145130036867E-004
   1.68914956011730       1.228149471868745E-004
   1.70674486803519       1.267303548224664E-004
   1.72434017595308       1.273562529805473E-004
   1.74193548387097       1.295972708105136E-004
   1.75953079178886       1.288564240252083E-004
   1.77712609970675       1.300182482179964E-004
   1.79472140762463       1.287288746159670E-004
   1.81231671554252       1.299846921353431E-004
   1.82991202346041       1.297215744836414E-004
   1.84750733137830       1.325858531591277E-004
   1.86510263929619       1.342757322296457E-004
   1.88269794721408       1.391405664655949E-004
   1.90029325513196       1.428729432549166E-004
   1.91788856304985       1.496165547300965E-004
   1.93548387096774       1.550820820407393E-004
   1.95307917888563       1.632184243012554E-004
   1.97067448680352       1.697420184524936E-004
   1.98826979472141       1.783812163034678E-004
   2.00586510263930       1.847626028213019E-004
   2.02346041055718       1.922903048340286E-004
   2.04105571847507       1.968138752759853E-004
   2.05865102639296       2.020585127563886E-004
   2.07624633431085       2.042240720543802E-004
   2.09384164222874       2.070673287062947E-004
   2.11143695014663       2.069895897520810E-004
   2.12903225806452       2.077432779517324E-004
   2.14662756598241       2.059126071647280E-004
   2.16422287390029       2.052498603216933E-004
   2.18181818181818       2.025414012534155E-004
   2.19941348973607       2.015960325121674E-004
   2.21700879765396       1.995289028054220E-004
   2.23460410557185       2.000822325415236E-004
   2.25219941348974       2.000546426431201E-004
   2.26979472140762       2.027765027566973E-004
   2.28739002932551       2.049802664831772E-004
   2.30498533724340       2.098020206307904E-004
   2.32258064516129       2.139665434941928E-004
   2.34017595307918       2.204402894713356E-004
   2.35777126099707       2.259421700733579E-004
   2.37536656891496       2.332566450583462E-004
   2.39296187683284       2.390606737792938E-004
   2.41055718475073       2.458420249488465E-004
   2.42815249266862       2.501895006345573E-004
   2.44574780058651       2.547589329056660E-004
   2.46334310850440       2.565987973883659E-004
   2.48093841642229       2.584898313586073E-004
   2.49853372434018       2.576700730658619E-004
   2.51612903225806       2.569448470972706E-004
   2.53372434017595       2.537110479340513E-004
   2.55131964809384       2.507892491672791E-004
   2.56891495601173       2.457397478176282E-004
   2.58651026392962       2.414236329012597E-004
   2.60410557184751       2.356379162732814E-004
   2.62170087976540       2.314126414065261E-004
   2.63929618768328       2.266024044482102E-004
   2.65689149560117       2.238331263388886E-004
   2.67448680351906       2.207874130616450E-004
   2.69208211143695       2.199109728039395E-004
   2.70967741935484       2.188602909834090E-004
   2.72727272727273       2.199434801965590E-004
   2.74486803519062       2.208103391067424E-004
   2.76246334310850       2.236371766908428E-004
   2.78005865102639       2.260578357499902E-004
   2.79765395894428       2.300912895389164E-004
   2.81524926686217       2.332680357997799E-004
   2.83284457478006       2.374294128235783E-004
   2.85043988269795       2.403034633775854E-004
   2.86803519061584       2.438480206353465E-004
   2.88563049853372       2.459370638358050E-004
   2.90322580645161       2.485230565328926E-004
   2.92082111436950       2.495802041256332E-004
   2.93841642228739       2.510376566354152E-004
   2.95601173020528       2.509599216936190E-004
   2.97360703812317       2.512506480780461E-004
   2.99120234604106       2.500663969336619E-004
   3.00879765395894       2.493053054143114E-004
   3.02639296187683       2.472497795729957E-004
   3.04398826979472       2.457564930033381E-004
   3.06158357771261       2.431200868836218E-004
   3.07917888563050       2.411110430101825E-004
   3.09677419354839       2.380669301828237E-004
   3.11436950146628       2.356954459074987E-004
   3.13196480938416       2.323842547909433E-004
   3.14956011730205       2.297846580607365E-004
   3.16715542521994       2.263375901555987E-004
   3.18475073313783       2.236428921367464E-004
   3.20234604105572       2.202001075430768E-004
   3.21994134897361       2.175658227529796E-004
   3.23753665689150       2.142802791818040E-004
   3.25513196480938       2.118149170841429E-004
   3.27272727272727       2.087403000383905E-004
   3.29032258064516       2.064661124486736E-004
   3.30791788856305       2.036048607465557E-004
   3.32551319648094       2.015086114981743E-004
   3.34310850439883       1.988328768966396E-004
   3.36070381231672       1.968734375419698E-004
   3.37829912023460       1.943279507859554E-004
   3.39589442815249       1.924353973117884E-004
   3.41348973607038       1.899319530811533E-004
   3.43108504398827       1.880131165547117E-004
   3.44868035190616       1.854867051277808E-004
   3.46627565982405       1.835147598607609E-004
   3.48387096774194       1.809547451987766E-004
   3.50146627565982       1.789215381057325E-004
   3.51906158357771       1.763181147833384E-004
   3.53665689149560       1.742109048804949E-004
   3.55425219941349       1.715460813836052E-004
   3.57184750733138       1.693401777793031E-004
   3.58944281524927       1.665791465376895E-004
   3.60703812316716       1.642233083468621E-004
   3.62463343108504       1.612909277862458E-004
   3.64222873900293       1.587072292077462E-004
   3.65982404692082       1.555605481481475E-004
   3.67741935483871       1.527475924638616E-004
   3.69501466275660       1.494086184985598E-004
   3.71260997067449       1.464038902455635E-004
   3.73020527859238       1.429226618557963E-004
   3.74780058651026       1.397882812898015E-004
   3.76539589442815       1.362385462058209E-004
   3.78299120234604       1.330618074460903E-004
   3.80058651026393       1.295476431827764E-004
   3.81818181818182       1.264553459311044E-004
   3.83577712609971       1.231028731239539E-004
   3.85337243401760       1.201693458387857E-004
   3.87096774193548       1.169909740932471E-004
   3.88856304985337       1.141965673585158E-004
   3.90615835777126       1.111551840560028E-004
   3.92375366568915       1.084492382379446E-004
   3.94134897360704       1.054813329829492E-004
   3.95894428152493       1.027879402463837E-004
   3.97653958944282       9.980336070881684E-005
   3.99413489736070       9.701577677930915E-005
   4.01173020527859       9.388358438376437E-005
   4.02932551319648       9.086926405849024E-005
   4.04692082111437       8.752523850476794E-005
   4.06451612903226       8.431691105282664E-005
   4.08211143695015       8.084779118049819E-005
   4.09970674486804       7.755307417718777E-005
   4.11730205278592       7.407956634767898E-005
   4.13489736070381       7.083030178165675E-005
   4.15249266862170       6.749366246092103E-005
   4.17008797653959       6.444071430616902E-005
   4.18768328445748       6.140152306790877E-005
   4.20527859237537       5.871838970870209E-005
   4.22287390029326       5.614566188938926E-005
   4.24046920821114       5.393074298360757E-005
   4.25806451612903       5.180956507334655E-005
   4.27565982404692       4.998105020160028E-005
   4.29325513196481       4.821119094376249E-005
   4.31085043988270       4.665967781920060E-005
   4.32844574780059       4.512321160645868E-005
   4.34604105571848       4.372282364670999E-005
   4.36363636363636       4.228475301108300E-005
   4.38123167155425       4.088996523011404E-005
   4.39882697947214       3.939001421007786E-005
   4.41642228739003       3.782240476181078E-005
   4.43401759530792       3.609883713644535E-005
   4.45161290322581       3.428051323092432E-005
   4.46920821114370       3.234064947093257E-005
   4.48680351906158       3.031747836740589E-005
   4.50439882697947       2.822303253329450E-005
   4.52199413489736       2.606812622164460E-005
   4.53958944281525       2.390048473373788E-005
   4.55718475073314       2.170211471691876E-005
   4.57478005865103       1.955410417662987E-005
   4.59237536656892       1.740796102796372E-005
   4.60997067448680       1.537046845719733E-005
   4.62756598240469       1.332069991320775E-005
   4.64516129032258       1.134088528939799E-005
   4.66275659824047       9.267636824756898E-006
   4.68035190615836       7.226047569997826E-006
   4.69794721407625       5.033165621337654E-006
   4.71554252199414       2.854124266077909E-006
   4.73313782991202       4.868072290858255E-007
   4.75073313782991      -1.862689015493732E-006
   4.76832844574780      -4.412299438312658E-006
   4.78592375366569      -6.909865708217847E-006
   4.80351906158358      -9.575223284783260E-006
   4.82111436950147      -1.207235594848541E-005
   4.83870967741935      -1.460176746584946E-005
   4.85630498533724      -1.682055438120619E-005
   4.87390029325513      -1.899584243532872E-005
   4.89149560117302      -2.077766923010364E-005
   4.90909090909091      -2.247719079373470E-005
   4.92668621700880      -2.373011995180065E-005
   4.94428152492669      -2.488746031309283E-005
   4.96187683284458      -2.557010809349995E-005
   4.97947214076246      -2.617004584340145E-005
   4.99706744868035      -2.629867863814012E-005
   5.01466275659824      -2.640964875459384E-005
   5.03225806451613      -2.614456714477384E-005
   5.04985337243402      -2.599706377206200E-005
   5.06744868035191      -2.555747399543651E-005
   5.08504398826980      -2.532521464263675E-005
   5.10263929618768      -2.485187028343469E-005
   5.12023460410557      -2.465073173114571E-005
   5.13782991202346      -2.423776561514898E-005
   5.15542521994135      -2.414016000185278E-005
   5.17302052785924      -2.383697129206715E-005
   5.19061583577713      -2.386482822650059E-005
   5.20821114369502      -2.365231566722634E-005
   5.22580645161290      -2.371521190149196E-005
   5.24340175953079      -2.344091021700114E-005
   5.26099706744868      -2.339603196728948E-005
   5.27859237536657      -2.297070557558004E-005
   5.29618768328446      -2.276848801739120E-005
   5.31378299120235      -2.216816126105253E-005
   5.33137829912024      -2.180531935758957E-005
   5.34897360703812      -2.104558235894309E-005
   5.36656891495601      -2.055597109537444E-005
   5.38416422287390      -1.969107877553190E-005
   5.40175953079179      -1.915491191861157E-005
   5.41935483870968      -1.830773112072287E-005
   5.43695014662757      -1.788997615054583E-005
   5.45454545454546      -1.721575221669267E-005
   5.47214076246334      -1.701885362227624E-005
   5.48973607038123      -1.657732692104297E-005
   5.50733137829912      -1.663263062682241E-005
   5.52492668621701      -1.643089072424363E-005
   5.54252199413490      -1.672124971899821E-005
   5.56011730205279      -1.671640263053926E-005
   5.57771260997067      -1.716758531202638E-005
   5.59530791788856      -1.724496997757087E-005
   5.61290322580645      -1.767085311397898E-005
   5.63049853372434      -1.753794792065447E-005
   5.64809384164223      -1.760526632215695E-005
   5.66568914956012      -1.700791820039107E-005
   5.68328445747801      -1.656294223569453E-005
   5.70087976539589      -1.541227009385472E-005
   5.71847507331378      -1.441247787117368E-005
   5.73607038123167      -1.270636973287834E-005
   5.75366568914956      -1.118704073248489E-005
   5.77126099706745      -8.998892992898161E-006
   5.78885630498534      -7.074542989559188E-006
   5.80645161290323      -4.573268672820055E-006
   5.82404692082111      -2.480290579084193E-006
   5.84164222873900       7.702103740381271E-008
   5.85923753665689       2.149297747539733E-006
   5.87683284457478       4.654736471184251E-006
   5.89442815249267       6.639039818777476E-006
   5.91202346041056       9.045459802628427E-006
   5.92961876832845       1.090916605332024E-005
   5.94721407624634       1.319453692799960E-005
   5.96480938416422       1.492496709661412E-005
   5.98240469208211       1.708506854670916E-005
   6.00000000000000       1.868794464997654E-005
   6.01759530791789       2.074406624011541E-005
   6.03519061583578       2.226226277073418E-005
   6.05278592375367       2.426422186882459E-005
   6.07038123167156       2.573407513736782E-005
   6.08797653958944       2.770198371974103E-005
   6.10557184750733       2.913247414885478E-005
   6.12316715542522       3.106550541096004E-005
   6.14076246334311       3.244680826631094E-005
   6.15835777126100       3.432554807430034E-005
   6.17595307917889       3.562811669400749E-005
   6.19354838709677       3.741084356202365E-005
   6.21114369501466       3.857712608587393E-005
   6.22873900293255       4.020055149103588E-005
   6.24633431085044       4.119806880801543E-005
   6.26392961876833       4.267599979109367E-005
   6.28152492668622       4.354313556745426E-005
   6.29912023460411       4.491939126427996E-005
   6.31671554252199       4.570109095173771E-005
   6.33431085043988       4.701929197434335E-005
   6.35190615835777       4.775643944135400E-005
   6.36950146627566       4.905263700051380E-005
   6.38709677419355       4.977462838381108E-005
   6.40469208211144       5.106695149529816E-005
   6.42228739002933       5.177094252645585E-005
   6.43988269794721       5.303156169443938E-005
   6.45747800586510       5.368453944359308E-005
   6.47507331378299       5.489346966595937E-005
   6.49266862170088       5.548661112723977E-005
   6.51026392961877       5.663975277304843E-005
   6.52785923753666       5.717135982741226E-005
   6.54545454545455       5.826691919120132E-005
   6.56304985337243       5.873364636841909E-005
   6.58064516129032       5.976408670762757E-005
   6.59824046920821       6.015134351162996E-005
   6.61583577712610       6.108848736432744E-005
   6.63343108504399       6.135989040061993E-005
   6.65102639296188       6.218663993737566E-005
   6.66862170087977       6.235909967716101E-005
   6.68621700879765       6.311321215908041E-005
   6.70381231671554       6.323433506898081E-005
   6.72140762463343       6.396898074407263E-005
   6.73900293255132       6.409537846307687E-005
   6.75659824046921       6.486828817469555E-005
   6.77419354838710       6.505684668857661E-005
   6.79178885630499       6.592094101301583E-005
   6.80938416422287       6.621350402228234E-005
   6.82697947214076       6.717379009183569E-005
   6.84457478005865       6.752035045844856E-005
   6.86217008797654       6.850045231258532E-005
   6.87976539589443       6.883613248540484E-005
   6.89736070381232       6.978763127017752E-005
   6.91495601173021       7.007507897616793E-005
   6.93255131964809       7.096867389700148E-005
   6.95014662756598       7.118474724890413E-005
   6.96774193548387       7.200114180432875E-005
   6.98533724340176       7.212822521031659E-005
   7.00293255131965       7.284673417899704E-005
   7.02052785923754       7.284997199589213E-005
   7.03812316715543       7.341409424940190E-005
   7.05571847507331       7.323694634746125E-005
   7.07331378299120       7.361526776907645E-005
   7.09090909090909       7.325184004145043E-005
   7.10850439882698       7.345685358520340E-005
   7.12609970674487       7.293577536404964E-005
   7.14369501466276       7.301054224479955E-005
   7.16129032258065       7.238905388303151E-005
   7.17888563049853       7.240466916373299E-005
   7.19648093841642       7.176873267297528E-005
   7.21407624633431       7.182479813350842E-005
   7.23167155425220       7.125687442189166E-005
   7.24926686217009       7.137050470979719E-005
   7.26686217008798       7.083067809832415E-005
   7.28445747800587       7.094685675679128E-005
   7.30205278592375       7.038281832111958E-005
   7.31964809384164       7.045351153932380E-005
   7.33724340175953       6.982251776355680E-005
   7.35483870967742       6.981029602141311E-005
   7.37243401759531       6.908054226901949E-005
   7.39002932551320       6.895857374584963E-005
   7.40762463343109       6.810632418941281E-005
   7.42521994134897       6.783839505498235E-005
   7.44281524926686       6.679422949155030E-005
   7.46041055718475       6.628732839106943E-005
   7.47800586510264       6.496538502674876E-005
   7.49560117302053       6.415239644145695E-005
   7.51319648093842       6.250393644974598E-005
   7.53079178885631       6.135474548564924E-005
   7.54838709677419       5.937002674272814E-005
   7.56598240469208       5.789737309342308E-005
   7.58357771260997       5.561618607655659E-005
   7.60117302052786       5.389517733970517E-005
   7.61876832844575       5.144458127562390E-005
   7.63636363636364       4.963864743455137E-005
   7.65395894428153       4.714766894382132E-005
   7.67155425219941       4.531715569843800E-005
   7.68914956011730       4.280750077922305E-005
   7.70674486803519       4.095870748774861E-005
   7.72434017595308       3.842966787935697E-005
   7.74193548387097       3.656004125739474E-005
   7.75953079178886       3.401151885043161E-005
   7.77712609970675       3.212777649094479E-005
   7.79472140762463       2.957908185831403E-005
   7.81231671554252       2.772506537978266E-005
   7.82991202346041       2.524733055834298E-005
   7.84750733137830       2.348027627178018E-005
   7.86510263929619       2.107731496254986E-005
   7.88269794721408       1.935779655279768E-005
   7.90029325513197       1.696995670002092E-005
   7.91788856304985       1.522704147259741E-005
   7.93548387096774       1.277694441934903E-005
   7.95307917888563       1.093025088458626E-005
   7.97067448680352       8.338421582971219E-006
   7.98826979472141       6.313416203463041E-006
   8.00586510263930       3.519176599298464E-006
   8.02346041055718       1.294073571192752E-006
   8.04105571847507      -1.665115214828872E-006
   8.05865102639296      -4.026450983641628E-006
   8.07624633431085      -7.106153537183274E-006
   8.09384164222874      -9.583970102857733E-006
   8.11143695014663      -1.277890318615621E-005
   8.12903225806452      -1.537784153381533E-005
   8.14662756598241      -1.869823837058358E-005
   8.16422287390029      -2.143078636329162E-005
   8.18181818181818      -2.488633055468241E-005
   8.19941348973607      -2.775227977794419E-005
   8.21700879765396      -3.131071077470859E-005
   8.23460410557185      -3.421590484891642E-005
   8.25219941348974      -3.774777808329356E-005
   8.26979472140763      -4.059236904766798E-005
   8.28739002932551      -4.404380689190949E-005
   8.30498533724340      -4.680681276570571E-005
   8.32258064516129      -5.018209462754425E-005
   8.34017595307918      -5.288914886107350E-005
   8.35777126099707      -5.623235196262803E-005
   8.37536656891496      -5.894377237306855E-005
   8.39296187683285      -6.232891694898722E-005
   8.41055718475073      -6.512592645048471E-005
   8.42815249266862      -6.859985710649015E-005
   8.44574780058651      -7.144430479781556E-005
   8.46334310850440      -7.490842924079773E-005
   8.48093841642229      -7.770454930231937E-005
   8.49853372434018      -8.108734087585340E-005
   8.51612903225807      -8.378592356383726E-005
   8.53372434017595      -8.705949375843303E-005
   8.55131964809384      -8.965401452896613E-005
   8.56891495601173      -9.283341735107495E-005
   8.58651026392962      -9.536181629929843E-005
   8.60410557184751      -9.851052334186135E-005
   8.62170087976540      -1.010515896262687E-004
   8.63929618768329      -1.042117004009994E-004
   8.65689149560117      -1.067319399522396E-004
   8.67448680351906      -1.098291674912587E-004
   8.69208211143695      -1.122571191342829E-004
   8.70967741935484      -1.152327637635083E-004
   8.72727272727273      -1.175255768850592E-004
   8.74486803519062      -1.203552171303866E-004
   8.76246334310851      -1.225098812199105E-004
   8.78005865102639      -1.252158825110002E-004
   8.79765395894428      -1.272866544627192E-004
   8.81524926686217      -1.299666638189382E-004
   8.83284457478006      -1.320726389456207E-004
   8.85043988269795      -1.347927920462615E-004
   8.86803519061584      -1.369210241023858E-004
   8.88563049853373      -1.396307075369993E-004
   8.90322580645161      -1.417230902090301E-004
   8.92082111436950      -1.443657808861129E-004
   8.93841642228739      -1.463732761911794E-004
   8.95601173020528      -1.489120533743593E-004
   8.97360703812317      -1.508157044837946E-004
   8.99120234604106      -1.532564558729027E-004
   9.00879765395895      -1.551034475617858E-004
   9.02639296187683      -1.575456823265484E-004
   9.04398826979472      -1.594389086153766E-004
   9.06158357771261      -1.619172160131045E-004
   9.07917888563050      -1.638235504515292E-004
   9.09677419354839      -1.662747298895357E-004
   9.11436950146628      -1.681188768443605E-004
   9.13196480938416      -1.704630596956613E-004
   9.14956011730205      -1.721673730752611E-004
   9.16715542521994      -1.743351898444661E-004
   9.18475073313783      -1.758467969408035E-004
   9.20234604105572      -1.778158477072131E-004
   9.21994134897361      -1.791784492861416E-004
   9.23753665689150      -1.810795720003806E-004
   9.25513196480938      -1.824420398057824E-004
   9.27272727272727      -1.843620983474623E-004
   9.29032258064516      -1.857525857861717E-004
   9.30791788856305      -1.876855750757302E-004
   9.32551319648094      -1.890746817065363E-004
   9.34310850439883      -1.909751267714386E-004
   9.36070381231672      -1.923069693760286E-004
   9.37829912023460      -1.941148159586723E-004
   9.39589442815249      -1.953329823585768E-004
   9.41348973607038      -1.970164191435790E-004
   9.43108504398827      -1.981559975242442E-004
   9.44868035190616      -1.998099351889601E-004
   9.46627565982405      -2.009531433773509E-004
   9.48387096774194      -2.026092196637276E-004
   9.50146627565982      -2.037475226756136E-004
   9.51906158357771      -2.053676340516200E-004
   9.53665689149560      -2.064388179796011E-004
   9.55425219941349      -2.079404450259223E-004
   9.57184750733138      -2.088453779434362E-004
   9.58944281524927      -2.101164420314403E-004
   9.60703812316716      -2.107381716963365E-004
   9.62463343108504      -2.116993348064025E-004
   9.64222873900293      -2.120588708800188E-004
   9.65982404692082      -2.128119088323914E-004
   9.67741935483871      -2.130103263046397E-004
   9.69501466275660      -2.136228739198232E-004
   9.71260997067449      -2.136995122801090E-004
   9.73020527859238      -2.141853845148082E-004
   9.74780058651026      -2.141307171101120E-004
   9.76539589442815      -2.144583884424540E-004
   9.78299120234604      -2.142205107249080E-004
   9.80058651026393      -2.143196081197485E-004
   9.81818181818182      -2.138291663420764E-004
   9.83577712609971      -2.137016107868754E-004
   9.85337243401760      -2.130714431046825E-004
   9.87096774193548      -2.128725769518930E-004
   9.88856304985337      -2.122355728359200E-004
   9.90615835777126      -2.120668195250906E-004
   9.92375366568915      -2.114935205280110E-004
   9.94134897360704      -2.113937913733228E-004
   9.95894428152493      -2.108900812848082E-004
   9.97653958944282      -2.108292834761906E-004
   9.99413489736071      -2.103246015521503E-004
   10.0117302052786      -2.101828993865637E-004
   10.0293255131965      -2.095471029174755E-004
   10.0469208211144      -2.092873682310172E-004
   10.0645161290323      -2.086040215600979E-004
   10.0821114369501      -2.083572098457697E-004
   10.0997067448680      -2.077537449294827E-004
   10.1173020527859      -2.076320890274220E-004
   10.1348973607038      -2.071993127622584E-004
   10.1524926686217      -2.072661801485029E-004
   10.1700879765396      -2.070331977272912E-004
   10.1876832844575      -2.072741126715784E-004
   10.2052785923754      -2.071631024860584E-004
   10.2228739002933      -2.074179814944280E-004
   10.2404692082111      -2.072496767273800E-004
   10.2580645161290      -2.074391397004145E-004
   10.2756598240469      -2.072467775127916E-004
   10.2932551319648      -2.074512000962202E-004
   10.3108504398827      -2.073291607643999E-004
   10.3284457478006      -2.076443497778454E-004
   10.3460410557185      -2.076793599981364E-004
   10.3636363636364      -2.081737778476785E-004
   10.3812316715543      -2.084038927444424E-004
   10.3988269794721      -2.090672867810924E-004
   10.4164222873900      -2.093919290630027E-004
   10.4340175953079      -2.100182046940877E-004
   10.4516129032258      -2.102398539157504E-004
   10.4692082111437      -2.107511167343638E-004
   10.4868035190616      -2.108890911440075E-004
   10.5043988269795      -2.113525912792374E-004
   10.5219941348974      -2.115007666965123E-004
   10.5395894428153      -2.120231648874201E-004
   10.5571847507331      -2.122896369580172E-004
   10.5747800586510      -2.129666918053356E-004
   10.5923753665689      -2.134176390977445E-004
   10.6099706744868      -2.142402108246761E-004
   10.6275659824047      -2.146916765219994E-004
   10.6451612903226      -2.153050233342417E-004
   10.6627565982405      -2.154180670406171E-004
   10.6803519061584      -2.156208051972546E-004
   10.6979472140762      -2.153056999423695E-004
   10.7155425219941      -2.150833658222753E-004
   10.7331378299120      -2.143857979364404E-004
   10.7507331378299      -2.138329850292017E-004
   10.7683284457478      -2.128874839574288E-004
   10.7859237536657      -2.121688710557049E-004
   10.8035190615836      -2.111539256927014E-004
   10.8211143695015      -2.103807966564079E-004
   10.8387096774194      -2.091843950154882E-004
   10.8563049853372      -2.080307072840576E-004
   10.8739002932551      -2.063177133005775E-004
   10.8914956011730      -2.045441713798509E-004
   10.9090909090909      -2.021626986130465E-004
   10.9266862170088      -1.996983344499619E-004
   10.9442815249267      -1.966562665221252E-004
   10.9618768328446      -1.935892832546273E-004
   10.9794721407625      -1.900605405063136E-004
   10.9970674486804      -1.866616724714833E-004
   11.0146627565982      -1.830279708928538E-004
   11.0322580645161      -1.796695975680777E-004
   11.0498533724340      -1.760511793215274E-004
   11.0674486803519      -1.725867197933377E-004
   11.0850439882698      -1.687501554557417E-004
   11.1026392961877      -1.649542604232800E-004
   11.1202346041056      -1.607043087364603E-004
   11.1378299120235      -1.564264602070627E-004
   11.1554252199413      -1.516708985746016E-004
   11.1730205278592      -1.468950222825616E-004
   11.1906158357771      -1.417178509742653E-004
   11.2082111436950      -1.366877540371841E-004
   11.2258064516129      -1.315499788317543E-004
   11.2434017595308      -1.267829669006716E-004
   11.2609970674487      -1.219712992761670E-004
   11.2785923753666      -1.174874268224991E-004
   11.2961876832845      -1.128879281649903E-004
   11.3137829912023      -1.085076663753680E-004
   11.3313782991202      -1.039018091152704E-004
   11.3489736070381      -9.938907720851183E-005
   11.3665689149560      -9.454105847706491E-005
   11.3841642228739      -8.968231931489348E-005
   11.4017595307918      -8.443601785530907E-005
   11.4193548387097      -7.923383151314834E-005
   11.4369501466276      -7.386180063670982E-005
   11.4545454545455      -6.872404085022777E-005
   11.4721407624633      -6.351843522914302E-005
   11.4897360703812      -5.857793980085883E-005
   11.5073313782991      -5.356728054668603E-005
   11.5249266862170      -4.877540986706831E-005
   11.5425219941349      -4.385216666819955E-005
   11.5601173020528      -3.905599009375258E-005
   11.5777126099707      -3.403727585504394E-005
   11.5953079178886      -2.904289111240834E-005
   11.6129032258065      -2.378794119045988E-005
   11.6304985337243      -1.872521006822002E-005
   11.6480938416422      -1.375284575586538E-005
   11.6656891495601      -9.275555836007309E-006
   11.6832844574780      -5.117270013187986E-006
   11.7008797653959      -1.606108715242027E-006
   11.7184750733138       1.483463612260330E-006
   11.7360703812317       3.891799617090588E-006
   11.7536656891496       5.891956832854372E-006
   11.7712609970675       7.295990775209344E-006
   11.7888563049853       8.433619904458761E-006
   11.8064516129032       9.213935102057147E-006
   11.8240469208211       9.954198357334937E-006
   11.8416422287390       1.034447324870613E-005
   11.8592375366569       1.047812179653457E-005
   11.8768328445748       1.002686907436948E-005
   11.8944281524927       9.091728936001576E-006
   11.9120234604106       7.383592060211830E-006
   11.9296187683284       5.033581249729663E-006
   11.9472140762463       1.814514869167227E-006
   11.9648093841642      -2.087758289653269E-006
   11.9824046920821      -6.800707430055092E-006
   12.0000000000000      -1.201765884108213E-005
   12.0175953079179      -1.760653287234179E-005
   12.0351906158358      -2.310864115795996E-005
   12.0527859237537      -2.860116784363165E-005
   12.0703812316716      -3.388712955374707E-005
   12.0879765395894      -3.915384094591279E-005
   12.1055718475073      -4.429262371458209E-005
   12.1231671554252      -4.953600406255642E-005
   12.1407624633431      -5.482732576649541E-005
   12.1583577712610      -6.042301031259373E-005
   12.1759530791789      -6.630251149326838E-005
   12.1935483870968      -7.273693223473349E-005
   12.2111436950147      -7.974743064964429E-005
   12.2287390029326      -8.766063748723402E-005
   12.2463343108504      -9.653308338808408E-005
   12.2639296187683      -1.066417990891992E-004
   12.2815249266862      -1.179915191373976E-004
   12.2991202346041      -1.307914359738901E-004
   12.3167155425220      -1.449786556113736E-004
   12.3343108504399      -1.606620734684108E-004
   12.3519061583578      -1.776607308618538E-004
   12.3695014662757      -1.959050235427303E-004
   12.3870967741935      -2.149675405552737E-004
   12.4046920821114      -2.342851597722181E-004
   12.4222873900293      -2.524868501897428E-004
   12.4398826979472      -2.685926258548624E-004
   12.4574780058651      -2.821391485163051E-004
   12.4750733137830      -2.930568975816032E-004
   12.4926686217009      -3.014022895347353E-004
   12.5102639296188      -3.075282982075015E-004
   12.5278592375367      -3.118510603627763E-004
   12.5454545454545      -3.150504268947327E-004
   12.5630498533724      -3.178568416040095E-004
   12.5806451612903      -3.212468366762985E-004
   12.5982404692082      -3.262517618823404E-004
   12.6158357771261      -3.337804976727160E-004
   12.6334310850440      -3.429454781212730E-004
   12.6510263929619      -3.525116397372933E-004
   12.6686217008798      -3.613770597909588E-004
   12.6862170087977      -3.687265434936097E-004
   12.7038123167155      -3.739333333019927E-004
   12.7214076246334      -3.766971807316386E-004
   12.7390029325513      -3.770152790521028E-004
   12.7565982404692      -3.753043762310983E-004
   12.7741935483871      -3.725322751294993E-004
   12.7917888563050      -3.703602953566152E-004
   12.8093841642229      -3.721825097425403E-004
   12.8269794721408      -3.816991518801164E-004
   12.8445747800587      -3.995418626370116E-004
   12.8621700879765      -4.245735590825518E-004
   12.8797653958944      -4.549168733675582E-004
   12.8973607038123      -4.881055040569099E-004
   12.9149560117302      -5.212386065593673E-004
   12.9325513196481      -5.510547602171832E-004
   12.9501466275660      -5.740070576990041E-004
   12.9677419354839      -5.863085552663786E-004
   12.9853372434018      -5.840441720781453E-004
   13.0029325513196      -5.633310272720028E-004
   13.0205278592375      -5.243555543981682E-004
   13.0381231671554      -4.755768237092905E-004
   13.0557184750733      -4.255348050824568E-004
   13.0733137829912      -3.820850161777061E-004
   13.0909090909091      -3.523575092779428E-004
   13.1085043988270      -3.428196167317373E-004
   13.1260997067449      -3.592489365225824E-004
   13.1436950146628      -4.065773891591448E-004
   13.1612903225806      -4.889225090184401E-004
   13.1788856304985      -6.090278215604759E-004
   13.1964809384164      -7.682181201830605E-004
   13.2140762463343      -9.625128163307547E-004
   13.2316715542522      -1.178268879911332E-003
   13.2492668621701      -1.402632547338332E-003
   13.2668621700880      -1.624728505349901E-003
   13.2844574780059      -1.835330615787472E-003
   13.3020527859238      -2.025889147679239E-003
   13.3196480938416      -2.189001329828451E-003
   13.3372434017595      -2.317729354775716E-003
   13.3548387096774      -2.406165695294765E-003
   13.3724340175953      -2.448939167568876E-003
   13.3900293255132      -2.441881326542180E-003
   13.4076246334311      -2.382603162101448E-003
   13.4252199413490      -2.277929296997700E-003
   13.4428152492669      -2.140952288579248E-003
   13.4604105571848      -1.983499837250616E-003
   13.4780058651026      -1.816265322247656E-003
   13.4956011730205      -1.649479939766459E-003
   13.5131964809384      -1.492336164565881E-003
   13.5307917888563      -1.353710115661832E-003
   13.5483870967742      -1.241183516348431E-003
   13.5659824046921      -1.161844739727941E-003
   13.5835777126100      -1.120683660247991E-003
   13.6011730205279      -1.120803847350670E-003
   13.6187683284457      -1.154657796766670E-003
   13.6363636363636      -1.202443859839423E-003
   13.6539589442815      -1.248552289820442E-003
   13.6715542521994      -1.280416483415614E-003
   13.6891495601173      -1.288146712557586E-003
   13.7067448680352      -1.264043670630580E-003
   13.7243401759531      -1.202418754738670E-003
   13.7419354838710      -1.100061691468838E-003
   13.7595307917889      -9.558383315005100E-004
   13.7771260997067      -7.723182248763760E-004
   13.7947214076246      -5.553705215467855E-004
   13.8123167155425      -3.216309731921270E-004
   13.8299120234604      -9.569083899712949E-005
   13.8475073313783       1.064400876288500E-004
   13.8651026392962       2.752669773937530E-004
   13.8826979472141       4.048928850335036E-004
   13.9002932551320       4.919423997214170E-004
   13.9178885630499       5.353519407925145E-004
   13.9354838709677       5.359524901164082E-004
   13.9530791788856       4.965298757314927E-004
   13.9706744868035       4.218286050493756E-004
   13.9882697947214       3.187848782008258E-004
   14.0058651026393       1.978771034978992E-004
   14.0234604105572       7.099991535269184E-005
   14.0410557184751      -5.623783816802852E-005
   14.0586510263930      -1.821977970595281E-004
   14.0762463343109      -3.055951424262955E-004
   14.0938416422287      -4.261063728079412E-004
   14.1114369501466      -5.431212137932774E-004
   14.1290322580645      -6.564933621270627E-004
   14.1466275659824      -7.654368856469698E-004
   14.1642228739003      -8.693501050480744E-004
   14.1818181818182      -9.664835819039051E-004
   14.1994134897361      -1.054644145832687E-003
   14.2170087976540      -1.128551548210270E-003
   14.2346041055718      -1.184223098974349E-003
   14.2521994134897      -1.220847809003735E-003
   14.2697947214076      -1.239296281730501E-003
   14.2873900293255      -1.241248282091572E-003
   14.3049853372434      -1.229444377218103E-003
   14.3225806451613      -1.207000329770311E-003
   14.3401759530792      -1.178013300734260E-003
   14.3577712609971      -1.146779551149502E-003
   14.3753665689150      -1.118638378971280E-003
   14.3929618768328      -1.099093982106872E-003
   14.4105571847507      -1.094711627934109E-003
   14.4281524926686      -1.106199658382787E-003
   14.4457478005865      -1.129823989180547E-003
   14.4633431085044      -1.161077646700701E-003
   14.4809384164223      -1.196228673356308E-003
   14.4985337243402      -1.231194138665082E-003
   14.5161290322581      -1.262884881142682E-003
   14.5337243401760      -1.287959337903129E-003
   14.5513196480938      -1.304329192785508E-003
   14.5689149560117      -1.309858761303261E-003
   14.5865102639296      -1.304184716352956E-003
   14.6041055718475      -1.288050483313468E-003
   14.6217008797654      -1.267676061776804E-003
   14.6392961876833      -1.249875020328213E-003
   14.6568914956012      -1.238928637408396E-003
   14.6744868035191      -1.237175066598389E-003
   14.6920821114370      -1.246452542519882E-003
   14.7096774193548      -1.267056021718120E-003
   14.7272727272727      -1.299254507719535E-003
   14.7448680351906      -1.341762901893587E-003
   14.7624633431085      -1.393433327843801E-003
   14.7800586510264      -1.451325436130432E-003
   14.7976539589443      -1.512480358580137E-003
   14.8152492668622      -1.571126228378824E-003
   14.8328445747801      -1.623549960775120E-003
   14.8504398826979      -1.667493913551460E-003
   14.8680351906158      -1.702311829618995E-003
   14.8856304985337      -1.726806885898562E-003
   14.9032258064516      -1.740950770886714E-003
   14.9208211143695      -1.743859400913811E-003
   14.9384164222874      -1.735782879000257E-003
   14.9560117302053      -1.715957467495291E-003
   14.9736070381232      -1.684784949199435E-003
   14.9912023460411      -1.641551105685730E-003
   15.0087976539589      -1.586899519693987E-003
   15.0263929618768      -1.522158540073869E-003
   15.0439882697947      -1.451552580702870E-003
   15.0615835777126      -1.377885272933541E-003
   15.0791788856305      -1.305111301475657E-003
   15.0967741935484      -1.235656669068570E-003
   15.1143695014663      -1.173109753902121E-003
   15.1319648093842      -1.119408978148353E-003
   15.1495601173021      -1.077587617864750E-003
   15.1671554252199      -1.048812126823472E-003
   15.1847507331378      -1.035061638657136E-003
   15.2023460410557      -1.035634259384567E-003
   15.2199413489736      -1.046905598552368E-003
   15.2375366568915      -1.059094562471384E-003
   15.2551319648094      -1.066385728641270E-003
   15.2727272727273      -1.062292875837022E-003
   15.2903225806452      -1.043409934021435E-003
   15.3079178885631      -1.005244074586952E-003
   15.3255131964809      -9.461825527613678E-004
   15.3431085043988      -8.635568248199295E-004
   15.3607038123167      -7.576962989402114E-004
   15.3782991202346      -6.283206946205653E-004
   15.3958944281525      -4.788191387395453E-004
   15.4134897360704      -3.154213489102251E-004
   15.4310850439883      -1.521722414290916E-004
   15.4486803519062       2.359478748039656E-006
   15.4662756598240       1.398266728234450E-004
   15.4838709677419       2.562806992907089E-004
   15.5014662756598       3.464089360840094E-004
   15.5190615835777       4.089383628867961E-004
   15.5366568914956       4.410237423196994E-004
   15.5542521994135       4.440221954510675E-004
   15.5718475073314       4.180293179632153E-004
   15.5894428152493       3.681216728658245E-004
   15.6070381231672       3.009080566940052E-004
   15.6246334310850       2.334417951316908E-004
   15.6422287390029       1.777943269851704E-004
   15.6598240469208       1.433087468843042E-004
   15.6774193548387       1.337879726770977E-004
   15.6950146627566       1.539753816831554E-004
   15.7126099706745       2.035027257860806E-004
   15.7302052785924       2.836187302379645E-004
   15.7478005865103       3.901092965712606E-004
   15.7653958944282       5.203762308402572E-004
   15.7829912023460       6.651432817390814E-004
   15.8005865102639       8.150500226596130E-004
   15.8181818181818       9.483893486867699E-004
   15.8357771260997       1.050070119715236E-003
   15.8533724340176       1.111660995058545E-003
   15.8709677419355       1.131696212060303E-003
   15.8885630498534       1.108415969998154E-003
   15.9061583577713       1.045610298102043E-003
   15.9237536656892       9.455437583042316E-004
   15.9413489736070       8.161214346099818E-004
   15.9589442815249       6.633504532714444E-004
   15.9765395894428       4.996744616113853E-004
   15.9941348973607       3.360924157279991E-004
   16.0117302052786       1.935074488735684E-004
   16.0293255131965       8.385804024522914E-005
   16.0469208211144       1.166247035268858E-005
   16.0645161290323      -2.685722597656109E-005
   16.0821114369501      -3.309462361575060E-005
   16.0997067448680      -1.416374295665474E-005
   16.1173020527859       2.617917953650671E-005
   16.1348973607038       7.873404092761913E-005
   16.1524926686217       1.380955196576716E-004
   16.1700879765396       1.933096245264353E-004
   16.1876832844575       2.373875355798556E-004
   16.2052785923754       2.571954004773404E-004
   16.2228739002933       2.484448894689531E-004
   16.2404692082111       2.113944270957721E-004
   16.2580645161290       1.536495480017527E-004
   16.2756598240469       7.758134042329589E-005
   16.2932551319648      -8.685194543197494E-006
   16.3108504398827      -1.026597257064708E-004
   16.3284457478006      -1.960397549717315E-004
   16.3460410557185      -2.864441000892797E-004
   16.3636363636364      -3.655208141531560E-004
   16.3812316715543      -4.311304454341799E-004
   16.3988269794721      -4.750049471478998E-004
   16.4164222873900      -4.969022741504333E-004
   16.4340175953079      -4.968350032620684E-004
   16.4516129032258      -4.831807318082251E-004
   16.4692082111437      -4.575128503226664E-004
   16.4868035190616      -4.281964485927544E-004
   16.5043988269795      -3.966028591240228E-004
   16.5219941348974      -3.712123855780616E-004
   16.5395894428153      -3.532604352399858E-004
   16.5571847507331      -3.514006701967539E-004
   16.5747800586510      -3.667784815762251E-004
   16.5923753665689      -4.082827368930416E-004
   16.6099706744868      -4.767650801437354E-004
   16.6275659824047      -5.758995830096692E-004
   16.6451612903226      -6.966638051311040E-004
   16.6627565982405      -8.381640009689367E-004
   16.6803519061584      -9.910009663505362E-004
   16.6979472140762      -1.154456709047401E-003
   16.7155425219941      -1.318993406345228E-003
   16.7331378299120      -1.484142958381348E-003
   16.7507331378299      -1.640288972534557E-003
   16.7683284457478      -1.787304778688836E-003
   16.7859237536657      -1.915606470239652E-003
   16.8035190615836      -2.025680749365699E-003
   16.8211143695015      -2.110206485870705E-003
   16.8387096774194      -2.175692426229352E-003
   16.8563049853372      -2.218147031714777E-003
   16.8739002932551      -2.244090712529062E-003
   16.8914956011730      -2.248942151055997E-003
   16.9090909090909      -2.239191087680587E-003
   16.9266862170088      -2.209822481519876E-003
   16.9442815249267      -2.167433473321459E-003
   16.9618768328446      -2.106651809574082E-003
   16.9794721407625      -2.034316151655986E-003
   16.9970674486804      -1.944842091391564E-003
   17.0146627565982      -1.846209168208307E-003
   17.0322580645161      -1.736274443786188E-003
   17.0498533724340      -1.626684628824826E-003
   17.0674486803519      -1.515029051285456E-003
   17.0850439882698      -1.412470742209611E-003
   17.1026392961877      -1.315563016908231E-003
   17.1202346041056      -1.235128800987999E-003
   17.1378299120235      -1.166605304760745E-003
   17.1554252199413      -1.120341931703502E-003
   17.1730205278592      -1.090291870559625E-003
   17.1906158357771      -1.085790495753684E-003
   17.2082111436950      -1.097404577445008E-003
   17.2258064516129      -1.126594825984169E-003
   17.2434017595308      -1.155249006457763E-003
   17.2609970674487      -1.185543145412394E-003
   17.2785923753666      -1.202350944902847E-003
   17.2961876832845      -1.210572800897803E-003
   17.3137829912023      -1.196529603425604E-003
   17.3313782991202      -1.167496440807117E-003
   17.3489736070381      -1.111150447161692E-003
   17.3665689149560      -1.037505387365911E-003
   17.3841642228739      -9.363202358890815E-004
   17.4017595307918      -8.223367222882314E-004
   17.4193548387097      -6.935509004576331E-004
   17.4369501466276      -5.751726910018162E-004
   17.4545454545455      -4.621900878678025E-004
   17.4721407624633      -3.736774130791488E-004
   17.4897360703812      -2.995837720593104E-004
   17.5073313782991      -2.566310862552926E-004
   17.5249266862170      -2.309642821584590E-004
   17.5425219941349      -2.376250445588160E-004
   17.5601173020528      -2.587899041429985E-004
   17.5777126099707      -3.074385274427046E-004
   17.5953079178886      -3.603478615535989E-004
   17.6129032258065      -4.246664207404768E-004
   17.6304985337243      -4.699341346794543E-004
   17.6480938416422      -5.117256242589967E-004
   17.6656891495601      -5.275248292414024E-004
   17.6832844574780      -5.400719092924857E-004
   17.7008797653959      -5.275084956428645E-004
   17.7184750733138      -5.175500320093585E-004
   17.7360703812317      -4.874681822280711E-004
   17.7536656891496      -4.701170850266554E-004
   17.7712609970675      -4.410012695402456E-004
   17.7888563049853      -4.392383977981079E-004
   17.8064516129032      -4.384866675236429E-004
   17.8240469208211      -4.836368739758723E-004
   17.8416422287390      -5.331398039260237E-004
   17.8592375366569      -6.301165313928585E-004
   17.8768328445748      -7.204535220948959E-004
   17.8944281524927      -8.577201880098014E-004
   17.9120234604106      -9.719606555619894E-004
   17.9296187683284      -1.135546175647632E-003
   17.9472140762463      -1.250995111744013E-003
   17.9648093841642      -1.430221089218108E-003
   17.9824046920821      -1.512240270344359E-003
   18.0000000000000      -1.761394646162999E-003
