  0.000000000000000E+000  2.658808485540275E-003
  1.759530791788856E-002  2.090840187186540E-003
  3.519061583577713E-002  1.971964196267891E-003
  5.278592375366570E-002  1.738527849209259E-003
  7.038123167155426E-002  1.655188311758694E-003
  8.797653958944282E-002  1.502753645270046E-003
  0.105571847507331       1.440193119866145E-003
  0.123167155425220       1.327895035162280E-003
  0.140762463343109       1.279516122749697E-003
  0.158357771260997       1.192094597579328E-003
  0.175953079178886       1.154082201856828E-003
  0.193548387096774       1.083765161854587E-003
  0.211143695014663       1.053486724166111E-003
  0.228739002932551       9.953616893750552E-004
  0.246334310850440       9.705864437911412E-004
  0.263929618768328       9.212140935162294E-004
  0.281524926686217       9.003407880574621E-004
  0.299120234604106       8.574118561878894E-004
  0.316715542521994       8.393035949640757E-004
  0.334310850439883       8.011879654290288E-004
  0.351906158357771       7.850246684511708E-004
  0.369501466275660       7.505627141373950E-004
  0.387096774193548       7.357843302254148E-004
  0.404692082111437       7.042021324368164E-004
  0.422287390029326       6.905760838283018E-004
  0.439882697947214       6.616185798715142E-004
  0.457478005865103       6.492988345396776E-004
  0.475073313782991       6.229121979845829E-004
  0.492668621700880       6.120256667736808E-004
  0.510263929618768       5.881727266323713E-004
  0.527859237536657       5.788544356269434E-004
  0.545454545454546       5.575547678059585E-004
  0.563049853372434       5.499781179197333E-004
  0.580645161290323       5.313290360016669E-004
  0.598240469208211       5.257461123863491E-004
  0.615835777126100       5.099968837818339E-004
  0.633431085043988       5.068236447532013E-004
  0.651026392961877       4.942359680882458E-004
  0.668621700879765       4.936092233284295E-004
  0.686217008797654       4.840998978801409E-004
  0.703812316715543       4.858989297342334E-004
  0.721407624633431       4.792076544383384E-004
  0.739002932551320       4.831421445930010E-004
  0.756598240469208       4.788429287367905E-004
  0.774193548387097       4.844291330207994E-004
  0.791788856304985       4.818675572417678E-004
  0.809384164222874       4.882786398586004E-004
  0.826979472140763       4.862714708580655E-004
  0.844574780058651       4.922153967788129E-004
  0.862170087976540       4.896934539451497E-004
  0.879765395894428       4.944943630957673E-004
  0.897360703812317       4.909837131983904E-004
  0.914956011730205       4.943478978629888E-004
  0.932551319648094       4.896607908666660E-004
  0.950146627565982       4.915439316020876E-004
  0.967741935483871       4.857340545714453E-004
  0.985337243401760       4.863414006912503E-004
   1.00293255131965       4.797606911099857E-004
   1.02052785923754       4.796953476742566E-004
   1.03812316715543       4.730703511672389E-004
   1.05571847507331       4.728996725817910E-004
   1.07331378299120       4.664738531659534E-004
   1.09090909090909       4.662762329370138E-004
   1.10850439882698       4.600212938445885E-004
   1.12609970674487       4.597162123845396E-004
   1.14369501466276       4.534877969819499E-004
   1.16129032258065       4.529002830295806E-004
   1.17888563049853       4.464735275166291E-004
   1.19648093841642       4.453542172894336E-004
   1.21407624633431       4.384467418136419E-004
   1.23167155425220       4.366269971521864E-004
   1.24926686217009       4.293215640810417E-004
   1.26686217008798       4.270918352225996E-004
   1.28445747800587       4.197053607286914E-004
   1.30205278592375       4.173697405986616E-004
   1.31964809384164       4.101711159346211E-004
   1.33724340175953       4.079743028140979E-004
   1.35483870967742       4.011610025483675E-004
   1.37243401759531       3.992564174602511E-004
   1.39002932551320       3.929042810860709E-004
   1.40762463343109       3.912471147501167E-004
   1.42521994134897       3.849922720277695E-004
   1.44281524926686       3.828001539622429E-004
   1.46041055718475       3.756990280117872E-004
   1.47800586510264       3.722000216592648E-004
   1.49560117302053       3.636737385990874E-004
   1.51319648093842       3.584430936444458E-004
   1.53079178885631       3.481979301227985E-004
   1.54838709677419       3.410839968431307E-004
   1.56598240469208       3.291126799166833E-004
   1.58357771260997       3.202929734270559E-004
   1.60117302052786       3.070189105846233E-004
   1.61876832844575       2.973942773963885E-004
   1.63636363636364       2.843771521701831E-004
   1.65395894428153       2.757417812109835E-004
   1.67155425219941       2.643868306788994E-004
   1.68914956011730       2.577111848836898E-004
   1.70674486803519       2.486920778425893E-004
   1.72434017595308       2.444139205466767E-004
   1.74193548387097       2.379441106960077E-004
   1.75953079178886       2.360569634911372E-004
   1.77712609970675       2.318768328041273E-004
   1.79472140762463       2.318191585985322E-004
   1.81231671554252       2.288629509058784E-004
   1.82991202346041       2.287997722159840E-004
   1.84750733137830       2.248273076150598E-004
   1.86510263929619       2.229361884963127E-004
   1.88269794721408       2.167586443957120E-004
   1.90029325513196       2.122741019397539E-004
   1.91788856304985       2.034235914902270E-004
   1.93548387096774       1.961441718876324E-004
   1.95307917888563       1.846705361156567E-004
   1.97067448680352       1.749170661922971E-004
   1.98826979472141       1.614494347543654E-004
   2.00586510263930       1.503018648538521E-004
   2.02346041055718       1.366519959264900E-004
   2.04105571847507       1.265245362293240E-004
   2.05865102639296       1.148544409894018E-004
   2.07624633431085       1.071619084508814E-004
   2.09384164222874       9.834381490330621E-005
   2.11143695014663       9.361591253524866E-005
   2.12903225806452       8.788832833621471E-005
   2.14662756598241       8.609947000941883E-005
   2.16422287390029       8.316517469820860E-005
   2.18181818181818       8.371768639313201E-005
   2.19941348973607       8.259280380568023E-005
   2.21700879765396       8.387311287105324E-005
   2.23460410557185       8.220497099093215E-005
   2.25219941348974       8.183703811025086E-005
   2.26979472140762       7.796952257366118E-005
   2.28739002932551       7.494739290103956E-005
   2.30498533724340       6.826412435894783E-005
   2.32258064516129       6.227350808406957E-005
   2.34017595307918       5.272441555472012E-005
   2.35777126099707       4.397655218465208E-005
   2.37536656891496       3.205111988989087E-005
   2.39296187683284       2.136645063493399E-005
   2.41055718475073       8.394449260686693E-006
   2.42815249266862      -2.126828169316253E-006
   2.44574780058651      -1.364298775705841E-005
   2.46334310850440      -2.194340763505795E-005
   2.48093841642229      -3.064597332053229E-005
   2.49853372434018      -3.581673558533591E-005
   2.51612903225806      -4.110341661641219E-005
   2.53372434017595      -4.280295507951039E-005
   2.55131964809384      -4.457876181840540E-005
   2.56891495601173      -4.296332616692468E-005
   2.58651026392962      -4.167037655533495E-005
   2.60410557184751      -3.756867506874155E-005
   2.62170087976540      -3.468844007990010E-005
   2.63929618768328      -3.025394687662999E-005
   2.65689149560117      -2.793414854851448E-005
   2.67448680351906      -2.474577459782691E-005
   2.69208211143695      -2.410466833999780E-005
   2.70967741935484      -2.299911746603336E-005
   2.72727272727273      -2.465134867779258E-005
   2.74486803519062      -2.604802312930711E-005
   2.76246334310850      -3.022684915881807E-005
   2.78005865102639      -3.416092626196720E-005
   2.79765395894428      -4.067093446294401E-005
   2.81524926686217      -4.658241247180946E-005
   2.83284457478006      -5.433806203739583E-005
   2.85043988269795      -6.087045682133201E-005
   2.86803519061584      -6.872232612144273E-005
   2.88563049853372      -7.502373289326245E-005
   2.90322580645161      -8.230110442874066E-005
   2.92082111436950      -8.782154192243058E-005
   2.93841642228739      -9.407182518105944E-005
   2.95601173020528      -9.844221746798297E-005
   2.97360703812317      -1.033766679159351E-004
   2.99120234604106      -1.063892651359283E-004
   3.00879765395894      -1.099053673165542E-004
   3.02639296187683      -1.116280890297987E-004
   3.04398826979472      -1.139735189555643E-004
   3.06158357771261      -1.147015239421129E-004
   3.07917888563050      -1.161168584480383E-004
   3.09677419354839      -1.160440635789389E-004
   3.11436950146628      -1.167030990533779E-004
   3.13196480938416      -1.159910898237051E-004
   3.14956011730205      -1.160513885112847E-004
   3.16715542521994      -1.148573432932801E-004
   3.18475073313783      -1.144828118236026E-004
   3.20234604105572      -1.129851240072316E-004
   3.21994134897361      -1.123877168586547E-004
   3.23753665689150      -1.108257246063039E-004
   3.25513196480938      -1.102180743416933E-004
   3.27272727272727      -1.087401965250024E-004
   3.29032258064516      -1.082242053992199E-004
   3.30791788856305      -1.069012524022268E-004
   3.32551319648094      -1.065231341864682E-004
   3.34310850439883      -1.053779475260880E-004
   3.36070381231672      -1.051390436022142E-004
   3.37829912023460      -1.041493193448910E-004
   3.39589442815249      -1.040020353763195E-004
   3.41348973607038      -1.030847490620262E-004
   3.43108504398827      -1.029157026172726E-004
   3.44868035190616      -1.019693326060524E-004
   3.46627565982405      -1.017223630785322E-004
   3.48387096774194      -1.007200534028826E-004
   3.50146627565982      -1.003786815187944E-004
   3.51906158357771      -9.930613724058562E-005
   3.53665689149560      -9.885575874762556E-005
   3.55425219941349      -9.769399122395319E-005
   3.57184750733138      -9.710902372227048E-005
   3.58944281524927      -9.582050588200022E-005
   3.60703812316716      -9.504225238902167E-005
   3.62463343108504      -9.352724553496985E-005
   3.64222873900293      -9.242570583712102E-005
   3.65982404692082      -9.057469538103379E-005
   3.67741935483871      -8.908956366552437E-005
   3.69501466275660      -8.687724310421707E-005
   3.71260997067449      -8.500790218863599E-005
   3.73020527859238      -8.245410485868629E-005
   3.74780058651026      -8.024062130534911E-005
   3.76539589442815      -7.740518768913947E-005
   3.78299120234604      -7.493084744722695E-005
   3.80058651026393      -7.192643818988835E-005
   3.81818181818182      -6.935064551503588E-005
   3.83577712609971      -6.637268360871951E-005
   3.85337243401760      -6.385889745510421E-005
   3.87096774193548      -6.099547641312617E-005
   3.88856304985337      -5.857990509383953E-005
   3.90615835777126      -5.583579562582828E-005
   3.92375366568915      -5.349861805352892E-005
   3.94134897360704      -5.083043398484850E-005
   3.95894428152493      -4.850517681361224E-005
   3.97653958944282      -4.581943855735778E-005
   3.99413489736070      -4.338037255643944E-005
   4.01173020527859      -4.049960386409412E-005
   4.02932551319648      -3.772126402368458E-005
   4.04692082111437      -3.445775869357393E-005
   4.06451612903226      -3.126866789382032E-005
   4.08211143695015      -2.764273443896124E-005
   4.09970674486804      -2.411128181520610E-005
   4.11730205278592      -2.022386887609889E-005
   4.13489736070381      -1.647980264192053E-005
   4.15249266862170      -1.248680739513210E-005
   4.17008797653959      -8.713639807853197E-006
   4.18768328445748      -4.828565671637135E-006
   4.20527859237537      -1.281537691592796E-006
   4.22287390029326       2.200004010114991E-006
   4.24046920821114       5.260559079630938E-006
   4.25806451612903       8.209567971308830E-006
   4.27565982404692       1.076853573099501E-005
   4.29325513196481       1.322084528428872E-005
   4.31085043988270       1.534260796722689E-005
   4.32844574780059       1.738710415810096E-005
   4.34604105571848       1.918240718645308E-005
   4.36363636363636       2.095304243138878E-005
   4.38123167155425       2.258152796823844E-005
   4.39882697947214       2.427203857433333E-005
   4.41642228739003       2.597817548112271E-005
   4.43401759530792       2.786263292338152E-005
   4.45161290322581       2.985342355480366E-005
   4.46920821114370       3.202583961885807E-005
   4.48680351906158       3.432348186421152E-005
   4.50439882697947       3.676880497248645E-005
   4.52199413489736       3.932994640624457E-005
   4.53958944281525       4.198166817213569E-005
   4.55718475073314       4.471797359588752E-005
   4.57478005865103       4.746746184054248E-005
   4.59237536656892       5.024880059179186E-005
   4.60997067448680       5.294403710478571E-005
   4.62756598240469       5.563816321806800E-005
   4.64516129032258       5.825703509699033E-005
   4.66275659824047       6.096235872549326E-005
   4.68035190615836       6.364729732141667E-005
   4.69794721407625       6.650302431312638E-005
   4.71554252199414       6.938453988461729E-005
   4.73313782991202       7.250885592117785E-005
   4.75073313782991       7.569027019122415E-005
   4.76832844574780       7.916690789011937E-005
   4.78592375366569       8.270680280759557E-005
   4.80351906158358       8.655467701612410E-005
   4.82111436950147       9.038060645417876E-005
   4.83870967741935       9.436722197638001E-005
   4.85630498533724       9.813881246654931E-005
   4.87390029325513       1.019417458021120E-004
   4.89149560117302       1.053914970820045E-004
   4.90909090909091       1.087800878640115E-004
   4.92668621700880       1.117070638878344E-004
   4.94428152492669       1.145053887937711E-004
   4.96187683284458       1.167580114839074E-004
   4.97947214076246       1.188389864326166E-004
   4.99706744868035       1.203190308727794E-004
   5.01466275659824       1.216342445114202E-004
   5.03225806451613       1.224101468609542E-004
   5.04985337243402       1.231636969878805E-004
   5.06744868035191       1.234858401747785E-004
   5.08504398826980       1.239037936128763E-004
   5.10263929618768       1.239721888751223E-004
   5.12023460410557       1.242345614148352E-004
   5.13782991202346       1.242117455816455E-004
   5.15542521994135       1.244628510946703E-004
   5.17302052785924       1.244734097864956E-004
   5.19061583577713       1.248130435660881E-004
   5.20821114369502       1.249173670925195E-004
   5.22580645161290       1.253170801968431E-004
   5.24340175953079       1.253722502517674E-004
   5.26099706744868       1.256465419096291E-004
   5.27859237536657       1.255050293317616E-004
   5.29618768328446       1.255495313160913E-004
   5.31378299120235       1.251368165320976E-004
   5.33137829912024       1.249017333279780E-004
   5.34897360703812       1.241912829910652E-004
   5.36656891495601       1.236728533383391E-004
   5.38416422287390       1.226866693768341E-004
   5.40175953079179       1.219394849596986E-004
   5.41935483870968       1.207913342283047E-004
   5.43695014662757       1.200119157281828E-004
   5.45454545454546       1.189340673516790E-004
   5.47214076246334       1.183175758093992E-004
   5.48973607038123       1.174591267560044E-004
   5.50733137829912       1.171226368090118E-004
   5.52492668621701       1.165739729335176E-004
   5.54252199413490       1.165813876013785E-004
   5.56011730205279       1.163785546560334E-004
   5.57771260997067       1.167317402845675E-004
   5.59530791788856       1.168323250728930E-004
   5.61290322580645       1.174052289477469E-004
   5.63049853372434       1.175203231280892E-004
   5.64809384164223       1.178855773419461E-004
   5.66568914956012       1.176072270990638E-004
   5.68328445747801       1.174555677496336E-004
   5.70087976539589       1.165523070407875E-004
   5.71847507331378       1.157094113707289E-004
   5.73607038123167       1.140579630165834E-004
   5.75366568914956       1.124488397227838E-004
   5.77126099706745       1.100246766068104E-004
   5.78885630498534       1.076804757444727E-004
   5.80645161290323       1.045908633647142E-004
   5.82404692082111       1.017339483703252E-004
   5.84164222873900       9.829383958916763E-005
   5.85923753665689       9.521246476637396E-005
   5.87683284457478       9.162002713859636E-005
   5.89442815249267       8.845329645426961E-005
   5.91202346041056       8.481682775602039E-005
   5.92961876832845       8.165078849022327E-005
   5.94721407624634       7.804022307755574E-005
   5.96480938416422       7.493101585682973E-005
   5.98240469208211       7.139070414506706E-005
   6.00000000000000       6.836994931936896E-005
   6.01759530791789       6.491202608679198E-005
   6.03519061583578       6.195767792285836E-005
   6.05278592375367       5.853422797598863E-005
   6.07038123167156       5.560074903270885E-005
   6.08797653958944       5.218097056277542E-005
   6.10557184750733       4.924930737461433E-005
   6.12316715542522       4.582524904906345E-005
   6.14076246334311       4.289833567160846E-005
   6.15835777126100       3.948542996586054E-005
   6.17595307917889       3.659304930263239E-005
   6.19354838709677       3.323971789531887E-005
   6.21114369501466       3.045870305972530E-005
   6.22873900293255       2.727073773583673E-005
   6.24633431085044       2.469192270304338E-005
   6.26392961876833       2.170435493368355E-005
   6.28152492668622       1.931823784293594E-005
   6.29912023460411       1.650233131300368E-005
   6.31671554252199       1.426968617308354E-005
   6.33431085043988       1.158009784260196E-005
   6.35190615835777       9.451952470894722E-006
   6.36950146627566       6.839071845973658E-006
   6.38709677419355       4.767474564952037E-006
   6.40469208211144       2.190206683009850E-006
   6.42228739002933       1.548900771226186E-007
   6.43988269794721      -2.370331940391372E-006
   6.45747800586510      -4.331489274982024E-006
   6.47507331378299      -6.773704837657997E-006
   6.49266862170088      -8.642916175683805E-006
   6.51026392961877      -1.099152876855375E-005
   6.52785923753666      -1.276286553831002E-005
   6.54545454545455      -1.501361293363829E-005
   6.56304985337243      -1.668261694768348E-005
   6.58064516129032      -1.882725241542225E-005
   6.59824046920821      -2.037766597598486E-005
   6.61583577712610      -2.238005083599493E-005
   6.63343108504399      -2.375128088384065E-005
   6.65102639296188      -2.555714310642833E-005
   6.66862170087977      -2.673419949827911E-005
   6.68621700879765      -2.836270827128042E-005
   6.70381231671554      -2.938587187666006E-005
   6.72140762463343      -3.089246824122491E-005
   6.73900293255132      -3.182979394787090E-005
   6.75659824046921      -3.329275005147599E-005
   6.77419354838710      -3.423135456642937E-005
   6.79178885630499      -3.574452570235361E-005
   6.80938416422287      -3.678108009291616E-005
   6.82697947214076      -3.841327685407767E-005
   6.84457478005865      -3.954583770874121E-005
   6.86217008797654      -4.123658873963836E-005
   6.87976539589443      -4.239674204153643E-005
   6.89736070381232      -4.408933356160148E-005
   6.91495601173021      -4.523064573392085E-005
   6.93255131964809      -4.688720258645496E-005
   6.95014662756598      -4.797947898712727E-005
   6.96774193548387      -4.957577825807652E-005
   6.98533724340176      -5.059924182057852E-005
   7.00293255131965      -5.211569554773730E-005
   7.02052785923754      -5.303665749688004E-005
   7.03812316715543      -5.440492417574907E-005
   7.05571847507331      -5.513475002533952E-005
   7.07331378299120      -5.628304001658840E-005
   7.09090909090909      -5.677892620995644E-005
   7.10850439882698      -5.768855758004870E-005
   7.12609970674487      -5.795459782370377E-005
   7.14369501466276      -5.865183023634116E-005
   7.16129032258065      -5.873763927419694E-005
   7.17888563049853      -5.929741129282406E-005
   7.19648093841642      -5.930796259294047E-005
   7.21407624633431      -5.987406426628820E-005
   7.23167155425220      -5.996825099587925E-005
   7.24926686217009      -6.064026235480411E-005
   7.26686217008798      -6.083331417841343E-005
   7.28445747800587      -6.158470630634865E-005
   7.30205278592375      -6.183928430970961E-005
   7.31964809384164      -6.262940044851636E-005
   7.33724340175953      -6.290556476199507E-005
   7.35483870967742      -6.369734333545605E-005
   7.37243401759531      -6.396327958427198E-005
   7.39002932551320      -6.473162232986474E-005
   7.40762463343109      -6.497109776036641E-005
   7.42521994134897      -6.569441664934142E-005
   7.44281524926686      -6.584544193856986E-005
   7.46041055718475      -6.641335481010786E-005
   7.47800586510264      -6.635117150471917E-005
   7.49560117302053      -6.664784595531661E-005
   7.51319648093842      -6.627007152344137E-005
   7.53079178885631      -6.620891488682345E-005
   7.54838709677419      -6.544842432690142E-005
   7.56598240469208      -6.498570976775460E-005
   7.58357771260997      -6.382925894912221E-005
   7.60117302052786      -6.299471932506342E-005
   7.61876832844575      -6.154706012665689E-005
   7.63636363636364      -6.053142161236008E-005
   7.65395894428153      -5.898971224091029E-005
   7.67155425219941      -5.791923008625502E-005
   7.68914956011730      -5.635168148490140E-005
   7.70674486803519      -5.526513772447690E-005
   7.72434017595308      -5.369316742025921E-005
   7.74193548387097      -5.260221132363359E-005
   7.75953079178886      -5.103377542135723E-005
   7.77712609970675      -4.994906525161012E-005
   7.79472140762463      -4.840570901006661E-005
   7.81231671554252      -4.737869425244659E-005
   7.82991202346041      -4.596347610440280E-005
   7.84750733137830      -4.511293260088842E-005
   7.86510263929619      -4.389384154669626E-005
   7.88269794721408      -4.322562796296724E-005
   7.90029325513197      -4.216963599943327E-005
   7.91788856304985      -4.162431910727596E-005
   7.93548387096774      -4.065171620002002E-005
   7.95307917888563      -4.013340302222823E-005
   7.97067448680352      -3.913608887489445E-005
   7.98826979472141      -3.852809266771302E-005
   8.00586510263930      -3.738791917833766E-005
   8.02346041055718      -3.660124402872572E-005
   8.04105571847507      -3.530487607117509E-005
   8.05865102639296      -3.438782871982590E-005
   8.07624633431085      -3.298341001869669E-005
   8.09384164222874      -3.195932635762221E-005
   8.11143695014663      -3.045106724413907E-005
   8.12903225806452      -2.930834938465393E-005
   8.14662756598241      -2.767215111355579E-005
   8.16422287390029      -2.637675723260887E-005
   8.18181818181818      -2.457268335502327E-005
   8.19941348973607      -2.308456459001590E-005
   8.21700879765396      -2.109661317188365E-005
   8.23460410557185      -1.947881282126506E-005
   8.25219941348974      -1.745141829266950E-005
   8.26979472140763      -1.585066526158100E-005
   8.28739002932551      -1.388726200484398E-005
   8.30498533724340      -1.236747786019677E-005
   8.32258064516129      -1.049815683025374E-005
   8.34017595307918      -9.057793013952590E-006
   8.35777126099707      -7.250373143034668E-006
   8.37536656891496      -5.826121315717216E-006
   8.39296187683285      -3.984806212165362E-006
   8.41055718475073      -2.445213626087014E-006
   8.42815249266862      -4.422567082285472E-007
   8.44574780058651       1.249114173757393E-006
   8.46334310850440       3.344189643874097E-006
   8.48093841642229       5.083230495143656E-006
   8.49853372434018       7.176175251243852E-006
   8.51612903225807       8.885774155411016E-006
   8.53372434017595       1.091984698774905E-005
   8.55131964809384       1.256710422213925E-005
   8.56891495601173       1.453687288650279E-005
   8.58651026392962       1.614922697041355E-005
   8.60410557184751       1.812554544437522E-005
   8.62170087976540       1.982196146650513E-005
   8.63929618768329       2.191646935861309E-005
   8.65689149560117       2.372109253639652E-005
   8.67448680351906       2.587937061167537E-005
   8.69208211143695       2.771494694517360E-005
   8.70967741935484       2.985958356411040E-005
   8.72727272727273       3.165661868237817E-005
   8.74486803519062       3.373264429810002E-005
   8.76246334310851       3.545678594569179E-005
   8.78005865102639       3.745851233173569E-005
   8.79765395894428       3.914457663152841E-005
   8.81524926686217       4.117419494951674E-005
   8.83284457478006       4.299337545841380E-005
   8.85043988269795       4.520092860601428E-005
   8.86803519061584       4.720752456140787E-005
   8.88563049853373       4.957753515819242E-005
   8.90322580645161       5.172653218234120E-005
   8.92082111436950       5.420040090730403E-005
   8.93841642228739       5.642925900230924E-005
   8.95601173020528       5.894812451605788E-005
   8.97360703812317       6.121045669117035E-005
   8.99120234604106       6.375085059232191E-005
   9.00879765395895       6.607091603824089E-005
   9.02639296187683       6.874234272577903E-005
   9.04398826979472       7.128320203664473E-005
   9.06158357771261       7.419778655988765E-005
   9.07917888563050       7.698109020620907E-005
   9.09677419354839       8.010329951331205E-005
   9.11436950146628       8.306082849337962E-005
   9.13196480938416       8.630005284385588E-005
   9.14956011730205       8.932732082476422E-005
   9.16715542521994       9.257249214349034E-005
   9.18475073313783       9.556088373538626E-005
   9.20234604105572       9.872072387104824E-005
   9.21994134897361       1.016443145511370E-004
   9.23753665689150       1.048221151569665E-004
   9.25513196480938       1.078673436463856E-004
   9.27272727272727       1.112141840165567E-004
   9.29032258064516       1.144641412471747E-004
   9.30791788856305       1.180149881753453E-004
   9.32551319648094       1.214671156223825E-004
   9.34310850439883       1.251890133190302E-004
   9.36070381231672       1.287850075100033E-004
   9.37829912023460       1.325997153682492E-004
   9.39589442815249       1.362475940697908E-004
   9.41348973607038       1.400691093259008E-004
   9.43108504398827       1.437529468603434E-004
   9.44868035190616       1.476689346984193E-004
   9.46627565982405       1.515064993162031E-004
   9.48387096774194       1.555933634006513E-004
   9.50146627565982       1.596129738814295E-004
   9.51906158357771       1.638583454817924E-004
   9.53665689149560       1.680100315526041E-004
   9.55425219941349       1.723279966124141E-004
   9.57184750733138       1.764905228269484E-004
   9.58944281524927       1.807242693498803E-004
   9.60703812316716       1.847037732976162E-004
   9.62463343108504       1.886610144508848E-004
   9.64222873900293       1.923679177749865E-004
   9.65982404692082       1.960936280325737E-004
   9.67741935483871       1.996205096037714E-004
   9.69501466275660       2.031903826639050E-004
   9.71260997067449       2.065877082195088E-004
   9.73020527859238       2.100246778719359E-004
   9.74780058651026       2.132854509986657E-004
   9.76539589442815       2.165500987409034E-004
   9.78299120234604       2.195987717286211E-004
   9.80058651026393       2.225732749927335E-004
   9.81818181818182       2.252543297969055E-004
   9.83577712609971       2.278280344088125E-004
   9.85337243401760       2.301760431767182E-004
   9.87096774193548       2.324895590958224E-004
   9.88856304985337       2.346590877433298E-004
   9.90615835777126       2.368502517690068E-004
   9.92375366568915       2.389548036762367E-004
   9.94134897360704       2.411064251913533E-004
   9.95894428152493       2.431918311648573E-004
   9.97653958944282       2.453040034311766E-004
   9.99413489736071       2.473124067315445E-004
   10.0117302052786       2.492409632081166E-004
   10.0293255131965       2.509536244971455E-004
   10.0469208211144       2.525383197218068E-004
   10.0645161290323       2.539537400790266E-004
   10.0821114369501       2.552988840496440E-004
   10.0997067448680       2.565541978156136E-004
   10.1173020527859       2.578040825640626E-004
   10.1348973607038       2.590376821617840E-004
   10.1524926686217       2.603136305198109E-004
   10.1700879765396       2.616177620798347E-004
   10.1876832844575       2.629678694068067E-004
   10.2052785923754       2.643148835688824E-004
   10.2228739002933       2.655811402751113E-004
   10.2404692082111       2.667130224033680E-004
   10.2580645161290       2.677006277703993E-004
   10.2756598240469       2.685686521630148E-004
   10.2932551319648       2.693207061790531E-004
   10.3108504398827       2.700131677494197E-004
   10.3284457478006       2.706448004735335E-004
   10.3460410557185       2.712885807103305E-004
   10.3636363636364       2.719261870172568E-004
   10.3812316715543       2.726311839877716E-004
   10.3988269794721       2.733456198915440E-004
   10.4164222873900       2.740813591534895E-004
   10.4340175953079       2.746674202219711E-004
   10.4516129032258       2.751474313216773E-004
   10.4692082111437       2.754183595457710E-004
   10.4868035190616       2.755872152916971E-004
   10.5043988269795       2.755720901810499E-004
   10.5219941348974       2.755177572467929E-004
   10.5395894428153       2.753481088450588E-004
   10.5571847507331       2.752336811662514E-004
   10.5747800586510       2.750910149322306E-004
   10.5923753665689       2.751003975297086E-004
   10.6099706744868       2.751271418286449E-004
   10.6275659824047       2.752121297637404E-004
   10.6451612903226       2.750705498588433E-004
   10.6627565982405       2.747801704635853E-004
   10.6803519061584       2.741194738399757E-004
   10.6979472140762       2.732313435837019E-004
   10.7155425219941       2.719288171535538E-004
   10.7331378299120       2.704086348951349E-004
   10.7507331378299       2.685118613550407E-004
   10.7683284457478       2.664855987769359E-004
   10.7859237536657       2.641977787924328E-004
   10.8035190615836       2.619469117199547E-004
   10.8211143695015       2.595623684220073E-004
   10.8387096774194       2.571637753327631E-004
   10.8563049853372       2.544161717142256E-004
   10.8739002932551       2.514575876560161E-004
   10.8914956011730       2.479763782787000E-004
   10.9090909090909       2.441596676956164E-004
   10.9266862170088       2.397264264143610E-004
   10.9442815249267       2.349217666625347E-004
   10.9618768328446       2.295065627988490E-004
   10.9794721407625       2.238023517598993E-004
   10.9970674486804       2.176419384106212E-004
   11.0146627565982       2.114884196367944E-004
   11.0322580645161       2.051806339030373E-004
   11.0498533724340       1.989829832572633E-004
   11.0674486803519       1.925613030554516E-004
   11.0850439882698       1.861401005812603E-004
   11.1026392961877       1.793582056054416E-004
   11.1202346041056       1.724484815000376E-004
   11.1378299120235       1.650514592384409E-004
   11.1554252199413       1.574319618111034E-004
   11.1730205278592       1.492605057593792E-004
   11.1906158357771       1.408690672441666E-004
   11.2082111436950       1.320453917760403E-004
   11.2258064516129       1.233424624399287E-004
   11.2434017595308       1.145876075125487E-004
   11.2609970674487       1.061634541779140E-004
   11.2785923753666       9.774213684971580E-005
   11.2961876832845       8.963788439012863E-005
   11.3137829912023       8.145724168895222E-005
   11.3313782991202       7.348040632191682E-005
   11.3489736070381       6.527463841259013E-005
   11.3665689149560       5.710548561690611E-005
   11.3841642228739       4.852291801485523E-005
   11.4017595307918       3.980899393557112E-005
   11.4193548387097       3.061534727607287E-005
   11.4369501466276       2.146521034086462E-005
   11.4545454545455       1.208456740570948E-005
   11.4721407624633       2.915719904694986E-006
   11.4897360703812      -6.394449397856275E-006
   11.5073313782991      -1.545887872885248E-005
   11.5249266862170      -2.468901506996383E-005
   11.5425219941349      -3.374135371631878E-005
   11.5601173020528      -4.307854128753030E-005
   11.5777126099707      -5.239563020206118E-005
   11.5953079178886      -6.220223503314212E-005
   11.6129032258065      -7.220065015208249E-005
   11.6304985337243      -8.268268869528302E-005
   11.6480938416422      -9.303654576558486E-005
   11.6656891495601      -1.034896220526643E-004
   11.6832844574780      -1.134810920579775E-004
   11.7008797653959      -1.232993589339538E-004
   11.7184750733138      -1.324396471496301E-004
   11.7360703812317      -1.412590859111966E-004
   11.7536656891496      -1.493214184848930E-004
   11.7712609970675      -1.570716914738210E-004
   11.7888563049853      -1.641727271046570E-004
   11.8064516129032      -1.712315262715304E-004
   11.8240469208211      -1.780338880634528E-004
   11.8416422287390      -1.849997827865332E-004
   11.8592375366569      -1.915848077686483E-004
   11.8768328445748      -1.980824886691361E-004
   11.8944281524927      -2.039129276084933E-004
   11.9120234604106      -2.093620527172770E-004
   11.9296187683284      -2.138603792543739E-004
   11.9472140762463      -2.177260777322430E-004
   11.9648093841642      -2.204377056911122E-004
   11.9824046920821      -2.223977235363117E-004
   12.0000000000000      -2.232188141933333E-004
   12.0175953079179      -2.236336982980691E-004
   12.0351906158358      -2.236503558661313E-004
   12.0527859237537      -2.239239496085302E-004
   12.0703812316716      -2.241662936148125E-004
   12.0879765395894      -2.248588881950868E-004
   12.1055718475073      -2.255903244132349E-004
   12.1231671554252      -2.267493953847929E-004
   12.1407624633431      -2.278470840450220E-004
   12.1583577712610      -2.292059339295707E-004
   12.1759530791789      -2.302800915644655E-004
   12.1935483870968      -2.313386283149982E-004
   12.2111436950147      -2.317785565691360E-004
   12.2287390029326      -2.317528775247802E-004
   12.2463343108504      -2.305527082482652E-004
   12.2639296187683      -2.283056563175213E-004
   12.2815249266862      -2.243247471650415E-004
   12.2991202346041      -2.187570589550139E-004
   12.3167155425220      -2.109584849033524E-004
   12.3343108504399      -2.011297310133162E-004
   12.3519061583578      -1.887231502264644E-004
   12.3695014662757      -1.740757651277302E-004
   12.3870967741935      -1.568753171619347E-004
   12.4046920821114      -1.379457016607389E-004
   12.4222873900293      -1.183080152314126E-004
   12.4398826979472      -1.000726703585571E-004
   12.4574780058651      -8.381727487622015E-005
   12.4750733137830      -7.057981937998995E-005
   12.4926686217009      -6.026119985074921E-005
   12.5102639296188      -5.328407164146377E-005
   12.5278592375367      -4.901670344150938E-005
   12.5454545454545      -4.731840717048733E-005
   12.5630498533724      -4.700390463611998E-005
   12.5806451612903      -4.727475505967676E-005
   12.5982404692082      -4.618864571002038E-005
   12.6158357771261      -4.211800499869950E-005
   12.6334310850440      -3.464452471194645E-005
   12.6510263929619      -2.535841153366411E-005
   12.6686217008798      -1.517424260251249E-005
   12.6862170087977      -5.737856572753441E-006
   12.7038123167155       2.202606585433947E-006
   12.7214076246334       7.349913759749388E-006
   12.7390029325513       9.458951480117688E-006
   12.7565982404692       7.937747776221444E-006
   12.7741935483871       3.584964947178915E-006
   12.7917888563050      -2.701594839367882E-006
   12.8093841642229      -6.844040205297885E-006
   12.8269794721408      -3.128338099052108E-006
   12.8445747800587       1.202333309614920E-005
   12.8621700879765       3.879158913499314E-005
   12.8797653958944       7.664558816637235E-005
   12.8973607038123       1.233151800626110E-004
   12.9149560117302       1.761352687235020E-004
   12.9325513196481       2.309915209566731E-004
   12.9501466275660       2.833693777378409E-004
   12.9677419354839       3.273138601427553E-004
   12.9853372434018       3.561978683984164E-004
   13.0029325513196       3.613511133524670E-004
   13.0205278592375       3.364440791400503E-004
   13.0381231671554       2.861860829800883E-004
   13.0557184750733       2.195605209595200E-004
   13.0733137829912       1.453865350562423E-004
   13.0909090909091       7.340713986000639E-005
   13.1085043988270       1.282272328358308E-005
   13.1260997067449      -2.662377884870099E-005
   13.1436950146628      -3.589590867221126E-005
   13.1612903225806      -5.661158183136339E-006
   13.1788856304985       7.244137519830551E-005
   13.1964809384164       2.066673951098192E-004
   13.2140762463343       4.011576582040507E-004
   13.2316715542522       6.461857091984213E-004
   13.2492668621701       9.276144928833496E-004
   13.2668621700880       1.232547020235123E-003
   13.2844574780059       1.548498794825153E-003
   13.3020527859238       1.863549666484549E-003
   13.3196480938416       2.165946403548796E-003
   13.3372434017595       2.444273060862546E-003
   13.3548387096774       2.687171153222825E-003
   13.3724340175953       2.883417468098227E-003
   13.3900293255132       3.021723945170426E-003
   13.4076246334311       3.090725665613957E-003
   13.4252199413490       3.088246426230802E-003
   13.4428152492669       3.024387352146322E-003
   13.4604105571848       2.910907174710453E-003
   13.4780058651026       2.759883256555811E-003
   13.4956011730205       2.583915412516453E-003
   13.5131964809384       2.395692759317516E-003
   13.5307917888563       2.208350391404722E-003
   13.5483870967742       2.034895257299023E-003
   13.5659824046921       1.888705954976824E-003
   13.5835777126100       1.782643464143947E-003
   13.6011730205279       1.729436856606034E-003
   13.6187683284457       1.732684280206561E-003
   13.6363636363636       1.774892771675844E-003
   13.6539589442815       1.837038264269385E-003
   13.6715542521994       1.902175638139611E-003
   13.6891495601173       1.954706853992587E-003
   13.7067448680352       1.981007213067680E-003
   13.7243401759531       1.968616914171816E-003
   13.7419354838710       1.907579130871557E-003
   13.7595307917889       1.789365560292692E-003
   13.7771260997067       1.609393903202298E-003
   13.7947214076246       1.365915349303328E-003
   13.8123167155425       1.069825144342597E-003
   13.8299120234604       7.497044479545876E-004
   13.8475073313783       4.305895543003752E-004
   13.8651026392962       1.297422867943218E-004
   13.8826979472141      -1.394441487085017E-004
   13.9002932551320      -3.671374647078005E-004
   13.9178885630499      -5.459882384703296E-004
   13.9354838709677      -6.716334753151907E-004
   13.9530791788856      -7.418814913097766E-004
   13.9706744868035      -7.578309569582498E-004
   13.9882697947214      -7.232774163689979E-004
   14.0058651026393      -6.481150258238091E-004
   14.0234604105572      -5.475937842062094E-004
   14.0410557184751      -4.327247654750030E-004
   14.0586510263930      -3.075608420852503E-004
   14.0762463343109      -1.758045479971678E-004
   14.0938416422287      -3.868919166687043E-005
   14.1114369501466       1.018235348664734E-004
   14.1290322580645       2.454407363144235E-004
   14.1466275659824       3.905778137317141E-004
   14.1642228739003       5.369195755191845E-004
   14.1818181818182       6.821298579634378E-004
   14.1994134897361       8.243328085774448E-004
   14.2170087976540       9.563807188417438E-004
   14.2346041055718       1.070912964970865E-003
   14.2521994134897       1.163273487420886E-003
   14.2697947214076       1.232134006668951E-003
   14.2873900293255       1.276595303455681E-003
   14.3049853372434       1.298369278157471E-003
   14.3225806451613       1.299038397716400E-003
   14.3401759530792       1.282847626124463E-003
   14.3577712609971       1.253747257567931E-003
   14.3753665689150       1.218764193979477E-003
   14.3929618768328       1.184867968038814E-003
   14.4105571847507       1.163788988674311E-003
   14.4281524926686       1.161459520964493E-003
   14.4457478005865       1.177709299782123E-003
   14.4633431085044       1.208392785769713E-003
   14.4809384164223       1.250534836360946E-003
   14.4985337243402       1.298844002009889E-003
   14.5161290322581       1.349817967055913E-003
   14.5337243401760       1.397915087685241E-003
   14.5513196480938       1.439816763951004E-003
   14.5689149560117       1.470380674617319E-003
   14.5865102639296       1.487284521611120E-003
   14.6041055718475       1.487401517991434E-003
   14.6217008797654       1.475812645835963E-003
   14.6392961876833       1.460314238750436E-003
   14.6568914956012       1.448373129039636E-003
   14.6744868035191       1.443801771325020E-003
   14.6920821114370       1.451473681634702E-003
   14.7096774193548       1.472868778591056E-003
   14.7272727272727       1.511006294520481E-003
   14.7448680351906       1.565368321407631E-003
   14.7624633431085       1.637146033076927E-003
   14.7800586510264       1.723544361817039E-003
   14.7976539589443       1.823209789377969E-003
   14.8152492668622       1.928753564746454E-003
   14.8328445747801       2.034986150221334E-003
   14.8504398826979       2.136717340179806E-003
   14.8680351906158       2.232716549681484E-003
   14.8856304985337       2.319503601060547E-003
   14.9032258064516       2.396882670827790E-003
   14.9208211143695       2.461873190109920E-003
   14.9384164222874       2.514721573591673E-003
   14.9560117302053       2.552563291228494E-003
   14.9736070381232       2.575754243007064E-003
   14.9912023460411       2.581228223405080E-003
   15.0087976539589       2.568961841315370E-003
   15.0263929618768       2.537283241987413E-003
   15.0439882697947       2.490974727488010E-003
   15.0615835777126       2.431907795739965E-003
   15.0791788856305       2.365907502742453E-003
   15.0967741935484       2.295233747599663E-003
   15.1143695014663       2.226117459924305E-003
   15.1319648093842       2.160962335000289E-003
   15.1495601173021       2.106189849760551E-003
   15.1671554252199       2.064137274891121E-003
   15.1847507331378       2.041126601781871E-003
   15.2023460410557       2.038867510189133E-003
   15.2199413489736       2.059034825087370E-003
   15.2375366568915       2.090585030649969E-003
   15.2551319648094       2.127161009826962E-003
   15.2727272727273       2.158531364262534E-003
   15.2903225806452       2.179922105408180E-003
   15.3079178885631       2.182397173100527E-003
   15.3255131964809       2.162543034880366E-003
   15.3431085043988       2.112756200167483E-003
   15.3607038123167       2.031217429142139E-003
   15.3782991202346       1.912230954889087E-003
   15.3958944281525       1.756611295137019E-003
   15.4134897360704       1.564930951828472E-003
   15.4310850439883       1.353561119468592E-003
   15.4486803519062       1.133177240708559E-003
   15.4662756598240       9.177592795602061E-004
   15.4838709677419       7.137358680357072E-004
   15.5014662756598       5.323336268703244E-004
   15.5190615835777       3.774217030319870E-004
   15.5366568914956       2.579436274914551E-004
   15.5542521994135       1.751928161894992E-004
   15.5718475073314       1.353095091929386E-004
   15.5894428152493       1.358733186367563E-004
   15.6070381231672       1.764296914702082E-004
   15.6246334310850       2.378683728431649E-004
   15.6422287390029       3.043048199818212E-004
   15.6598240469208       3.586523535598599E-004
   15.6774193548387       3.934393739530546E-004
   15.6950146627566       3.965089441896305E-004
   15.7126099706745       3.650454781979210E-004
   15.7302052785924       2.907847219642067E-004
   15.7478005865103       1.753964295397777E-004
   15.7653958944282       1.509649538539432E-005
   15.7829912023460      -1.822916976777174E-004
   15.8005865102639      -4.122472264635713E-004
   15.8181818181818      -6.487130215988019E-004
   15.8357771260997      -8.686173322442329E-004
   15.8533724340176      -1.052354075200134E-003
   15.8709677419355      -1.192928531568586E-003
   15.8885630498534      -1.279805558910224E-003
   15.9061583577713      -1.313365242604961E-003
   15.9237536656892      -1.288826231430441E-003
   15.9413489736070      -1.212648371432606E-003
   15.9589442815249      -1.085682121099331E-003
   15.9765395894428      -9.214676731634611E-004
   15.9941348973607      -7.288147035542112E-004
   16.0117302052786      -5.361781233796584E-004
   16.0293255131965      -3.648626607039062E-004
   16.0469208211144      -2.316726953260255E-004
   16.0645161290323      -1.369536971050819E-004
   16.0821114369501      -8.670866278194442E-005
   16.0997067448680      -7.481346530565776E-005
   16.1173020527859      -1.024272640115945E-004
   16.1348973607038      -1.589862192259104E-004
   16.1524926686217      -2.418286166127653E-004
   16.1700879765396      -3.361760772412275E-004
   16.1876832844575      -4.350799952527187E-004
   16.2052785923754      -5.172671076580002E-004
   16.2228739002933      -5.721460343409993E-004
   16.2404692082111      -5.901803610116989E-004
   16.2580645161290      -5.787832513781293E-004
   16.2756598240469      -5.353629609995609E-004
   16.2932551319648      -4.702777267933843E-004
   16.3108504398827      -3.828606340512230E-004
   16.3284457478006      -2.851757877139672E-004
   16.3460410557185      -1.777808331424971E-004
   16.3636363636364      -7.419669672586059E-005
   16.3812316715543       2.378150115481340E-005
   16.3988269794721       1.007340806809670E-004
   16.4164222873900       1.536467168936546E-004
   16.4340175953079       1.741966363821122E-004
   16.4516129032258       1.722519186963115E-004
   16.4692082111437       1.448897887064962E-004
   16.4868035190616       1.039082137078725E-004
   16.5043988269795       4.743277494457091E-005
   16.5219941348974      -1.143788680446778E-005
   16.5395894428153      -7.373367268650411E-005
   16.5571847507331      -1.250182915401692E-004
   16.5747800586510      -1.652370731265537E-004
   16.5923753665689      -1.780951272493347E-004
   16.6099706744868      -1.611317357176216E-004
   16.6275659824047      -1.003606048893250E-004
   16.6451612903226      -5.343734487402052E-006
   16.6627565982405       1.288393735338743E-004
   16.6803519061584       2.894856609562345E-004
   16.6979472140762       4.803244252996623E-004
   16.7155425219941       6.871567680266510E-004
   16.7331378299120       9.130408559804159E-004
   16.7507331378299       1.142556053135019E-003
   16.7683284457478       1.378222956238051E-003
   16.7859237536657       1.603377957629150E-003
   16.8035190615836       1.819775524542818E-003
   16.8211143695015       2.011019017229651E-003
   16.8387096774194       2.185498729878255E-003
   16.8563049853372       2.332821238910475E-003
   16.8739002932551       2.463141817443126E-003
   16.8914956011730       2.565850528925724E-003
   16.9090909090909       2.651559281833173E-003
   16.9266862170088       2.709188778911122E-003
   16.9442815249267       2.749672287135500E-003
   16.9618768328446       2.761324115359487E-003
   16.9794721407625       2.755291879476787E-003
   16.9970674486804       2.719086745185506E-003
   17.0146627565982       2.664277975092903E-003
   17.0322580645161       2.581759532715181E-003
   17.0498533724340       2.489443324470874E-003
   17.0674486803519       2.379891828566635E-003
   17.0850439882698       2.271834750749876E-003
   17.1026392961877       2.157362566033779E-003
   17.1202346041056       2.055807901889737E-003
   17.1378299120235       1.958582847525684E-003
   17.1554252199413       1.885511741432405E-003
   17.1730205278592       1.827068740164008E-003
   17.1906158357771       1.803319446790167E-003
   17.2082111436950       1.802663921967043E-003
   17.2258064516129       1.837199577183930E-003
   17.2434017595308       1.880826683324011E-003
   17.2609970674487       1.941296908031395E-003
   17.2785923753666       1.993325651530750E-003
   17.2961876832845       2.046882973826767E-003
   17.3137829912023       2.077050045738649E-003
   17.3313782991202       2.096008438516300E-003
   17.3489736070381       2.079254939063448E-003
   17.3665689149560       2.041656443786839E-003
   17.3841642228739       1.959810039318281E-003
   17.4017595307918       1.853190506212114E-003
   17.4193548387097       1.707212393137068E-003
   17.4369501466276       1.559552063381535E-003
   17.4545454545455       1.399211852843182E-003
   17.4721407624633       1.259690864270512E-003
   17.4897360703812       1.124277273129160E-003
   17.5073313782991       1.024658445610019E-003
   17.5249266862170       9.393551332988249E-004
   17.5425219941349       8.988133281952528E-004
   17.5601173020528       8.763078785140627E-004
   17.5777126099707       9.004312849177649E-004
   17.5953079178886       9.371156950101602E-004
   17.6129032258065       1.007375636012061E-003
   17.6304985337243       1.061051008738474E-003
   17.6480938416422       1.123148827367432E-003
   17.6656891495601       1.151119587318127E-003
   17.6832844574780       1.180882792361363E-003
   17.7008797653959       1.170506185300220E-003
   17.7184750733138       1.164103335273801E-003
   17.7360703812317       1.118211639125614E-003
   17.7536656891496       1.085750772692079E-003
   17.7712609970675       1.020524386476447E-003
   17.7888563049853       9.865463613947373E-004
   17.8064516129032       9.355985079088037E-004
   17.8240469208211       9.469139632626624E-004
   17.8416422287390       9.553441410340512E-004
   17.8592375366569       1.040730602528825E-003
   17.8768328445748       1.115471225542367E-003
   17.8944281524927       1.276679004087935E-003
   17.9120234604106       1.409340879337252E-003
   17.9296187683284       1.643025195214835E-003
   17.9472140762463       1.815865528709492E-003
   17.9648093841642       2.127999155356817E-003
   17.9824046920821       2.310322074199006E-003
   18.0000000000000       2.852502497370552E-003
