  0.000000000000000E+000  1.970761028133216E-003
  1.759530791788856E-002  1.808087750951911E-003
  3.519061583577713E-002  1.807632748046929E-003
  5.278592375366570E-002  1.730330671526890E-003
  7.038123167155426E-002  1.712849506931307E-003
  8.797653958944282E-002  1.652172486618361E-003
  0.105571847507331       1.629574138286296E-003
  0.123167155425220       1.577671526324439E-003
  0.140762463343109       1.554038291928452E-003
  0.158357771260997       1.508581776504872E-003
  0.175953079178886       1.485715150968457E-003
  0.193548387096774       1.445667306186749E-003
  0.211143695014663       1.424465437755253E-003
  0.228739002932551       1.389138679729941E-003
  0.246334310850440       1.369787299248984E-003
  0.263929618768328       1.338325457819027E-003
  0.281524926686217       1.320598573268406E-003
  0.299120234604106       1.292231238813120E-003
  0.316715542521994       1.275809872206590E-003
  0.334310850439883       1.249851704387030E-003
  0.351906158357771       1.234365510447123E-003
  0.369501466275660       1.210187496902302E-003
  0.387096774193548       1.195234587060243E-003
  0.404692082111437       1.172241323461384E-003
  0.422287390029326       1.157419864353239E-003
  0.439882697947214       1.135190877013126E-003
  0.457478005865103       1.120396347178204E-003
  0.475073313782991       1.098825997298210E-003
  0.492668621700880       1.084088385215280E-003
  0.510263929618768       1.063140109286486E-003
  0.527859237536657       1.048524699385681E-003
  0.545454545454546       1.028214357250734E-003
  0.563049853372434       1.013826323656906E-003
  0.580645161290323       9.942296248130634E-004
  0.598240469208211       9.802364478224161E-004
  0.615835777126100       9.615487693670561E-004
  0.633431085043988       9.483484239694803E-004
  0.651026392961877       9.310721827669476E-004
  0.668621700879765       9.192123554427901E-004
  0.686217008797654       9.037978761798399E-004
  0.703812316715543       8.937087678114922E-004
  0.721407624633431       8.805158014114871E-004
  0.739002932551320       8.725459762266412E-004
  0.756598240469208       8.618586634243285E-004
  0.774193548387097       8.562712058142640E-004
  0.791788856304985       8.482760867783556E-004
  0.809384164222874       8.451833017253843E-004
  0.826979472140763       8.397041762290479E-004
  0.844574780058651       8.385214953178212E-004
  0.862170087976540       8.347094046919248E-004
  0.879765395894428       8.346350648692041E-004
  0.897360703812317       8.317678727977537E-004
  0.914956011730205       8.321614159997637E-004
  0.932551319648094       8.296449178730646E-004
  0.950146627565982       8.299810044791644E-004
  0.967741935483871       8.273371531311898E-004
  0.985337243401760       8.272162196092224E-004
   1.00293255131965       8.241267489039110E-004
   1.02052785923754       8.234302793614876E-004
   1.03812316715543       8.200865769577096E-004
   1.05571847507331       8.192280784104168E-004
   1.07331378299120       8.159941745537368E-004
   1.09090909090909       8.152325548665413E-004
   1.10850439882698       8.122818835788705E-004
   1.12609970674487       8.117352158388484E-004
   1.14369501466276       8.091228562089155E-004
   1.16129032258065       8.087974982748070E-004
   1.17888563049853       8.064631467200651E-004
   1.19648093841642       8.062321866203602E-004
   1.21407624633431       8.039325408921522E-004
   1.23167155425220       8.034509315713551E-004
   1.24926686217009       8.008863821380560E-004
   1.26686217008798       8.000449662818097E-004
   1.28445747800587       7.972462217772293E-004
   1.30205278592375       7.961567997321679E-004
   1.31964809384164       7.932844471550583E-004
   1.33724340175953       7.921565867447906E-004
   1.35483870967742       7.894568591443367E-004
   1.37243401759531       7.885814450815297E-004
   1.39002932551320       7.863852457517629E-004
   1.40762463343109       7.861518540168090E-004
   1.42521994134897       7.848110662648539E-004
   1.44281524926686       7.852750398287085E-004
   1.46041055718475       7.844308673419103E-004
   1.47800586510264       7.850258608541261E-004
   1.49560117302053       7.840640806569124E-004
   1.51319648093842       7.841609392129829E-004
   1.53079178885631       7.824384037496807E-004
   1.54838709677419       7.813909426558950E-004
   1.56598240469208       7.782569148090721E-004
   1.58357771260997       7.754202652020437E-004
   1.60117302052786       7.702387694150800E-004
   1.61876832844575       7.651009258728234E-004
   1.63636363636364       7.578708029141302E-004
   1.65395894428153       7.511599104276303E-004
   1.67155425219941       7.429584363253904E-004
   1.68914956011730       7.357556946954256E-004
   1.70674486803519       7.276187927809695E-004
   1.72434017595308       7.209229840482477E-004
   1.74193548387097       7.138077611090262E-004
   1.75953079178886       7.085348344275372E-004
   1.77712609970675       7.033035851865926E-004
   1.79472140762463       7.002507647448496E-004
   1.81231671554252       6.975526740126831E-004
   1.82991202346041       6.968257548046881E-004
   1.84750733137830       6.958631616161933E-004
   1.86510263929619       6.961200542177142E-004
   1.88269794721408       6.955352224057442E-004
   1.90029325513196       6.955315897491812E-004
   1.91788856304985       6.941630948911885E-004
   1.93548387096774       6.928152355285945E-004
   1.95307917888563       6.896531396258142E-004
   1.97067448680352       6.860339803882995E-004
   1.98826979472141       6.802460856060120E-004
   2.00586510263930       6.736703699862610E-004
   2.02346041055718       6.650136601341051E-004
   2.04105571847507       6.561463560599064E-004
   2.05865102639296       6.460446105359618E-004
   2.07624633431085       6.364225638332688E-004
   2.09384164222874       6.262549925343710E-004
   2.11143695014663       6.171396984518297E-004
   2.12903225806452       6.080654984434449E-004
   2.14662756598241       6.005229434971229E-004
   2.16422287390029       5.935102759929237E-004
   2.18181818181818       5.884001028257559E-004
   2.19941348973607       5.841669284493007E-004
   2.21700879765396       5.818934128097668E-004
   2.23460410557185       5.800446356916078E-004
   2.25219941348974       5.792992538451766E-004
   2.26979472140762       5.782317137315118E-004
   2.28739002932551       5.775531453325325E-004
   2.30498533724340       5.759494837588391E-004
   2.32258064516129       5.741320184405694E-004
   2.34017595307918       5.708827025436871E-004
   2.35777126099707       5.669116205612545E-004
   2.37536656891496       5.611007073864882E-004
   2.39296187683284       5.541764759867967E-004
   2.41055718475073       5.451973677588097E-004
   2.42815249266862       5.352944947471977E-004
   2.44574780058651       5.240624045955642E-004
   2.46334310850440       5.126804961850267E-004
   2.48093841642229       5.007003570225776E-004
   2.49853372434018       4.892100728740972E-004
   2.51612903225806       4.777595470219551E-004
   2.53372434017595       4.673622666458526E-004
   2.55131964809384       4.575719353881181E-004
   2.56891495601173       4.493288646865691E-004
   2.58651026392962       4.421823987098421E-004
   2.60410557184751       4.369755464696167E-004
   2.62170087976540       4.330414323713221E-004
   2.63929618768328       4.306827233372762E-004
   2.65689149560117       4.289973144746796E-004
   2.67448680351906       4.282913004553501E-004
   2.69208211143695       4.277310785103743E-004
   2.70967741935484       4.276185397627086E-004
   2.72727272727273       4.271728339471357E-004
   2.74486803519062       4.266850545772572E-004
   2.76246334310850       4.254230962023649E-004
   2.78005865102639       4.236688399252028E-004
   2.79765395894428       4.207425926722705E-004
   2.81524926686217       4.169724373408063E-004
   2.83284457478006       4.119897348298081E-004
   2.85043988269795       4.063693505752777E-004
   2.86803519061584       3.998160982107803E-004
   2.88563049853372       3.928633253545908E-004
   2.90322580645161       3.852330833170218E-004
   2.92082111436950       3.774279147963380E-004
   2.93841642228739       3.691905990978247E-004
   2.95601173020528       3.609965875047064E-004
   2.97360703812317       3.526104264090472E-004
   2.99120234604106       3.444831088184294E-004
   3.00879765395894       3.364002334932783E-004
   3.02639296187683       3.287412764307355E-004
   3.04398826979472       3.212140797191931E-004
   3.06158357771261       3.141201996650015E-004
   3.07917888563050       3.071817787255546E-004
   3.09677419354839       3.006767539529518E-004
   3.11436950146628       2.943442543675945E-004
   3.13196480938416       2.884398094175813E-004
   3.14956011730205       2.827185107713798E-004
   3.16715542521994       2.774137679597624E-004
   3.18475073313783       2.722943996567321E-004
   3.20234604105572       2.675691678532128E-004
   3.21994134897361       2.630033081297448E-004
   3.23753665689150       2.587519575451580E-004
   3.25513196480938       2.545835867918595E-004
   3.27272727272727       2.506467359150276E-004
   3.29032258064516       2.467328022572912E-004
   3.30791788856305       2.429810291833153E-004
   3.32551319648094       2.392028866487696E-004
   3.34310850439883       2.355284103373475E-004
   3.36070381231672       2.317886224744221E-004
   3.37829912023460       2.281064079916112E-004
   3.39589442815249       2.243342312299963E-004
   3.41348973607038       2.205985559053091E-004
   3.43108504398827       2.167937210445466E-004
   3.44868035190616       2.130455533161264E-004
   3.46627565982405       2.092504282629099E-004
   3.48387096774194       2.055140664283721E-004
   3.50146627565982       2.017393328138506E-004
   3.51906158357771       1.980178180947805E-004
   3.53665689149560       1.942606372743201E-004
   3.55425219941349       1.905476600737104E-004
   3.57184750733138       1.867991260769685E-004
   3.58944281524927       1.830855166943061E-004
   3.60703812316716       1.793392855856094E-004
   3.62463343108504       1.756421067127206E-004
   3.64222873900293       1.719662195358209E-004
   3.65982404692082       1.683943160135238E-004
   3.67741935483871       1.648990965138200E-004
   3.69501466275660       1.615499108371146E-004
   3.71260997067449       1.583214162879421E-004
   3.73020527859238       1.552709943248563E-004
   3.74780058651026       1.523746185627592E-004
   3.76539589442815       1.496775515431607E-004
   3.78299120234604       1.471545471154158E-004
   3.80058651026393       1.448349642319928E-004
   3.81818181818182       1.426732265729293E-004
   3.83577712609971       1.406500453784214E-004
   3.85337243401760       1.387114034458589E-004
   3.87096774193548       1.368477636658677E-004
   3.88856304985337       1.350201133427918E-004
   3.90615835777126       1.332233348327781E-004
   3.92375366568915       1.314294372515116E-004
   3.94134897360704       1.296373668384725E-004
   3.95894428152493       1.278302696205428E-004
   3.97653958944282       1.260143035789955E-004
   3.99413489736070       1.241882302982077E-004
   4.01173020527859       1.223846333685363E-004
   4.02932551319648       1.206615574118524E-004
   4.04692082111437       1.190754047563746E-004
   4.06451612903226       1.176617736028246E-004
   4.08211143695015       1.164500446674563E-004
   4.09970674486804       1.154603403805562E-004
   4.11730205278592       1.147064275415100E-004
   4.13489736070381       1.141955718560750E-004
   4.15249266862170       1.139270187793611E-004
   4.17008797653959       1.138929058184163E-004
   4.18768328445748       1.140738291686931E-004
   4.20527859237537       1.144322403825171E-004
   4.22287390029326       1.148939763975884E-004
   4.24046920821114       1.153845075992384E-004
   4.25806451612903       1.158573228461861E-004
   4.27565982404692       1.162718009287686E-004
   4.29325513196481       1.166006287588274E-004
   4.31085043988270       1.168163100491536E-004
   4.32844574780059       1.169047192711392E-004
   4.34604105571848       1.168478822793360E-004
   4.36363636363636       1.166447686433040E-004
   4.38123167155425       1.162883996792161E-004
   4.39882697947214       1.157970099574481E-004
   4.41642228739003       1.151979303578202E-004
   4.43401759530792       1.145674601789979E-004
   4.45161290322581       1.139381093215627E-004
   4.46920821114370       1.133620107085331E-004
   4.48680351906158       1.128488084171729E-004
   4.50439882697947       1.124398486701139E-004
   4.52199413489736       1.121285849625212E-004
   4.53958944281525       1.119481717199883E-004
   4.55718475073314       1.118752640384735E-004
   4.57478005865103       1.119325186440730E-004
   4.59237536656892       1.120738714793363E-004
   4.60997067448680       1.122939303661093E-004
   4.62756598240469       1.125084159655285E-004
   4.64516129032258       1.127396538440136E-004
   4.66275659824047       1.129500562526243E-004
   4.68035190615836       1.131970639912660E-004
   4.69794721407625       1.134532113474282E-004
   4.71554252199414       1.137948011912452E-004
   4.73313782991202       1.141987003776224E-004
   4.75073313782991       1.147574326374597E-004
   4.76832844574780       1.154508627495272E-004
   4.78592375366569       1.163887098681002E-004
   4.80351906158358       1.175577229449068E-004
   4.82111436950147       1.190721739856024E-004
   4.83870967741935       1.208440312871427E-004
   4.85630498533724       1.229179868983151E-004
   4.87390029325513       1.251755855115802E-004
   4.89149560117302       1.276618806984529E-004
   4.90909090909091       1.302445684497936E-004
   4.92668621700880       1.329719410233845E-004
   4.94428152492669       1.356983748241590E-004
   4.96187683284458       1.384752517988680E-004
   4.97947214076246       1.411414202541698E-004
   4.99706744868035       1.437476764338555E-004
   5.01466275659824       1.461105867658345E-004
   5.03225806451613       1.483175228063932E-004
   5.04985337243402       1.502461948366339E-004
   5.06744868035191       1.520344910314598E-004
   5.08504398826980       1.535652234738234E-004
   5.10263929618768       1.549956840802964E-004
   5.12023460410557       1.562071662383084E-004
   5.13782991202346       1.573741072278382E-004
   5.15542521994135       1.583748667693630E-004
   5.17302052785924       1.594010957105488E-004
   5.19061583577713       1.603287076760749E-004
   5.20821114369502       1.613694565393820E-004
   5.22580645161290       1.623716384932701E-004
   5.24340175953079       1.634979459974329E-004
   5.26099706744868       1.645436398920378E-004
   5.27859237536657       1.656755850804698E-004
   5.29618768328446       1.666770264223033E-004
   5.31378299120235       1.677255016132133E-004
   5.33137829912024       1.685935833650420E-004
   5.34897360703812       1.694707782092567E-004
   5.36656891495601       1.701194305316179E-004
   5.38416422287390       1.707418194556001E-004
   5.40175953079179       1.710904034354895E-004
   5.41935483870968       1.713927601924824E-004
   5.43695014662757       1.714373404151303E-004
   5.45454545454546       1.715052814644659E-004
   5.47214076246334       1.713805976653489E-004
   5.48973607038123       1.713581709925786E-004
   5.50733137829912       1.712117805370894E-004
   5.52492668621701       1.712507621188834E-004
   5.54252199413490       1.712389996119011E-004
   5.56011730205279       1.715010686311731E-004
   5.57771260997067       1.717916218771584E-004
   5.59530791788856       1.724518742447734E-004
   5.61290322580645       1.732228624706866E-004
   5.63049853372434       1.743914745281691E-004
   5.64809384164223       1.755830743926816E-004
   5.66568914956012       1.770582100694984E-004
   5.68328445747801       1.784283765593790E-004
   5.70087976539589       1.799685390863792E-004
   5.71847507331378       1.812789851255328E-004
   5.73607038123167       1.826509501789844E-004
   5.75366568914956       1.836750770843733E-004
   5.77126099706745       1.846612755492459E-004
   5.78885630498534       1.851935361499510E-004
   5.80645161290323       1.856088575053850E-004
   5.82404692082111       1.855284684700174E-004
   5.84164222873900       1.853801166946919E-004
   5.85923753665689       1.847977955523802E-004
   5.87683284457478       1.842112942044393E-004
   5.89442815249267       1.832333724942650E-004
   5.91202346041056       1.823026349428278E-004
   5.92961876832845       1.810140306469992E-004
   5.94721407624634       1.798176241754664E-004
   5.96480938416422       1.782920951351656E-004
   5.98240469208211       1.769006827356005E-004
   6.00000000000000       1.752073348763024E-004
   6.01759530791789       1.736883133201848E-004
   6.03519061583578       1.718786331460385E-004
   6.05278592375367       1.702503569543250E-004
   6.07038123167156       1.683169669865875E-004
   6.08797653958944       1.665634226366892E-004
   6.10557184750733       1.644874580317605E-004
   6.12316715542522       1.625886426467637E-004
   6.14076246334311       1.603503487702413E-004
   6.15835777126100       1.582884138146595E-004
   6.17595307917889       1.558740664146927E-004
   6.19354838709677       1.536427999794535E-004
   6.21114369501466       1.510636730366320E-004
   6.22873900293255       1.487154881897973E-004
   6.24633431085044       1.460654340400732E-004
   6.26392961876833       1.436943804516787E-004
   6.28152492668622       1.410399199876044E-004
   6.29912023460411       1.386891112890376E-004
   6.31671554252199       1.360565593180652E-004
   6.33431085043988       1.337381560830345E-004
   6.35190615835777       1.311269985529380E-004
   6.36950146627566       1.288286974178649E-004
   6.38709677419355       1.262150693489399E-004
   6.40469208211144       1.239008611927979E-004
   6.42228739002933       1.212411602492953E-004
   6.43988269794721       1.188807163880652E-004
   6.45747800586510       1.161735363928783E-004
   6.47507331378299       1.137817519941908E-004
   6.49266862170088       1.110423313027629E-004
   6.51026392961877       1.086315995672180E-004
   6.52785923753666       1.058690313839654E-004
   6.54545454545455       1.034451690358733E-004
   6.56304985337243       1.006622270962517E-004
   6.58064516129032       9.822576157023391E-005
   6.59824046920821       9.542220951163398E-005
   6.61583577712610       9.297969132501936E-005
   6.63343108504399       9.018969570728689E-005
   6.65102639296188       8.780729634136746E-005
   6.66862170087977       8.510037395964763E-005
   6.68621700879765       8.283078181084758E-005
   6.70381231671554       8.024245853854053E-005
   6.72140762463343       7.810555358040055E-005
   6.73900293255132       7.564009158326860E-005
   6.75659824046921       7.362381330137983E-005
   6.77419354838710       7.125104857345860E-005
   6.79178885630499       6.930413729078253E-005
   6.80938416422287       6.694332878412696E-005
   6.82697947214076       6.495561034762172E-005
   6.84457478005865       6.250651537200686E-005
   6.86217008797654       6.042808102104803E-005
   6.87976539589443       5.788087816353430E-005
   6.89736070381232       5.571655105721231E-005
   6.91495601173021       5.308147871542772E-005
   6.93255131964809       5.084344544383049E-005
   6.95014662756598       4.813210585925286E-005
   6.96774193548387       4.582943390629202E-005
   6.98533724340176       4.304642102231619E-005
   7.00293255131965       4.067661147982493E-005
   7.02052785923754       3.781440094141928E-005
   7.03812316715543       3.538684402976173E-005
   7.05571847507331       3.249312472907295E-005
   7.07331378299120       3.008027763981867E-005
   7.09090909090909       2.723035041162534E-005
   7.10850439882698       2.490355868606182E-005
   7.12609970674487       2.216235549846753E-005
   7.14369501466276       1.997750426111280E-005
   7.16129032258065       1.738913394804006E-005
   7.17888563049853       1.537421471602928E-005
   7.19648093841642       1.294412786316733E-005
   7.21407624633431       1.106314375857187E-005
   7.23167155425220       8.689359896874265E-006
   7.24926686217009       6.804615319745551E-006
   7.26686217008798       4.378325911861807E-006
   7.28445747800587       2.424371678137069E-006
   7.30205278592375      -9.405751597251974E-008
   7.31964809384164      -2.141376387243742E-006
   7.33724340175953      -4.765794999435457E-006
   7.35483870967742      -6.913953841060754E-006
   7.37243401759531      -9.649122136132139E-006
   7.39002932551320      -1.190430866938480E-005
   7.40762463343109      -1.476590037512726E-005
   7.42521994134897      -1.716131010599796E-005
   7.44281524926686      -2.018105850407425E-005
   7.46041055718475      -2.271116464663978E-005
   7.47800586510264      -2.584136414930553E-005
   7.49560117302053      -2.843370131249896E-005
   7.51319648093842      -3.158624270646643E-005
   7.53079178885631      -3.414082660900789E-005
   7.54838709677419      -3.720675700331197E-005
   7.56598240469208      -3.960826934339847E-005
   7.58357771260997      -4.246887893988893E-005
   7.60117302052786      -4.460003790161085E-005
   7.61876832844575      -4.716221075262070E-005
   7.63636363636364      -4.901011969382317E-005
   7.65395894428153      -5.135158055828149E-005
   7.67155425219941      -5.301632570929826E-005
   7.68914956011730      -5.521560654999527E-005
   7.70674486803519      -5.675547823941759E-005
   7.72434017595308      -5.885434201335674E-005
   7.74193548387097      -6.029721029417245E-005
   7.75953079178886      -6.231134292544113E-005
   7.77712609970675      -6.366289854636622E-005
   7.79472140762463      -6.559033769450330E-005
   7.81231671554252      -6.684978915552604E-005
   7.82991202346041      -6.872563632007336E-005
   7.84750733137830      -6.998971337294887E-005
   7.86510263929619      -7.193648864633250E-005
   7.88269794721408      -7.330899806878456E-005
   7.90029325513197      -7.540346325751411E-005
   7.91788856304985      -7.693742141128819E-005
   7.93548387096774      -7.920948022771277E-005
   7.95307917888563      -8.091165272419338E-005
   7.97067448680352      -8.334364148974112E-005
   7.98826979472141      -8.516974091884166E-005
   8.00586510263930      -8.768426015949907E-005
   8.02346041055718      -8.952538942277218E-005
   8.04105571847507      -9.202360869732065E-005
   8.05865102639296      -9.383758897456162E-005
   8.07624633431085      -9.632026922842537E-005
   8.09384164222874      -9.811652582488145E-005
   8.11143695014663      -1.005897125538203E-004
   8.12903225806452      -1.023670404893794E-004
   8.14662756598241      -1.048188305472685E-004
   8.16422287390029      -1.065520123244764E-004
   8.18181818181818      -1.089401917195343E-004
   8.19941348973607      -1.105650909537952E-004
   8.21700879765396      -1.127995181588466E-004
   8.23460410557185      -1.142365959589613E-004
   8.25219941348974      -1.163119716760432E-004
   8.26979472140763      -1.176264895465636E-004
   8.28739002932551      -1.196296965848544E-004
   8.30498533724340      -1.209081702729853E-004
   8.32258064516129      -1.229190219441664E-004
   8.34017595307918      -1.242300213816630E-004
   8.35777126099707      -1.263012910868796E-004
   8.37536656891496      -1.276760588417318E-004
   8.39296187683285      -1.298093711050412E-004
   8.41055718475073      -1.311998274968772E-004
   8.42815249266862      -1.332783474492921E-004
   8.44574780058651      -1.345486450609585E-004
   8.46334310850440      -1.364983598230499E-004
   8.48093841642229      -1.376442059670858E-004
   8.49853372434018      -1.394959253764434E-004
   8.51612903225807      -1.405656506436003E-004
   8.53372434017595      -1.423770848421694E-004
   8.55131964809384      -1.434315077816748E-004
   8.56891495601173      -1.452603786393613E-004
   8.58651026392962      -1.463470795117623E-004
   8.60410557184751      -1.482172423986616E-004
   8.62170087976540      -1.493050094495478E-004
   8.63929618768329      -1.511169466371776E-004
   8.65689149560117      -1.520994840073659E-004
   8.67448680351906      -1.538009411510185E-004
   8.69208211143695      -1.546740953411070E-004
   8.70967741935484      -1.562892254471224E-004
   8.72727272727273      -1.570974104408208E-004
   8.74486803519062      -1.586843987457405E-004
   8.76246334310851      -1.594949363270548E-004
   8.78005865102639      -1.611241478806867E-004
   8.79765395894428      -1.620030089820637E-004
   8.81524926686217      -1.637116776959344E-004
   8.83284457478006      -1.646147900065950E-004
   8.85043988269795      -1.662783440064766E-004
   8.86803519061584      -1.670813217332671E-004
   8.88563049853373      -1.686204287939500E-004
   8.90322580645161      -1.692817698430401E-004
   8.92082111436950      -1.706833620912102E-004
   8.93841642228739      -1.712136834772710E-004
   8.95601173020528      -1.725082199657069E-004
   8.97360703812317      -1.729545115469046E-004
   8.99120234604106      -1.742014164646954E-004
   9.00879765395895      -1.746260437498854E-004
   9.02639296187683      -1.758448031394640E-004
   9.04398826979472      -1.761731272116569E-004
   9.06158357771261      -1.772295561274979E-004
   9.07917888563050      -1.773438345052382E-004
   9.09677419354839      -1.781591805514838E-004
   9.11436950146628      -1.780141723321813E-004
   9.13196480938416      -1.785742920441765E-004
   9.14956011730205      -1.781862409547697E-004
   9.16715542521994      -1.785376411765322E-004
   9.18475073313783      -1.779847792923875E-004
   9.20234604105572      -1.782407413358015E-004
   9.21994134897361      -1.776608771563965E-004
   9.23753665689150      -1.779105884871041E-004
   9.25513196480938      -1.772760673560809E-004
   9.27272727272727      -1.774187579931772E-004
   9.29032258064516      -1.766245895649031E-004
   9.30791788856305      -1.765686874916176E-004
   9.32551319648094      -1.755408894473447E-004
   9.34310850439883      -1.752329663099522E-004
   9.36070381231672      -1.739418407645495E-004
   9.37829912023460      -1.733796700195336E-004
   9.39589442815249      -1.718562467549765E-004
   9.41348973607038      -1.711137834176228E-004
   9.43108504398827      -1.694491103209093E-004
   9.44868035190616      -1.685562040622037E-004
   9.46627565982405      -1.666952766305328E-004
   9.48387096774194      -1.655614400754163E-004
   9.50146627565982      -1.634139203584958E-004
   9.51906158357771      -1.619586473595646E-004
   9.53665689149560      -1.594601887729454E-004
   9.55425219941349      -1.576405883264212E-004
   9.57184750733138      -1.547767341315095E-004
   9.58944281524927      -1.526152897002937E-004
   9.60703812316716      -1.494659104480021E-004
   9.62463343108504      -1.471220959118023E-004
   9.64222873900293      -1.438779931672979E-004
   9.65982404692082      -1.414723751640658E-004
   9.67741935483871      -1.381649729285105E-004
   9.69501466275660      -1.356865578615463E-004
   9.71260997067449      -1.322890940129349E-004
   9.73020527859238      -1.297056569533246E-004
   9.74780058651026      -1.261896570481442E-004
   9.76539589442815      -1.234839891754639E-004
   9.78299120234604      -1.198538919878717E-004
   9.80058651026393      -1.170675559837910E-004
   9.81818181818182      -1.134364972911953E-004
   9.83577712609971      -1.107570200374416E-004
   9.85337243401760      -1.072897525718496E-004
   9.87096774193548      -1.047806634401921E-004
   9.88856304985337      -1.014658193861112E-004
   9.90615835777126      -9.907738910489731E-005
   9.92375366568915      -9.584214677645789E-005
   9.94134897360704      -9.348849398215613E-005
   9.95894428152493      -9.024240506968841E-005
   9.97653958944282      -8.783812202487703E-005
   9.99413489736071      -8.451341098714862E-005
   10.0117302052786      -8.204122023288442E-005
   10.0293255131965      -7.873642054362197E-005
   10.0469208211144      -7.639487701637819E-005
   10.0645161290323      -7.328461436582197E-005
   10.0821114369501      -7.115876416954969E-005
   10.0997067448680      -6.826004697297849E-005
   10.1173020527859      -6.632036307097938E-005
   10.1348973607038      -6.356746170421603E-005
   10.1524926686217      -6.171932105909620E-005
   10.1700879765396      -5.899581315088907E-005
   10.1876832844575      -5.710821967123894E-005
   10.2052785923754      -5.428321787529652E-005
   10.2228739002933      -5.228537898376071E-005
   10.2404692082111      -4.943403730985947E-005
   10.2580645161290      -4.750955472521100E-005
   10.2756598240469      -4.479669100153753E-005
   10.2932551319648      -4.304533770839692E-005
   10.3108504398827      -4.051843222425994E-005
   10.3284457478006      -3.894150212635675E-005
   10.3460410557185      -3.656032041298631E-005
   10.3636363636364      -3.507836036297210E-005
   10.3812316715543      -3.272699779877446E-005
   10.3988269794721      -3.118976188449105E-005
   10.4164222873900      -2.870635524775246E-005
   10.4340175953079      -2.704490595512454E-005
   10.4516129032258      -2.453501199441426E-005
   10.4692082111437      -2.293841308399668E-005
   10.4868035190616      -2.056400458774456E-005
   10.5043988269795      -1.914418618594810E-005
   10.5219941348974      -1.696745400606399E-005
   10.5395894428153      -1.573462268786465E-005
   10.5571847507331      -1.371092701403588E-005
   10.5747800586510      -1.255951250687257E-005
   10.5923753665689      -1.051392331415935E-005
   10.6099706744868      -9.179941749883749E-006
   10.6275659824047      -6.817331777328184E-006
   10.6451612903226      -5.168957655199896E-006
   10.6627565982405      -2.606168194866990E-006
   10.6803519061584      -8.801443679238435E-007
   10.6979472140762       1.636797805667223E-006
   10.7155425219941       3.212334513900059E-006
   10.7331378299120       5.485670880948486E-006
   10.7507331378299       6.756042976067307E-006
   10.7683284457478       8.687444414435787E-006
   10.7859237536657       9.630040704370971E-006
   10.8035190615836       1.131040459177773E-005
   10.8211143695015       1.218704244587748E-005
   10.8387096774194       1.396780043458308E-005
   10.8563049853372       1.496765837334368E-005
   10.8739002932551       1.678902795105191E-005
   10.8914956011730       1.771845320494583E-005
   10.9090909090909       1.932789509309293E-005
   10.9266862170088       1.990313888853053E-005
   10.9442815249267       2.100656721758164E-005
   10.9618768328446       2.094073736707104E-005
   10.9794721407625       2.128047045468709E-005
   10.9970674486804       2.037591586506132E-005
   11.0146627565982       1.990337807477433E-005
   11.0322580645161       1.840732797059603E-005
   11.0498533724340       1.757739291364194E-005
   11.0674486803519       1.585329800253971E-005
   11.0850439882698       1.483018199465994E-005
   11.1026392961877       1.290158537804663E-005
   11.1202346041056       1.160844063164352E-005
   11.1378299120235       9.318771616521286E-006
   11.1554252199413       7.532866319929453E-006
   11.1730205278592       4.606013795049106E-006
   11.1906158357771       2.009980816927701E-006
   11.2082111436950      -1.883376088573811E-006
   11.2258064516129      -5.470204390358571E-006
   11.2434017595308      -1.014367380355571E-005
   11.2609970674487      -1.425662480297217E-005
   11.2785923753666      -1.925367189436854E-005
   11.2961876832845      -2.355264760797620E-005
   11.3137829912023      -2.863535899416759E-005
   11.3313782991202      -3.297987840635111E-005
   11.3489736070381      -3.810395112737778E-005
   11.3665689149560      -4.254943809227490E-005
   11.3841642228739      -4.787787968756800E-005
   11.4017595307918      -5.271485871386490E-005
   11.4193548387097      -5.866835735397656E-005
   11.4369501466276      -6.427481686270130E-005
   11.4545454545455      -7.094028445439573E-005
   11.4721407624633      -7.715655396289372E-005
   11.4897360703812      -8.431793133944542E-005
   11.5073313782991      -9.094575333611195E-005
   11.5249266862170      -9.844403826600807E-005
   11.5425219941349      -1.053823252469237E-004
   11.5601173020528      -1.131908583563216E-004
   11.5777126099707      -1.205121126499979E-004
   11.5953079178886      -1.288363675537738E-004
   11.6129032258065      -1.369622088339741E-004
   11.6304985337243      -1.464293275924556E-004
   11.6480938416422      -1.558596336900072E-004
   11.6656891495601      -1.665671871894101E-004
   11.6832844574780      -1.771054756691067E-004
   11.7008797653959      -1.887315931305363E-004
   11.7184750733138      -1.999942939371807E-004
   11.7360703812317      -2.121257097813320E-004
   11.7536656891496      -2.236970495423857E-004
   11.7712609970675      -2.359436496545276E-004
   11.7888563049853      -2.474952705438980E-004
   11.8064516129032      -2.596709255562780E-004
   11.8240469208211      -2.713573077521244E-004
   11.8416422287390      -2.840161431086585E-004
   11.8592375366569      -2.964239307251484E-004
   11.8768328445748      -3.098496695072663E-004
   11.8944281524927      -3.229887532654675E-004
   11.9120234604106      -3.370092863120751E-004
   11.9296187683284      -3.505606122032847E-004
   11.9472140762463      -3.647331613362991E-004
   11.9648093841642      -3.781453247163827E-004
   11.9824046920821      -3.918225239984084E-004
   12.0000000000000      -4.043652444474884E-004
   12.0175953079179      -4.168373506560190E-004
   12.0351906158358      -4.282450974431431E-004
   12.0527859237537      -4.399806236236053E-004
   12.0703812316716      -4.510840264146984E-004
   12.0879765395894      -4.628691964732565E-004
   12.1055718475073      -4.743446663335788E-004
   12.1231671554252      -4.867522811086277E-004
   12.1407624633431      -4.990731629066331E-004
   12.1583577712610      -5.124789159913535E-004
   12.1759530791789      -5.259264866405838E-004
   12.1935483870968      -5.405204799840181E-004
   12.2111436950147      -5.552053393789623E-004
   12.2287390029326      -5.709923366502388E-004
   12.2463343108504      -5.867084057160772E-004
   12.2639296187683      -6.032075852763366E-004
   12.2815249266862      -6.192443039601188E-004
   12.2991202346041      -6.355584200567253E-004
   12.3167155425220      -6.508356242919997E-004
   12.3343108504399      -6.656930810032519E-004
   12.3519061583578      -6.787354758698366E-004
   12.3695014662757      -6.904374984815110E-004
   12.3870967741935      -6.992962040637308E-004
   12.4046920821114      -7.055963999093483E-004
   12.4222873900293      -7.082310798947609E-004
   12.4398826979472      -7.089803992399601E-004
   12.4574780058651      -7.079509278524719E-004
   12.4750733137830      -7.069537679631393E-004
   12.4926686217009      -7.059943038496823E-004
   12.5102639296188      -7.066796264575447E-004
   12.5278592375367      -7.088272884779519E-004
   12.5454545454545      -7.137259382817762E-004
   12.5630498533724      -7.208671339870252E-004
   12.5806451612903      -7.309812800139787E-004
   12.5982404692082      -7.428305800347675E-004
   12.6158357771261      -7.554695424629888E-004
   12.6334310850440      -7.662310616119785E-004
   12.6510263929619      -7.753544707568959E-004
   12.6686217008798      -7.821474830786276E-004
   12.6862170087977      -7.878726246092387E-004
   12.7038123167155      -7.925762275926740E-004
   12.7214076246334      -7.980099545841819E-004
   12.7390029325513      -8.046669551335852E-004
   12.7565982404692      -8.145763111178345E-004
   12.7741935483871      -8.284455321641326E-004
   12.7917888563050      -8.482979878932446E-004
   12.8093841642229      -8.741388608019005E-004
   12.8269794721408      -9.035077709031780E-004
   12.8445747800587      -9.310639310148970E-004
   12.8621700879765      -9.537927696228226E-004
   12.8797653958944      -9.683916265342185E-004
   12.8973607038123      -9.734296130219976E-004
   12.9149560117302      -9.672796179424804E-004
   12.9325513196481      -9.501526014061809E-004
   12.9501466275660      -9.224024366717132E-004
   12.9677419354839      -8.864674449324726E-004
   12.9853372434018      -8.457761523914959E-004
   13.0029325513196      -8.075449323932394E-004
   13.0205278592375      -7.836762517271249E-004
   13.0381231671554      -7.839457056870490E-004
   13.0557184750733      -8.104978807593610E-004
   13.0733137829912      -8.642344040161996E-004
   13.0909090909091      -9.428089439673417E-004
   13.1085043988270      -1.043373111025915E-003
   13.1260997067449      -1.160611888084979E-003
   13.1436950146628      -1.288605402065961E-003
   13.1612903225806      -1.419148533834567E-003
   13.1788856304985      -1.542756199062413E-003
   13.1964809384164      -1.647070451751953E-003
   13.2140762463343      -1.715614535872224E-003
   13.2316715542522      -1.736375774224198E-003
   13.2492668621701      -1.707193543708638E-003
   13.2668621700880      -1.628026828732245E-003
   13.2844574780059      -1.501643467011286E-003
   13.3020527859238      -1.331315261915099E-003
   13.3196480938416      -1.122469171707632E-003
   13.3372434017595      -8.809912012619297E-004
   13.3548387096774      -6.148652908221457E-004
   13.3724340175953      -3.330645438638481E-004
   13.3900293255132      -4.726131876484219E-005
   13.4076246334311       2.267620323212444E-004
   13.4252199413490       4.699675796123292E-004
   13.4428152492669       6.720840312886531E-004
   13.4604105571848       8.287310034649523E-004
   13.4780058651026       9.385381268246943E-004
   13.4956011730205       1.002177507046604E-003
   13.5131964809384       1.022697766822573E-003
   13.5307917888563       1.004731388126339E-003
   13.5483870967742       9.554470810716107E-004
   13.5659824046921       8.838516366536444E-004
   13.5835777126100       8.025359801331742E-004
   13.6011730205279       7.280647212166149E-004
   13.6187683284457       6.834698153457375E-004
   13.6363636363636       6.797898005680836E-004
   13.6539589442815       7.159221595736542E-004
   13.6715542521994       7.879803614491961E-004
   13.6891495601173       8.885958357370119E-004
   13.7067448680352       1.009296586047790E-003
   13.7243401759531       1.139254524945444E-003
   13.7419354838710       1.266881318078875E-003
   13.7595307917889       1.378571199401919E-003
   13.7771260997067       1.459921214790337E-003
   13.7947214076246       1.494403994401663E-003
   13.8123167155425       1.465219374455451E-003
   13.8299120234604       1.371006313317056E-003
   13.8475073313783       1.223115582158951E-003
   13.8651026392962       1.032831643667052E-003
   13.8826979472141       8.123215011660591E-004
   13.9002932551320       5.726536175450742E-004
   13.9178885630499       3.255035293488932E-004
   13.9354838709677       8.112503738467808E-005
   13.9530791788856      -1.498302657198813E-004
   13.9706744868035      -3.585523382412721E-004
   13.9882697947214      -5.362769365484087E-004
   14.0058651026393      -6.777693050773379E-004
   14.0234604105572      -7.845839314050631E-004
   14.0410557184751      -8.646317866505093E-004
   14.0586510263930      -9.216755447893625E-004
   14.0762463343109      -9.597129336153179E-004
   14.0938416422287      -9.802115975645095E-004
   14.1114369501466      -9.854525287733666E-004
   14.1290322580645      -9.755633123063053E-004
   14.1466275659824      -9.517472865447990E-004
   14.1642228739003      -9.131719982866448E-004
   14.1818181818182      -8.603071272802636E-004
   14.1994134897361      -7.916923055504809E-004
   14.2170087976540      -7.089239589949354E-004
   14.2346041055718      -6.168920971531082E-004
   14.2521994134897      -5.226399401824564E-004
   14.2697947214076      -4.306742594221060E-004
   14.2873900293255      -3.466051282120984E-004
   14.3049853372434      -2.734578713488953E-004
   14.3225806451613      -2.154365034258240E-004
   14.3401759530792      -1.738894757966191E-004
   14.3577712609971      -1.512629121320781E-004
   14.3753665689150      -1.465197151834814E-004
   14.3929618768328      -1.592113110049484E-004
   14.4105571847507      -1.823428951855836E-004
   14.4281524926686      -2.067535368400150E-004
   14.4457478005865      -2.245536703211030E-004
   14.4633431085044      -2.335849921212070E-004
   14.4809384164223      -2.311143099241605E-004
   14.4985337243402      -2.180212502837848E-004
   14.5161290322581      -1.939519139445817E-004
   14.5337243401760      -1.618746774267206E-004
   14.5513196480938      -1.232948377467381E-004
   14.5689149560117      -8.309597608771169E-005
   14.5865102639296      -4.473952511777546E-005
   14.6041055718475      -1.572803591629418E-005
   14.6217008797654      -2.978850088988238E-007
   14.6392961876833       1.019706515839214E-006
   14.6568914956012      -7.196727936447045E-006
   14.6744868035191      -2.295392907808630E-005
   14.6920821114370      -4.107320435650996E-005
   14.7096774193548      -5.936188586323593E-005
   14.7272727272727      -7.260188930051275E-005
   14.7448680351906      -7.880308691247423E-005
   14.7624633431085      -7.299436897969319E-005
   14.7800586510264      -5.373632938327594E-005
   14.7976539589443      -1.675630649154697E-005
   14.8152492668622       3.714147481195135E-005
   14.8328445747801       1.067048261922046E-004
   14.8504398826979       1.872956994629704E-004
   14.8680351906158       2.781611386011047E-004
   14.8856304985337       3.754750107535065E-004
   14.9032258064516       4.790298377549669E-004
   14.9208211143695       5.852299023799745E-004
   14.9384164222874       6.940699438466473E-004
   14.9560117302053       8.019022887690896E-004
   14.9736070381232       9.085907098806836E-004
   14.9912023460411       1.010007272643293E-003
   15.0087976539589       1.104788289207058E-003
   15.0263929618768       1.186872347291040E-003
   15.0439882697947       1.255846226037905E-003
   15.0615835777126       1.308909839909635E-003
   15.0791788856305       1.348158974469210E-003
   15.0967741935484       1.372335636594354E-003
   15.1143695014663       1.385086732792687E-003
   15.1319648093842       1.386488322224800E-003
   15.1495601173021       1.381757316285559E-003
   15.1671554252199       1.372542021300662E-003
   15.1847507331378       1.366192230142494E-003
   15.2023460410557       1.367304799401166E-003
   15.2199413489736       1.386958687493416E-003
   15.2375366568915       1.426115412020826E-003
   15.2551319648094       1.485790544744633E-003
   15.2727272727273       1.561185240847137E-003
   15.2903225806452       1.650934360813397E-003
   15.3079178885631       1.748241215982554E-003
   15.3255131964809       1.850303510732390E-003
   15.3431085043988       1.948766487379158E-003
   15.3607038123167       2.039493576560668E-003
   15.3782991202346       2.112390424603917E-003
   15.3958944281525       2.161442238091704E-003
   15.4134897360704       2.173802360914570E-003
   15.4310850439883       2.148878098326009E-003
   15.4486803519062       2.087561432984586E-003
   15.4662756598240       1.997481176851585E-003
   15.4838709677419       1.881870479023127E-003
   15.5014662756598       1.749962906811506E-003
   15.5190615835777       1.606162897247567E-003
   15.5366568914956       1.460927534798048E-003
   15.5542521994135       1.319702828583740E-003
   15.5718475073314       1.194253092297077E-003
   15.5894428152493       1.091366584529291E-003
   15.6070381231672       1.024986784592564E-003
   15.6246334310850       9.973186594862055E-004
   15.6422287390029       1.005470386590347E-003
   15.6598240469208       1.038146098910544E-003
   15.6774193548387       1.089739520819830E-003
   15.6950146627566       1.147912431208674E-003
   15.7126099706745       1.206455754146901E-003
   15.7302052785924       1.252509836043950E-003
   15.7478005865103       1.279663526724747E-003
   15.7653958944282       1.274841741710045E-003
   15.7829912023460       1.231826033687862E-003
   15.8005865102639       1.137952802302850E-003
   15.8181818181818       9.933526823268455E-004
   15.8357771260997       8.075080719696359E-004
   15.8533724340176       5.984646117601672E-004
   15.8709677419355       3.761943606966569E-004
   15.8885630498534       1.567248342842755E-004
   15.9061583577713      -5.198343228574787E-005
   15.9237536656892      -2.356383724049084E-004
   15.9413489736070      -3.884161292153613E-004
   15.9589442815249      -4.981547476746290E-004
   15.9765395894428      -5.620757540829648E-004
   15.9941348973607      -5.716809369529938E-004
   16.0117302052786      -5.330572696563239E-004
   16.0293255131965      -4.590263292461160E-004
   16.0469208211144      -3.708859801076855E-004
   16.0645161290323      -2.777089635081317E-004
   16.0821114369501      -1.939310080250618E-004
   16.0997067448680      -1.240612171865093E-004
   16.1173020527859      -7.882299369048993E-005
   16.1348973607038      -5.914714367921445E-005
   16.1524926686217      -7.235760095290251E-005
   16.1700879765396      -1.154911952923507E-004
   16.1876832844575      -1.914719866887774E-004
   16.2052785923754      -2.901866672612837E-004
   16.2228739002933      -4.018463406833902E-004
   16.2404692082111      -5.082588087012029E-004
   16.2580645161290      -6.064393546552504E-004
   16.2756598240469      -6.863032063782694E-004
   16.2932551319648      -7.491374772984588E-004
   16.3108504398827      -7.881321074461376E-004
   16.3284457478006      -8.073197652354935E-004
   16.3460410557185      -8.023798077692416E-004
   16.3636363636364      -7.799139758496277E-004
   16.3812316715543      -7.384059279545600E-004
   16.3988269794721      -6.881314003140727E-004
   16.4164222873900      -6.339889775516910E-004
   16.4340175953079      -5.914467688010922E-004
   16.4516129032258      -5.607116535647637E-004
   16.4692082111437      -5.507690647929944E-004
   16.4868035190616      -5.582514780164110E-004
   16.5043988269795      -5.897746336621989E-004
   16.5219941348974      -6.398333447728875E-004
   16.5395894428153      -7.131934517860675E-004
   16.5571847507331      -8.022718483739275E-004
   16.5747800586510      -9.096441454807177E-004
   16.5923753665689      -1.024827828009599E-003
   16.6099706744868      -1.145329582695367E-003
   16.6275659824047      -1.253404619479077E-003
   16.6451612903226      -1.346878775165628E-003
   16.6627565982405      -1.414592563517138E-003
   16.6803519061584      -1.459315736101022E-003
   16.6979472140762      -1.472463295937608E-003
   16.7155425219941      -1.459249842201768E-003
   16.7331378299120      -1.412871985478473E-003
   16.7507331378299      -1.340617322535741E-003
   16.7683284457478      -1.237419657976201E-003
   16.7859237536657      -1.112922465853853E-003
   16.8035190615836      -9.648139422851815E-004
   16.8211143695015      -8.072183131062468E-004
   16.8387096774194      -6.388597089476301E-004
   16.8563049853372      -4.701477230858539E-004
   16.8739002932551      -2.965889431443902E-004
   16.8914956011730      -1.276960965179652E-004
   16.9090909090909       4.193107711122890E-005
   16.9266862170088       2.028693995271714E-004
   16.9442815249267       3.608741845928832E-004
   16.9618768328446       5.061919867049744E-004
   16.9794721407625       6.444419974591861E-004
   16.9970674486804       7.648604258265810E-004
   17.0146627565982       8.713368280720566E-004
   17.0322580645161       9.517699404243345E-004
   17.0498533724340       1.013656820370632E-003
   17.0674486803519       1.048551264995818E-003
   17.0850439882698       1.066515587053183E-003
   17.1026392961877       1.060510925720759E-003
   17.1202346041056       1.042454686916912E-003
   17.1378299120235       1.006511986193817E-003
   17.1554252199413       9.665439193393355E-004
   17.1730205278592       9.182505585109469E-004
   17.1906158357771       8.781633640259141E-004
   17.2082111436950       8.456042954674154E-004
   17.2258064516129       8.396771742301056E-004
   17.2434017595308       8.519606381580022E-004
   17.2609970674487       8.919164266158358E-004
   17.2785923753666       9.460598099965138E-004
   17.2961876832845       1.021946823435649E-003
   17.3137829912023       1.103586738661609E-003
   17.3313782991202       1.197385095685535E-003
   17.3489736070381       1.285136484766764E-003
   17.3665689149560       1.372167349989095E-003
   17.3841642228739       1.437722451175054E-003
   17.4017595307918       1.485213805515950E-003
   17.4193548387097       1.492084917515496E-003
   17.4369501466276       1.472540658807048E-003
   17.4545454545455       1.417517451711356E-003
   17.4721407624633       1.347063375834751E-003
   17.4897360703812       1.252679212543768E-003
   17.5073313782991       1.156249597756890E-003
   17.5249266862170       1.048868102270579E-003
   17.5425219941349       9.538279965052272E-004
   17.5601173020528       8.612969926069042E-004
   17.5777126099707       7.956905014986238E-004
   17.5953079178886       7.455400345129946E-004
   17.6129032258065       7.341077993638758E-004
   17.6304985337243       7.359129648540137E-004
   17.6480938416422       7.625897635312373E-004
   17.6656891495601       7.850350156685520E-004
   17.6832844574780       8.191996034086018E-004
   17.7008797653959       8.356702941397436E-004
   17.7184750733138       8.545303545153042E-004
   17.7360703812317       8.454646561829095E-004
   17.7536656891496       8.334547057956048E-004
   17.7712609970675       7.870422010902866E-004
   17.7888563049853       7.378415167873040E-004
   17.8064516129032       6.547357117161228E-004
   17.8240469208211       5.847457084901895E-004
   17.8416422287390       4.993130697665886E-004
   17.8592375366569       4.506371581509805E-004
   17.8768328445748       3.965008372532082E-004
   17.8944281524927       3.978982145083226E-004
   17.9120234604106       3.970295769567764E-004
   17.9296187683284       4.732425282176609E-004
   17.9472140762463       5.430827268508195E-004
   17.9648093841642       7.287452725065594E-004
   17.9824046920821       8.891589269084465E-004
   18.0000000000000       1.343848364427702E-003
