  0.000000000000000E+000  1.207525974028831E-003
  1.759530791788856E-002  7.456087397033262E-004
  3.519061583577713E-002  6.223478130343302E-004
  5.278592375366570E-002  4.407695798309057E-004
  7.038123167155426E-002  3.679502431748718E-004
  8.797653958944282E-002  2.574541076643515E-004
  0.105571847507331       2.102963422320305E-004
  0.123167155425220       1.345947432654680E-004
  0.140762463343109       1.030031495929310E-004
  0.158357771260997       4.806705984853165E-005
  0.175953079178886       2.664610013595969E-005
  0.193548387096774      -1.478761299759679E-005
  0.211143695014663      -2.948820249212331E-005
  0.228739002932551      -6.198501484424179E-005
  0.246334310850440      -7.243198402540913E-005
  0.263929618768328      -9.888969557265181E-005
  0.281524926686217      -1.065678289186835E-004
  0.299120234604106      -1.287765154521841E-004
  0.316715542521994      -1.346139933199734E-004
  0.334310850439883      -1.537247209332618E-004
  0.351906158357771      -1.582795344674731E-004
  0.369501466275660      -1.749986254301050E-004
  0.387096774193548      -1.785333372794024E-004
  0.404692082111437      -1.931925596967607E-004
  0.422287390029326      -1.956293528814365E-004
  0.439882697947214      -2.081601740063328E-004
  0.457478005865103      -2.092561156048718E-004
  0.475073313782991      -2.196312249187897E-004
  0.492668621700880      -2.192784545026735E-004
  0.510263929618768      -2.275079497479288E-004
  0.527859237536657      -2.256181152700714E-004
  0.545454545454546      -2.316945839275457E-004
  0.563049853372434      -2.281710068159777E-004
  0.580645161290323      -2.320535744588252E-004
  0.598240469208211      -2.267670749072820E-004
  0.615835777126100      -2.283516362208536E-004
  0.633431085043988      -2.211855744372263E-004
  0.651026392961877      -2.205993875590570E-004
  0.668621700879765      -2.118472654036415E-004
  0.686217008797654      -2.095356650210162E-004
  0.703812316715543      -1.996659044663768E-004
  0.721407624633431      -1.961867038062321E-004
  0.739002932551320      -1.857794818009687E-004
  0.756598240469208      -1.818029533242273E-004
  0.774193548387097      -1.715719387382470E-004
  0.791788856304985      -1.679286548550993E-004
  0.809384164222874      -1.588249340644031E-004
  0.826979472140763      -1.566075165147889E-004
  0.844574780058651      -1.495116401789732E-004
  0.862170087976540      -1.491576874264216E-004
  0.879765395894428      -1.441349208245478E-004
  0.897360703812317      -1.455627069528977E-004
  0.914956011730205      -1.424085528478316E-004
  0.932551319648094      -1.453400001059390E-004
  0.950146627565982      -1.436817330260499E-004
  0.967741935483871      -1.476796280275733E-004
  0.985337243401760      -1.469845457429541E-004
   1.00293255131965      -1.514279927084490E-004
   1.02052785923754      -1.509723537646349E-004
   1.03812316715543      -1.552555758901960E-004
   1.05571847507331      -1.547764108210845E-004
   1.07331378299120      -1.589348182314695E-004
   1.09090909090909      -1.585560641707108E-004
   1.10850439882698      -1.627568772036436E-004
   1.12609970674487      -1.626562346339365E-004
   1.14369501466276      -1.670936666724368E-004
   1.16129032258065      -1.674586124478288E-004
   1.17888563049853      -1.723192457880105E-004
   1.19648093841642      -1.733091020970003E-004
   1.21407624633431      -1.786944528979840E-004
   1.23167155425220      -1.802120482125810E-004
   1.24926686217009      -1.857998070938926E-004
   1.26686217008798      -1.874578949400590E-004
   1.28445747800587      -1.929441026091477E-004
   1.30205278592375      -1.945162745691241E-004
   1.31964809384164      -1.997497652845155E-004
   1.33724340175953      -2.011488048071713E-004
   1.35483870967742      -2.061205103211489E-004
   1.37243401759531      -2.074185269328953E-004
   1.39002932551320      -2.123129350192498E-004
   1.40762463343109      -2.138663449162315E-004
   1.42521994134897      -2.193412891629985E-004
   1.44281524926686      -2.220066168950709E-004
   1.46041055718475      -2.287564579023024E-004
   1.47800586510264      -2.328844682636576E-004
   1.49560117302053      -2.410212188076099E-004
   1.51319648093842      -2.465518010680440E-004
   1.53079178885631      -2.558679904116684E-004
   1.54838709677419      -2.624435020550459E-004
   1.56598240469208      -2.724277179785250E-004
   1.58357771260997      -2.793492001962545E-004
   1.60117302052786      -2.890537767534461E-004
   1.61876832844575      -2.949756166316814E-004
   1.63636363636364      -3.027766442551622E-004
   1.65395894428153      -3.064123241430985E-004
   1.67155425219941      -3.117064165758184E-004
   1.68914956011730      -3.129081687490455E-004
   1.70674486803519      -3.158203951628190E-004
   1.72434017595308      -3.149292408056552E-004
   1.74193548387097      -3.160009211120319E-004
   1.75953079178886      -3.137543382324371E-004
   1.77712609970675      -3.139437490633726E-004
   1.79472140762463      -3.115625101957259E-004
   1.81231671554252      -3.124974692031496E-004
   1.82991202346041      -3.119772136409182E-004
   1.84750733137830      -3.153550119234277E-004
   1.86510263929619      -3.175238641821619E-004
   1.88269794721408      -3.235002360531451E-004
   1.90029325513196      -3.281634058626026E-004
   1.91788856304985      -3.362996896372451E-004
   1.93548387096774      -3.428029489348698E-004
   1.95307917888563      -3.522419574503883E-004
   1.97067448680352      -3.595118889917625E-004
   1.98826979472141      -3.689346702841886E-004
   2.00586510263930      -3.752998054948543E-004
   2.02346041055718      -3.826250391895765E-004
   2.04105571847507      -3.861002509962974E-004
   2.05865102639296      -3.902104981689954E-004
   2.07624633431085      -3.905469628440518E-004
   2.09384164222874      -3.916330546175238E-004
   2.11143695014663      -3.892846466175805E-004
   2.12903225806452      -3.880223189798874E-004
   2.14662756598241      -3.838656462032383E-004
   2.16422287390029      -3.813365653641149E-004
   2.18181818181818      -3.766798614741308E-004
   2.19941348973607      -3.744817515848286E-004
   2.21700879765396      -3.713288591121604E-004
   2.23460410557185      -3.715985543052823E-004
   2.25219941348974      -3.713825763341121E-004
   2.26979472140762      -3.745681490114743E-004
   2.28739002932551      -3.771727316044621E-004
   2.30498533724340      -3.828666319129228E-004
   2.32258064516129      -3.876584364531435E-004
   2.34017595307918      -3.950286732470553E-004
   2.35777126099707      -4.009790026619424E-004
   2.37536656891496      -4.087856965202649E-004
   2.39296187683284      -4.144026289451522E-004
   2.41055718475073      -4.207769881765148E-004
   2.42815249266862      -4.238522819695391E-004
   2.44574780058651      -4.269169022358790E-004
   2.46334310850440      -4.265025437967779E-004
   2.48093841642229      -4.260426089839723E-004
   2.49853372434018      -4.222844362413571E-004
   2.51612903225806      -4.186909385321364E-004
   2.53372434017595      -4.121907152981544E-004
   2.55131964809384      -4.062658160655130E-004
   2.56891495601173      -3.980320795153859E-004
   2.58651026392962      -3.910202454337124E-004
   2.60410557184751      -3.826190427127592E-004
   2.62170087976540      -3.765161851718090E-004
   2.63929618768328      -3.700400977942971E-004
   2.65689149560117      -3.663144881749130E-004
   2.67448680351906      -3.624546328287779E-004
   2.69208211143695      -3.613750299930344E-004
   2.70967741935484      -3.601582443203753E-004
   2.72727272727273      -3.615589694001903E-004
   2.74486803519062      -3.626497283810357E-004
   2.76246334310850      -3.660316979156054E-004
   2.78005865102639      -3.687562031098185E-004
   2.79765395894428      -3.732399931098587E-004
   2.81524926686217      -3.764178867825741E-004
   2.83284457478006      -3.805608701958322E-004
   2.85043988269795      -3.829121900074712E-004
   2.86803519061584      -3.859052281130103E-004
   2.88563049853372      -3.869559681071900E-004
   2.90322580645161      -3.884942782369620E-004
   2.92082111436950      -3.880544889105413E-004
   2.93841642228739      -3.880414357259532E-004
   2.95601173020528      -3.860963056501294E-004
   2.97360703812317      -3.845964120970662E-004
   2.99120234604106      -3.812925750351516E-004
   3.00879765395894      -3.785592188551211E-004
   3.02639296187683      -3.742870929894546E-004
   3.04398826979472      -3.707787053607493E-004
   3.06158357771261      -3.659220910220768E-004
   3.07917888563050      -3.619150588280779E-004
   3.09677419354839      -3.566944236953742E-004
   3.11436950146628      -3.523830349066887E-004
   3.13196480938416      -3.469756747108655E-004
   3.14956011730205      -3.425279364551045E-004
   3.16715542521994      -3.370965841538715E-004
   3.18475073313783      -3.326755807675226E-004
   3.20234604105572      -3.273897413449868E-004
   3.21994134897361      -3.231774859392571E-004
   3.23753665689150      -3.182021522040667E-004
   3.25513196480938      -3.142956652790749E-004
   3.27272727272727      -3.096582538654422E-004
   3.29032258064516      -3.060494815008517E-004
   3.30791788856305      -3.017203938442441E-004
   3.32551319648094      -2.983626872444420E-004
   3.34310850439883      -2.942795694386624E-004
   3.36070381231672      -2.910964035151448E-004
   3.37829912023460      -2.871679580746452E-004
   3.39589442815249      -2.840530472201384E-004
   3.41348973607038      -2.801559596164181E-004
   3.43108504398827      -2.769904886328364E-004
   3.44868035190616      -2.730511078388175E-004
   3.46627565982405      -2.698098445188121E-004
   3.48387096774194      -2.658191428903021E-004
   3.50146627565982      -2.624930696193667E-004
   3.51906158357771      -2.584382519319901E-004
   3.53665689149560      -2.550095953276758E-004
   3.55425219941349      -2.508655801221869E-004
   3.57184750733138      -2.473003442673864E-004
   3.58944281524927      -2.430205038454004E-004
   3.60703812316716      -2.392522815947791E-004
   3.62463343108504      -2.347461342818616E-004
   3.64222873900293      -2.306935804936179E-004
   3.65982404692082      -2.259336695642734E-004
   3.67741935483871      -2.216217875745824E-004
   3.69501466275660      -2.166593253664789E-004
   3.71260997067449      -2.121559906740839E-004
   3.73020527859238      -2.070721958286582E-004
   3.74780058651026      -2.024712361247276E-004
   3.76539589442815      -1.973719492318889E-004
   3.78299120234604      -1.927930277570172E-004
   3.80058651026393      -1.878149054778954E-004
   3.81818181818182      -1.834145687120780E-004
   3.83577712609971      -1.786968011733018E-004
   3.85337243401760      -1.745354670254264E-004
   3.87096774193548      -1.700609376733087E-004
   3.88856304985337      -1.660870983960598E-004
   3.90615835777126      -1.617869828984599E-004
   3.92375366568915      -1.579184634617066E-004
   3.94134897360704      -1.536980230030986E-004
   3.95894428152493      -1.498281084200587E-004
   3.97653958944282      -1.455670688847695E-004
   3.99413489736070      -1.415600181728948E-004
   4.01173020527859      -1.371021189576481E-004
   4.02932551319648      -1.328197791065516E-004
   4.04692082111437      -1.281322979527487E-004
   4.06451612903226      -1.236642195970422E-004
   4.08211143695015      -1.188930874836388E-004
   4.09970674486804      -1.144015592321388E-004
   4.11730205278592      -1.097183113281765E-004
   4.13489736070381      -1.053822777347084E-004
   4.15249266862170      -1.009713766738121E-004
   4.17008797653959      -9.698054430034900E-005
   4.18768328445748      -9.303614358518978E-005
   4.20527859237537      -8.958980159986878E-005
   4.22287390029326      -8.628625994994654E-005
   4.24046920821114      -8.344924420484154E-005
   4.25806451612903      -8.070718419585215E-005
   4.27565982404692      -7.833031081816194E-005
   4.29325513196481      -7.598960254323135E-005
   4.31085043988270      -7.390864323896133E-005
   4.32844574780059      -7.180040800523127E-005
   4.34604105571848      -6.984173092990327E-005
   4.36363636363636      -6.778610914372363E-005
   4.38123167155425      -6.576221117110637E-005
   4.39882697947214      -6.356020065809389E-005
   4.41642228739003      -6.126176402027307E-005
   4.43401759530792      -5.874659506335037E-005
   4.45161290322581      -5.612702686101321E-005
   4.46920821114370      -5.335480930322392E-005
   4.48680351906158      -5.050771087389662E-005
   4.50439882697947      -4.758414099522280E-005
   4.52199413489736      -4.462328199927028E-005
   4.53958944281525      -4.166690649087187E-005
   4.55718475073314      -3.871374695651072E-005
   4.57478005865103      -3.584552207451639E-005
   4.59237536656892      -3.301707589526818E-005
   4.60997067448680      -3.033658196590266E-005
   4.62756598240469      -2.765943285239336E-005
   4.64516129032258      -2.507049494247170E-005
   4.66275659824047      -2.238212932283877E-005
   4.68035190615836      -1.974125755729628E-005
   4.69794721407625      -1.693736221346077E-005
   4.71554252199414      -1.417223829003699E-005
   4.73313782991202      -1.121168013143472E-005
   4.75073313782991      -8.312905679321008E-006
   4.76832844574780      -5.221879010165873E-006
   4.78592375366569      -2.257796922457450E-006
   4.80351906158358       8.350314755722829E-007
   4.82111436950147       3.631795270333752E-006
   4.83870967741935       6.383447798353273E-006
   4.85630498533724       8.672709387669803E-006
   4.87390029325513       1.084119530530551E-005
   4.89149560117302       1.246192911708287E-005
   4.90909090909091       1.393521888373144E-005
   4.92668621700880       1.481471278035291E-005
   4.94428152492669       1.555409180761103E-005
   4.96187683284458       1.568705295038575E-005
   4.97947214076246       1.572255319267085E-005
   4.99706744868035       1.518178928342563E-005
   5.01466275659824       1.465610673569306E-005
   5.03225806451613       1.369427451100111E-005
   5.04985337243402       1.292329028111268E-005
   5.06744868035191       1.181564135026188E-005
   5.08504398826980       1.100519532442244E-005
   5.10263929618768       9.911065141832243E-006
   5.12023460410557       9.185533400892333E-006
   5.13782991202346       8.198744939639710E-006
   5.15542521994135       7.621743319458349E-006
   5.17302052785924       6.774086310703899E-006
   5.19061583577713       6.339926700733058E-006
   5.20821114369502       5.570752982626111E-006
   5.22580645161290       5.132497346966740E-006
   5.24340175953079       4.236996380730468E-006
   5.26099706744868       3.626872462923640E-006
   5.27859237536657       2.515637066815034E-006
   5.29618768328446       1.695347266101550E-006
   5.31378299120235       3.621888742568816E-007
   5.33137829912024      -6.487412715814253E-007
   5.34897360703812      -2.161128920509160E-006
   5.36656891495601      -3.297699498501470E-006
   5.38416422287390      -4.899534895513903E-006
   5.40175953079179      -6.040354681747649E-006
   5.41935483870968      -7.560961912541915E-006
   5.43695014662757      -8.498107154848133E-006
   5.45454545454546      -9.763728226265068E-006
   5.47214076246334      -1.040117190303105E-005
   5.48973607038123      -1.137109236249492E-005
   5.50733137829912      -1.170420524006170E-005
   5.52492668621701      -1.240489432714582E-005
   5.54252199413490      -1.249130019637451E-005
   5.56011730205279      -1.301358706720283E-005
   5.57771260997067      -1.298442288201466E-005
   5.59530791788856      -1.351136433390426E-005
   5.61290322580645      -1.363903688728669E-005
   5.63049853372434      -1.455821349366270E-005
   5.64809384164223      -1.523881122914309E-005
   5.66568914956012      -1.681296746633577E-005
   5.68328445747801      -1.817456629394293E-005
   5.70087976539589      -2.045129373573584E-005
   5.71847507331378      -2.248459374846609E-005
   5.73607038123167      -2.540550922509999E-005
   5.75366568914956      -2.800715311389117E-005
   5.77126099706745      -3.142356183099302E-005
   5.78885630498534      -3.439646616147994E-005
   5.80645161290323      -3.804830369952441E-005
   5.82404692082111      -4.106379385906545E-005
   5.84164222873900      -4.462796936681654E-005
   5.85923753665689      -4.747330862062031E-005
   5.87683284457478      -5.084276237879106E-005
   5.89442815249267      -5.345714245087945E-005
   5.91202346041056      -5.659327317209625E-005
   5.92961876832845      -5.895411286669942E-005
   5.94721407624634      -6.184606862597543E-005
   5.96480938416422      -6.395305501638651E-005
   5.98240469208211      -6.661033429410051E-005
   6.00000000000000      -6.848497395254741E-005
   6.01759530791789      -7.094798047451126E-005
   6.03519061583578      -7.265353818713083E-005
   6.05278592375367      -7.498605401812655E-005
   6.07038123167156      -7.656337207468120E-005
   6.08797653958944      -7.878405877162047E-005
   6.10557184750733      -8.023732248371119E-005
   6.12316715542522      -8.233791629375453E-005
   6.14076246334311      -8.364773759375725E-005
   6.15835777126100      -8.559735959559505E-005
   6.17595307917889      -8.672120056001170E-005
   6.19354838709677      -8.846387476328467E-005
   6.21114369501466      -8.933006114198091E-005
   6.22873900293255      -9.079664471387670E-005
   6.24633431085044      -9.138458850101294E-005
   6.26392961876833      -9.261284770139636E-005
   6.28152492668622      -9.298488419319406E-005
   6.29912023460411      -9.403862491028015E-005
   6.31671554252199      -9.425616894294633E-005
   6.33431085043988      -9.519195940453852E-005
   6.35190615835777      -9.530531837778800E-005
   6.36950146627566      -9.616479367748372E-005
   6.38709677419355      -9.620472329422352E-005
   6.40469208211144      -9.700189073080892E-005
   6.42228739002933      -9.695475830465437E-005
   6.43988269794721      -9.764845258010467E-005
   6.45747800586510      -9.747385504872767E-005
   6.47507331378299      -9.804385106767347E-005
   6.49266862170088      -9.773554467218929E-005
   6.51026392961877      -9.818082319800682E-005
   6.52785923753666      -9.774003162936712E-005
   6.54545454545455      -9.806095404816892E-005
   6.56304985337243      -9.748542628897919E-005
   6.58064516129032      -9.767402148000330E-005
   6.59824046920821      -9.694685054017683E-005
   6.61583577712610      -9.697092177519814E-005
   6.63343108504399      -9.605645579063469E-005
   6.65102639296188      -9.591247143133444E-005
   6.66862170087977      -9.485082046469257E-005
   6.68621700879765      -9.460111981987116E-005
   6.70381231671554      -9.346299206208307E-005
   6.72140762463343      -9.318166097531857E-005
   6.73900293255132      -9.204189587857622E-005
   6.75659824046921      -9.180147450627551E-005
   6.77419354838710      -9.072747720928729E-005
   6.79178885630499      -9.058567381271652E-005
   6.80938416422287      -8.961474043992217E-005
   6.82697947214076      -8.955662746811456E-005
   6.84457478005865      -8.860827018463182E-005
   6.86217008797654      -8.853250034661779E-005
   6.87976539589443      -8.752890942018813E-005
   6.89736070381232      -8.738143916882776E-005
   6.91495601173021      -8.628355244178925E-005
   6.93255131964809      -8.603576261565628E-005
   6.95014662756598      -8.482248770201400E-005
   6.96774193548387      -8.445748873095822E-005
   6.98533724340176      -8.311301889718669E-005
   7.00293255131965      -8.260958324676385E-005
   7.02052785923754      -8.109407905871679E-005
   7.03812316715543      -8.038986126750356E-005
   7.05571847507331      -7.865040010699642E-005
   7.07331378299120      -7.772971146332396E-005
   7.09090909090909      -7.578301724630230E-005
   7.10850439882698      -7.468453695960219E-005
   7.12609970674487      -7.258790005147759E-005
   7.14369501466276      -7.138480800325073E-005
   7.16129032258065      -6.922637568120186E-005
   7.17888563049853      -6.802039437434580E-005
   7.19648093841642      -6.591528019094183E-005
   7.21407624633431      -6.482906687703356E-005
   7.23167155425220      -6.286331809705710E-005
   7.24926686217009      -6.189280323082660E-005
   7.26686217008798      -5.999738832344632E-005
   7.28445747800587      -5.906441539958752E-005
   7.30205278592375      -5.717037711899122E-005
   7.31964809384164      -5.621479397797478E-005
   7.33724340175953      -5.427088726997114E-005
   7.35483870967742      -5.324948871111623E-005
   7.37243401759531      -5.122011706485367E-005
   7.39002932551320      -5.010316029001120E-005
   7.40762463343109      -4.796029212689383E-005
   7.42521994134897      -4.670031814109134E-005
   7.44281524926686      -4.435568847217421E-005
   7.46041055718475      -4.284366212006046E-005
   7.47800586510264      -4.020670650803729E-005
   7.49560117302053      -3.838095297691413E-005
   7.51319648093842      -3.541637434098582E-005
   7.53079178885631      -3.326742119271997E-005
   7.54838709677419      -2.999309810228810E-005
   7.56598240469208      -2.756819900178601E-005
   7.58357771260997      -2.406577647160039E-005
   7.60117302052786      -2.149014391972898E-005
   7.61876832844575      -1.794366097114187E-005
   7.63636363636364      -1.542688832896701E-005
   7.65395894428153      -1.198033625168502E-005
   7.67155425219941      -9.574661300430984E-006
   7.68914956011730      -6.236932410512384E-006
   7.70674486803519      -3.936665876786540E-006
   7.72434017595308      -6.970988563447262E-007
   7.74193548387097       1.507580703135138E-006
   7.75953079178886       4.652999196140617E-006
   7.77712609970675       6.755381403154378E-006
   7.79472140762463       9.782556205366538E-006
   7.81231671554252       1.172838468826376E-005
   7.82991202346041       1.455796394820624E-005
   7.84750733137830       1.630070486409194E-005
   7.86510263929619       1.895969412387412E-005
   7.88269794721408       2.057623897722899E-005
   7.90029325513197       2.316055928028889E-005
   7.91788856304985       2.475549140070237E-005
   7.93548387096774       2.737251258984532E-005
   7.95307917888563       2.905171302939493E-005
   7.97067448680352       3.180066716576444E-005
   7.98826979472141       3.365121815179754E-005
   8.00586510263930       3.659448746633764E-005
   8.02346041055718       3.862357768281598E-005
   8.04105571847507       4.169785819203957E-005
   8.05865102639296       4.382320583713773E-005
   8.07624633431085       4.698050307737377E-005
   8.09384164222874       4.918678673447213E-005
   8.11143695014663       5.242899371599002E-005
   8.12903225806452       5.472880841680233E-005
   8.14662756598241       5.807304936301905E-005
   8.16422287390029       6.048331948844782E-005
   8.18181818181818       6.393918965427541E-005
   8.19941348973607       6.645226970391927E-005
   8.21700879765396       6.996655699544078E-005
   8.23460410557185       7.245566014923513E-005
   8.25219941348974       7.587612546717876E-005
   8.26979472140763       7.824275912514613E-005
   8.28739002932551       8.153310491390124E-005
   8.30498533724340       8.378177886890414E-005
   8.32258064516129       8.697639276519366E-005
   8.34017595307918       8.916550078116463E-005
   8.35777126099707       9.234212699554077E-005
   8.37536656891496       9.456474058185806E-005
   8.39296187683285       9.782678649669424E-005
   8.41055718475073       1.001840433101337E-004
   8.42815249266862       1.035743686246631E-004
   8.44574780058651       1.059991601397156E-004
   8.46334310850440       1.093894591383726E-004
   8.48093841642229       1.117727328051329E-004
   8.49853372434018       1.150920017896773E-004
   8.51612903225807       1.173944533375485E-004
   8.53372434017595       1.206320008887035E-004
   8.55131964809384       1.228701988454111E-004
   8.56891495601173       1.260687083290011E-004
   8.58651026392962       1.283114952442018E-004
   8.60410557184751       1.315661766555685E-004
   8.62170087976540       1.339151613616041E-004
   8.63929618768329       1.372657656475427E-004
   8.65689149560117       1.396641353145617E-004
   8.67448680351906       1.430148336050957E-004
   8.69208211143695       1.453810900775834E-004
   8.70967741935484       1.486726331033849E-004
   8.72727272727273       1.509718067509408E-004
   8.74486803519062       1.541952350676545E-004
   8.76246334310851       1.564470463290416E-004
   8.78005865102639       1.596543015895791E-004
   8.79765395894428       1.619493419830556E-004
   8.81524926686217       1.652783035469953E-004
   8.83284457478006       1.677615929403373E-004
   8.85043988269795       1.712710672469038E-004
   8.86803519061584       1.739016567863795E-004
   8.88563049853373       1.775137265637016E-004
   8.90322580645161       1.802129350580929E-004
   8.92082111436950       1.838573036345023E-004
   8.93841642228739       1.865694920339400E-004
   8.95601173020528       1.902100567598151E-004
   8.97360703812317       1.929251880808214E-004
   8.99120234604106       1.965855937167158E-004
   9.00879765395895       1.993792765063801E-004
   9.02639296187683       2.031896540142230E-004
   9.04398826979472       2.061726755463463E-004
   9.06158357771261       2.101431667098880E-004
   9.07917888563050       2.132444050418011E-004
   9.09677419354839       2.172752775999894E-004
   9.11436950146628       2.203875418093266E-004
   9.13196480938416       2.243729394685081E-004
   9.14956011730205       2.274000039020816E-004
   9.16715542521994       2.312608176294594E-004
   9.18475073313783       2.341512471907774E-004
   9.20234604105572       2.378818258987289E-004
   9.21994134897361       2.407172679051567E-004
   9.23753665689150       2.444946939665859E-004
   9.25513196480938       2.474455234012055E-004
   9.27272727272727       2.513451466514201E-004
   9.29032258064516       2.544126156261358E-004
   9.30791788856305       2.583962588827366E-004
   9.32551319648094       2.615170906284806E-004
   9.34310850439883       2.655061355330203E-004
   9.36070381231672       2.685941403679917E-004
   9.37829912023460       2.725034125226153E-004
   9.39589442815249       2.754854589609132E-004
   9.41348973607038       2.792820144347188E-004
   9.43108504398827       2.822113742073157E-004
   9.44868035190616       2.860073323303927E-004
   9.46627565982405       2.889599143196666E-004
   9.48387096774194       2.927599801593096E-004
   9.50146627565982       2.956905964774363E-004
   9.51906158357771       2.994150475951576E-004
   9.53665689149560       3.022176644780822E-004
   9.55425219941349       3.057400706448405E-004
   9.57184750733138       3.082740377303486E-004
   9.58944281524927       3.114459954819031E-004
   9.60703812316716       3.135698158860526E-004
   9.62463343108504       3.163144548432215E-004
   9.64222873900293       3.180827517707986E-004
   9.65982404692082       3.205388696048415E-004
   9.67741935483871       3.220693056828263E-004
   9.69501466275660       3.243034098252957E-004
   9.71260997067449       3.256237686018323E-004
   9.73020527859238       3.276306799811854E-004
   9.74780058651026       3.287076237972268E-004
   9.76539589442815       3.304292023038361E-004
   9.78299120234604       3.311841567098378E-004
   9.80058651026393       3.325272534989191E-004
   9.81818181818182       3.328845366241923E-004
   9.83577712609971       3.338790205954178E-004
   9.85337243401760       3.340014905760134E-004
   9.87096774193548       3.348403382620315E-004
   9.88856304985337       3.348761791650330E-004
   9.90615835777126       3.356597972582052E-004
   9.92375366568915       3.356658228797609E-004
   9.94134897360704       3.364087582605320E-004
   9.95894428152493       3.363574398705670E-004
   9.97653958944282       3.369885829627176E-004
   9.99413489736071       3.367625016413668E-004
   10.0117302052786       3.371146637326857E-004
   10.0293255131965       3.365609685316758E-004
   10.0469208211144       3.366217889388200E-004
   10.0645161290323       3.358746623851761E-004
   10.0821114369501       3.358175493418667E-004
   10.0997067448680       3.350306675915516E-004
   10.1173020527859       3.349798916095233E-004
   10.1348973607038       3.342427236888322E-004
   10.1524926686217       3.342471195570923E-004
   10.1700879765396       3.335609978327081E-004
   10.1876832844575       3.335644360222118E-004
   10.2052785923754       3.327945401885829E-004
   10.2228739002933       3.325743903963076E-004
   10.2404692082111       3.315103352400449E-004
   10.2580645161290       3.310086798595846E-004
   10.2756598240469       3.297299817462462E-004
   10.2932551319648       3.290703671516301E-004
   10.3108504398827       3.277061725479777E-004
   10.3284457478006       3.270090821667847E-004
   10.3460410557185       3.256592142941579E-004
   10.3636363636364       3.249929088013578E-004
   10.3812316715543       3.236796077669743E-004
   10.3988269794721       3.229985260684308E-004
   10.4164222873900       3.215617295759028E-004
   10.4340175953079       3.205982668072857E-004
   10.4516129032258       3.188251057871819E-004
   10.4692082111437       3.175369216164774E-004
   10.4868035190616       3.155003319798975E-004
   10.5043988269795       3.140086288955468E-004
   10.5219941348974       3.118516761260660E-004
   10.5395894428153       3.103036643129775E-004
   10.5571847507331       3.081629591189027E-004
   10.5747800586510       3.066661500436854E-004
   10.5923753665689       3.045967788037214E-004
   10.6099706744868       3.030926258011451E-004
   10.6275659824047       3.008135694157457E-004
   10.6451612903226       2.988504240504767E-004
   10.6627565982405       2.959902816621451E-004
   10.6803519061584       2.933962491844248E-004
   10.6979472140762       2.899240452934320E-004
   10.7155425219941       2.867576482690008E-004
   10.7331378299120       2.827998074262855E-004
   10.7507331378299       2.792385215595885E-004
   10.7683284457478       2.750094325019534E-004
   10.7859237536657       2.712880129234293E-004
   10.8035190615836       2.670139638689546E-004
   10.8211143695015       2.632368084701497E-004
   10.8387096774194       2.587254582376520E-004
   10.8563049853372       2.544722494289719E-004
   10.8739002932551       2.493488976227616E-004
   10.8914956011730       2.443943569923400E-004
   10.9090909090909       2.385556675040866E-004
   10.9266862170088       2.329040750862855E-004
   10.9442815249267       2.264546693543812E-004
   10.9618768328446       2.203088449091486E-004
   10.9794721407625       2.135514850288944E-004
   10.9970674486804       2.073209561117050E-004
   11.0146627565982       2.007691082037325E-004
   11.0322580645161       1.948860511905438E-004
   11.0498533724340       1.886059732035288E-004
   11.0674486803519       1.828216501082362E-004
   11.0850439882698       1.765007579553900E-004
   11.1026392961877       1.705443924947001E-004
   11.1202346041056       1.639720079617517E-004
   11.1378299120235       1.577065093236346E-004
   11.1554252199413       1.508329419988486E-004
   11.1730205278592       1.443153147895775E-004
   11.1906158357771       1.373312709099174E-004
   11.2082111436950       1.309534349720932E-004
   11.2258064516129       1.244842433683017E-004
   11.2434017595308       1.188499417838479E-004
   11.2609970674487       1.131409431508836E-004
   11.2785923753666       1.081626064128998E-004
   11.2961876832845       1.029858433926433E-004
   11.3137829912023       9.837706910616188E-005
   11.3313782991202       9.341967785214423E-005
   11.3489736070381       8.886750450248295E-005
   11.3665689149560       8.383939616648287E-005
   11.3841642228739       7.910570323224857E-005
   11.4017595307918       7.386892110869614E-005
   11.4193548387097       6.904151365159822E-005
   11.4369501466276       6.400555093914321E-005
   11.4545454545455       5.958997676551213E-005
   11.4721407624633       5.505739868850354E-005
   11.4897360703812       5.114500490064509E-005
   11.5073313782991       4.708152992343419E-005
   11.5249266862170       4.355099665376610E-005
   11.5425219941349       3.977519473314650E-005
   11.5601173020528       3.640547177693593E-005
   11.5777126099707       3.268145993709285E-005
   11.5953079178886       2.925300287415612E-005
   11.6129032258065       2.547596604023608E-005
   11.6304985337243       2.226521918579873E-005
   11.6480938416422       1.916300433579594E-005
   11.6656891495601       1.697211026028571E-005
   11.6832844574780       1.512777111649271E-005
   11.7008797653959       1.432402230400303E-005
   11.7184750733138       1.393425197516523E-005
   11.7360703812317       1.456104920648241E-005
   11.7536656891496       1.552451775316563E-005
   11.7712609970675       1.733814198109289E-005
   11.7888563049853       1.926554114385327E-005
   11.8064516129032       2.171781764203064E-005
   11.8240469208211       2.403470179878744E-005
   11.8416422287390       2.693548397392508E-005
   11.8592375366569       3.001682239890696E-005
   11.8768328445748       3.397674249866171E-005
   11.8944281524927       3.838480464163703E-005
   11.9120234604106       4.386683571567506E-005
   11.9296187683284       4.994530954092770E-005
   11.9472140762463       5.715080328739264E-005
   11.9648093841642       6.493152345855042E-005
   11.9824046920821       7.367869114406273E-005
   12.0000000000000       8.268704468059588E-005
   12.0175953079179       9.203495638258815E-005
   12.0351906158358       1.009296448715924E-004
   12.0527859237537       1.097919790426898E-004
   12.0703812316716       1.181646471757372E-004
   12.0879765395894       1.265869654261143E-004
   12.1055718475073       1.347050058797708E-004
   12.1231671554252       1.430972420230253E-004
   12.1407624633431       1.514689774805915E-004
   12.1583577712610       1.604117526367635E-004
   12.1759530791789       1.696710610530892E-004
   12.1935483870968       1.798407860347232E-004
   12.2111436950147       1.907161510192148E-004
   12.2287390029326       2.029374344325028E-004
   12.2463343108504       2.163168535423471E-004
   12.2639296187683       2.313962374400615E-004
   12.2815249266862       2.479078241445751E-004
   12.2991202346041       2.662825551515535E-004
   12.3167155425220       2.861538769167817E-004
   12.3343108504399       3.077995743882211E-004
   12.3519061583578       3.306888500253929E-004
   12.3695014662757       3.548446647017991E-004
   12.3870967741935       3.794063976519390E-004
   12.4046920821114       4.037400668225229E-004
   12.4222873900293       4.259149868331808E-004
   12.4398826979472       4.451513861542175E-004
   12.4574780058651       4.609471149245592E-004
   12.4750733137830       4.736626792463608E-004
   12.4926686217009       4.834198712663883E-004
   12.5102639296188       4.910574202862054E-004
   12.5278592375367       4.971025917370716E-004
   12.5454545454545       5.027276496321851E-004
   12.5630498533724       5.087776882157429E-004
   12.5806451612903       5.166668132189502E-004
   12.5982404692082       5.274501942317788E-004
   12.6158357771261       5.420768544550546E-004
   12.6334310850440       5.588842659054171E-004
   12.6510263929619       5.764114758091405E-004
   12.6686217008798       5.931733313393669E-004
   12.6862170087977       6.084609917806895E-004
   12.7038123167155       6.215475192976279E-004
   12.7214076246334       6.324737352036966E-004
   12.7390029325513       6.413899362638461E-004
   12.7565982404692       6.492899088243106E-004
   12.7741935483871       6.575795383934066E-004
   12.7917888563050       6.687973368443328E-004
   12.8093841642229       6.872030968019429E-004
   12.8269794721408       7.167760276038404E-004
   12.8445747800587       7.569902063386506E-004
   12.8621700879765       8.056143648245486E-004
   12.8797653958944       8.594627764372558E-004
   12.8973607038123       9.150089672854659E-004
   12.9149560117302       9.681744264269367E-004
   12.9325513196481       1.014814427570713E-003
   12.9501466275660       1.050495739433130E-003
   12.9677419354839       1.070922696298135E-003
   12.9853372434018       1.071899739834276E-003
   13.0029325513196       1.050090289382330E-003
   13.0205278592375       1.008317712331950E-003
   13.0381231671554       9.591845834790731E-004
   13.0557184750733       9.137120258573692E-004
   13.0733137829912       8.817498048086207E-004
   13.0909090909091       8.715532439693315E-004
   13.1085043988270       8.903989636567196E-004
   13.1260997067449       9.441917123811759E-004
   13.1436950146628       1.037605230162152E-003
   13.1612903225806       1.173829120326025E-003
   13.1788856304985       1.354011154882681E-003
   13.1964809384164       1.576932825193811E-003
   13.2140762463343       1.833820496411189E-003
   13.2316715542522       2.105063707433579E-003
   13.2492668621701       2.374261910084529E-003
   13.2668621700880       2.628001765275784E-003
   13.2844574780059       2.855503918210531E-003
   13.3020527859238       3.046994502920226E-003
   13.3196480938416       3.194560103649578E-003
   13.3372434017595       3.291021553940725E-003
   13.3548387096774       3.330900492633042E-003
   13.3724340175953       3.309662957134126E-003
   13.3900293255132       3.224824241008839E-003
   13.4076246334311       3.077094767125066E-003
   13.4252199413490       2.879287833587638E-003
   13.4428152492669       2.650052832518421E-003
   13.4604105571848       2.405076097281140E-003
   13.4780058651026       2.158013814584330E-003
   13.4956011730205       1.921426083106962E-003
   13.5131964809384       1.706106456086361E-003
   13.5307917888563       1.522035520118205E-003
   13.5483870967742       1.377075177706710E-003
   13.5659824046921       1.277995262303152E-003
   13.5835777126100       1.228212553002287E-003
   13.6011730205279       1.227836466771442E-003
   13.6187683284457       1.262397648033160E-003
   13.6363636363636       1.305013490674607E-003
   13.6539589442815       1.336857424613885E-003
   13.6715542521994       1.343445045301153E-003
   13.6891495601173       1.314475112839381E-003
   13.7067448680352       1.242547459897299E-003
   13.7243401759531       1.123364512915995E-003
   13.7419354838710       9.558083995003430E-004
   13.7595307917889       7.418703576474719E-004
   13.7771260997067       4.882509563195001E-004
   13.7947214076246       2.063063569332797E-004
   13.8123167155425      -7.927561366073294E-005
   13.8299120234604      -3.376998988737497E-004
   13.8475073313783      -5.520037285310504E-004
   13.8651026392962      -7.132312839340736E-004
   13.8826979472141      -8.171768052095222E-004
   13.9002932551320      -8.624405140357340E-004
   13.9178885630499      -8.507137549850651E-004
   13.9354838709677      -7.856399309334268E-004
   13.9530791788856      -6.734642933457195E-004
   13.9706744868035      -5.223673465902151E-004
   13.9882697947214      -3.433273025932389E-004
   14.0058651026393      -1.508409659342093E-004
   14.0234604105572       4.039543348404309E-005
   14.0410557184751       2.251956236888329E-004
   14.0586510263930       4.022989260654630E-004
   14.0762463343109       5.710253808124857E-004
   14.0938416422287       7.312293388609738E-004
   14.1114369501466       8.826823109718590E-004
   14.1290322580645       1.025155395999934E-003
   14.1466275659824       1.157959218149130E-003
   14.1642228739003       1.280081246138210E-003
   14.1818181818182       1.389469711447700E-003
   14.1994134897361       1.482991419040322E-003
   14.2170087976540       1.554488972776156E-003
   14.2346041055718       1.600187126903604E-003
   14.2521994134897       1.620868939246135E-003
   14.2697947214076       1.618737315696427E-003
   14.2873900293255       1.597348141919952E-003
   14.3049853372434       1.560893047021768E-003
   14.3225806451613       1.514395928946325E-003
   14.3401759530792       1.463354950981871E-003
   14.3577712609971       1.413865003665416E-003
   14.3753665689150       1.372428474590126E-003
   14.3929618768328       1.345988592961762E-003
   14.4105571847507       1.341221361893521E-003
   14.4281524926686       1.357082915449196E-003
   14.4457478005865       1.387146822797101E-003
   14.4633431085044       1.425425556009320E-003
   14.4809384164223       1.466658016375689E-003
   14.4985337243402       1.506070634825729E-003
   14.5161290322581       1.539737808080131E-003
   14.5337243401760       1.564279939631385E-003
   14.5513196480938       1.577434469275182E-003
   14.5689149560117       1.577753901552669E-003
   14.5865102639296       1.565560637029608E-003
   14.6041055718475       1.543577444438155E-003
   14.6217008797654       1.520425694354428E-003
   14.6392961876833       1.504625577465093E-003
   14.6568914956012       1.500266956375750E-003
   14.6744868035191       1.509724151255355E-003
   14.6920821114370       1.533914306756550E-003
   14.7096774193548       1.572628040070421E-003
   14.7272727272727       1.624822473530189E-003
   14.7448680351906       1.688370925890441E-003
   14.7624633431085       1.760524532256333E-003
   14.7800586510264       1.837224488049518E-003
   14.7976539589443       1.913628081855031E-003
   14.8152492668622       1.982678586060607E-003
   14.8328445747801       2.039939471457813E-003
   14.8504398826979       2.083701773001266E-003
   14.8680351906158       2.113257857958186E-003
   14.8856304985337       2.128034648595415E-003
   14.9032258064516       2.127968597161684E-003
   14.9208211143695       2.112824023432997E-003
   14.9384164222874       2.082837002426561E-003
   14.9560117302053       2.037933900476181E-003
   14.9736070381232       1.978568156447491E-003
   14.9912023460411       1.904836883848454E-003
   15.0087976539589       1.817770772211261E-003
   15.0263929618768       1.720448401667501E-003
   15.0439882697947       1.618145945272328E-003
   15.0615835777126       1.515045109472238E-003
   15.0791788856305       1.415519663975073E-003
   15.0967741935484       1.322934396691642E-003
   15.1143695014663       1.240856764110953E-003
   15.1319648093842       1.171744960278941E-003
   15.1495601173021       1.118121220059683E-003
   15.1671554252199       1.081129882069023E-003
   15.1847507331378       1.061500592850839E-003
   15.2023460410557       1.057390370984499E-003
   15.2199413489736       1.061750429591527E-003
   15.2375366568915       1.062382220168365E-003
   15.2551319648094       1.051877026053972E-003
   15.2727272727273       1.023446126481536E-003
   15.2903225806452       9.732123392180203E-004
   15.3079178885631       8.973163811701164E-004
   15.3255131964809       7.944338601971054E-004
   15.3431085043988       6.633254196557173E-004
   15.3607038123167       5.053812015236889E-004
   15.3782991202346       3.227237219303949E-004
   15.3958944281525       1.209695107759852E-004
   15.4134897360704      -8.906461520194176E-005
   15.4310850439883      -2.899198807570904E-004
   15.4486803519062      -4.712092069667221E-004
   15.4662756598240      -6.244908050347574E-004
   15.4838709677419      -7.456484086052042E-004
   15.5014662756598      -8.303748355623426E-004
   15.5190615835777      -8.781431813622185E-004
   15.5366568914956      -8.879898854699119E-004
   15.5542521994135      -8.628915895081232E-004
   15.5718475073314      -8.058356909995484E-004
   15.5894428152493      -7.247241576496799E-004
   15.6070381231672      -6.311282791326613E-004
   15.6246334310850      -5.466406277981321E-004
   15.6422287390029      -4.854632634269674E-004
   15.6598240469208      -4.563409423173951E-004
   15.6774193548387      -4.625730520630737E-004
   15.6950146627566      -5.069514552276123E-004
   15.7126099706745      -5.874557598920159E-004
   15.7302052785924      -7.024160519010630E-004
   15.7478005865103      -8.449869845771407E-004
   15.7653958944282      -1.008668162786268E-003
   15.7829912023460      -1.180366728956428E-003
   15.8005865102639      -1.345270042157653E-003
   15.8181818181818      -1.476371986650198E-003
   15.8357771260997      -1.557210608070974E-003
   15.8533724340176      -1.581780172639262E-003
   15.8709677419355      -1.550747041616610E-003
   15.8885630498534      -1.465942123974064E-003
   15.9061583577713      -1.334109198649661E-003
   15.9237536656892      -1.161689545096501E-003
   15.9413489736070      -9.600583085325524E-004
   15.9589442815249      -7.398277546137099E-004
   15.9765395894428      -5.173255353742264E-004
   15.9941348973607      -3.085411962997106E-004
   16.0117302052786      -1.382895213767884E-004
   16.0293255131965      -1.860876721531532E-005
   16.0469208211144       4.994761655583235E-005
   16.0645161290323       7.421153780773912E-005
   16.0821114369501       5.943092343443275E-005
   16.0997067448680       1.555274571591186E-005
   16.1173020527859      -5.007651518267496E-005
   16.1348973607038      -1.257258290460997E-004
   16.1524926686217      -2.027663963772299E-004
   16.1700879765396      -2.681672938170337E-004
   16.1876832844575      -3.123248732457667E-004
   16.2052785923754      -3.211150811670691E-004
   16.2228739002933      -2.912227797901196E-004
   16.2404692082111      -2.271571779070102E-004
   16.2580645161290      -1.389610799027055E-004
   16.2756598240469      -3.194878274968873E-005
   16.2932551319648       8.415655675430192E-005
   16.3108504398827       2.046315854273085E-004
   16.3284457478006       3.201530937703533E-004
   16.3460410557185       4.266951809636751E-004
   16.3636363636364       5.154538642874096E-004
   16.3812316715543       5.833366045038843E-004
   16.3988269794721       6.224739247850241E-004
   16.4164222873900       6.335849921423012E-004
   16.4340175953079       6.202950608354418E-004
   16.4516129032258       5.930086514873925E-004
   16.4692082111437       5.558347420784933E-004
   16.4868035190616       5.183545969920364E-004
   16.5043988269795       4.838912673539358E-004
   16.5219941348974       4.616860051318376E-004
   16.5395894428153       4.544755177731144E-004
   16.5571847507331       4.712468136698927E-004
   16.5747800586510       5.141304414964358E-004
   16.5923753665689       5.917505061068387E-004
   16.6099706744868       7.047261199052439E-004
   16.6275659824047       8.535251952222446E-004
   16.6451612903226       1.026507491544752E-003
   16.6627565982405       1.219922610080169E-003
   16.6803519061584       1.422778167635022E-003
   16.6979472140762       1.632123304390658E-003
   16.7155425219941       1.837345888313592E-003
   16.7331378299120       2.036207677482517E-003
   16.7507331378299       2.218467430297473E-003
   16.7683284457478       2.382703270719694E-003
   16.7859237536657       2.519246756251594E-003
   16.8035190615836       2.628060115721573E-003
   16.8211143695015       2.703299611168444E-003
   16.8387096774194       2.752645865142218E-003
   16.8563049853372       2.773554833489636E-003
   16.8739002932551       2.772994634709895E-003
   16.8914956011730       2.747485950304110E-003
   16.9090909090909       2.703753661053331E-003
   16.9266862170088       2.637759458133873E-003
   16.9442815249267       2.556281223638505E-003
   16.9618768328446       2.454911559250666E-003
   16.9794721407625       2.340758987211490E-003
   16.9970674486804       2.209380897483044E-003
   17.0146627565982       2.069693411728479E-003
   17.0322580645161       1.921827908622013E-003
   17.0498533724340       1.778436370103944E-003
   17.0674486803519       1.638490145489226E-003
   17.0850439882698       1.513460429136074E-003
   17.1026392961877       1.400713330857206E-003
   17.1202346041056       1.310878111524075E-003
   17.1378299120235       1.239662017830356E-003
   17.1554252199413       1.196666557062532E-003
   17.1730205278592       1.175408075307677E-003
   17.1906158357771       1.183624431372895E-003
   17.2082111436950       1.209807451420149E-003
   17.2258064516129       1.251387551074598E-003
   17.2434017595308       1.287941647684729E-003
   17.2609970674487       1.320034091856801E-003
   17.2785923753666       1.332099973516554E-003
   17.2961876832845       1.328519910671163E-003
   17.3137829912023       1.296093845394285E-003
   17.3313782991202       1.242413501166271E-003
   17.3489736070381       1.156464834826512E-003
   17.3665689149560       1.049486946248688E-003
   17.3841642228739       9.136293165728335E-004
   17.4017595307918       7.664394829231604E-004
   17.4193548387097       6.106484290424698E-004
   17.4369501466276       4.741260450369014E-004
   17.4545454545455       3.525952886389906E-004
   17.4721407624633       2.649457607279788E-004
   17.4897360703812       2.005103885415555E-004
   17.5073313782991       1.748401087442500E-004
   17.5249266862170       1.726318299165174E-004
   17.5425219941349       2.070298981462486E-004
   17.5601173020528       2.580082312347737E-004
   17.5777126099707       3.358947946220555E-004
   17.5953079178886       4.143221528805608E-004
   17.6129032258065       4.966551390746156E-004
   17.6304985337243       5.509403650648002E-004
   17.6480938416422       5.939799616266830E-004
   17.6656891495601       6.046318686086912E-004
   17.6832844574780       6.076302130928593E-004
   17.7008797653959       5.827204639567378E-004
   17.7184750733138       5.598870120913969E-004
   17.7360703812317       5.179978278670090E-004
   17.7536656891496       4.923177035684453E-004
   17.7712609970675       4.597765284381471E-004
   17.7888563049853       4.619257525623941E-004
   17.8064516129032       4.733217589136883E-004
   17.8240469208211       5.391289653508926E-004
   17.8416422287390       6.142292949605200E-004
   17.8592375366569       7.402944842452489E-004
   17.8768328445748       8.596667622495301E-004
   17.8944281524927       1.025017482243955E-003
   17.9120234604106       1.162518250737240E-003
   17.9296187683284       1.344063508847116E-003
   17.9472140762463       1.467408026176567E-003
   17.9648093841642       1.643915130478535E-003
   17.9824046920821       1.705427390735282E-003
   18.0000000000000       1.908189595851634E-003
