  0.000000000000000E+000 -1.472520038223289E-003
  1.759530791788856E-002 -1.539614171153897E-003
  3.519061583577713E-002 -1.603421659569680E-003
  5.278592375366570E-002 -1.615528239339107E-003
  7.038123167155426E-002 -1.634821393150864E-003
  8.797653958944282E-002 -1.627616958617291E-003
  0.105571847507331      -1.628052113684307E-003
  0.123167155425220      -1.612074286285784E-003
  0.140762463343109      -1.603281054438388E-003
  0.158357771260997      -1.583358943296508E-003
  0.175953079178886      -1.570077134812548E-003
  0.193548387096774      -1.548890180540270E-003
  0.211143695014663      -1.533879214217882E-003
  0.228739002932551      -1.513073800070123E-003
  0.246334310850440      -1.497819337814948E-003
  0.263929618768328      -1.477992779060607E-003
  0.281524926686217      -1.463028792194899E-003
  0.299120234604106      -1.444292373446469E-003
  0.316715542521994      -1.429763078019482E-003
  0.334310850439883      -1.411985667250516E-003
  0.351906158357771      -1.397787255242378E-003
  0.369501466275660      -1.380665923257728E-003
  0.387096774193548      -1.366506753432577E-003
  0.404692082111437      -1.349579102232314E-003
  0.422287390029326      -1.334989914386518E-003
  0.439882697947214      -1.317771175531253E-003
  0.457478005865103      -1.302513417583460E-003
  0.475073313782991      -1.284876078126131E-003
  0.492668621700880      -1.268925173428286E-003
  0.510263929618768      -1.250835050167534E-003
  0.527859237536657      -1.234214328149610E-003
  0.545454545454546      -1.215684140684627E-003
  0.563049853372434      -1.198455226722779E-003
  0.580645161290323      -1.179544214261313E-003
  0.598240469208211      -1.161818380353661E-003
  0.615835777126100      -1.142680695270378E-003
  0.633431085043988      -1.124821983058296E-003
  0.651026392961877      -1.106060286883775E-003
  0.668621700879765      -1.088806305080034E-003
  0.686217008797654      -1.071133303539864E-003
  0.703812316715543      -1.055187292102800E-003
  0.721407624633431      -1.039277549506868E-003
  0.739002932551320      -1.025313782758929E-003
  0.756598240469208      -1.011819707094508E-003
  0.774193548387097      -1.000490725051181E-003
  0.791788856304985      -9.900440185619955E-004
  0.809384164222874      -9.819650543084239E-004
  0.826979472140763      -9.749466937150336E-004
  0.844574780058651      -9.699523963589401E-004
  0.862170087976540      -9.656841329370117E-004
  0.879765395894428      -9.629527430544800E-004
  0.897360703812317      -9.606212608854947E-004
  0.914956011730205      -9.593627272437270E-004
  0.932551319648094      -9.581890311866657E-004
  0.950146627565982      -9.576485978990606E-004
  0.967741935483871      -9.568948421039029E-004
  0.985337243401760      -9.563687455207252E-004
   1.00293255131965      -9.553720589050832E-004
   1.02052785923754      -9.543572285602136E-004
   1.03812316715543      -9.530070340682415E-004
   1.05571847507331      -9.518087193949410E-004
   1.07331378299120      -9.505128094752987E-004
   1.09090909090909      -9.494725908840323E-004
   1.10850439882698      -9.485037576921582E-004
   1.12609970674487      -9.478407184789736E-004
   1.14369501466276      -9.473593214384776E-004
   1.16129032258065      -9.471782282200855E-004
   1.17888563049853      -9.472173089104061E-004
   1.19648093841642      -9.474657837029172E-004
   1.21407624633431      -9.478183657247954E-004
   1.23167155425220      -9.480767677369920E-004
   1.24926686217009      -9.482538071851668E-004
   1.26686217008798      -9.482024145226989E-004
   1.28445747800587      -9.480770525230996E-004
   1.30205278592375      -9.477161450568403E-004
   1.31964809384164      -9.473800616691079E-004
   1.33724340175953      -9.468870385123838E-004
   1.35483870967742      -9.465975917598897E-004
   1.37243401759531      -9.463198899636647E-004
   1.39002932551320      -9.465259169881990E-004
   1.40762463343109      -9.470647933370778E-004
   1.42521994134897      -9.484848867645004E-004
   1.44281524926686      -9.503467814721030E-004
   1.46041055718475      -9.529613578657952E-004
   1.47800586510264      -9.557260754969401E-004
   1.49560117302053      -9.589392361688972E-004
   1.51319648093842      -9.619051268512546E-004
   1.53079178885631      -9.649233904282324E-004
   1.54838709677419      -9.672153878909859E-004
   1.56598240469208      -9.690786039022562E-004
   1.58357771260997      -9.696449948670609E-004
   1.60117302052786      -9.691812126838969E-004
   1.61876832844575      -9.667747104053008E-004
   1.63636363636364      -9.631361660746569E-004
   1.65395894428153      -9.578624746703176E-004
   1.67155425219941      -9.518832470652351E-004
   1.68914956011730      -9.448181493664572E-004
   1.70674486803519      -9.376679523717389E-004
   1.72434017595308      -9.300541168863036E-004
   1.74193548387097      -9.230355587616351E-004
   1.75953079178886      -9.162339293005803E-004
   1.77712609970675      -9.107657827427511E-004
   1.79472140762463      -9.062625123905742E-004
   1.81231671554252      -9.038851064968235E-004
   1.82991202346041      -9.028325430367707E-004
   1.84750733137830      -9.035790689608757E-004
   1.86510263929619      -9.049768374752856E-004
   1.88269794721408      -9.074799301536469E-004
   1.90029325513196      -9.098990325370054E-004
   1.91788856304985      -9.126911014164839E-004
   1.93548387096774      -9.146345754610757E-004
   1.95307917888563      -9.161916285876290E-004
   1.97067448680352      -9.161112607669348E-004
   1.98826979472141      -9.148584118743778E-004
   2.00586510263930      -9.111524834719025E-004
   2.02346041055718      -9.057464090988557E-004
   2.04105571847507      -8.980905459455581E-004
   2.05865102639296      -8.894684874874551E-004
   2.07624633431085      -8.793729984769143E-004
   2.09384164222874      -8.691060464099456E-004
   2.11143695014663      -8.581534145694869E-004
   2.12903225806452      -8.478304382341887E-004
   2.14662756598241      -8.376146860155534E-004
   2.16422287390029      -8.288321097328208E-004
   2.18181818181818      -8.209518557493414E-004
   2.19941348973607      -8.153078653931044E-004
   2.21700879765396      -8.112380421233209E-004
   2.23460410557185      -8.094237298804663E-004
   2.25219941348974      -8.085140941959625E-004
   2.26979472140762      -8.090517587355623E-004
   2.28739002932551      -8.096820258832740E-004
   2.30498533724340      -8.109533603712743E-004
   2.32258064516129      -8.115067829069340E-004
   2.34017595307918      -8.118942161284679E-004
   2.35777126099707      -8.107519582235034E-004
   2.37536656891496      -8.086320726727872E-004
   2.39296187683284      -8.041636708937193E-004
   2.41055718475073      -7.979155890468861E-004
   2.42815249266862      -7.889434390276664E-004
   2.44574780058651      -7.785656617801446E-004
   2.46334310850440      -7.661959407024557E-004
   2.48093841642229      -7.531822421343330E-004
   2.49853372434018      -7.389533224545514E-004
   2.51612903225806      -7.248705545604002E-004
   2.53372434017595      -7.103777003059555E-004
   2.55131964809384      -6.968499880461627E-004
   2.56891495601173      -6.837508266522516E-004
   2.58651026392962      -6.724759928330598E-004
   2.60410557184751      -6.625274385671577E-004
   2.62170087976540      -6.551519132026038E-004
   2.63929618768328      -6.492437284490654E-004
   2.65689149560117      -6.455046830461737E-004
   2.67448680351906      -6.427218556294702E-004
   2.69208211143695      -6.415609344019357E-004
   2.70967741935484      -6.407876382763280E-004
   2.72727272727273      -6.410404805427456E-004
   2.74486803519062      -6.410685999410615E-004
   2.76246334310850      -6.414823291745649E-004
   2.78005865102639      -6.410101030679278E-004
   2.79765395894428      -6.402218673385963E-004
   2.81524926686217      -6.378347727276060E-004
   2.83284457478006      -6.346743390902344E-004
   2.85043988269795      -6.298818168785189E-004
   2.86803519061584      -6.244455366421868E-004
   2.88563049853372      -6.175526867663719E-004
   2.90322580645161      -6.102079829625318E-004
   2.92082111436950      -6.016276314375882E-004
   2.93841642228739      -5.928252366005571E-004
   2.95601173020528      -5.830439995227061E-004
   2.97360703812317      -5.733062237176375E-004
   2.99120234604106      -5.628863697570675E-004
   3.00879765395894      -5.528275314622942E-004
   3.02639296187683      -5.424010872008855E-004
   3.04398826979472      -5.325295799501531E-004
   3.06158357771261      -5.224000507053302E-004
   3.07917888563050      -5.128955012526711E-004
   3.09677419354839      -5.032033884455900E-004
   3.11436950146628      -4.941855504407423E-004
   3.13196480938416      -4.850359493950190E-004
   3.14956011730205      -4.765981826209773E-004
   3.16715542521994      -4.680751207281335E-004
   3.18475073313783      -4.602926636709217E-004
   3.20234604105572      -4.524630562053696E-004
   3.21994134897361      -4.453791896407652E-004
   3.23753665689150      -4.382163711627323E-004
   3.25513196480938      -4.317152286398258E-004
   3.27272727272727      -4.250634938612654E-004
   3.29032258064516      -4.189883290218669E-004
   3.30791788856305      -4.126942626901771E-004
   3.32551319648094      -4.068942839049194E-004
   3.34310850439883      -4.008105161183261E-004
   3.36070381231672      -3.951420179513255E-004
   3.37829912023460      -3.891303940658218E-004
   3.39589442815249      -3.834626790444320E-004
   3.41348973607038      -3.774103626666216E-004
   3.43108504398827      -3.716815086587159E-004
   3.44868035190616      -3.655941788922332E-004
   3.46627565982405      -3.598365880962232E-004
   3.48387096774194      -3.537357780628232E-004
   3.50146627565982      -3.479564328526209E-004
   3.51906158357771      -3.418389876857379E-004
   3.53665689149560      -3.360258505053278E-004
   3.55425219941349      -3.298722105544752E-004
   3.57184750733138      -3.239982954940001E-004
   3.58944281524927      -3.177746038575361E-004
   3.60703812316716      -3.117987548772991E-004
   3.62463343108504      -3.054762798201155E-004
   3.64222873900293      -2.994289049724029E-004
   3.65982404692082      -2.931096520528842E-004
   3.67741935483871      -2.871216514228677E-004
   3.69501466275660      -2.809364211972035E-004
   3.71260997067449      -2.751351174227995E-004
   3.73020527859238      -2.692074920707487E-004
   3.74780058651026      -2.637116582691404E-004
   3.76539589442815      -2.581551307415836E-004
   3.78299120234604      -2.530712120506146E-004
   3.80058651026393      -2.479827889871454E-004
   3.81818181818182      -2.433794482292319E-004
   3.83577712609971      -2.387450749397137E-004
   3.85337243401760      -2.345062519175345E-004
   3.87096774193548      -2.301708874747505E-004
   3.88856304985337      -2.261500730696009E-004
   3.90615835777126      -2.219789382330301E-004
   3.92375366568915      -2.180508940182807E-004
   3.94134897360704      -2.139283222498700E-004
   3.95894428152493      -2.099873825044196E-004
   3.97653958944282      -2.058202486164451E-004
   3.99413489736070      -2.017896202693136E-004
   4.01173020527859      -1.975353639682049E-004
   4.02932551319648      -1.934735156069414E-004
   4.04692082111437      -1.893343564263790E-004
   4.06451612903226      -1.855086928016169E-004
   4.08211143695015      -1.817285497788825E-004
   4.09970674486804      -1.783460955287498E-004
   4.11730205278592      -1.751035842072476E-004
   4.13489736070381      -1.723163865227925E-004
   4.15249266862170      -1.697371674453618E-004
   4.17008797653959      -1.676419287146654E-004
   4.18768328445748      -1.657889182717249E-004
   4.20527859237537      -1.643995663596615E-004
   4.22287390029326      -1.631834139789106E-004
   4.24046920821114      -1.622553753170655E-004
   4.25806451612903      -1.613462750246499E-004
   4.27565982404692      -1.605791191292316E-004
   4.29325513196481      -1.597276968853919E-004
   4.31085043988270      -1.589044628558345E-004
   4.32844574780059      -1.579194583438475E-004
   4.34604105571848      -1.568706814547215E-004
   4.36363636363636      -1.556035576764328E-004
   4.38123167155425      -1.542024647748558E-004
   4.39882697947214      -1.525527965552794E-004
   4.41642228739003      -1.507508433900526E-004
   4.43401759530792      -1.487909863484739E-004
   4.45161290322581      -1.467907558139441E-004
   4.46920821114370      -1.447565291990963E-004
   4.48680351906158      -1.427631157207977E-004
   4.50439882697947      -1.408299510508747E-004
   4.52199413489736      -1.389941606924513E-004
   4.53958944281525      -1.372892928048150E-004
   4.55718475073314      -1.357131672145836E-004
   4.57478005865103      -1.343091971039745E-004
   4.59237536656892      -1.330277739234671E-004
   4.60997067448680      -1.318963725480975E-004
   4.62756598240469      -1.307723298669540E-004
   4.64516129032258      -1.297007056089949E-004
   4.66275659824047      -1.285659887465394E-004
   4.68035190615836      -1.274833929218318E-004
   4.69794721407625      -1.263360444126622E-004
   4.71554252199414      -1.252881923983792E-004
   4.73313782991202      -1.242149896516309E-004
   4.75073313782991      -1.233271840697452E-004
   4.76832844574780      -1.224925410457510E-004
   4.78592375366569      -1.219727687213592E-004
   4.80351906158358      -1.216418813642757E-004
   4.82111436950147      -1.218218789341984E-004
   4.83870967741935      -1.223093311134846E-004
   4.85630498533724      -1.233483878192304E-004
   4.87390029325513      -1.246555809909392E-004
   4.89149560117302      -1.264807516268770E-004
   4.90909090909091      -1.284947641791702E-004
   4.92668621700880      -1.309612748862414E-004
   4.94428152492669      -1.335088218923327E-004
   4.96187683284458      -1.364150173705724E-004
   4.97947214076246      -1.392627200691157E-004
   4.99706744868035      -1.423356819601554E-004
   5.01466275659824      -1.451496973954805E-004
   5.03225806451613      -1.480133049606711E-004
   5.04985337243402      -1.504886059417535E-004
   5.06744868035191      -1.529781147925157E-004
   5.08504398826980      -1.550455586806949E-004
   5.10263929618768      -1.571422804704100E-004
   5.12023460410557      -1.588205343854721E-004
   5.13782991202346      -1.605757784322201E-004
   5.15542521994135      -1.619471015064268E-004
   5.17302052785924      -1.634749935923268E-004
   5.19061583577713      -1.646888484185691E-004
   5.20821114369502      -1.661863994957599E-004
   5.22580645161290      -1.674768860881383E-004
   5.24340175953079      -1.691267313594159E-004
   5.26099706744868      -1.705483496154005E-004
   5.27859237536657      -1.723119958477074E-004
   5.29618768328446      -1.737912119410899E-004
   5.31378299120235      -1.755769388960928E-004
   5.33137829912024      -1.770086194733993E-004
   5.34897360703812      -1.787005933731444E-004
   5.36656891495601      -1.799591291730489E-004
   5.38416422287390      -1.814215322421044E-004
   5.40175953079179      -1.823577018098935E-004
   5.41935483870968      -1.834320431418165E-004
   5.43695014662757      -1.839332724534511E-004
   5.45454545454546      -1.846202719255403E-004
   5.47214076246334      -1.847802026832704E-004
   5.48973607038123      -1.852122875769994E-004
   5.50733137829912      -1.851859233428966E-004
   5.52492668621701      -1.855388292112012E-004
   5.54252199413490      -1.855230312502117E-004
   5.56011730205279      -1.860166540169950E-004
   5.57771260997067      -1.862587688852959E-004
   5.59530791788856      -1.871754582637728E-004
   5.61290322580645      -1.880077012086548E-004
   5.63049853372434      -1.896673771983338E-004
   5.64809384164223      -1.912329309064999E-004
   5.66568914956012      -1.935578388369277E-004
   5.68328445747801      -1.956658288309484E-004
   5.70087976539589      -1.984236947021751E-004
   5.71847507331378      -2.008156001178645E-004
   5.73607038123167      -2.037277090983603E-004
   5.75366568914956      -2.061084365816188E-004
   5.77126099706745      -2.088656956636912E-004
   5.78885630498534      -2.109137607835105E-004
   5.80645161290323      -2.131836737433108E-004
   5.82404692082111      -2.145994737306596E-004
   5.84164222873900      -2.162219053712552E-004
   5.85923753665689      -2.170132307495779E-004
   5.87683284457478      -2.180668046503218E-004
   5.89442815249267      -2.183158844584987E-004
   5.91202346041056      -2.188811393706978E-004
   5.92961876832845      -2.186672547015365E-004
   5.94721407624634      -2.188228012836539E-004
   5.96480938416422      -2.182249203632715E-004
   5.98240469208211      -2.180515362063619E-004
   6.00000000000000      -2.171550371769055E-004
   6.01759530791789      -2.167461410205122E-004
   6.03519061583578      -2.156394238780325E-004
   6.05278592375367      -2.150483716587178E-004
   6.07038123167156      -2.137453819888348E-004
   6.08797653958944      -2.129653264496065E-004
   6.10557184750733      -2.114486181045554E-004
   6.12316715542522      -2.104544015534121E-004
   6.14076246334311      -2.086932798011246E-004
   6.15835777126100      -2.074502498026529E-004
   6.17595307917889      -2.054083895034829E-004
   6.19354838709677      -2.038812401304144E-004
   6.21114369501466      -2.015338371327754E-004
   6.22873900293255      -1.997430421327834E-004
   6.24633431085044      -1.971801555461451E-004
   6.26392961876833      -1.952463899099962E-004
   6.28152492668622      -1.925720750606212E-004
   6.29912023460411      -1.905751392729806E-004
   6.31671554252199      -1.878499932783353E-004
   6.33431085043988      -1.858328252559724E-004
   6.35190615835777      -1.830829724585432E-004
   6.36950146627566      -1.810545695429278E-004
   6.38709677419355      -1.782709741108049E-004
   6.40469208211144      -1.762005809049522E-004
   6.42228739002933      -1.733299295033230E-004
   6.43988269794721      -1.711639692448323E-004
   6.45747800586510      -1.681838877576199E-004
   6.47507331378299      -1.659278850768691E-004
   6.49266862170088      -1.628515549270116E-004
   6.51026392961877      -1.605183744591254E-004
   6.52785923753666      -1.573563038136500E-004
   6.54545454545455      -1.549525005647168E-004
   6.56304985337243      -1.517066298335937E-004
   6.58064516129032      -1.492287580818470E-004
   6.59824046920821      -1.458901645314517E-004
   6.61583577712610      -1.433285727343690E-004
   6.63343108504399      -1.399152757464842E-004
   6.65102639296188      -1.373388622034710E-004
   6.66862170087977      -1.339460454565786E-004
   6.68621700879765      -1.314435888833814E-004
   6.70381231671554      -1.281460522106358E-004
   6.72140762463343      -1.257773889097309E-004
   6.73900293255132      -1.226186683196741E-004
   6.75659824046921      -1.204086858406776E-004
   6.77419354838710      -1.173916396561069E-004
   6.79178885630499      -1.153155867402494E-004
   6.80938416422287      -1.123732998048413E-004
   6.82697947214076      -1.103054924267562E-004
   6.84457478005865      -1.072885295759540E-004
   6.86217008797654      -1.051222916093830E-004
   6.87976539589443      -1.019790518563992E-004
   6.89736070381232      -9.969083147883276E-005
   6.91495601173021      -9.641136797007358E-005
   6.93255131964809      -9.399874747657245E-005
   6.95014662756598      -9.058394547173134E-005
   6.96774193548387      -8.804729196302229E-005
   6.98533724340176      -8.449330264158923E-005
   7.00293255131965      -8.181835641273283E-005
   7.02052785923754      -7.809581771616371E-005
   7.03812316715543      -7.525945638123562E-005
   7.05571847507331      -7.139096199238708E-005
   7.07331378299120      -6.846160658012319E-005
   7.09090909090909      -6.453551878016682E-005
   7.10850439882698      -6.160875578579237E-005
   7.12609970674487      -5.772351537243352E-005
   7.14369501466276      -5.489640292535986E-005
   7.16129032258065      -5.114428909736799E-005
   7.17888563049853      -4.849895852719423E-005
   7.19648093841642      -4.494499462966273E-005
   7.21407624633431      -4.250609684095641E-005
   7.23167155425220      -3.908528798831688E-005
   7.24926686217009      -3.670260528495151E-005
   7.26686217008798      -3.326170047076877E-005
   7.28445747800587      -3.082356304857395E-005
   7.30205278592375      -2.728328721875969E-005
   7.31964809384164      -2.473155847542205E-005
   7.33724340175953      -2.104943860801730E-005
   7.35483870967742      -1.835265212513485E-005
   7.37243401759531      -1.450409450934904E-005
   7.39002932551320      -1.163918313566793E-005
   7.40762463343109      -7.591873754439612E-006
   7.42521994134897      -4.497628094563870E-006
   7.44281524926686      -1.705444769421992E-007
   7.46041055718475       3.205162268803100E-006
   7.47800586510264       7.809460754586009E-006
   7.49560117302053       1.142253498724876E-005
   7.51319648093842       1.622947075844950E-005
   7.53079178885631       1.997917061637049E-005
   7.54838709677419       2.486414548244570E-005
   7.56598240469208       2.860374583417666E-005
   7.58357771260997       3.339846719937497E-005
   7.60117302052786       3.693847546051565E-005
   7.61876832844575       4.144856217623381E-005
   7.63636363636364       4.466685264464923E-005
   7.65395894428153       4.890101240274234E-005
   7.67155425219941       5.187791797979867E-005
   7.68914956011730       5.591603316016819E-005
   7.70674486803519       5.871740725823271E-005
   7.72434017595308       6.261025692827993E-005
   7.74193548387097       6.527159118332963E-005
   7.75953079178886       6.903861163492497E-005
   7.77712609970675       7.156306526821125E-005
   7.79472140762463       7.519016459511156E-005
   7.81231671554252       7.754915831701789E-005
   7.82991202346041       8.103295533698590E-005
   7.84750733137830       8.330593422186219E-005
   7.86510263929619       8.679166394933890E-005
   7.88269794721408       8.912984615495855E-005
   7.90029325513197       9.274974254471785E-005
   7.91788856304985       9.526449984148319E-005
   7.93548387096774       9.910668089613971E-005
   7.95307917888563       1.018606228378041E-004
   7.97067448680352       1.059581147348233E-004
   7.98826979472141       1.089494716154796E-004
   8.00586510263930       1.132522223917514E-004
   8.02346041055718       1.163684258639870E-004
   8.04105571847507       1.207376589614413E-004
   8.05865102639296       1.238903609671388E-004
   8.07624633431085       1.283014147785854E-004
   8.09384164222874       1.314922540294113E-004
   8.11143695014663       1.359521332248978E-004
   8.12903225806452       1.391859484139938E-004
   8.14662756598241       1.436904172950531E-004
   8.16422287390029       1.469486376982686E-004
   8.18181818181818       1.514571325224315E-004
   8.19941348973607       1.546667682250999E-004
   8.21700879765396       1.590547008218069E-004
   8.23460410557185       1.620639353902762E-004
   8.25219941348974       1.662452546265304E-004
   8.26979472140763       1.690713070388980E-004
   8.28739002932551       1.731187528149538E-004
   8.30498533724340       1.758552599298682E-004
   8.32258064516129       1.798708894380997E-004
   8.34017595307918       1.826204146516833E-004
   8.35777126099707       1.866999987917326E-004
   8.37536656891496       1.895432950980709E-004
   8.39296187683285       1.937413174096255E-004
   8.41055718475073       1.966785508215326E-004
   8.42815249266862       2.008912071949822E-004
   8.44574780058651       2.037407051665615E-004
   8.46334310850440       2.078203320265542E-004
   8.48093841642229       2.105189514836751E-004
   8.49853372434018       2.144597742850674E-004
   8.51612903225807       2.170370073343594E-004
   8.53372434017595       2.208934692394466E-004
   8.55131964809384       2.234213038577542E-004
   8.56891495601173       2.272757044429946E-004
   8.58651026392962       2.298392473418323E-004
   8.60410557184751       2.337650863800641E-004
   8.62170087976540       2.363823096280922E-004
   8.63929618768329       2.402922579909337E-004
   8.65689149560117       2.428181939022112E-004
   8.67448680351906       2.466046863034852E-004
   8.69208211143695       2.489906628493062E-004
   8.70967741935484       2.526468901761823E-004
   8.72727272727273       2.549204233824432E-004
   8.74486803519062       2.585021894326926E-004
   8.76246334310851       2.607438123719788E-004
   8.78005865102639       2.643517105217764E-004
   8.79765395894428       2.666774834143478E-004
   8.81524926686217       2.704215335530439E-004
   8.83284457478006       2.728583774857561E-004
   8.85043988269795       2.766346391078579E-004
   8.86803519061584       2.790268873247735E-004
   8.88563049853373       2.827085904270605E-004
   8.90322580645161       2.849695140480512E-004
   8.92082111436950       2.885046965891174E-004
   8.93841642228739       2.906152991783667E-004
   8.95601173020528       2.940163646185712E-004
   8.97360703812317       2.960203191732327E-004
   8.99120234604106       2.993618011862875E-004
   9.00879765395895       3.013638982983713E-004
   9.02639296187683       3.047332805302828E-004
   9.04398826979472       3.067105456753897E-004
   9.06158357771261       3.099689426436909E-004
   9.07917888563050       3.117577627319752E-004
   9.09677419354839       3.147683162564109E-004
   9.11436950146628       3.162637654081204E-004
   9.13196480938416       3.189554855637942E-004
   9.14956011730205       3.201240813980284E-004
   9.16715542521994       3.225047628706749E-004
   9.18475073313783       3.234026504956633E-004
   9.20234604105572       3.255897864733856E-004
   9.21994134897361       3.264062849967440E-004
   9.23753665689150       3.285873128825371E-004
   9.25513196480938       3.293819128725337E-004
   9.27272727272727       3.314888297403788E-004
   9.29032258064516       3.321503935627670E-004
   9.30791788856305       3.340658346558719E-004
   9.32551319648094       3.344827077376287E-004
   9.34310850439883       3.361089846847427E-004
   9.36070381231672       3.362048968631625E-004
   9.37829912023460       3.374956327999286E-004
   9.39589442815249       3.372660400756151E-004
   9.41348973607038       3.382835546016220E-004
   9.43108504398827       3.378541905026596E-004
   9.44868035190616       3.386898449576431E-004
   9.46627565982405       3.380427429261565E-004
   9.48387096774194       3.386035618646537E-004
   9.50146627565982       3.376198806172560E-004
   9.51906158357771       3.377795152993806E-004
   9.53665689149560       3.363364554150646E-004
   9.55425219941349       3.359843994446957E-004
   9.57184750733138       3.339944323222402E-004
   9.58944281524927       3.330785978597916E-004
   9.60703812316716       3.305545851993101E-004
   9.62463343108504       3.292067126929725E-004
   9.64222873900293       3.263827189346366E-004
   9.65982404692082       3.248059707463902E-004
   9.67741935483871       3.217789522643075E-004
   9.69501466275660       3.199982617426616E-004
   9.71260997067449       3.167560968036745E-004
   9.73020527859238       3.147363058109772E-004
   9.74780058651026       3.112331573793558E-004
   9.76539589442815       3.089275310329794E-004
   9.78299120234604       3.051291457166767E-004
   9.80058651026393       3.025355093362294E-004
   9.81818181818182       2.985253578287888E-004
   9.83577712609971       2.958619015015466E-004
   9.85337243401760       2.919034313334873E-004
   9.87096774193548       2.893412413918448E-004
   9.88856304985337       2.855021333644549E-004
   9.90615835777126       2.830429592292774E-004
   9.92375366568915       2.792775388625502E-004
   9.94134897360704       2.768396953458294E-004
   9.95894428152493       2.730394476463923E-004
   9.97653958944282       2.704970716687353E-004
   9.99413489736071       2.665308246599520E-004
   10.0117302052786       2.637807570431002E-004
   10.0293255131965       2.596766023989517E-004
   10.0469208211144       2.569270813786244E-004
   10.0645161290323       2.529440778467710E-004
   10.0821114369501       2.503788543124922E-004
   10.0997067448680       2.466177323053135E-004
   10.1173020527859       2.442724517586610E-004
   10.1348973607038       2.407120050647741E-004
   10.1524926686217       2.385133770520217E-004
   10.1700879765396       2.350322340243554E-004
   10.1876832844575       2.328133310928718E-004
   10.2052785923754       2.292036304634618E-004
   10.2228739002933       2.267749361296502E-004
   10.2404692082111       2.230092556190672E-004
   10.2580645161290       2.205384353844606E-004
   10.2756598240469       2.168358925464563E-004
   10.2932551319648       2.144954892546458E-004
   10.3108504398827       2.109756520320459E-004
   10.3284457478006       2.088313426278955E-004
   10.3460410557185       2.055047203151162E-004
   10.3636363636364       2.035086252283931E-004
   10.3812316715543       2.002643678167407E-004
   10.3988269794721       1.982335572884862E-004
   10.4164222873900       1.948165369702804E-004
   10.4340175953079       1.925387700124556E-004
   10.4516129032258       1.889512151089379E-004
   10.4692082111437       1.866065507353229E-004
   10.4868035190616       1.830596247354441E-004
   10.5043988269795       1.808309116581306E-004
   10.5219941348974       1.774657015960072E-004
   10.5395894428153       1.754406196934862E-004
   10.5571847507331       1.722806499644641E-004
   10.5747800586510       1.704024112878037E-004
   10.5923753665689       1.672894055029745E-004
   10.6099706744868       1.652452428551735E-004
   10.6275659824047       1.617167477155817E-004
   10.6451612903226       1.591288706237697E-004
   10.6627565982405       1.551139438630138E-004
   10.6803519061584       1.521433799074860E-004
   10.6979472140762       1.478864793325056E-004
   10.7155425219941       1.448052500024113E-004
   10.7331378299120       1.405813480851346E-004
   10.7507331378299       1.376450053437291E-004
   10.7683284457478       1.336686786953580E-004
   10.7859237536657       1.310214845819711E-004
   10.8035190615836       1.273112453116283E-004
   10.8211143695015       1.247252911906206E-004
   10.8387096774194       1.208020936102678E-004
   10.8563049853372       1.178520988427612E-004
   10.8739002932551       1.135802183854131E-004
   10.8914956011730       1.103514657999365E-004
   10.9090909090909       1.059427458689668E-004
   10.9266862170088       1.027365785031026E-004
   10.9442815249267       9.855575788874931E-005
   10.9618768328446       9.578045058138356E-005
   10.9794721407625       9.225671773621527E-005
   10.9970674486804       9.033298480106894E-005
   11.0146627565982       8.778193314572952E-005
   11.0322580645161       8.666684167626787E-005
   11.0498533724340       8.463284656265799E-005
   11.0674486803519       8.380428235467019E-005
   11.0850439882698       8.194491826241084E-005
   11.1026392961877       8.123263546759389E-005
   11.1202346041056       7.951632056127207E-005
   11.1378299120235       7.901234321216001E-005
   11.1554252199413       7.764741874458828E-005
   11.1730205278592       7.767280544459405E-005
   11.1906158357771       7.709417904986824E-005
   11.2082111436950       7.820159237551899E-005
   11.2258064516129       7.892512804348743E-005
   11.2434017595308       8.122779540129711E-005
   11.2609970674487       8.288331345418948E-005
   11.2785923753666       8.584646437939785E-005
   11.2961876832845       8.795044094832010E-005
   11.3137829912023       9.116929066569615E-005
   11.3313782991202       9.340728716482170E-005
   11.3489736070381       9.667015348347085E-005
   11.3665689149560       9.894902251504265E-005
   11.3841642228739       1.023048674865445E-004
   11.4017595307918       1.048621322333553E-004
   11.4193548387097       1.088055542195689E-004
   11.4369501466276       1.122588127617612E-004
   11.4545454545455       1.171476220339809E-004
   11.4721407624633       1.214858926313485E-004
   11.4897360703812       1.271387363033981E-004
   11.5073313782991       1.321341595932627E-004
   11.5249266862170       1.383197337295110E-004
   11.5425219941349       1.437715565246043E-004
   11.5601173020528       1.503479974946349E-004
   11.5777126099707       1.562126171115177E-004
   11.5953079178886       1.632869826586287E-004
   11.6129032258065       1.699624062822532E-004
   11.6304985337243       1.783518568549111E-004
   11.6480938416422       1.867559363488002E-004
   11.6656891495601       1.969880195480727E-004
   11.6832844574780       2.072199456603360E-004
   11.7008797653959       2.191472657836533E-004
   11.7184750733138       2.309046948933973E-004
   11.7360703812317       2.441131971347142E-004
   11.7536656891496       2.569038933784817E-004
   11.7712609970675       2.708544894053445E-004
   11.7888563049853       2.841294298709436E-004
   11.8064516129032       2.983422533382720E-004
   11.8240469208211       3.119719303201819E-004
   11.8416422287390       3.269450520635069E-004
   11.8592375366569       3.417569935366450E-004
   11.8768328445748       3.581170302732245E-004
   11.8944281524927       3.744199116854518E-004
   11.9120234604106       3.922291916983932E-004
   11.9296187683284       4.098660400509895E-004
   11.9472140762463       4.287610838451362E-004
   11.9648093841642       4.471638739673198E-004
   11.9824046920821       4.663626385293769E-004
   12.0000000000000       4.845079409019091E-004
   12.0175953079179       5.027654491696798E-004
   12.0351906158358       5.196728393490969E-004
   12.0527859237537       5.369239521077098E-004
   12.0703812316716       5.532676200115862E-004
   12.0879765395894       5.703756155535295E-004
   12.1055718475073       5.870171790750556E-004
   12.1231671554252       6.048072806633369E-004
   12.1407624633431       6.225169777503366E-004
   12.1583577712610       6.416927551518288E-004
   12.1759530791789       6.611010130238799E-004
   12.1935483870968       6.822176203416243E-004
   12.2111436950147       7.038217875448316E-004
   12.2287390029326       7.273137653130448E-004
   12.2463343108504       7.513565071511117E-004
   12.2639296187683       7.771307229033158E-004
   12.2815249266862       8.031803656522803E-004
   12.2991202346041       8.305060228261449E-004
   12.3167155425220       8.575268594146097E-004
   12.3343108504399       8.850321883684925E-004
   12.3519061583578       9.112691306358103E-004
   12.3695014662757       9.367415423697590E-004
   12.3870967741935       9.594096635211654E-004
   12.4046920821114       9.792314265304129E-004
   12.4222873900293       9.940304717512716E-004
   12.4398826979472       1.005281667499527E-003
   12.4574780058651       1.012847584299681E-003
   12.4750733137830       1.018830418005879E-003
   12.4926686217009       1.023310298869974E-003
   12.5102639296188       1.028420589322749E-003
   12.5278592375367       1.034252393265402E-003
   12.5454545454545       1.042772439389472E-003
   12.5630498533724       1.053889397337320E-003
   12.5806451612903       1.069099194905472E-003
   12.5982404692082       1.087640690214116E-003
   12.6158357771261       1.108975090947044E-003
   12.6334310850440       1.129393106665046E-003
   12.6510263929619       1.148361843497883E-003
   12.6686217008798       1.164374939687238E-003
   12.6862170087977       1.178385346608525E-003
   12.7038123167155       1.190072013499677E-003
   12.7214076246334       1.201301585408623E-003
   12.7390029325513       1.212688494004873E-003
   12.7565982404692       1.226892821042452E-003
   12.7741935483871       1.245413374005720E-003
   12.7917888563050       1.271709722425535E-003
   12.8093841642229       1.308019364711751E-003
   12.8269794721408       1.353768773251866E-003
   12.8445747800587       1.403000002363820E-003
   12.8621700879765       1.451314711625207E-003
   12.8797653958944       1.493546567648101E-003
   12.8973607038123       1.526314181575213E-003
   12.9149560117302       1.545776783795047E-003
   12.9325513196481       1.549985256650725E-003
   12.9501466275660       1.537031576900270E-003
   12.9677419354839       1.507268555811814E-003
   12.9853372434018       1.462199013561080E-003
   13.0029325513196       1.407783302588913E-003
   13.0205278592375       1.358250256770086E-003
   13.0381231671554       1.330631584679278E-003
   13.0557184750733       1.333019462871243E-003
   13.0733137829912       1.371525825331822E-003
   13.0909090909091       1.447999751720001E-003
   13.1085043988270       1.563202069160585E-003
   13.1260997067449       1.714582542324059E-003
   13.1436950146628       1.898260689199911E-003
   13.1612903225806       2.107180776650828E-003
   13.1788856304985       2.331811703921412E-003
   13.1964809384164       2.558359300115403E-003
   13.2140762463343       2.764638556023561E-003
   13.2316715542522       2.927593863772399E-003
   13.2492668621701       3.036318048059540E-003
   13.2668621700880       3.083771163148333E-003
   13.2844574780059       3.067246332839311E-003
   13.3020527859238       2.985143651450557E-003
   13.3196480938416       2.839093498320088E-003
   13.3372434017595       2.631644204888743E-003
   13.3548387096774       2.368429447643079E-003
   13.3724340175953       2.056677639669607E-003
   13.3900293255132       1.707526593281926E-003
   13.4076246334311       1.338219987424507E-003
   13.4252199413490       9.757666925436845E-004
   13.4428152492669       6.409149897075576E-004
   13.4604105571848       3.465256326340466E-004
   13.4780058651026       1.012289998740721E-004
   13.4956011730205      -8.914605674297127E-005
   13.5131964809384      -2.221858829903471E-004
   13.5307917888563      -2.976409199562542E-004
   13.5483870967742      -3.190307311835986E-004
   13.5659824046921      -2.924568170607068E-004
   13.5835777126100      -2.295533823167024E-004
   13.6011730205279      -1.479755424383305E-004
   13.6187683284457      -7.986420163643404E-005
   13.6363636363636      -5.111491920196676E-005
   13.6539589442815      -7.040436441294528E-005
   13.6715542521994      -1.412170337665990E-004
   13.6891495601173      -2.610839386974433E-004
   13.7067448680352      -4.248926286626483E-004
   13.7243401759531      -6.233439410129938E-004
   13.7419354838710      -8.447172317528770E-004
   13.7595307917889      -1.073463256569488E-003
   13.7771260997067      -1.290774338605473E-003
   13.7947214076246      -1.473092598033458E-003
   13.8123167155425      -1.589659269965284E-003
   13.8299120234604      -1.622925162818382E-003
   13.8475073313783      -1.576162976674052E-003
   13.8651026392962      -1.456699413346946E-003
   13.8826979472141      -1.275334402951272E-003
   13.9002932551320      -1.043105249772313E-003
   13.9178885630499      -7.733631086942049E-004
   13.9354838709677      -4.789050773576412E-004
   13.9530791788856      -1.743636475807136E-004
   13.9706744868035       1.266407603498227E-004
   13.9882697947214       4.090238385020983E-004
   14.0058651026393       6.596920042905400E-004
   14.0234604105572       8.726414386421043E-004
   14.0410557184751       1.053663231128597E-003
   14.0586510263930       1.206106419172244E-003
   14.0762463343109       1.333928832806800E-003
   14.0938416422287       1.438607695231244E-003
   14.1114369501466       1.522501512712460E-003
   14.1290322580645       1.585611394692401E-003
   14.1466275659824       1.628903715349337E-003
   14.1642228739003       1.650944325783811E-003
   14.1818181818182       1.651204890745805E-003
   14.1994134897361       1.626473536475227E-003
   14.2170087976540       1.575281402030584E-003
   14.2346041055718       1.500851070580071E-003
   14.2521994134897       1.411137533397897E-003
   14.2697947214076       1.312067907199781E-003
   14.2873900293255       1.211511971140164E-003
   14.3049853372434       1.114850479176724E-003
   14.3225806451613       1.029216273588342E-003
   14.3401759530792       9.588789713676362E-004
   14.3577712609971       9.096512780246616E-004
   14.3753665689150       8.837764392072939E-004
   14.3929618768328       8.844156952956541E-004
   14.4105571847507       9.075339243539129E-004
   14.4281524926686       9.428085794205293E-004
   14.4457478005865       9.784053717588311E-004
   14.4633431085044       1.008905129881416E-003
   14.4809384164223       1.028593007973362E-003
   14.4985337243402       1.035930711834245E-003
   14.5161290322581       1.028443163162436E-003
   14.5337243401760       1.007552236333191E-003
   14.5513196480938       9.736375410692448E-004
   14.5689149560117       9.311763340953442E-004
   14.5865102639296       8.839874707243553E-004
   14.6041055718475       8.415235204900084E-004
   14.6217008797654       8.127713949294195E-004
   14.6392961876833       8.027882871192574E-004
   14.6568914956012       8.087983913496126E-004
   14.6744868035191       8.299571203716795E-004
   14.6920821114370       8.611918032929878E-004
   14.7096774193548       9.000970923401987E-004
   14.7272727272727       9.405355020300711E-004
   14.7448680351906       9.793182227610467E-004
   14.7624633431085       1.009681585412263E-003
   14.7800586510264       1.028017768187570E-003
   14.7976539589443       1.027217183412884E-003
   14.8152492668622       1.004505276110836E-003
   14.8328445747801       9.588804634258620E-004
   14.8504398826979       8.944452598953854E-004
   14.8680351906158       8.116064671274723E-004
   14.8856304985337       7.141914845769386E-004
   14.9032258064516       6.023598084408203E-004
   14.9208211143695       4.798687679215052E-004
   14.9384164222874       3.468177848002731E-004
   14.9560117302053       2.071044797944399E-004
   14.9736070381232       6.108144290749851E-005
   14.9912023460411      -8.675104461753824E-005
   15.0087976539589      -2.344272745122063E-004
   15.0263929618768      -3.738216988869782E-004
   15.0439882697947      -5.017644348442380E-004
   15.0615835777126      -6.130374636448403E-004
   15.0791788856305      -7.076237209953813E-004
   15.0967741935484      -7.823795362617237E-004
   15.1143695014663      -8.393667374780512E-004
   15.1319648093842      -8.773404022961930E-004
   15.1495601173021      -9.005860659656713E-004
   15.1671554252199      -9.102246266965346E-004
   15.1847507331378      -9.137568824551181E-004
   15.2023460410557      -9.170137412576602E-004
   15.2199413489736      -9.355480017770020E-004
   15.2375366568915      -9.767353281818030E-004
   15.2551319648094      -1.045583827481599E-003
   15.2727272727273      -1.140492857448449E-003
   15.2903225806452      -1.262083609834175E-003
   15.3079178885631      -1.405091475374419E-003
   15.3255131964809      -1.567269910008103E-003
   15.3431085043988      -1.740321893228025E-003
   15.3607038123167      -1.919158741729140E-003
   15.3782991202346      -2.091869935289187E-003
   15.3958944281525      -2.249154515549370E-003
   15.4134897360704      -2.371620659574917E-003
   15.4310850439883      -2.449553171173429E-003
   15.4486803519062      -2.478426586228106E-003
   15.4662756598240      -2.462003653157348E-003
   15.4838709677419      -2.401532454298987E-003
   15.5014662756598      -2.304648204981748E-003
   15.5190615835777      -2.175723282334353E-003
   15.5366568914956      -2.025445215508463E-003
   15.5542521994135      -1.861127252902954E-003
   15.5718475073314      -1.696915546159419E-003
   15.5894428152493      -1.544127318554262E-003
   15.6070381231672      -1.423716886447659E-003
   15.6246334310850      -1.349269802803167E-003
   15.6422287390029      -1.325174955337781E-003
   15.6598240469208      -1.343918769388542E-003
   15.6774193548387      -1.401303352274635E-003
   15.6950146627566      -1.485595304681645E-003
   15.7126099706745      -1.589177404070638E-003
   15.7302052785924      -1.697431128614880E-003
   15.7478005865103      -1.800006409159588E-003
   15.7653958944282      -1.879534359343628E-003
   15.7829912023460      -1.922611952663782E-003
   15.8005865102639      -1.907973750596730E-003
   15.8181818181818      -1.821732742519011E-003
   15.8357771260997      -1.665376291490375E-003
   15.8533724340176      -1.455065797842500E-003
   15.8709677419355      -1.201736635262497E-003
   15.8885630498534      -9.234812438006461E-004
   15.9061583577713      -6.322550226164721E-004
   15.9237536656892      -3.467005719047736E-004
   15.9413489736070      -7.890517834946582E-005
   15.9589442815249       1.525894824106877E-004
   15.9765395894428       3.363680548119555E-004
   15.9941348973607       4.549998641247554E-004
   16.0117302052786       5.021169847144089E-004
   16.0293255131965       4.851155164214733E-004
   16.0469208211144       4.265073972732155E-004
   16.0645161290323       3.395108299395673E-004
   16.0821114369501       2.423288628304668E-004
   16.0997067448680       1.449263214810750E-004
   16.1173020527859       6.263290936411025E-005
   16.1348973607038       2.519002774952192E-006
   16.1524926686217      -2.305041985419808E-005
   16.1700879765396      -1.048944336789884E-005
   16.1876832844575       4.837241466556980E-005
   16.2052785923754       1.500480850272414E-004
   16.2228739002933       2.858360854050979E-004
   16.2404692082111       4.338870480564279E-004
   16.2580645161290       5.858003776209587E-004
   16.2756598240469       7.279725490168363E-004
   16.2932551319648       8.567361832349438E-004
   16.3108504398827       9.622963540823865E-004
   16.3284457478006       1.044129292195629E-003
   16.3460410557185       1.095464802752369E-003
   16.3636363636364       1.118796298715207E-003
   16.3812316715543       1.110837977174472E-003
   16.3988269794721       1.078498162998827E-003
   16.4164222873900       1.027338454946978E-003
   16.4340175953079       9.758254494101364E-004
   16.4516129032258       9.295703377127913E-004
   16.4692082111437       9.003654936298114E-004
   16.4868035190616       8.895716961283257E-004
   16.5043988269795       9.060384000213200E-004
   16.5219941348974       9.486638543434900E-004
   16.5395894428153       1.024014334509111E-003
   16.5571847507331       1.128634166746767E-003
   16.5747800586510       1.266432316306496E-003
   16.5923753665689       1.430664383400424E-003
   16.6099706744868       1.619032285984090E-003
   16.6275659824047       1.812767710993515E-003
   16.6451612903226       2.003508021663792E-003
   16.6627565982405       2.177318564124213E-003
   16.6803519061584       2.331459373593471E-003
   16.6979472140762       2.455164745825633E-003
   16.7155425219941       2.548506584518643E-003
   16.7331378299120       2.602995252250044E-003
   16.7507331378299       2.621112150562802E-003
   16.7683284457478       2.596650358171998E-003
   16.7859237536657       2.534908481823135E-003
   16.8035190615836       2.433345826773259E-003
   16.8211143695015       2.304049258845331E-003
   16.8387096774194       2.149622325641148E-003
   16.8563049853372       1.979910903586387E-003
   16.8739002932551       1.793708381762557E-003
   16.8914956011730       1.599414139082894E-003
   16.9090909090909       1.394725213515358E-003
   16.9266862170088       1.187653750491986E-003
   16.9442815249267       9.755448120594188E-004
   16.9618768328446       7.665711304256415E-004
   16.9794721407625       5.583956662829900E-004
   16.9970674486804       3.602528703798250E-004
   17.0146627565982       1.725983999947359E-004
   17.0322580645161       8.489809086937972E-006
   17.0498533724340      -1.335157913597743E-004
   17.0674486803519      -2.448703719585048E-004
   17.0850439882698      -3.303749753481547E-004
   17.1026392961877      -3.838232531353805E-004
   17.1202346041056      -4.124385177005147E-004
   17.1378299120235      -4.121666927967705E-004
   17.1554252199413      -3.928449983419607E-004
   17.1730205278592      -3.532029771313460E-004
   17.1906158357771      -3.069045831403528E-004
   17.2082111436950      -2.591725746808587E-004
   17.2258064516129      -2.318141830220188E-004
   17.2434017595308      -2.264587563353032E-004
   17.2609970674487      -2.529901177722272E-004
   17.2785923753666      -3.050916467669853E-004
   17.2961876832845      -3.886193302001170E-004
   17.3137829912023      -4.933440590801701E-004
   17.3313782991202      -6.222169462153552E-004
   17.3489736070381      -7.615010908573779E-004
   17.3665689149560      -9.110914618662500E-004
   17.3841642228739      -1.052875181365049E-003
   17.4017595307918      -1.181409957116074E-003
   17.4193548387097      -1.271126094736580E-003
   17.4369501466276      -1.322688550092121E-003
   17.4545454545455      -1.328566754520266E-003
   17.4721407624633      -1.300350260466958E-003
   17.4897360703812      -1.234445184544181E-003
   17.5073313782991      -1.146145964646779E-003
   17.5249266862170      -1.033841847051253E-003
   17.5425219941349      -9.155884977651213E-004
   17.5601173020528      -7.912492634212189E-004
   17.5777126099707      -6.815485648047288E-004
   17.5953079178886      -5.879087866892246E-004
   17.6129032258065      -5.334569355482691E-004
   17.6304985337243      -5.075797268162101E-004
   17.6480938416422      -5.140046409067277E-004
   17.6656891495601      -5.326204570793667E-004
   17.6832844574780      -5.676311932358224E-004
   17.7008797653959      -5.981311747532083E-004
   17.7184750733138      -6.300028229322423E-004
   17.7360703812317      -6.418341259023284E-004
   17.7536656891496      -6.419888358328454E-004
   17.7712609970675      -6.088439664044088E-004
   17.7888563049853      -5.545738769993613E-004
   17.8064516129032      -4.591585633219654E-004
   17.8240469208211      -3.493528751185678E-004
   17.8416422287390      -2.181271081953990E-004
   17.8592375366569      -9.958847810688531E-005
   17.8768328445748       2.135185507442960E-005
   17.8944281524927       1.069237612716272E-004
   17.9120234604106       1.804372223526209E-004
   17.9296187683284       1.945313969466740E-004
   17.9472140762463       1.851153586907222E-004
   17.9648093841642       7.961655373225462E-005
   17.9824046920821      -5.885126664693019E-005
   18.0000000000000      -4.382138883167339E-004
