  0.000000000000000E+000  1.380152192315641E-003
  1.759530791788856E-002  1.018350328456670E-003
  3.519061583577713E-002  9.338614912831972E-004
  5.278592375366570E-002  7.881381670487785E-004
  7.038123167155426E-002  7.336460969662004E-004
  8.797653958944282E-002  6.413029221413141E-004
  0.105571847507331       6.030046096566279E-004
  0.123167155425220       5.369225862523672E-004
  0.140762463343109       5.089709688073256E-004
  0.158357771260997       4.588452686806863E-004
  0.175953079178886       4.380009137499287E-004
  0.193548387096774       3.985316490966559E-004
  0.211143695014663       3.826461622722639E-004
  0.228739002932551       3.504938242692780E-004
  0.246334310850440       3.379319741307669E-004
  0.263929618768328       3.108996275592667E-004
  0.281524926686217       3.006142629414523E-004
  0.299120234604106       2.772960987501749E-004
  0.316715542521994       2.685974514086500E-004
  0.334310850439883       2.480502778827907E-004
  0.351906158357771       2.404890555267833E-004
  0.369501466275660       2.220908701461852E-004
  0.387096774193548       2.154122761758390E-004
  0.404692082111437       1.988077614239296E-004
  0.422287390029326       1.929876880573763E-004
  0.439882697947214       1.781286709338370E-004
  0.457478005865103       1.733092306344293E-004
  0.475073313782991       1.601819199046708E-004
  0.492668621700880       1.564411219089410E-004
  0.510263929618768       1.450242401809649E-004
  0.527859237536657       1.424363336664615E-004
  0.545454545454546       1.327349797789474E-004
  0.563049853372434       1.313908481219849E-004
  0.580645161290323       1.234494957105087E-004
  0.598240469208211       1.234794084341384E-004
  0.615835777126100       1.174172152236926E-004
  0.633431085043988       1.189930943746008E-004
  0.651026392961877       1.148221707676904E-004
  0.668621700879765       1.178404526933200E-004
  0.686217008797654       1.153234646183127E-004
  0.703812316715543       1.195254194041749E-004
  0.721407624633431       1.183229252514153E-004
  0.739002932551320       1.233506592364023E-004
  0.756598240469208       1.230252175376605E-004
  0.774193548387097       1.284056769892991E-004
  0.791788856304985       1.283829394029043E-004
  0.809384164222874       1.334393837896310E-004
  0.826979472140763       1.328835168116408E-004
  0.844574780058651       1.368603162798240E-004
  0.862170087976540       1.352924912867853E-004
  0.879765395894428       1.379949992895392E-004
  0.897360703812317       1.353439532627964E-004
  0.914956011730205       1.368076400835199E-004
  0.932551319648094       1.331720994844683E-004
  0.950146627565982       1.335795842807502E-004
  0.967741935483871       1.291994569002743E-004
  0.985337243401760       1.288777491044020E-004
   1.00293255131965       1.241629140381674E-004
   1.02052785923754       1.236412103353990E-004
   1.03812316715543       1.190979276364312E-004
   1.05571847507331       1.186700696023323E-004
   1.07331378299120       1.143544713727735E-004
   1.09090909090909       1.139847569606042E-004
   1.10850439882698       1.098080216041396E-004
   1.12609970674487       1.093852674214159E-004
   1.14369501466276       1.052076458000612E-004
   1.16129032258065       1.045833942073995E-004
   1.17888563049853       1.002388283874469E-004
   1.19648093841642       9.924753216560478E-005
   1.21407624633431       9.457845720775332E-005
   1.23167155425220       9.317181793754831E-005
   1.24926686217009       8.829818735969703E-005
   1.26686217008798       8.669362342848453E-005
   1.28445747800587       8.181403603214232E-005
   1.30205278592375       8.017898897112552E-005
   1.31964809384164       7.542251078867901E-005
   1.33724340175953       7.385545860677268E-005
   1.35483870967742       6.927687925017307E-005
   1.37243401759531       6.778899412520823E-005
   1.39002932551320       6.333317952537392E-005
   1.40762463343109       6.176746479162093E-005
   1.42521994134897       5.707068651533042E-005
   1.44281524926686       5.487844869735192E-005
   1.46041055718475       4.942534780082025E-005
   1.47800586510264       4.628420851607562E-005
   1.49560117302053       3.990418838448851E-005
   1.51319648093842       3.575779640058779E-005
   1.53079178885631       2.849201129022488E-005
   1.54838709677419       2.348392646217729E-005
   1.56598240469208       1.558043037646068E-005
   1.58357771260997       1.008924501931507E-005
   1.60117302052786       2.100073492808385E-006
   1.61876832844575      -3.024574825113535E-006
   1.63636363636364      -9.970927577730936E-006
   1.65395894428153      -1.371445216770623E-005
   1.67155425219941      -1.902328143834981E-005
   1.68914956011730      -2.110981315277094E-005
   1.70674486803519      -2.470520756490463E-005
   1.72434017595308      -2.521748485602815E-005
   1.74193548387097      -2.733128213715452E-005
   1.75953079178886      -2.664728151912565E-005
   1.77712609970675      -2.782392844751019E-005
   1.79472140762463      -2.668638586589800E-005
   1.81231671554252      -2.798533837782668E-005
   1.82991202346041      -2.781064976265796E-005
   1.84750733137830      -3.058990469054241E-005
   1.86510263929619      -3.220568499572468E-005
   1.88269794721408      -3.681221915649302E-005
   1.90029325513196      -4.029315715065507E-005
   1.91788856304985      -4.661129631115313E-005
   1.93548387096774      -5.167226197375541E-005
   1.95307917888563      -5.925714474032739E-005
   1.97067448680352      -6.528195820583799E-005
   1.98826979472141      -7.332262673677226E-005
   2.00586510263930      -7.921820446731743E-005
   2.02346041055718      -8.624491936410700E-005
   2.04105571847507      -9.044943162242607E-005
   2.05865102639296      -9.539632337673943E-005
   2.07624633431085      -9.745609080028700E-005
   2.09384164222874      -1.002182313316682E-004
   2.11143695014663      -1.002413876466977E-004
   2.12903225806452      -1.011074164183434E-004
   2.14662756598241      -9.954621517406098E-005
   2.16422287390029      -9.913611526306864E-005
   2.18181818181818      -9.679600701843466E-005
   2.19941348973607      -9.615300431631147E-005
   2.21700879765396      -9.443190572816995E-005
   2.23460410557185      -9.519758550107182E-005
   2.25219941348974      -9.538868936019423E-005
   2.26979472140762      -9.818860106716543E-005
   2.28739002932551      -1.004779794627019E-004
   2.30498533724340      -1.052585991546920E-004
   2.32258064516129      -1.094069643631879E-004
   2.34017595307918      -1.157661055491326E-004
   2.35777126099707      -1.212101072320768E-004
   2.37536656891496      -1.284121951920462E-004
   2.39296187683284      -1.342111414268863E-004
   2.41055718475073      -1.410059748541549E-004
   2.42815249266862      -1.455578096162060E-004
   2.44574780058651      -1.504147261565219E-004
   2.46334310850440      -1.527592948444008E-004
   2.48093841642229      -1.552496614439969E-004
   2.49853372434018      -1.552437386202222E-004
   2.51612903225806      -1.554183085193930E-004
   2.53372434017595      -1.532784369301184E-004
   2.55131964809384      -1.515108880364893E-004
   2.56891495601173      -1.477716234933358E-004
   2.58651026392962      -1.447799194513322E-004
   2.60410557184751      -1.404080172509040E-004
   2.62170087976540      -1.375219703282279E-004
   2.63929618768328      -1.340479818641331E-004
   2.65689149560117      -1.324854548230426E-004
   2.67448680351906      -1.306108746307226E-004
   2.69208211143695      -1.307588482075381E-004
   2.70967741935484      -1.306867490298768E-004
   2.72727272727273      -1.326026435146211E-004
   2.74486803519062      -1.342622034838277E-004
   2.76246334310850      -1.377523543181893E-004
   2.78005865102639      -1.408189814953153E-004
   2.79765395894428      -1.454055943592646E-004
   2.81524926686217      -1.491715969556235E-004
   2.83284457478006      -1.539006701394375E-004
   2.85043988269795      -1.574317010389161E-004
   2.86803519061584      -1.616464559628705E-004
   2.88563049853372      -1.645162820583153E-004
   2.90322580645161      -1.679134809597498E-004
   2.92082111436950      -1.699015376885143E-004
   2.93841642228739      -1.723275212558822E-004
   2.95601173020528      -1.733381566218551E-004
   2.97360703812317      -1.747532666937678E-004
   2.99120234604106      -1.748040226335919E-004
   3.00879765395894      -1.752999015177791E-004
   3.02639296187683      -1.745850901431517E-004
   3.04398826979472      -1.744286134322331E-004
   3.06158357771261      -1.731913665861249E-004
   3.07917888563050      -1.725638421731450E-004
   3.09677419354839      -1.709493626329819E-004
   3.11436950146628      -1.699797993003469E-004
   3.13196480938416      -1.681069033365003E-004
   3.14956011730205      -1.669094857058888E-004
   3.16715542521994      -1.648904233686132E-004
   3.18475073313783      -1.635799307494375E-004
   3.20234604105572      -1.615368882802551E-004
   3.21994134897361      -1.602507267710203E-004
   3.23753665689150      -1.583199406168665E-004
   3.25513196480938      -1.571539275046528E-004
   3.27272727272727      -1.553803653100402E-004
   3.29032258064516      -1.543501168621134E-004
   3.30791788856305      -1.527308612553629E-004
   3.32551319648094      -1.518187832001048E-004
   3.34310850439883      -1.503224772595743E-004
   3.36070381231672      -1.494846334267353E-004
   3.37829912023460      -1.480537991954731E-004
   3.39589442815249      -1.472184914961878E-004
   3.41348973607038      -1.457631299486104E-004
   3.43108504398827      -1.448335106109000E-004
   3.44868035190616      -1.432818009516251E-004
   3.46627565982405      -1.422229395574032E-004
   3.48387096774194      -1.405570416641733E-004
   3.50146627565982      -1.393548298627429E-004
   3.51906158357771      -1.375601334896999E-004
   3.53665689149560      -1.361981405895911E-004
   3.55425219941349      -1.342541452890990E-004
   3.57184750733138      -1.327064461955436E-004
   3.58944281524927      -1.305786194691467E-004
   3.60703812316716      -1.287963483531738E-004
   3.62463343108504      -1.264146839917837E-004
   3.64222873900293      -1.243258871447848E-004
   3.65982404692082      -1.216506653372612E-004
   3.67741935483871      -1.192538151045769E-004
   3.69501466275660      -1.163052052523720E-004
   3.71260997067449      -1.136350367376020E-004
   3.73020527859238      -1.104596906962998E-004
   3.74780058651026      -1.075744337295832E-004
   3.76539589442815      -1.042417996519663E-004
   3.78299120234604      -1.012240497354773E-004
   3.80058651026393      -9.783309421325366E-005
   3.81818181818182      -9.480443704887926E-005
   3.83577712609971      -9.147827834169941E-005
   3.85337243401760      -8.851457294833697E-005
   3.87096774193548      -8.527035239365476E-005
   3.88856304985337      -8.235753303350173E-005
   3.90615835777126      -7.916397033646569E-005
   3.92375366568915      -7.625735088531280E-005
   3.94134897360704      -7.305699941316652E-005
   3.95894428152493      -7.008673843910495E-005
   3.97653958944282      -6.679541932472728E-005
   3.99413489736070      -6.366045759183150E-005
   4.01173020527859      -6.015184862141150E-005
   4.02932551319648      -5.671950224019596E-005
   4.04692082111437      -5.292147690100128E-005
   4.06451612903226      -4.921240319882765E-005
   4.08211143695015      -4.520054907639039E-005
   4.09970674486804      -4.131324473012342E-005
   4.11730205278592      -3.720092101603883E-005
   4.13489736070381      -3.326162352987858E-005
   4.15249266862170      -2.918635143955153E-005
   4.17008797653959      -2.534429409770145E-005
   4.18768328445748      -2.146760409883712E-005
   4.20527859237537      -1.790103950203626E-005
   4.22287390029326      -1.440507823361790E-005
   4.24046920821114      -1.123848741013168E-005
   4.25806451612903      -8.141983228001152E-006
   4.27565982404692      -5.325195610685534E-006
   4.29325513196481      -2.555599593809597E-006
   4.31085043988270      -4.407231827673052E-009
   4.32844574780059       2.532880850368131E-006
   4.34604105571848       4.922558100255208E-006
   4.36363636363636       7.342084791863976E-006
   4.38123167155425       9.696638109742758E-006
   4.39882697947214       1.214097580205248E-005
   4.41642228739003       1.462386087434185E-005
   4.43401759530792       1.724653778850961E-005
   4.45161290322581       1.993538007333292E-005
   4.46920821114370       2.273143212268566E-005
   4.48680351906158       2.558134207965404E-005
   4.50439882697947       2.848835986668872E-005
   4.52199413489736       3.142399938527748E-005
   4.53958944281525       3.435669215882543E-005
   4.55718475073314       3.728393280236543E-005
   4.57478005865103       4.014105365651848E-005
   4.59237536656892       4.295227439875122E-005
   4.60997067448680       4.562434460178467E-005
   4.62756598240469       4.824289224171565E-005
   4.64516129032258       5.073676249340967E-005
   4.66275659824047       5.323728870908829E-005
   4.68035190615836       5.563751169701955E-005
   4.69794721407625       5.809002172221158E-005
   4.71554252199414       6.045253235575421E-005
   4.73313782991202       6.289786187093693E-005
   4.75073313782991       6.524729894121123E-005
   4.76832844574780       6.769086960357079E-005
   4.78592375366569       7.000919953693216E-005
   4.80351906158358       7.239809573629383E-005
   4.82111436950147       7.456617937830978E-005
   4.83870967741935       7.669509488507722E-005
   4.85630498533724       7.848219766705400E-005
   4.87390029325513       8.016652470503673E-005
   4.89149560117302       8.143612241050300E-005
   4.90909090909091       8.256933328171428E-005
   4.92668621700880       8.323903159581996E-005
   4.94428152492669       8.375934763699437E-005
   4.96187683284458       8.378755187699150E-005
   4.97947214076246       8.367426165441901E-005
   4.99706744868035       8.306526676408229E-005
   5.01466275659824       8.236400032377547E-005
   5.03225806451613       8.123897481899370E-005
   5.04985337243402       8.013327048347622E-005
   5.06744868035191       7.867280293642433E-005
   5.08504398826980       7.730947812959932E-005
   5.10263929618768       7.563511336461834E-005
   5.12023460410557       7.411656438757011E-005
   5.13782991202346       7.231396910032870E-005
   5.15542521994135       7.070897672053030E-005
   5.17302052785924       6.882895870359462E-005
   5.19061583577713       6.716659759504730E-005
   5.20821114369502       6.520537880398796E-005
   5.22580645161290       6.342345319809145E-005
   5.24340175953079       6.126673162851356E-005
   5.26099706744868       5.925743119372727E-005
   5.27859237536657       5.684123987656892E-005
   5.29618768328446       5.457374120264606E-005
   5.31378299120235       5.188897057099264E-005
   5.33137829912024       4.937183936942119E-005
   5.34897360703812       4.644334386253696E-005
   5.36656891495601       4.371724235259089E-005
   5.38416422287390       4.060342360401477E-005
   5.40175953079179       3.774927020910454E-005
   5.41935483870968       3.456794215383778E-005
   5.43695014662757       3.173990750232007E-005
   5.45454545454546       2.863719055823217E-005
   5.47214076246334       2.593646038130168E-005
   5.48973607038123       2.297739723824405E-005
   5.50733137829912       2.044515788255476E-005
   5.52492668621701       1.765071257248629E-005
   5.54252199413490       1.528774857374598E-005
   5.56011730205279       1.263734285200534E-005
   5.57771260997067       1.039699949820847E-005
   5.59530791788856       7.810313244073746E-006
   5.61290322580645       5.552386804625470E-006
   5.63049853372434       2.799616552985648E-006
   5.64809384164223       2.597101210845970E-007
   5.66568914956012      -2.856722525042932E-006
   5.68328445747801      -5.790914724756762E-006
   5.70087976539589      -9.327786717237190E-006
   5.71847507331378      -1.267305482657234E-005
   5.73607038123167      -1.661201752675893E-005
   5.75366568914956      -2.031728586048939E-005
   5.77126099706745      -2.457361516060039E-005
   5.78885630498534      -2.851760929576910E-005
   5.80645161290323      -3.292120941446587E-005
   5.82404692082111      -3.687294549819852E-005
   5.84164222873900      -4.117443789890342E-005
   5.85923753665689      -4.494676352854848E-005
   5.87683284457478      -4.903366785935559E-005
   5.89442815249267      -5.255156007032306E-005
   5.91202346041056      -5.636751015637595E-005
   5.92961876832845      -5.958808546787349E-005
   5.94721407624634      -6.309999109600858E-005
   5.96480938416422      -6.599872884159796E-005
   5.98240469208211      -6.918965337158202E-005
   6.00000000000000      -7.175830723881131E-005
   6.01759530791789      -7.463317618047513E-005
   6.03519061583578      -7.689506971736587E-005
   6.05278592375367      -7.948381508349259E-005
   6.07038123167156      -8.145847418944440E-005
   6.08797653958944      -8.376744458421642E-005
   6.10557184750733      -8.545205334279773E-005
   6.12316715542522      -8.747017577507962E-005
   6.14076246334311      -8.884595378984609E-005
   6.15835777126100      -9.054601690470642E-005
   6.17595307917889      -9.157661792358968E-005
   6.19354838709677      -9.291097229818838E-005
   6.21114369501466      -9.353333337921360E-005
   6.22873900293255      -9.443170857343569E-005
   6.24633431085044      -9.460320178274633E-005
   6.26392961876833      -9.506789469385747E-005
   6.28152492668622      -9.481672210260228E-005
   6.29912023460411      -9.488336727327616E-005
   6.31671554252199      -9.424812358096246E-005
   6.33431085043988      -9.395584442632204E-005
   6.35190615835777      -9.297482479312511E-005
   6.36950146627566      -9.235916788434868E-005
   6.38709677419355      -9.106361090106013E-005
   6.40469208211144      -9.014761621591960E-005
   6.42228739002933      -8.854425862185410E-005
   6.43988269794721      -8.731441896942145E-005
   6.45747800586510      -8.538533561071912E-005
   6.47507331378299      -8.383449008669308E-005
   6.49266862170088      -8.158217115088812E-005
   6.51026392961877      -7.971716938528654E-005
   6.52785923753666      -7.715092000813744E-005
   6.54545454545455      -7.498135937346551E-005
   6.56304985337243      -7.210982401380468E-005
   6.58064516129032      -6.964101932131421E-005
   6.59824046920821      -6.646358899866929E-005
   6.61583577712610      -6.368292404100950E-005
   6.63343108504399      -6.017982652929842E-005
   6.65102639296188      -5.708593109965416E-005
   6.66862170087977      -5.328827139669571E-005
   6.68621700879765      -4.993280433759774E-005
   6.70381231671554      -4.590270119386568E-005
   6.72140762463343      -4.235437076925833E-005
   6.73900293255132      -3.816533364500176E-005
   6.75659824046921      -3.450052057430167E-005
   6.77419354838710      -3.023036259881518E-005
   6.79178885630499      -2.652597024930665E-005
   6.80938416422287      -2.224566017730542E-005
   6.82697947214076      -1.854533119094936E-005
   6.84457478005865      -1.425219486642990E-005
   6.86217008797654      -1.052654903986636E-005
   6.87976539589443      -6.196924052571432E-006
   6.89736070381232      -2.434638627664399E-006
   6.91495601173021       1.933965766314150E-006
   6.93255131964809       5.728746835547350E-006
   6.95014662756598       1.012683915826333E-005
   6.96774193548387       1.394105425687647E-005
   6.98533724340176       1.835359213344260E-005
   7.00293255131965       2.217399736167638E-005
   7.02052785923754       2.659857230397265E-005
   7.03812316715543       3.044033080970860E-005
   7.05571847507331       3.489251029970624E-005
   7.07331378299120       3.875055693567436E-005
   7.09090909090909       4.320354459081647E-005
   7.10850439882698       4.703491913161846E-005
   7.12609970674487       5.143119124194466E-005
   7.14369501466276       5.516498433139911E-005
   7.16129032258065       5.942010657464009E-005
   7.17888563049853       6.295815589078425E-005
   7.19648093841642       6.695858069618862E-005
   7.21407624633431       7.017115360531932E-005
   7.23167155425220       7.379729593816511E-005
   7.24926686217009       7.662318583084445E-005
   7.26686217008798       7.987092593279100E-005
   7.28445747800587       8.232523990719748E-005
   7.30205278592375       8.521041103097708E-005
   7.31964809384164       8.730717575705405E-005
   7.33724340175953       8.984048477617379E-005
   7.35483870967742       9.158663672061917E-005
   7.37243401759531       9.377051708380644E-005
   7.39002932551320       9.516408881781946E-005
   7.40762463343109       9.699279197289151E-005
   7.42521994134897       9.803675189851399E-005
   7.44281524926686       9.954210409409312E-005
   7.46041055718475       1.002932092479490E-004
   7.47800586510264       1.015309604402841E-004
   7.49560117302053       1.020318926713884E-004
   7.51319648093842       1.030308523991741E-004
   7.53079178885631       1.032959278108650E-004
   7.54838709677419       1.040540450099018E-004
   7.56598240469208       1.040627712735031E-004
   7.58357771260997       1.045368204860179E-004
   7.60117302052786       1.042156419723016E-004
   7.61876832844575       1.042865305339297E-004
   7.63636363636364       1.034849491247742E-004
   7.65395894428153       1.030350912677804E-004
   7.67155425219941       1.016995843144511E-004
   7.68914956011730       1.007121669088553E-004
   7.70674486803519       9.884149784389451E-005
   7.72434017595308       9.732320764537711E-005
   7.74193548387097       9.492730053988934E-005
   7.75953079178886       9.288738513089443E-005
   7.77712609970675       8.997086334554396E-005
   7.79472140762463       8.740407076771488E-005
   7.81231671554252       8.394095164943693E-005
   7.82991202346041       8.079805143910868E-005
   7.84750733137830       7.675346886427180E-005
   7.86510263929619       7.305012192225421E-005
   7.88269794721408       6.848111534618773E-005
   7.90029325513197       6.429485020393155E-005
   7.91788856304985       5.929141365345310E-005
   7.93548387096774       5.472044546578749E-005
   7.95307917888563       4.938611418045773E-005
   7.97067448680352       4.453607192522200E-005
   7.98826979472141       3.897541829689085E-005
   8.00586510263930       3.394294654892693E-005
   8.02346041055718       2.822422064155204E-005
   8.04105571847507       2.302952180133829E-005
   8.05865102639296       1.714818509240883E-005
   8.07624633431085       1.180015967537108E-005
   8.09384164222874       5.785342760487477E-006
   8.11143695014663       3.258654136408246E-007
   8.12903225806452      -5.771199849649536E-006
   8.14662756598241      -1.128487356864617E-005
   8.16422287390029      -1.740341155834806E-005
   8.18181818181818      -2.291091309107347E-005
   8.19941348973607      -2.899639745234203E-005
   8.21700879765396      -3.446682585166671E-005
   8.23460410557185      -4.053792013710649E-005
   8.25219941348974      -4.602102973986531E-005
   8.26979472140763      -5.210564127697255E-005
   8.28739002932551      -5.759176374191543E-005
   8.30498533724340      -6.365205021259062E-005
   8.32258064516129      -6.908098407884826E-005
   8.34017595307918      -7.503714720638989E-005
   8.35777126099707      -8.031148612698380E-005
   8.37536656891496      -8.604967636947036E-005
   8.39296187683285      -9.104038077628592E-005
   8.41055718475073      -9.641957734873121E-005
   8.42815249266862      -1.010080650966314E-004
   8.44574780058651      -1.059829722617293E-004
   8.46334310850440      -1.101855623516851E-004
   8.48093841642229      -1.147791381380084E-004
   8.49853372434018      -1.186022649558077E-004
   8.51612903225807      -1.228039237555284E-004
   8.53372434017595      -1.262199107555354E-004
   8.55131964809384      -1.299840667931488E-004
   8.56891495601173      -1.329285427381477E-004
   8.58651026392962      -1.361700486530076E-004
   8.60410557184751      -1.385332756904766E-004
   8.62170087976540      -1.411243945058759E-004
   8.63929618768329      -1.428083889884030E-004
   8.65689149560117      -1.447234011095088E-004
   8.67448680351906      -1.457477474770513E-004
   8.69208211143695      -1.470098820151614E-004
   8.70967741935484      -1.473902703981167E-004
   8.72727272727273      -1.480040482099823E-004
   8.74486803519062      -1.477308992338740E-004
   8.76246334310851      -1.476695038820944E-004
   8.78005865102639      -1.466946965441049E-004
   8.79765395894428      -1.458822146231184E-004
   8.81524926686217      -1.440903188896648E-004
   8.83284457478006      -1.423908586956065E-004
   8.85043988269795      -1.396960094907471E-004
   8.86803519061584      -1.371010793131832E-004
   8.88563049853373      -1.335344099484930E-004
   8.90322580645161      -1.300860004497808E-004
   8.92082111436950      -1.256915300975574E-004
   8.93841642228739      -1.214300431117548E-004
   8.95601173020528      -1.162401847904256E-004
   8.97360703812317      -1.111846158334460E-004
   8.99120234604106      -1.051986246921197E-004
   9.00879765395895      -9.931346287880126E-005
   9.02639296187683      -9.245098848164487E-005
   9.04398826979472      -8.565562504660481E-005
   9.06158357771261      -7.790119023946007E-005
   9.07917888563050      -7.024485824123650E-005
   9.09677419354839      -6.167822163509899E-005
   9.11436950146628      -5.325495586466395E-005
   9.13196480938416      -4.397775628002626E-005
   9.14956011730205      -3.489086751680358E-005
   9.16715542521994      -2.500294064662624E-005
   9.18475073313783      -1.534189679089064E-005
   9.20234604105572      -4.910837005137780E-006
   9.21994134897361       5.308299979199516E-006
   9.23753665689150       1.633690305224885E-005
   9.25513196480938       2.718363227973275E-005
   9.27272727272727       3.882747252461885E-005
   9.29032258064516       5.026890594390912E-005
   9.30791788856305       6.246429903321760E-005
   9.32551319648094       7.441470139599854E-005
   9.34310850439883       8.705972587007759E-005
   9.36070381231672       9.940549694464312E-005
   9.37829912023460       1.123797207733779E-004
   9.39589442815249       1.249996303441384E-004
   9.41348973607038       1.381973981753797E-004
   9.43108504398827       1.510373409248885E-004
   9.44868035190616       1.644552736165176E-004
   9.46627565982405       1.775052891401100E-004
   9.48387096774194       1.910929256853208E-004
   9.50146627565982       2.042682164121781E-004
   9.51906158357771       2.179143093804845E-004
   9.53665689149560       2.310811347763408E-004
   9.55425219941349       2.446320355346435E-004
   9.57184750733138       2.576192101866303E-004
   9.58944281524927       2.708882834019368E-004
   9.60703812316716       2.834982533176440E-004
   9.62463343108504       2.963110270340353E-004
   9.64222873900293       3.084525531678667E-004
   9.65982404692082       3.207963786895353E-004
   9.67741935483871       3.324672859078643E-004
   9.69501466275660       3.443164362803961E-004
   9.71260997067449       3.554687019179475E-004
   9.73020527859238       3.667539685129562E-004
   9.74780058651026       3.772980141941006E-004
   9.76539589442815       3.879096682730099E-004
   9.78299120234604       3.977158116729023E-004
   9.80058651026393       4.075039810624876E-004
   9.81818181818182       4.164153671217312E-004
   9.83577712609971       4.252785853024808E-004
   9.85337243401760       4.332965518767280E-004
   9.87096774193548       4.412875047299317E-004
   9.88856304985337       4.484549031416497E-004
   9.90615835777126       4.555940677122972E-004
   9.92375366568915       4.619077342414790E-004
   9.94134897360704       4.681664416432603E-004
   9.95894428152493       4.735700433338271E-004
   9.97653958944282       4.788606019541649E-004
   9.99413489736071       4.832298009969814E-004
   10.0117302052786       4.873802976622923E-004
   10.0293255131965       4.905277917006358E-004
   10.0469208211144       4.934350840277969E-004
   10.0645161290323       4.953776307823800E-004
   10.0821114369501       4.971135748944643E-004
   10.0997067448680       4.979281456159543E-004
   10.1173020527859       4.985622058863115E-004
   10.1348973607038       4.983042537533308E-004
   10.1524926686217       4.978718314776307E-004
   10.1700879765396       4.965500748780959E-004
   10.1876832844575       4.950243505263074E-004
   10.2052785923754       4.925579110651723E-004
   10.2228739002933       4.897858863210206E-004
   10.2404692082111       4.860072909212486E-004
   10.2580645161290       4.819175339671189E-004
   10.2756598240469       4.768642758904399E-004
   10.2932551319648       4.715430793702401E-004
   10.3108504398827       4.653196182308720E-004
   10.3284457478006       4.588781015291774E-004
   10.3460410557185       4.515927243927717E-004
   10.3636363636364       4.441281842769025E-004
   10.3812316715543       4.358565304835282E-004
   10.3988269794721       4.274073662496282E-004
   10.4164222873900       4.181141883937925E-004
   10.4340175953079       4.085587777122027E-004
   10.4516129032258       3.981355239620122E-004
   10.4692082111437       3.874745586760092E-004
   10.4868035190616       3.760114178047703E-004
   10.5043988269795       3.643819443101466E-004
   10.5219941348974       3.520446123653256E-004
   10.5395894428153       3.396293786874833E-004
   10.5571847507331       3.266083303414445E-004
   10.5747800586510       3.135944529659998E-004
   10.5923753665689       3.000597431807362E-004
   10.6099706744868       2.865638875409327E-004
   10.6275659824047       2.724953773898692E-004
   10.6451612903226       2.583552046748492E-004
   10.6627565982405       2.435962172276573E-004
   10.6803519061584       2.287655089360715E-004
   10.6979472140762       2.133643683322949E-004
   10.7155425219941       1.979578616540039E-004
   10.7331378299120       1.820843133058436E-004
   10.7507331378299       1.663186219864622E-004
   10.7683284457478       1.502300836868674E-004
   10.7859237536657       1.343973223464353E-004
   10.8035190615836       1.184111430691980E-004
   10.8211143695015       1.027913659100247E-004
   10.8387096774194       8.700717814971238E-005
   10.8563049853372       7.149763228100163E-005
   10.8739002932551       5.577535771733653E-005
   10.8914956011730       4.030200940763151E-005
   10.9090909090909       2.463536477162200E-005
   10.9266862170088       9.257373641502066E-006
   10.9442815249267      -6.228305268643326E-006
   10.9618768328446      -2.131613291721336E-005
   10.9794721407625      -3.634932242478131E-005
   10.9970674486804      -5.078565178813033E-005
   11.0146627565982      -6.489491888906092E-005
   11.0322580645161      -7.820189849596801E-005
   11.0498533724340      -9.114071225368730E-005
   11.0674486803519      -1.033393509070146E-004
   11.0850439882698      -1.152329523684823E-004
   11.1026392961877      -1.264582481447514E-004
   11.1202346041056      -1.374277576760889E-004
   11.1378299120235      -1.477720514928242E-004
   11.1554252199413      -1.578677993244787E-004
   11.1730205278592      -1.673226740289885E-004
   11.1906158357771      -1.764555867890778E-004
   11.2082111436950      -1.847974377529928E-004
   11.2258064516129      -1.925582137624416E-004
   11.2434017595308      -1.993372061808058E-004
   11.2609970674487      -2.054928813110858E-004
   11.2785923753666      -2.107244636956845E-004
   11.2961876832845      -2.154196362901559E-004
   11.3137829912023      -2.193165488785830E-004
   11.3313782991202      -2.228087873467284E-004
   11.3489736070381      -2.256549807651026E-004
   11.3665689149560      -2.282397718044049E-004
   11.3841642228739      -2.303244360377968E-004
   11.4017595307918      -2.322569670036304E-004
   11.4193548387097      -2.337191099082656E-004
   11.4369501466276      -2.349225709727027E-004
   11.4545454545455      -2.355654354158873E-004
   11.4721407624633      -2.359291381415096E-004
   11.4897360703812      -2.357737323157616E-004
   11.5073313782991      -2.354099185198887E-004
   11.5249266862170      -2.346390743041390E-004
   11.5425219941349      -2.337877326843103E-004
   11.5601173020528      -2.326890455162171E-004
   11.5777126099707      -2.316750784009578E-004
   11.5953079178886      -2.305985934065665E-004
   11.6129032258065      -2.297524473135117E-004
   11.6304985337243      -2.288247262123153E-004
   11.6480938416422      -2.279322061619079E-004
   11.6656891495601      -2.267814356174146E-004
   11.6832844574780      -2.255418509417662E-004
   11.7008797653959      -2.239814141988980E-004
   11.7184750733138      -2.223085600697397E-004
   11.7360703812317      -2.203495373527231E-004
   11.7536656891496      -2.183533080849239E-004
   11.7712609970675      -2.162105208124256E-004
   11.7888563049853      -2.142227176557342E-004
   11.8064516129032      -2.123758467790743E-004
   11.8240469208211      -2.109745973595418E-004
   11.8416422287390      -2.098047336575408E-004
   11.8592375366569      -2.089431588944063E-004
   11.8768328445748      -2.081385455208808E-004
   11.8944281524927      -2.074619213111242E-004
   11.9120234604106      -2.066863402945424E-004
   11.9296187683284      -2.059002669528762E-004
   11.9472140762463      -2.049233542691998E-004
   11.9648093841642      -2.038843028219311E-004
   11.9824046920821      -2.026831713106058E-004
   12.0000000000000      -2.015469017528749E-004
   12.0175953079179      -2.005946284266096E-004
   12.0351906158358      -2.001774182329476E-004
   12.0527859237537      -2.002264784074427E-004
   12.0703812316716      -2.008601407682361E-004
   12.0879765395894      -2.019091950975161E-004
   12.1055718475073      -2.034098299876912E-004
   12.1231671554252      -2.051486461851514E-004
   12.1407624633431      -2.071111661528226E-004
   12.1583577712610      -2.090582494872308E-004
   12.1759530791789      -2.109387135950893E-004
   12.1935483870968      -2.124959522137522E-004
   12.2111436950147      -2.136388928383220E-004
   12.2287390029326      -2.140587794569917E-004
   12.2463343108504      -2.136226501476793E-004
   12.2639296187683      -2.120508019084878E-004
   12.2815249266862      -2.092429664782672E-004
   12.2991202346041      -2.049669674867527E-004
   12.3167155425220      -1.991691426945745E-004
   12.3343108504399      -1.916915900542827E-004
   12.3519061583578      -1.825688866303882E-004
   12.3695014662757      -1.717819101571450E-004
   12.3870967741935      -1.595600262187821E-004
   12.4046920821114      -1.462858508437957E-004
   12.4222873900293      -1.329711522174716E-004
   12.4398826979472      -1.203433178220082E-004
   12.4574780058651      -1.086409503537542E-004
   12.4750733137830      -9.780669154736343E-005
   12.4926686217009      -8.761989462543313E-005
   12.5102639296188      -7.764119434167788E-005
   12.5278592375367      -6.731719469292147E-005
   12.5454545454545      -5.589472054248451E-005
   12.5630498533724      -4.251008970772724E-005
   12.5806451612903      -2.609378978897148E-005
   12.5982404692082      -5.435614254470144E-006
   12.6158357771261       2.065203619417527E-005
   12.6334310850440       5.178990971816594E-005
   12.6510263929619       8.705288322278098E-005
   12.6686217008798       1.256136887950531E-004
   12.6862170087977       1.667818214667101E-004
   12.7038123167155       2.100519727888103E-004
   12.7214076246334       2.551126430281602E-004
   12.7390029325513       3.019421284032576E-004
   12.7565982404692       3.508056081044107E-004
   12.7741935483871       4.024887037958439E-004
   12.7917888563050       4.583175630473726E-004
   12.8093841642229       5.212142643062258E-004
   12.8269794721408       5.942933210400416E-004
   12.8445747800587       6.778743885638281E-004
   12.8621700879765       7.705656111386729E-004
   12.8797653958944       8.702894493625395E-004
   12.8973607038123       9.743277156606568E-004
   12.9149560117302       1.079533496609691E-003
   12.9325513196481       1.182311798273125E-003
   12.9501466275660       1.278732754729416E-003
   12.9677419354839       1.364485731333796E-003
   12.9853372434018       1.434966114412032E-003
   13.0029325513196       1.485213636586323E-003
   13.0205278592375       1.513268430055477E-003
   13.0381231671554       1.524886515203169E-003
   13.0557184750733       1.526791577603228E-003
   13.0733137829912       1.525320252812868E-003
   13.0909090909091       1.526525530137847E-003
   13.1085043988270       1.535997717867350E-003
   13.1260997067449       1.558988293194456E-003
   13.1436950146628       1.600135218650681E-003
   13.1612903225806       1.663616311684664E-003
   13.1788856304985       1.752617541844608E-003
   13.1964809384164       1.869424406359168E-003
   13.2140762463343       2.012356135170960E-003
   13.2316715542522       2.171341756310778E-003
   13.2492668621701       2.336024120009657E-003
   13.2668621700880       2.497472741400410E-003
   13.2844574780059       2.647845422286104E-003
   13.3020527859238       2.779810749122255E-003
   13.3196480938416       2.886767016704122E-003
   13.3372434017595       2.962454611545786E-003
   13.3548387096774       3.001243997318049E-003
   13.3724340175953       2.997852756391240E-003
   13.3900293255132       2.947698154108266E-003
   13.4076246334311       2.847246026670703E-003
   13.4252199413490       2.700479055804528E-003
   13.4428152492669       2.517843782917583E-003
   13.4604105571848       2.309382785432226E-003
   13.4780058651026       2.084550896227898E-003
   13.4956011730205       1.852620265854945E-003
   13.5131964809384       1.622288814261729E-003
   13.5307917888563       1.402135487423415E-003
   13.5483870967742       1.199972093282136E-003
   13.5659824046921       1.023363567387884E-003
   13.5835777126100       8.785511282131116E-004
   13.6011730205279       7.705845594383840E-004
   13.6187683284457       6.964075021795021E-004
   13.6363636363636       6.416038343415717E-004
   13.6539589442815       5.940835691735172E-004
   13.6715542521994       5.439655149112857E-004
   13.6891495601173       4.833103717906059E-004
   13.7067448680352       4.058509081577140E-004
   13.7243401759531       3.068322830381644E-004
   13.7419354838710       1.834516360083270E-004
   13.7595307917889       3.452110753655136E-005
   13.7771260997067      -1.381590933864697E-004
   13.7947214076246      -3.301342237680130E-004
   13.8123167155425      -5.280611635902807E-004
   13.8299120234604      -7.118480227825757E-004
   13.8475073313783      -8.684900497230855E-004
   13.8651026392962      -9.904733157534138E-004
   13.8826979472141      -1.073356745927755E-003
   13.9002932551320      -1.114877910883717E-003
   13.9178885630499      -1.114787446772966E-003
   13.9354838709677      -1.074510433492360E-003
   13.9530791788856      -9.972113208992503E-004
   13.9706744868035      -8.878267963240240E-004
   13.9882697947214      -7.532943557331180E-004
   14.0058651026393      -6.038579293482539E-004
   14.0234604105572      -4.511893010471913E-004
   14.0410557184751      -3.011011012775633E-004
   14.0586510263930      -1.555631890036653E-004
   14.0762463343109      -1.613211738010434E-005
   14.0938416422287       1.166138421932303E-004
   14.1114369501466       2.419007559902254E-004
   14.1290322580645       3.594568958329207E-004
   14.1466275659824       4.684888680368020E-004
   14.1642228739003       5.684460184745956E-004
   14.1818181818182       6.578015763404852E-004
   14.1994134897361       7.347158585920279E-004
   14.2170087976540       7.946722742349046E-004
   14.2346041055718       8.344009438094037E-004
   14.2521994134897       8.534515662030281E-004
   14.2697947214076       8.529358155811890E-004
   14.2873900293255       8.347044720721182E-004
   14.3049853372434       8.016390504182458E-004
   14.3225806451613       7.569868611076851E-004
   14.3401759530792       7.049836750552767E-004
   14.3577712609971       6.500965732696480E-004
   14.3753665689150       5.979015514374762E-004
   14.3929618768328       5.542432656756603E-004
   14.4105571847507       5.264141565099112E-004
   14.4281524926686       5.166795621109872E-004
   14.4457478005865       5.227805404475885E-004
   14.4633431085044       5.413207371124998E-004
   14.4809384164223       5.694208459069103E-004
   14.4985337243402       6.036909490001342E-004
   14.5161290322581       6.415166569802062E-004
   14.5337243401760       6.798978331437993E-004
   14.5513196480938       7.168524614516716E-004
   14.5689149560117       7.501876277661438E-004
   14.5865102639296       7.791610558224241E-004
   14.6041055718475       8.037317637631246E-004
   14.6217008797654       8.284086594685963E-004
   14.6392961876833       8.583220654863519E-004
   14.6568914956012       8.967293104922697E-004
   14.6744868035191       9.451691572252023E-004
   14.6920821114370       1.004879121848042E-003
   14.7096774193548       1.075678607179934E-003
   14.7272727272727       1.157465759263665E-003
   14.7448680351906       1.248688867458451E-003
   14.7624633431085       1.348003066714928E-003
   14.7800586510264       1.452380103246798E-003
   14.7976539589443       1.558841970372065E-003
   14.8152492668622       1.661763283189900E-003
   14.8328445747801       1.757457676113639E-003
   14.8504398826979       1.843548304553190E-003
   14.8680351906158       1.919214030720145E-003
   14.8856304985337       1.983083773440382E-003
   14.9032258064516       2.034925963574355E-003
   14.9208211143695       2.073666959095945E-003
   14.9384164222874       2.099334062921763E-003
   14.9560117302053       2.110953268702712E-003
   14.9736070381232       2.108663089274991E-003
   14.9912023460411       2.091477984412679E-003
   15.0087976539589       2.059598589246005E-003
   15.0263929618768       2.013642829230233E-003
   15.0439882697947       1.957141089813421E-003
   15.0615835777126       1.892443994477642E-003
   15.0791788856305       1.823148617326510E-003
   15.0967741935484       1.751468010626597E-003
   15.1143695014663       1.680866722936068E-003
   15.1319648093842       1.613301665088884E-003
   15.1495601173021       1.551945780705428E-003
   15.1671554252199       1.498284950643741E-003
   15.1847507331378       1.454840617520057E-003
   15.2023460410557       1.421853559974196E-003
   15.2199413489736       1.397600334456912E-003
   15.2375366568915       1.374525798185967E-003
   15.2551319648094       1.348173554350191E-003
   15.2727272727273       1.313173360040438E-003
   15.2903225806452       1.266843579831931E-003
   15.3079178885631       1.205283978399274E-003
   15.3255131964809       1.127172813142832E-003
   15.3431085043988       1.029987303701946E-003
   15.3607038123167       9.139049645534175E-004
   15.3782991202346       7.782409314015295E-004
   15.3958944281525       6.255627109077360E-004
   15.4134897360704       4.603330565072637E-004
   15.4310850439883       2.940067883390962E-004
   15.4486803519062       1.335322352964181E-004
   15.4662756598240      -1.391391956107935E-005
   15.4838709677419      -1.450546760661904E-004
   15.5014662756598      -2.551193653257186E-004
   15.5190615835777      -3.429764019148108E-004
   15.5366568914956      -4.058215296346679E-004
   15.5542521994135      -4.446450723934039E-004
   15.5718475073314      -4.590038457710986E-004
   15.5894428152493      -4.529054211492819E-004
   15.6070381231672      -4.311966013136018E-004
   15.6246334310850      -4.078323645602299E-004
   15.6422287390029      -3.924675096253756E-004
   15.6598240469208      -3.929449983768724E-004
   15.6774193548387      -4.121071838284192E-004
   15.6950146627566      -4.539871619361649E-004
   15.7126099706745      -5.179365223722733E-004
   15.7302052785924      -6.050612737120092E-004
   15.7478005865103      -7.114528433986361E-004
   15.7653958944282      -8.349529860348775E-004
   15.7829912023460      -9.673068964018346E-004
   15.8005865102639      -1.100526771233148E-003
   15.8181818181818      -1.215571655209525E-003
   15.8357771260997      -1.299637500701208E-003
   15.8533724340176      -1.345507668235515E-003
   15.8709677419355      -1.352440055370220E-003
   15.8885630498534      -1.319159928401377E-003
   15.9061583577713      -1.249651977071364E-003
   15.9237536656892      -1.146287812059187E-003
   15.9413489736070      -1.016818933523108E-003
   15.9589442815249      -8.670691065507599E-004
   15.9765395894428      -7.090259856485720E-004
   15.9941348973607      -5.532142803804132E-004
   16.0117302052786      -4.197418258312275E-004
   16.0293255131965      -3.205075480022769E-004
   16.0469208211144      -2.604584340876898E-004
   16.0645161290323      -2.364438979385101E-004
   16.0821114369501      -2.475265014833345E-004
   16.0997067448680      -2.871675285062706E-004
   16.1173020527859      -3.519696949146756E-004
   16.1348973607038      -4.331907399692109E-004
   16.1524926686217      -5.256203251367516E-004
   16.1700879765396      -6.185591728328565E-004
   16.1876832844575      -7.049217225062278E-004
   16.2052785923754      -7.713090852127934E-004
   16.2228739002933      -8.119343973192470E-004
   16.2404692082111      -8.252087892503807E-004
   16.2580645161290      -8.172212699684667E-004
   16.2756598240469      -7.892288735520347E-004
   16.2932551319648      -7.482675416634145E-004
   16.3108504398827      -6.960851552923574E-004
   16.3284457478006      -6.401919920210855E-004
   16.3460410557185      -5.825387544803087E-004
   16.3636363636364      -5.309798080935972E-004
   16.3812316715543      -4.875925654544473E-004
   16.3988269794721      -4.605921632051952E-004
   16.4164222873900      -4.511282835146956E-004
   16.4340175953079      -4.605613142457947E-004
   16.4516129032258      -4.816991109022051E-004
   16.4692082111437      -5.137013634444131E-004
   16.4868035190616      -5.489658081914940E-004
   16.5043988269795      -5.865430163579810E-004
   16.5219941348974      -6.184812721313215E-004
   16.5395894428153      -6.437269894280755E-004
   16.5571847507331      -6.539363392962861E-004
   16.5747800586510      -6.478721564762363E-004
   16.5923753665689      -6.166485129174752E-004
   16.6099706744868      -5.586976545811304E-004
   16.6275659824047      -4.690797089795930E-004
   16.6451612903226      -3.553035890983885E-004
   16.6627565982405      -2.173964315325863E-004
   16.6803519061584      -6.378051397485407E-005
   16.6979472140762       1.053614219142904E-004
   16.7155425219941       2.812011375673619E-004
   16.7331378299120       4.635573957973466E-004
   16.7507331378299       6.432912263990287E-004
   16.7683284457478       8.203064057872550E-004
   16.7859237536657       9.852146605049668E-004
   16.8035190615836       1.138117197308444E-003
   16.8211143695015       1.271079113784898E-003
   16.8387096774194       1.389378263765048E-003
   16.8563049853372       1.488486410893932E-003
   16.8739002932551       1.574084803799250E-003
   16.8914956011730       1.641248510668326E-003
   16.9090909090909       1.695738493535924E-003
   16.9266862170088       1.732271018816210E-003
   16.9442815249267       1.756739565038884E-003
   16.9618768328446       1.763517318103183E-003
   16.9794721407625       1.758686866005749E-003
   16.9970674486804       1.736321848990521E-003
   17.0146627565982       1.703282357737771E-003
   17.0322580645161       1.656488430601386E-003
   17.0498533724340       1.606435659353146E-003
   17.0674486803519       1.550270632183647E-003
   17.0850439882698       1.498377819228001E-003
   17.1026392961877       1.447185895382102E-003
   17.1202346041056       1.407006932262713E-003
   17.1378299120235       1.373459172634678E-003
   17.1554252199413       1.356678790905685E-003
   17.1730205278592       1.351198280571019E-003
   17.1906158357771       1.366601965584551E-003
   17.2082111436950       1.394965430168536E-003
   17.2258064516129       1.439667917523002E-003
   17.2434017595308       1.484899708756303E-003
   17.2609970674487       1.533755003840862E-003
   17.2785923753666       1.572389822504114E-003
   17.2961876832845       1.606000357331479E-003
   17.3137829912023       1.621683919300134E-003
   17.3313782991202       1.626529185391749E-003
   17.3489736070381       1.608531436130117E-003
   17.3665689149560       1.576991351253169E-003
   17.3841642228739       1.521382577550475E-003
   17.4017595307918       1.454818793526614E-003
   17.4193548387097       1.373288159687798E-003
   17.4369501466276       1.298885978106317E-003
   17.4545454545455       1.225527097128062E-003
   17.4721407624633       1.170582352402192E-003
   17.4897360703812       1.123727984178900E-003
   17.5073313782991       1.100541089976491E-003
   17.5249266862170       1.087399531681296E-003
   17.5425219941349       1.098610520199040E-003
   17.5601173020528       1.117051864940502E-003
   17.5777126099707       1.155400819812594E-003
   17.5953079178886       1.191728132170129E-003
   17.6129032258065       1.233730873941520E-003
   17.6304985337243       1.253063840561731E-003
   17.6480938416422       1.265226620972930E-003
   17.6656891495601       1.248933767056892E-003
   17.6832844574780       1.226324647732118E-003
   17.7008797653959       1.176639563821423E-003
   17.7184750733138       1.126757554508180E-003
   17.7360703812317       1.055069227820357E-003
   17.7536656891496       9.934234986726290E-004
   17.7712609970675       9.185660571722554E-004
   17.7888563049853       8.684819770150010E-004
   17.8064516129032       8.183680124570716E-004
   17.8240469208211       8.123892249435171E-004
   17.8416422287390       8.116894224251275E-004
   17.8592375366569       8.586748047010573E-004
   17.8768328445748       9.020775304105555E-004
   17.8944281524927       9.942717044538515E-004
   17.9120234604106       1.068609854879649E-003
   17.9296187683284       1.195702268515428E-003
   17.9472140762463       1.282347342194949E-003
   17.9648093841642       1.438010369783049E-003
   17.9824046920821       1.508414361383151E-003
   18.0000000000000       1.756604883993957E-003
