  0.000000000000000E+000  1.034711464703724E-004
  1.759530791788856E-002  3.128509404406072E-004
  3.519061583577713E-002  3.867119579732594E-004
  5.278592375366570E-002  4.634694187599614E-004
  7.038123167155426E-002  4.999524885955568E-004
  8.797653958944282E-002  5.409792353769858E-004
  0.105571847507331       5.599160666282988E-004
  0.123167155425220       5.837074646056759E-004
  0.140762463343109       5.928532210008534E-004
  0.158357771260997       6.068510479666165E-004
  0.175953079178886       6.101892494914964E-004
  0.193548387096774       6.183136157194323E-004
  0.211143695014663       6.182838253119586E-004
  0.228739002932551       6.229845310793522E-004
  0.246334310850440       6.211472590297849E-004
  0.263929618768328       6.238140147800835E-004
  0.281524926686217       6.209754377289377E-004
  0.299120234604106       6.223705772667307E-004
  0.316715542521994       6.189641090648603E-004
  0.334310850439883       6.195019897765275E-004
  0.351906158357771       6.157174742630169E-004
  0.369501466275660       6.155690647394743E-004
  0.387096774193548       6.114059071071177E-004
  0.404692082111437       6.105314209160859E-004
  0.422287390029326       6.057838068586776E-004
  0.439882697947214       6.039715264518116E-004
  0.457478005865103       5.984501555736391E-004
  0.475073313782991       5.956375461400697E-004
  0.492668621700880       5.892879196026091E-004
  0.510263929618768       5.854635128529370E-004
  0.527859237536657       5.782575605952343E-004
  0.545454545454546       5.734212466496571E-004
  0.563049853372434       5.653425401911990E-004
  0.580645161290323       5.594990928052898E-004
  0.598240469208211       5.505376884217556E-004
  0.615835777126100       5.437035536900297E-004
  0.633431085043988       5.339506692440564E-004
  0.651026392961877       5.264029312556023E-004
  0.668621700879765       5.162515931482171E-004
  0.686217008797654       5.084332426397398E-004
  0.703812316715543       4.983318968829860E-004
  0.721407624633431       4.907156419426584E-004
  0.739002932551320       4.811457458357507E-004
  0.756598240469208       4.742402421061981E-004
  0.774193548387097       4.657277052100154E-004
  0.791788856304985       4.600970920221448E-004
  0.809384164222874       4.532475775577065E-004
  0.826979472140763       4.494659088057260E-004
  0.844574780058651       4.445660849359744E-004
  0.862170087976540       4.425538144307887E-004
  0.879765395894428       4.393237727250651E-004
  0.897360703812317       4.387461191796059E-004
  0.914956011730205       4.368114689104550E-004
  0.932551319648094       4.372691844539634E-004
  0.950146627565982       4.362026003653282E-004
  0.967741935483871       4.372493922711203E-004
  0.985337243401760       4.365800115098559E-004
   1.00293255131965       4.377260042890445E-004
   1.02052785923754       4.369843846981050E-004
   1.03812316715543       4.379550430418464E-004
   1.05571847507331       4.371577554950715E-004
   1.07331378299120       4.381243846693871E-004
   1.09090909090909       4.374515800728282E-004
   1.10850439882698       4.385846576393865E-004
   1.12609970674487       4.381900065416878E-004
   1.14369501466276       4.396268417151265E-004
   1.16129032258065       4.396232843507294E-004
   1.17888563049853       4.414484803700164E-004
   1.19648093841642       4.418764743377028E-004
   1.21407624633431       4.440471400412965E-004
   1.23167155425220       4.447010143823355E-004
   1.24926686217009       4.468930817399641E-004
   1.26686217008798       4.474875795719942E-004
   1.28445747800587       4.495237198563445E-004
   1.30205278592375       4.499618668249176E-004
   1.31964809384164       4.518106112518892E-004
   1.33724340175953       4.521197390601227E-004
   1.35483870967742       4.538706125895324E-004
   1.37243401759531       4.542075795874818E-004
   1.39002932551320       4.561015733270098E-004
   1.40762463343109       4.568351064366901E-004
   1.42521994134897       4.594093940602479E-004
   1.44281524926686       4.610821787338058E-004
   1.46041055718475       4.646200799566227E-004
   1.47800586510264       4.672267908217772E-004
   1.49560117302053       4.715599585938410E-004
   1.51319648093842       4.748227275601314E-004
   1.53079178885631       4.795790334227637E-004
   1.54838709677419       4.830343452678291E-004
   1.56598240469208       4.876561048107224E-004
   1.58357771260997       4.906361748644416E-004
   1.60117302052786       4.943100714562129E-004
   1.61876832844575       4.958119214318446E-004
   1.63636363636364       4.975675272273878E-004
   1.65395894428153       4.971062988288779E-004
   1.67155425219941       4.970024803500943E-004
   1.68914956011730       4.949103628690855E-004
   1.70674486803519       4.934241535081067E-004
   1.72434017595308       4.902922736022325E-004
   1.74193548387097       4.881176172038993E-004
   1.75953079178886       4.847404587775905E-004
   1.77712609970675       4.827819614770717E-004
   1.79472140762463       4.801945048006105E-004
   1.81231671554252       4.796705367456153E-004
   1.82991202346041       4.790959751657121E-004
   1.84750733137830       4.806980689818598E-004
   1.86510263929619       4.820989816459508E-004
   1.88269794721408       4.853851559412666E-004
   1.90029325513196       4.881565814182501E-004
   1.91788856304985       4.924101187800799E-004
   1.93548387096774       4.957383964815911E-004
   1.95307917888563       5.000546149362887E-004
   1.97067448680352       5.029398661659645E-004
   1.98826979472141       5.062111225336217E-004
   2.00586510263930       5.073953530954594E-004
   2.02346041055718       5.082961184419037E-004
   2.04105571847507       5.068693485917688E-004
   2.05865102639296       5.053020350747981E-004
   2.07624633431085       5.017244323611385E-004
   2.09384164222874       4.983465091169527E-004
   2.11143695014663       4.933842875407686E-004
   2.12903225806452       4.890524387094251E-004
   2.14662756598241       4.836439400448549E-004
   2.16422287390029       4.793787598224124E-004
   2.18181818181818       4.746352703644238E-004
   2.19941348973607       4.716626709385991E-004
   2.21700879765396       4.689253109790682E-004
   2.23460410557185       4.683478658436811E-004
   2.25219941348974       4.679418699787508E-004
   2.26979472140762       4.693869262324352E-004
   2.28739002932551       4.706629628960913E-004
   2.30498533724340       4.733664979193490E-004
   2.32258064516129       4.754716178131745E-004
   2.34017595307918       4.785015937845406E-004
   2.35777126099707       4.804252626331969E-004
   2.37536656891496       4.826856219459184E-004
   2.39296187683284       4.832290874469644E-004
   2.41055718475073       4.833748486927638E-004
   2.42815249266862       4.812224252122682E-004
   2.44574780058651       4.785053272528455E-004
   2.46334310850440       4.736890288645556E-004
   2.48093841642229       4.685765903840323E-004
   2.49853372434018       4.617241851042658E-004
   2.51612903225806       4.549525007836646E-004
   2.53372434017595       4.468947427133598E-004
   2.55131964809384       4.393852948731117E-004
   2.56891495601173       4.311385690582467E-004
   2.58651026392962       4.240169830181267E-004
   2.60410557184751       4.168575133939111E-004
   2.62170087976540       4.115316095682090E-004
   2.63929618768328       4.066272334680093E-004
   2.65689149560117       4.035898339255320E-004
   2.67448680351906       4.008813202678403E-004
   2.69208211143695       3.998508232207342E-004
   2.70967741935484       3.989382135129302E-004
   2.72727272727273       3.994193874545221E-004
   2.74486803519062       3.997230249414849E-004
   2.76246334310850       4.010538952734324E-004
   2.78005865102639       4.018234480222259E-004
   2.79765395894428       4.031483120895542E-004
   2.81524926686217       4.033876219047244E-004
   2.83284457478006       4.036939642164787E-004
   2.85043988269795       4.027056002232173E-004
   2.86803519061584       4.017016618257194E-004
   2.88563049853372       3.994060618289844E-004
   2.90322580645161       3.971037003627559E-004
   2.92082111436950       3.935759698380547E-004
   2.93841642228739       3.901020866145228E-004
   2.95601173020528       3.855155711980302E-004
   2.97360703812317       3.810889009259862E-004
   2.99120234604106       3.757104835777365E-004
   3.00879765395894       3.706606060069207E-004
   3.02639296187683       3.648825389554309E-004
   3.04398826979472       3.595844269102772E-004
   3.06158357771261       3.536761297557905E-004
   3.07917888563050       3.483097006725700E-004
   3.09677419354839       3.424137048020993E-004
   3.11436950146628       3.371030159344518E-004
   3.13196480938416       3.313309183144797E-004
   3.14956011730205       3.261793068215064E-004
   3.16715542521994       3.206287091151430E-004
   3.18475073313783       3.157304890911875E-004
   3.20234604105572       3.104950014222516E-004
   3.21994134897361       3.059397510243285E-004
   3.23753665689150       3.010759745620045E-004
   3.25513196480938       2.968600933620385E-004
   3.27272727272727       2.923220977045417E-004
   3.29032258064516       2.883852887396025E-004
   3.30791788856305       2.841055313578515E-004
   3.32551319648094       2.803745173068037E-004
   3.34310850439883       2.762748262670414E-004
   3.36070381231672       2.726672481022651E-004
   3.37829912023460       2.686615704439133E-004
   3.39589442815249       2.650883440416385E-004
   3.41348973607038       2.610877685161225E-004
   3.43108504398827       2.574812057687668E-004
   3.44868035190616       2.534614249698890E-004
   3.46627565982405       2.498261597617358E-004
   3.48387096774194       2.457938173527154E-004
   3.50146627565982       2.421308203767583E-004
   3.51906158357771       2.380814315514490E-004
   3.53665689149560       2.343807799064394E-004
   3.55425219941349       2.302985868478026E-004
   3.57184750733138       2.265380920157894E-004
   3.58944281524927       2.223932144283780E-004
   3.60703812316716       2.185322966621451E-004
   3.62463343108504       2.142790447443469E-004
   3.64222873900293       2.102974187089013E-004
   3.65982404692082       2.059633740302275E-004
   3.67741935483871       2.019201251670793E-004
   3.69501466275660       1.975746913824455E-004
   3.71260997067449       1.935444752496052E-004
   3.73020527859238       1.892661376962841E-004
   3.74780058651026       1.853305644866828E-004
   3.76539589442815       1.812036349244641E-004
   3.78299120234604       1.774497488410915E-004
   3.80058651026393       1.735643254201650E-004
   3.81818181818182       1.700792393162503E-004
   3.83577712609971       1.664843215877990E-004
   3.85337243401760       1.632476858502733E-004
   3.87096774193548       1.598779475162095E-004
   3.88856304985337       1.568142818248751E-004
   3.90615835777126       1.535919518820346E-004
   3.92375366568915       1.506219154191045E-004
   3.94134897360704       1.474664049868625E-004
   3.95894428152493       1.445085635215504E-004
   3.97653958944282       1.413379540729918E-004
   3.99413489736070       1.383106300110913E-004
   4.01173020527859       1.350484059920213E-004
   4.02932551319648       1.319208948745896E-004
   4.04692082111437       1.286324036210407E-004
   4.06451612903226       1.255424187911483E-004
   4.08211143695015       1.223781142876580E-004
   4.09970674486804       1.194681932072995E-004
   4.11730205278592       1.165631932089918E-004
   4.13489736070381       1.139610253657575E-004
   4.15249266862170       1.114349104484742E-004
   4.17008797653959       1.092508569093293E-004
   4.18768328445748       1.072025672996954E-004
   4.20527859237537       1.055184931365057E-004
   4.22287390029326       1.039799697278598E-004
   4.24046920821114       1.027247652227220E-004
   4.25806451612903       1.015356174804363E-004
   4.27565982404692       1.005331913638211E-004
   4.29325513196481       9.953295149020417E-005
   4.31085043988270       9.863385908015765E-005
   4.32844574780059       9.768126644020711E-005
   4.34604105571848       9.675086749922632E-005
   4.36363636363636       9.571697811823970E-005
   4.38123167155425       9.463179050040654E-005
   4.39882697947214       9.339884336201495E-005
   4.41642228739003       9.205711595836970E-005
   4.43401759530792       9.058641401872293E-005
   4.45161290322581       8.904615036693018E-005
   4.46920821114370       8.744825583205141E-005
   4.48680351906158       8.582268061242008E-005
   4.50439882697947       8.420403937184297E-005
   4.52199413489736       8.259319087261574E-005
   4.53958944281525       8.104653780242997E-005
   4.55718475073314       7.953447560298534E-005
   4.57478005865103       7.813218268219437E-005
   4.59237536656892       7.677505803199526E-005
   4.60997067448680       7.554162573568483E-005
   4.62756598240469       7.429223415772630E-005
   4.64516129032258       7.310173506713614E-005
   4.66275659824047       7.182474263357200E-005
   4.68035190615836       7.058717180636457E-005
   4.69794721407625       6.923494515798761E-005
   4.71554252199414       6.793395855706410E-005
   4.73313782991202       6.651854166937190E-005
   4.75073313782991       6.519380003727998E-005
   4.76832844574780       6.378422810279435E-005
   4.78592375366569       6.253848246077390E-005
   4.80351906158358       6.128375232023122E-005
   4.82111436950147       6.033383242418107E-005
   4.83870967741935       5.949054554779260E-005
   4.85630498533724       5.903503403496447E-005
   4.87390029325513       5.870304003833273E-005
   4.89149560117302       5.878086492363075E-005
   4.90909090909091       5.896406391647304E-005
   4.92668621700880       5.955110674635528E-005
   4.94428152492669       6.020077342756405E-005
   4.96187683284458       6.122398683253616E-005
   4.97947214076246       6.224068713815390E-005
   4.99706744868035       6.356824766113879E-005
   5.01466275659824       6.476851377929991E-005
   5.03225806451613       6.615549032677837E-005
   5.04985337243402       6.729437681097741E-005
   5.06744868035191       6.856476810438618E-005
   5.08504398826980       6.953066994403401E-005
   5.10263929618768       7.061099852493836E-005
   5.12023460410557       7.135887576015029E-005
   5.13782991202346       7.222895506365982E-005
   5.15542521994135       7.276267465683301E-005
   5.17302052785924       7.345142726188650E-005
   5.19061583577713       7.382856010621427E-005
   5.20821114369502       7.443393453850245E-005
   5.22580645161290       7.480197748777970E-005
   5.24340175953079       7.547684596888990E-005
   5.26099706744868       7.592657954279157E-005
   5.27859237536657       7.669532696214584E-005
   5.29618768328446       7.721723955782097E-005
   5.31378299120235       7.805052727399714E-005
   5.33137829912024       7.859984856145183E-005
   5.34897360703812       7.943954561808600E-005
   5.36656891495601       7.994548364191598E-005
   5.38416422287390       8.070698971512230E-005
   5.40175953079179       8.106717801222793E-005
   5.41935483870968       8.162465710125033E-005
   5.43695014662757       8.171485854382979E-005
   5.45454545454546       8.199950016981615E-005
   5.47214076246334       8.181671737847176E-005
   5.48973607038123       8.186242229215834E-005
   5.50733137829912       8.146367230488387E-005
   5.52492668621701       8.134788049923730E-005
   5.54252199413490       8.083119837219614E-005
   5.56011730205279       8.067410187374661E-005
   5.57771260997067       8.018637215114158E-005
   5.59530791788856       8.016910349081471E-005
   5.61290322580645       7.994653921497039E-005
   5.63049853372434       8.034837167622650E-005
   5.64809384164223       8.060940930085500E-005
   5.66568914956012       8.151343774989759E-005
   5.68328445747801       8.224461720615742E-005
   5.70087976539589       8.358932467640554E-005
   5.71847507331378       8.469632614945707E-005
   5.73607038123167       8.636005247631867E-005
   5.75366568914956       8.769698910632536E-005
   5.77126099706745       8.951040949403822E-005
   5.78885630498534       9.088393157261003E-005
   5.80645161290323       9.262441082364351E-005
   5.82404692082111       9.379664506802934E-005
   5.84164222873900       9.528009142453848E-005
   5.85923753665689       9.617295174321873E-005
   5.87683284457478       9.738946777889219E-005
   5.89442815249267       9.801271145446757E-005
   5.91202346041056       9.898020311122493E-005
   5.92961876832845       9.935759514328667E-005
   5.94721407624634       1.001042193999091E-004
   5.96480938416422       1.002682326343754E-004
   5.98240469208211       1.008310615223886E-004
   6.00000000000000       1.008253219645555E-004
   6.01759530791789       1.012586971263413E-004
   6.03519061583578       1.011451434981374E-004
   6.05278592375367       1.014983591616584E-004
   6.07038123167156       1.013023016957115E-004
   6.08797653958944       1.015838444325629E-004
   6.10557184750733       1.013038908588095E-004
   6.12316715542522       1.015044258515093E-004
   6.14076246334311       1.011246667398209E-004
   6.15835777126100       1.012221867920255E-004
   6.17595307917889       1.007153361398191E-004
   6.19354838709677       1.006776274355772E-004
   6.21114369501466       1.000093153664540E-004
   6.22873900293255       9.982028761061354E-005
   6.24633431085044       9.901987317237765E-005
   6.26392961876833       9.874314283212694E-005
   6.28152492668622       9.787724473036202E-005
   6.29912023460411       9.757054743250069E-005
   6.31671554252199       9.668845669821591E-005
   6.33431085043988       9.639227422235788E-005
   6.35190615835777       9.552542602337094E-005
   6.36950146627566       9.526107501796844E-005
   6.38709677419355       9.441943205962184E-005
   6.40469208211144       9.418176059569447E-005
   6.42228739002933       9.334022206153269E-005
   6.43988269794721       9.309241758684100E-005
   6.45747800586510       9.222576185384057E-005
   6.47507331378299       9.196108744328289E-005
   6.49266862170088       9.107106952214685E-005
   6.51026392961877       9.079323177133567E-005
   6.52785923753666       8.988352457059216E-005
   6.54545454545455       8.959431550756697E-005
   6.56304985337243       8.866387091550581E-005
   6.58064516129032       8.835787620268772E-005
   6.59824046920821       8.739559574917285E-005
   6.61583577712610       8.705529444933125E-005
   6.63343108504399       8.605249553913756E-005
   6.65102639296188       8.570072127648959E-005
   6.66862170087977       8.470708062371552E-005
   6.68621700879765       8.439968514487569E-005
   6.70381231671554       8.346891442342201E-005
   6.72140762463343       8.325511373535566E-005
   6.73900293255132       8.243036345419516E-005
   6.75659824046921       8.234512351149559E-005
   6.77419354838710       8.165072362428062E-005
   6.79178885630499       8.170375986511461E-005
   6.80938416422287       8.112485989798174E-005
   6.82697947214076       8.125734996552586E-005
   6.84457478005865       8.069895420036611E-005
   6.86217008797654       8.082344523443584E-005
   6.87976539589443       8.022862028740481E-005
   6.89736070381232       8.030854149368400E-005
   6.91495601173021       7.965196170057042E-005
   6.93255131964809       7.966907038487290E-005
   6.95014662756598       7.893676229160677E-005
   6.96774193548387       7.887855352102696E-005
   6.98533724340176       7.805679229115248E-005
   7.00293255131965       7.790333307781537E-005
   7.02052785923754       7.695873444003978E-005
   7.03812316715543       7.666938519109534E-005
   7.05571847507331       7.558179602496592E-005
   7.07331378299120       7.516850290172238E-005
   7.09090909090909       7.397043491835542E-005
   7.10850439882698       7.347723877010711E-005
   7.12609970674487       7.222122201681780E-005
   7.14369501466276       7.170641838364298E-005
   7.16129032258065       7.045481418422586E-005
   7.17888563049853       6.998219202396207E-005
   7.19648093841642       6.879741915907140E-005
   7.21407624633431       6.841667751415805E-005
   7.23167155425220       6.729929049641805E-005
   7.24926686217009       6.694272628379435E-005
   7.26686217008798       6.579860817986942E-005
   7.28445747800587       6.538484305109612E-005
   7.30205278592375       6.414889985672835E-005
   7.31964809384164       6.362458418979310E-005
   7.33724340175953       6.225310556427712E-005
   7.35483870967742       6.158201650862260E-005
   7.37243401759531       6.004447374729654E-005
   7.39002932551320       5.919900410506110E-005
   7.40762463343109       5.746485260934049E-005
   7.42521994134897       5.639537892035907E-005
   7.44281524926686       5.439076028161096E-005
   7.46041055718475       5.302612721251954E-005
   7.47800586510264       5.070841288082763E-005
   7.49560117302053       4.903365216691471E-005
   7.51319648093842       4.641022353257625E-005
   7.53079178885631       4.445317097569833E-005
   7.54838709677419       4.157201324747715E-005
   7.56598240469208       3.940094096243963E-005
   7.58357771260997       3.635237418420108E-005
   7.60117302052786       3.408315519673860E-005
   7.61876832844575       3.100862636165629E-005
   7.63636363636364       2.876647155090722E-005
   7.65395894428153       2.571695904176676E-005
   7.67155425219941       2.349011364118436E-005
   7.68914956011730       2.043707716307122E-005
   7.70674486803519       1.819669805608763E-005
   7.72434017595308       1.511520001691746E-005
   7.74193548387097       1.284265289842611E-005
   7.75953079178886       9.722621891141065E-006
   7.77712609970675       7.418444039803504E-006
   7.79472140762463       4.274037273780971E-006
   7.81231671554252       1.970073289425986E-006
   7.82991202346041      -1.165894138914700E-006
   7.84750733137830      -3.480227561331525E-006
   7.86510263929619      -6.671605501058914E-006
   7.88269794721408      -9.081834348273359E-006
   7.90029325513197      -1.241428645586430E-005
   7.91788856304985      -1.500136351783339E-005
   7.93548387096774      -1.854787895884354E-005
   7.95307917888563      -2.137424434269043E-005
   7.97067448680352      -2.518308835461264E-005
   7.98826979472141      -2.827860682631664E-005
   8.00586510263930      -3.235100936820587E-005
   8.02346041055718      -3.567026197917836E-005
   8.04105571847507      -3.992137499910302E-005
   8.05865102639296      -4.339017039724899E-005
   8.07624633431085      -4.778361489603677E-005
   8.09384164222874      -5.138874009313110E-005
   8.11143695014663      -5.592022818415359E-005
   8.12903225806452      -5.966078844058622E-005
   8.14662756598241      -6.432768578187849E-005
   8.16422287390029      -6.819536858199380E-005
   8.18181818181818      -7.297788002923235E-005
   8.19941348973607      -7.693339560859486E-005
   8.21700879765396      -8.175383109756478E-005
   8.23460410557185      -8.567837895892029E-005
   8.25219941348974      -9.043126236133549E-005
   8.26979472140763      -9.427957320416036E-005
   8.28739002932551      -9.896571868193211E-005
   8.30498533724340      -1.027629365355634E-004
   8.32258064516129      -1.074226265510985E-004
   8.34017595307918      -1.112187450364404E-004
   8.35777126099707      -1.159070011493441E-004
   8.37536656891496      -1.197572540004277E-004
   8.39296187683285      -1.245231633797728E-004
   8.41055718475073      -1.284545292015854E-004
   8.42815249266862      -1.332612595292049E-004
   8.44574780058651      -1.371625652774778E-004
   8.46334310850440      -1.418876416006518E-004
   8.48093841642229      -1.456769230001654E-004
   8.49853372434018      -1.502758569852131E-004
   8.51612903225807      -1.539349510772428E-004
   8.53372434017595      -1.584106670523318E-004
   8.55131964809384      -1.619601480097931E-004
   8.56891495601173      -1.663476045322845E-004
   8.58651026392962      -1.698338935505271E-004
   8.60410557184751      -1.741854449672713E-004
   8.62170087976540      -1.776419516952518E-004
   8.63929618768329      -1.819261558410403E-004
   8.65689149560117      -1.852616510972028E-004
   8.67448680351906      -1.893868833944453E-004
   8.69208211143695      -1.925384464202339E-004
   8.70967741935484      -1.964669490575564E-004
   8.72727272727273      -1.994198378283954E-004
   8.74486803519062      -2.031582261049631E-004
   8.76246334310851      -2.059400721605632E-004
   8.78005865102639      -2.095365873864600E-004
   8.79765395894428      -2.122169873879981E-004
   8.81524926686217      -2.157577881860392E-004
   8.83284457478006      -2.183945993754297E-004
   8.85043988269795      -2.218547701128280E-004
   8.86803519061584      -2.243650277121330E-004
   8.88563049853373      -2.276585880171265E-004
   8.90322580645161      -2.299716279740624E-004
   8.92082111436950      -2.330448102641642E-004
   8.93841642228739      -2.351255348696839E-004
   8.95601173020528      -2.379632461275371E-004
   8.97360703812317      -2.398190940129781E-004
   8.99120234604106      -2.424541761611756E-004
   9.00879765395895      -2.441504341012956E-004
   9.02639296187683      -2.466640219138512E-004
   9.04398826979472      -2.482337804703540E-004
   9.06158357771261      -2.505765654827701E-004
   9.07917888563050      -2.519296146011065E-004
   9.09677419354839      -2.540105265502979E-004
   9.11436950146628      -2.550652929442182E-004
   9.13196480938416      -2.568165353347532E-004
   9.14956011730205      -2.575236713352473E-004
   9.16715542521994      -2.589187958016952E-004
   9.18475073313783      -2.592816874605839E-004
   9.20234604105572      -2.603661793996945E-004
   9.21994134897361      -2.604934755601901E-004
   9.23753665689150      -2.614155615216346E-004
   9.25513196480938      -2.614064868728583E-004
   9.27272727272727      -2.621798548542915E-004
   9.29032258064516      -2.620021147538636E-004
   9.30791788856305      -2.625764110828238E-004
   9.32551319648094      -2.621719217682572E-004
   9.34310850439883      -2.624884345911918E-004
   9.36070381231672      -2.618038338933542E-004
   9.37829912023460      -2.618212737060912E-004
   9.39589442815249      -2.608363652739591E-004
   9.41348973607038      -2.605766766654379E-004
   9.43108504398827      -2.593734510969582E-004
   9.44868035190616      -2.589309083256557E-004
   9.46627565982405      -2.575484068293512E-004
   9.48387096774194      -2.569050031068998E-004
   9.50146627565982      -2.552953395895976E-004
   9.51906158357771      -2.543865710447029E-004
   9.53665689149560      -2.524761879322851E-004
   9.55425219941349      -2.512252115698237E-004
   9.57184750733138      -2.489405877390604E-004
   9.58944281524927      -2.472846427890335E-004
   9.60703812316716      -2.445911004687812E-004
   9.62463343108504      -2.425677827364749E-004
   9.64222873900293      -2.395957862651039E-004
   9.65982404692082      -2.373577781604124E-004
   9.67741935483871      -2.342105387997014E-004
   9.69501466275660      -2.318126899765962E-004
   9.71260997067449      -2.285152378050513E-004
   9.73020527859238      -2.259605243249848E-004
   9.74780058651026      -2.225004973779186E-004
   9.76539589442815      -2.197663775375533E-004
   9.78299120234604      -2.161179962660603E-004
   9.80058651026393      -2.131854340679447E-004
   9.81818181818182      -2.093700264049890E-004
   9.83577712609971      -2.063549117918174E-004
   9.85337243401760      -2.025589729624396E-004
   9.87096774193548      -1.996238355842469E-004
   9.88856304985337      -1.959517987699619E-004
   9.90615835777126      -1.931564054324301E-004
   9.92375366568915      -1.896322413160074E-004
   9.94134897360704      -1.869697565387289E-004
   9.95894428152493      -1.835594710966989E-004
   9.97653958944282      -1.809718559082633E-004
   9.99413489736071      -1.775969704221808E-004
   10.0117302052786      -1.749968735373044E-004
   10.0293255131965      -1.716259293252186E-004
   10.0469208211144      -1.691055642694338E-004
   10.0645161290323      -1.659067407888551E-004
   10.0821114369501      -1.636198907965622E-004
   10.0997067448680      -1.607067375692372E-004
   10.1173020527859      -1.587299008260078E-004
   10.1348973607038      -1.561429273015683E-004
   10.1524926686217      -1.544801823842098E-004
   10.1700879765396      -1.521858644700134E-004
   10.1876832844575      -1.507631312019465E-004
   10.2052785923754      -1.486401952949365E-004
   10.2228739002933      -1.473075351948921E-004
   10.2404692082111      -1.452704950964418E-004
   10.2580645161290      -1.440745280488925E-004
   10.2756598240469      -1.422425808572237E-004
   10.2932551319648      -1.413016329038265E-004
   10.3108504398827      -1.397746491076791E-004
   10.3284457478006      -1.391641321489777E-004
   10.3460410557185      -1.379877995996183E-004
   10.3636363636364      -1.377181075182074E-004
   10.3812316715543      -1.368599953385006E-004
   10.3988269794721      -1.368436914216275E-004
   10.4164222873900      -1.361423112935959E-004
   10.4340175953079      -1.361887533208307E-004
   10.4516129032258      -1.355530610158802E-004
   10.4692082111437      -1.357045054617264E-004
   10.4868035190616      -1.352338957669974E-004
   10.5043988269795      -1.355978325673344E-004
   10.5219941348974      -1.353921641792563E-004
   10.5395894428153      -1.360492606578479E-004
   10.5571847507331      -1.361599592941179E-004
   10.5747800586510      -1.371187691234582E-004
   10.5923753665689      -1.374939944229507E-004
   10.6099706744868      -1.385972103306688E-004
   10.6275659824047      -1.389305358029910E-004
   10.6451612903226      -1.398306499794465E-004
   10.6627565982405      -1.399200824175553E-004
   10.6803519061584      -1.405827418484745E-004
   10.6979472140762      -1.404822984197454E-004
   10.7155425219941      -1.410077688013078E-004
   10.7331378299120      -1.408457869518182E-004
   10.7507331378299      -1.413750755445964E-004
   10.7683284457478      -1.412912061152899E-004
   10.7859237536657      -1.419446071077588E-004
   10.8035190615836      -1.420067117084748E-004
   10.8211143695015      -1.427070904273870E-004
   10.8387096774194      -1.426202150162465E-004
   10.8563049853372      -1.430002700929003E-004
   10.8739002932551      -1.425267411000278E-004
   10.8914956011730      -1.424941377970520E-004
   10.9090909090909      -1.416393539082006E-004
   10.9266862170088      -1.412770912057828E-004
   10.9442815249267      -1.401885723199031E-004
   10.9618768328446      -1.397001007418401E-004
   10.9794721407625      -1.386290833678884E-004
   10.9970674486804      -1.383046724777409E-004
   11.0146627565982      -1.375419563451433E-004
   11.0322580645161      -1.375032078792358E-004
   11.0498533724340      -1.368700220193569E-004
   11.0674486803519      -1.367914131755335E-004
   11.0850439882698      -1.360079534796730E-004
   11.1026392961877      -1.356934503347652E-004
   11.1202346041056      -1.346416165050486E-004
   11.1378299120235      -1.340505339123223E-004
   11.1554252199413      -1.327696807449377E-004
   11.1730205278592      -1.320276679009580E-004
   11.1906158357771      -1.307408811469897E-004
   11.2082111436950      -1.301968863451242E-004
   11.2258064516129      -1.293348872495371E-004
   11.2434017595308      -1.292644015881119E-004
   11.2609970674487      -1.287827332601853E-004
   11.2785923753666      -1.289490799721163E-004
   11.2961876832845      -1.285755749863025E-004
   11.3137829912023      -1.287141399696378E-004
   11.3313782991202      -1.282089411419729E-004
   11.3489736070381      -1.281199284314472E-004
   11.3665689149560      -1.273385583775855E-004
   11.3841642228739      -1.269535530555340E-004
   11.4017595307918      -1.259408889769317E-004
   11.4193548387097      -1.254957820242553E-004
   11.4369501466276      -1.246691098218378E-004
   11.4545454545455      -1.245267171395205E-004
   11.4721407624633      -1.240292418188438E-004
   11.4897360703812      -1.241831847820485E-004
   11.5073313782991      -1.239405619036987E-004
   11.5249266862170      -1.242806426332297E-004
   11.5425219941349      -1.241707564613306E-004
   11.5601173020528      -1.245821313670598E-004
   11.5777126099707      -1.245225950429364E-004
   11.5953079178886      -1.249881479074193E-004
   11.6129032258065      -1.251211036690578E-004
   11.6304985337243      -1.261003919938784E-004
   11.6480938416422      -1.271094990982676E-004
   11.6656891495601      -1.291679277333378E-004
   11.6832844574780      -1.313657742317757E-004
   11.7008797653959      -1.346341718356416E-004
   11.7184750733138      -1.380234744324693E-004
   11.7360703812317      -1.424001863299732E-004
   11.7536656891496      -1.467913908562622E-004
   11.7712609970675      -1.520121230417424E-004
   11.7888563049853      -1.570793257424491E-004
   11.8064516129032      -1.627821298617231E-004
   11.8240469208211      -1.682877680782184E-004
   11.8416422287390      -1.746260625693951E-004
   11.8592375366569      -1.810689753309919E-004
   11.8768328445748      -1.885536633161507E-004
   11.8944281524927      -1.963013140585593E-004
   11.9120234604106      -2.051643625215003E-004
   11.9296187683284      -2.143158430975936E-004
   11.9472140762463      -2.245193269541322E-004
   11.9648093841642      -2.348896766164816E-004
   11.9824046920821      -2.460804199240329E-004
   12.0000000000000      -2.571061570791892E-004
   12.0175953079179      -2.684470829578571E-004
   12.0351906158358      -2.792221475452834E-004
   12.0527859237537      -2.902430303199449E-004
   12.0703812316716      -3.008410619140692E-004
   12.0879765395894      -3.118670749720142E-004
   12.1055718475073      -3.227005582354560E-004
   12.1231671554252      -3.341865089125315E-004
   12.1407624633431      -3.457278067764316E-004
   12.1583577712610      -3.581487146395705E-004
   12.1759530791789      -3.708654212399004E-004
   12.1935483870968      -3.846763764719315E-004
   12.2111436950147      -3.990217488679905E-004
   12.2287390029326      -4.146907886526461E-004
   12.2463343108504      -4.310859493787758E-004
   12.2639296187683      -4.488733308987372E-004
   12.2815249266862      -4.673764282165357E-004
   12.2991202346041      -4.871479141690395E-004
   12.3167155425220      -5.074225875305471E-004
   12.3343108504399      -5.286107823621882E-004
   12.3519061583578      -5.498142034655811E-004
   12.3695014662757      -5.712315905178895E-004
   12.3870967741935      -5.917210833695991E-004
   12.4046920821114      -6.110085921682102E-004
   12.4222873900293      -6.274578273027071E-004
   12.4398826979472      -6.412844706649196E-004
   12.4574780058651      -6.521808902801839E-004
   12.4750733137830      -6.610573648815060E-004
   12.4926686217009      -6.679377132008742E-004
   12.5102639296188      -6.739348571825713E-004
   12.5278592375367      -6.792368227616106E-004
   12.5454545454545      -6.850246235620754E-004
   12.5630498533724      -6.915402668148750E-004
   12.5806451612903      -6.998778154291235E-004
   12.5982404692082      -7.101003501498186E-004
   12.6158357771261      -7.223250982325681E-004
   12.6334310850440      -7.343905747371446E-004
   12.6510263929619      -7.454664329867438E-004
   12.6686217008798      -7.543214735394876E-004
   12.6862170087977      -7.610042389592712E-004
   12.7038123167155      -7.650458225305990E-004
   12.7214076246334      -7.671494306092353E-004
   12.7390029325513      -7.675581561246216E-004
   12.7565982404692      -7.676635625449352E-004
   12.7741935483871      -7.685508247685077E-004
   12.7917888563050      -7.725368762555091E-004
   12.8093841642229      -7.821304681837421E-004
   12.8269794721408      -7.987418201796523E-004
   12.8445747800587      -8.199562957858693E-004
   12.8621700879765      -8.433157533218312E-004
   12.8797653958944      -8.656619368560690E-004
   12.8973607038123      -8.844208303455312E-004
   12.9149560117302      -8.965965156828064E-004
   12.9325513196481      -8.999295945772025E-004
   12.9501466275660      -8.920367665290569E-004
   12.9677419354839      -8.714978999373879E-004
   12.9853372434018      -8.373539698463453E-004
   13.0029325513196      -7.907541533352904E-004
   13.0205278592375      -7.384942313954837E-004
   13.0381231671554      -6.923879426776027E-004
   13.0557184750733      -6.601052556108314E-004
   13.0733137829912      -6.481107851095731E-004
   13.0909090909091      -6.605407988861978E-004
   13.1085043988270      -7.007524665160747E-004
   13.1260997067449      -7.702324532486024E-004
   13.1436950146628      -8.694956606401140E-004
   13.1612903225806      -9.971931551488564E-004
   13.1788856304985      -1.150237705641342E-003
   13.1964809384164      -1.322902168242621E-003
   13.2140762463343      -1.503204095972762E-003
   13.2316715542522      -1.674303899578886E-003
   13.2492668621701      -1.825335208548352E-003
   13.2668621700880      -1.948083008993583E-003
   13.2844574780059      -2.037110206676949E-003
   13.3020527859238      -2.087766755104579E-003
   13.3196480938416      -2.097445309129687E-003
   13.3372434017595      -2.064142440611629E-003
   13.3548387096774      -1.987779385067490E-003
   13.3724340175953      -1.869226886539463E-003
   13.3900293255132      -1.711741896128661E-003
   13.4076246334311      -1.522183717187810E-003
   13.4252199413490      -1.316133257949500E-003
   13.4428152492669      -1.109065685560350E-003
   13.4604105571848      -9.122596048799827E-004
   13.4780058651026      -7.344851813642565E-004
   13.4956011730205      -5.830384162912285E-004
   13.5131964809384      -4.631276560940307E-004
   13.5307917888563      -3.788499036208544E-004
   13.5483870967742      -3.319349446425157E-004
   13.5659824046921      -3.227293328369790E-004
   13.5835777126100      -3.480329594475966E-004
   13.6011730205279      -4.010439629875488E-004
   13.6187683284457      -4.633825176208894E-004
   13.6363636363636      -5.139670655203389E-004
   13.6539589442815      -5.415107618044725E-004
   13.6715542521994      -5.385373205966708E-004
   13.6891495601173      -5.014885932171017E-004
   13.7067448680352      -4.290528636714960E-004
   13.7243401759531      -3.227168510545948E-004
   13.7419354838710      -1.862393960158859E-004
   13.7595307917889      -2.603879894955630E-005
   13.7771260997067       1.482595754596185E-004
   13.7947214076246       3.233998886154733E-004
   13.8123167155425       4.779138500195139E-004
   13.8299120234604       5.926597367481405E-004
   13.8475073313783       6.617521286915097E-004
   13.8651026392962       6.841316060259102E-004
   13.8826979472141       6.619038569407789E-004
   13.9002932551320       5.984544334425285E-004
   13.9178885630499       4.992219760641695E-004
   13.9354838709677       3.702793768795019E-004
   13.9530791788856       2.193701005005017E-004
   13.9706744868035       5.468828812588428E-005
   13.9882697947214      -1.139704534496552E-004
   14.0058651026393      -2.761099194791655E-004
   14.0234604105572      -4.238728622113377E-004
   14.0410557184751      -5.574931120639502E-004
   14.0586510263930      -6.778736729762817E-004
   14.0762463343109      -7.863017567895891E-004
   14.0938416422287      -8.833930124795200E-004
   14.1114369501466      -9.699887120039792E-004
   14.1290322580645      -1.046096401011903E-003
   14.1466275659824      -1.111830487229505E-003
   14.1642228739003      -1.166328634193994E-003
   14.1818181818182      -1.208580890517732E-003
   14.1994134897361      -1.236191233846369E-003
   14.2170087976540      -1.246120160676657E-003
   14.2346041055718      -1.238046149289103E-003
   14.2521994134897      -1.215168109866816E-003
   14.2697947214076      -1.180550093138183E-003
   14.2873900293255      -1.138456373863701E-003
   14.3049853372434      -1.092527272992628E-003
   14.3225806451613      -1.047320734073600E-003
   14.3401759530792      -1.006562461668024E-003
   14.3577712609971      -9.747190749261154E-004
   14.3753665689150      -9.551246561870095E-004
   14.3929618768328      -9.515467244715101E-004
   14.4105571847507      -9.649422200331006E-004
   14.4281524926686      -9.906970044859431E-004
   14.4457478005865      -1.021609362349741E-003
   14.4633431085044      -1.053052654784761E-003
   14.4809384164223      -1.080676839616303E-003
   14.4985337243402      -1.101850117661342E-003
   14.5161290322581      -1.114017041245251E-003
   14.5337243401760      -1.116252769779372E-003
   14.5513196480938      -1.107776067783102E-003
   14.5689149560117      -1.089619592163052E-003
   14.5865102639296      -1.063369977708944E-003
   14.6041055718475      -1.033654579050945E-003
   14.6217008797654      -1.007446251959367E-003
   14.6392961876833      -9.901902336865566E-004
   14.6568914956012      -9.826501487157390E-004
   14.6744868035191      -9.855496127614861E-004
   14.6920821114370      -9.974987779780935E-004
   14.7096774193548      -1.017586897076384E-003
   14.7272727272727      -1.043232263493742E-003
   14.7448680351906      -1.072457324145494E-003
   14.7624633431085      -1.101760396775632E-003
   14.7800586510264      -1.128233458626973E-003
   14.7976539589443      -1.147410411393159E-003
   14.8152492668622      -1.155502649753235E-003
   14.8328445747801      -1.150476450906284E-003
   14.8504398826979      -1.133213776122032E-003
   14.8680351906158      -1.103673958488290E-003
   14.8856304985337      -1.063081142192184E-003
   14.9032258064516      -1.011554371281940E-003
   14.9208211143695      -9.504234238493923E-004
   14.9384164222874      -8.799035197947597E-004
   14.9560117302053      -8.014426291959428E-004
   14.9736070381232      -7.154417534768696E-004
   14.9912023460411      -6.236509286649052E-004
   15.0087976539589      -5.273303420887643E-004
   15.0263929618768      -4.308271670634973E-004
   15.0439882697947      -3.375578242944408E-004
   15.0615835777126      -2.511726899472966E-004
   15.0791788856305      -1.735009460074779E-004
   15.0967741935484      -1.070588340459329E-004
   15.1143695014663      -5.254539898274136E-005
   15.1319648093842      -1.137571484954858E-005
   15.1495601173021       1.703255734300346E-005
   15.1671554252199       3.270924902524408E-005
   15.1847507331378       3.820134949682052E-005
   15.2023460410557       3.656194943163027E-005
   15.2199413489736       3.660808326606868E-005
   15.2375366568915       4.626696577429690E-005
   15.2551319648094       7.052289929846855E-005
   15.2727272727273       1.116761227267866E-004
   15.2903225806452       1.715980452354049E-004
   15.3079178885631       2.499983560834333E-004
   15.3255131964809       3.466164669025642E-004
   15.3431085043988       4.589406763325330E-004
   15.3607038123167       5.845242571247132E-004
   15.3782991202346       7.181131658008930E-004
   15.3958944281525       8.539404192257991E-004
   15.4134897360704       9.803600388383084E-004
   15.4310850439883       1.086507681236238E-003
   15.4486803519062       1.166391170593227E-003
   15.4662756598240       1.217874435636436E-003
   15.4838709677419       1.239704693230724E-003
   15.5014662756598       1.232895697927792E-003
   15.5190615835777       1.198837765438996E-003
   15.5366568914956       1.141060809011914E-003
   15.5542521994135       1.063492635137381E-003
   15.5718475073314       9.725786915626120E-004
   15.5894428152493       8.757628698479285E-004
   15.6070381231672       7.855554727239270E-004
   15.6246334310850       7.159232074622943E-004
   15.6422287390029       6.744219018432119E-004
   15.6598240469208       6.619729342913167E-004
   15.6774193548387       6.784752901985165E-004
   15.6950146627566       7.208439421747416E-004
   15.7126099706745       7.855335368105236E-004
   15.7302052785924       8.665647078297455E-004
   15.7478005865103       9.574118509240291E-004
   15.7653958944282       1.049107635365985E-003
   15.7829912023460       1.131457223815160E-003
   15.8005865102639       1.190677449077800E-003
   15.8181818181818       1.210741286753858E-003
   15.8357771260997       1.185509702509183E-003
   15.8533724340176       1.118449298718535E-003
   15.8709677419355       1.013797231968867E-003
   15.8885630498534       8.788804153599708E-004
   15.9061583577713       7.207445041399799E-004
   15.9237536656892       5.487586020449917E-004
   15.9413489736070       3.718569013464233E-004
   15.9589442815249       2.010224208229717E-004
   15.9765395894428       4.689156826547474E-005
   15.9941348973607      -7.785452337611482E-005
   16.0117302052786      -1.611557846044062E-004
   16.0293255131965      -2.012423061784809E-004
   16.0469208211144      -2.064221179971616E-004
   16.0645161290323      -1.844726549789035E-004
   16.0821114369501      -1.443170137501510E-004
   16.0997067448680      -9.369892760953505E-005
   16.1173020527859      -4.125186034281327E-005
   16.1348973607038       5.701889059429366E-006
   16.1524926686217       3.917779620979650E-005
   16.1700879765396       5.269721489881715E-005
   16.1876832844575       3.952633408899203E-005
   16.2052785923754      -4.488276487342402E-006
   16.2228739002933      -7.705701381589009E-005
   16.2404692082111      -1.679244552475512E-004
   16.2580645161290      -2.697206026821395E-004
   16.2756598240469      -3.750976817009201E-004
   16.2932551319648      -4.786588396266751E-004
   16.3108504398827      -5.747772829797769E-004
   16.3284457478006      -6.594408824908740E-004
   16.3460410557185      -7.284801809862671E-004
   16.3636363636364      -7.792657468036972E-004
   16.3812316715543      -8.093583557734988E-004
   16.3988269794721      -8.182213531577405E-004
   16.4164222873900      -8.083790144579500E-004
   16.4340175953079      -7.883579197049035E-004
   16.4516129032258      -7.645379845845134E-004
   16.4692082111437      -7.430317064362031E-004
   16.4868035190616      -7.282345020053989E-004
   16.5043988269795      -7.247984159248617E-004
   16.5219941348974      -7.360236159543747E-004
   16.5395894428153      -7.654382772253224E-004
   16.5571847507331      -8.153236974765164E-004
   16.5747800586510      -8.879303472161060E-004
   16.5923753665689      -9.841127931600434E-004
   16.6099706744868      -1.103100823903786E-003
   16.6275659824047      -1.237843524470047E-003
   16.6451612903226      -1.380377478058914E-003
   16.6627565982405      -1.523882025326147E-003
   16.6803519061584      -1.662844707455253E-003
   16.6979472140762      -1.791998859763301E-003
   16.7155425219941      -1.907079595771639E-003
   16.7331378299120      -2.003991361785965E-003
   16.7507331378299      -2.079556134970265E-003
   16.7683284457478      -2.130893195972783E-003
   16.7859237536657      -2.156150547202733E-003
   16.8035190615836      -2.154427302286251E-003
   16.8211143695015      -2.128043477134219E-003
   16.8387096774194      -2.081188887953995E-003
   16.8563049853372      -2.016634765885155E-003
   16.8739002932551      -1.936804123946366E-003
   16.8914956011730      -1.843532540792950E-003
   16.9090909090909      -1.738719133762377E-003
   16.9266862170088      -1.623826375846762E-003
   16.9442815249267      -1.500637403754217E-003
   16.9618768328446      -1.370530657996822E-003
   16.9794721407625      -1.235544763681777E-003
   16.9970674486804      -1.097458156594612E-003
   17.0146627565982      -9.601190068206834E-004
   17.0322580645161      -8.286318526487943E-004
   17.0498533724340      -7.076113284151700E-004
   17.0674486803519      -5.999494834105687E-004
   17.0850439882698      -5.084826963548586E-004
   17.1026392961877      -4.345524629186116E-004
   17.1202346041056      -3.797164247417536E-004
   17.1378299120235      -3.438181795475486E-004
   17.1554252199413      -3.269881606767061E-004
   17.1730205278592      -3.271147570110474E-004
   17.1906158357771      -3.420964777019946E-004
   17.2082111436950      -3.652920614603400E-004
   17.2258064516129      -3.872417654465302E-004
   17.2434017595308      -3.989821244340934E-004
   17.2609970674487      -3.968452446934909E-004
   17.2785923753666      -3.768893729751960E-004
   17.2961876832845      -3.385317873087644E-004
   17.3137829912023      -2.802948986289765E-004
   17.3313782991202      -2.040029979056526E-004
   17.3489736070381      -1.104138427645389E-004
   17.3665689149560      -3.990745459471645E-006
   17.3841642228739       1.115468002717628E-004
   17.4017595307918       2.271511238693999E-004
   17.4193548387097       3.319125286299183E-004
   17.4369501466276       4.147363326713487E-004
   17.4545454545455       4.742322632298701E-004
   17.4721407624633       5.070826155982586E-004
   17.4897360703812       5.159672264910078E-004
   17.5073313782991       5.003377500727779E-004
   17.5249266862170       4.654863225774457E-004
   17.5425219941349       4.128961565362953E-004
   17.5601173020528       3.503075377434132E-004
   17.5777126099707       2.813616572202121E-004
   17.5953079178886       2.169218059953596E-004
   17.6129032258065       1.643565931957594E-004
   17.6304985337243       1.323439147176616E-004
   17.6480938416422       1.157649197525472E-004
   17.6656891495601       1.154497318635189E-004
   17.6832844574780       1.233214760492263E-004
   17.7008797653959       1.395484605613426E-004
   17.7184750733138       1.546267551183257E-004
   17.7360703812317       1.688751462132694E-004
   17.7536656891496       1.716640152278253E-004
   17.7712609970675       1.639984168460926E-004
   17.7888563049853       1.342427379511878E-004
   17.8064516129032       8.496698385069500E-005
   17.8240469208211       8.705447381593179E-006
   17.8416422287390      -7.930700342234831E-005
   17.8592375366569      -1.824119816484118E-004
   17.8768328445748      -2.835561196850393E-004
   17.8944281524927      -3.890134351017666E-004
   17.9120234604106      -4.785263628250396E-004
   17.9296187683284      -5.622490831293215E-004
   17.9472140762463      -6.135721932262507E-004
   17.9648093841642      -6.484626308956962E-004
   17.9824046920821      -6.247904313230223E-004
   18.0000000000000      -5.631564076537695E-004
