  0.000000000000000E+000 -3.414209739699967E-003
  1.759530791788856E-002 -2.983956042619739E-003
  3.519061583577713E-002 -2.884042417063908E-003
  5.278592375366570E-002 -2.704318857923772E-003
  7.038123167155426E-002 -2.627369870182235E-003
  8.797653958944282E-002 -2.504496453637602E-003
  0.105571847507331      -2.439568547917376E-003
  0.123167155425220      -2.343537135457293E-003
  0.140762463343109      -2.286508899083884E-003
  0.158357771260997      -2.206761476245100E-003
  0.175953079178886      -2.155638076499540E-003
  0.193548387096774      -2.087231292608459E-003
  0.211143695014663      -2.040953236056591E-003
  0.228739002932551      -1.981225616556950E-003
  0.246334310850440      -1.939124909922431E-003
  0.263929618768328      -1.886317868261188E-003
  0.281524926686217      -1.847790997457765E-003
  0.299120234604106      -1.800630410577210E-003
  0.316715542521994      -1.765170509803439E-003
  0.334310850439883      -1.722689049186010E-003
  0.351906158357771      -1.689846065909571E-003
  0.369501466275660      -1.651254069426305E-003
  0.387096774193548      -1.620591862524220E-003
  0.404692082111437      -1.585171638544166E-003
  0.422287390029326      -1.556174765227658E-003
  0.439882697947214      -1.523175915598037E-003
  0.457478005865103      -1.495371065461121E-003
  0.475073313782991      -1.464306966058565E-003
  0.492668621700880      -1.437466994815896E-003
  0.510263929618768      -1.408065414872580E-003
  0.527859237536657      -1.382111637684130E-003
  0.545454545454546      -1.354266984288468E-003
  0.563049853372434      -1.329271092566818E-003
  0.580645161290323      -1.303069474467755E-003
  0.598240469208211      -1.279327873195585E-003
  0.615835777126100      -1.255235560421265E-003
  0.633431085043988      -1.233611892970979E-003
  0.651026392961877      -1.212511100137827E-003
  0.668621700879765      -1.193658937045011E-003
  0.686217008797654      -1.175842542412763E-003
  0.703812316715543      -1.159890158830693E-003
  0.721407624633431      -1.145270089099816E-003
  0.739002932551320      -1.132002382786244E-003
  0.756598240469208      -1.120151543310867E-003
  0.774193548387097      -1.108972085475660E-003
  0.791788856304985      -1.099006082989779E-003
  0.809384164222874      -1.088635640008877E-003
  0.826979472140763      -1.078582248814910E-003
  0.844574780058651      -1.066750442442821E-003
  0.862170087976540      -1.054820327434017E-003
  0.879765395894428      -1.040528617224711E-003
  0.897360703812317      -1.026213475636560E-003
  0.914956011730205      -1.009336981284379E-003
  0.932551319648094      -9.928175500301219E-004
  0.950146627565982      -9.738734485464089E-004
  0.967741935483871      -9.559896772374470E-004
  0.985337243401760      -9.362344686881529E-004
   1.00293255131965      -9.187866355050361E-004
   1.02052785923754      -9.009356810266372E-004
   1.03812316715543      -8.873433149876141E-004
   1.05571847507331      -8.743233863467059E-004
   1.07331378299120      -8.662608440372434E-004
   1.09090909090909      -8.588866612416002E-004
   1.10850439882698      -8.566222678766704E-004
   1.12609970674487      -8.547348805691626E-004
   1.14369501466276      -8.577001598689067E-004
   1.16129032258065      -8.603419133809532E-004
   1.17888563049853      -8.671285588654036E-004
   1.19648093841642      -8.723635224016369E-004
   1.21407624633431      -8.801883311262079E-004
   1.23167155425220      -8.843262163610848E-004
   1.24926686217009      -8.896562109322819E-004
   1.26686217008798      -8.904199027036067E-004
   1.28445747800587      -8.920401162593972E-004
   1.30205278592375      -8.888146327353381E-004
   1.31964809384164      -8.865224610814000E-004
   1.33724340175953      -8.794689131778390E-004
   1.35483870967742      -8.737513475556492E-004
   1.37243401759531      -8.637021430749581E-004
   1.39002932551320      -8.557620771982843E-004
   1.40762463343109      -8.444474118427907E-004
   1.42521994134897      -8.366564145628801E-004
   1.44281524926686      -8.265634987291914E-004
   1.46041055718475      -8.206243200284442E-004
   1.47800586510264      -8.125906346936282E-004
   1.49560117302053      -8.088816685389147E-004
   1.51319648093842      -8.030281125880548E-004
   1.53079178885631      -8.014597139968418E-004
   1.54838709677419      -7.975282713664900E-004
   1.56598240469208      -7.976769743355701E-004
   1.58357771260997      -7.950867814716473E-004
   1.60117302052786      -7.961809478976058E-004
   1.61876832844575      -7.939662484362864E-004
   1.63636363636364      -7.951176949717192E-004
   1.65395894428153      -7.929312412419889E-004
   1.67155425219941      -7.943048080568762E-004
   1.68914956011730      -7.925193248819091E-004
   1.70674486803519      -7.945609903702280E-004
   1.72434017595308      -7.936749529945683E-004
   1.74193548387097      -7.969132380017227E-004
   1.75953079178886      -7.974845554554506E-004
   1.77712609970675      -8.024947043213691E-004
   1.79472140762463      -8.051206318646788E-004
   1.81231671554252      -8.124933507510670E-004
   1.82991202346041      -8.174877374007452E-004
   1.84750733137830      -8.268535808216691E-004
   1.86510263929619      -8.332695915046456E-004
   1.88269794721408      -8.434969809262398E-004
   1.90029325513196      -8.501830486837061E-004
   1.91788856304985      -8.600974461052858E-004
   1.93548387096774      -8.658591284128096E-004
   1.95307917888563      -8.742357061060649E-004
   1.97067448680352      -8.778148738084201E-004
   1.98826979472141      -8.833429665044808E-004
   2.00586510263930      -8.833484312611282E-004
   2.02346041055718      -8.846949987037038E-004
   2.04105571847507      -8.804302570147606E-004
   2.05865102639296      -8.778850950390930E-004
   2.07624633431085      -8.702401642338308E-004
   2.09384164222874      -8.648771830810366E-004
   2.11143695014663      -8.550377525716017E-004
   2.12903225806452      -8.481370968084457E-004
   2.14662756598241      -8.374787364521879E-004
   2.16422287390029      -8.305110466386348E-004
   2.18181818181818      -8.206181387916155E-004
   2.19941348973607      -8.153092271871644E-004
   2.21700879765396      -8.080519788310540E-004
   2.23460410557185      -8.059399463633194E-004
   2.25219941348974      -8.018249255306879E-004
   2.26979472140762      -8.025006711735157E-004
   2.28739002932551      -8.007689189411689E-004
   2.30498533724340      -8.033321343714903E-004
   2.32258064516129      -8.029808116056999E-004
   2.34017595307918      -8.063368228168663E-004
   2.35777126099707      -8.061873239563511E-004
   2.37536656891496      -8.090656519574137E-004
   2.39296187683284      -8.077454128160817E-004
   2.41055718475073      -8.086330271809608E-004
   2.42815249266862      -8.047215643560453E-004
   2.44574780058651      -8.028898157275728E-004
   2.46334310850440      -7.965339134616439E-004
   2.48093841642229      -7.925757307750625E-004
   2.49853372434018      -7.845160941959686E-004
   2.51612903225806      -7.792684781582724E-004
   2.53372434017595      -7.704305916450352E-004
   2.55131964809384      -7.649024025431800E-004
   2.56891495601173      -7.563885316538254E-004
   2.58651026392962      -7.517901764159866E-004
   2.60410557184751      -7.449721104121228E-004
   2.62170087976540      -7.428217325346686E-004
   2.63929618768328      -7.389544909153310E-004
   2.65689149560117      -7.397320920310763E-004
   2.67448680351906      -7.386383584531686E-004
   2.69208211143695      -7.418738204205104E-004
   2.70967741935484      -7.429119862148397E-004
   2.72727272727273      -7.478121679410945E-004
   2.74486803519062      -7.500458503136252E-004
   2.76246334310850      -7.555204655319922E-004
   2.78005865102639      -7.576817002790235E-004
   2.79765395894428      -7.622282176950582E-004
   2.81524926686217      -7.624454248374611E-004
   2.83284457478006      -7.639291579595150E-004
   2.85043988269795      -7.604961412630562E-004
   2.86803519061584      -7.580569272296289E-004
   2.88563049853372      -7.506993544820377E-004
   2.90322580645161      -7.443848336275122E-004
   2.92082111436950      -7.334015606241568E-004
   2.93841642228739      -7.237362057385135E-004
   2.95601173020528      -7.098784708006018E-004
   2.97360703812317      -6.978585980779117E-004
   2.99120234604106      -6.824158416240626E-004
   3.00879765395894      -6.697724900472859E-004
   3.02639296187683      -6.550656344583240E-004
   3.04398826979472      -6.442435347023088E-004
   3.06158357771261      -6.320475647523201E-004
   3.07917888563050      -6.240391358335775E-004
   3.09677419354839      -6.149006458621491E-004
   3.11436950146628      -6.099636109431621E-004
   3.13196480938416      -6.038999588587346E-004
   3.14956011730205      -6.018310150891075E-004
   3.16715542521994      -5.984207408174579E-004
   3.18475073313783      -5.985580857216936E-004
   3.20234604105572      -5.968347825835795E-004
   3.21994134897361      -5.977541511025317E-004
   3.23753665689150      -5.959208546443991E-004
   3.25513196480938      -5.960232373909256E-004
   3.27272727272727      -5.930271297001582E-004
   3.29032258064516      -5.916272537457836E-004
   3.30791788856305      -5.869865816003808E-004
   3.32551319648094      -5.837535249478394E-004
   3.34310850439883      -5.772637708693767E-004
   3.36070381231672      -5.721076621955432E-004
   3.37829912023460      -5.637952438208565E-004
   3.39589442815249      -5.568693229153286E-004
   3.41348973607038      -5.470708162585935E-004
   3.43108504398827      -5.389534675219952E-004
   3.44868035190616      -5.283537698214196E-004
   3.46627565982405      -5.196089491920494E-004
   3.48387096774194      -5.086198379143696E-004
   3.50146627565982      -4.995746492656780E-004
   3.51906158357771      -4.884741526400251E-004
   3.53665689149560      -4.793700710527321E-004
   3.55425219941349      -4.683731927198390E-004
   3.57184750733138      -4.594031734645438E-004
   3.58944281524927      -4.486868623438704E-004
   3.60703812316716      -4.400158802914316E-004
   3.62463343108504      -4.297441249903719E-004
   3.64222873900293      -4.215370497917296E-004
   3.65982404692082      -4.118631532087293E-004
   3.67741935483871      -4.042477448526021E-004
   3.69501466275660      -3.952765491285616E-004
   3.71260997067449      -3.883366880688632E-004
   3.73020527859238      -3.801333541555922E-004
   3.74780058651026      -3.739141783286328E-004
   3.76539589442815      -3.665043691477359E-004
   3.78299120234604      -3.610088186814768E-004
   3.80058651026393      -3.543697563200524E-004
   3.81818181818182      -3.495306427359744E-004
   3.83577712609971      -3.435197973275620E-004
   3.85337243401760      -3.391270767826475E-004
   3.87096774193548      -3.335200765931488E-004
   3.88856304985337      -3.293555365522093E-004
   3.90615835777126      -3.239345531806476E-004
   3.92375366568915      -3.197740589662296E-004
   3.94134897360704      -3.143052609872026E-004
   3.95894428152493      -3.098998732947117E-004
   3.97653958944282      -3.041139238380579E-004
   3.99413489736070      -2.991637353670784E-004
   4.01173020527859      -2.927111012628876E-004
   4.02932551319648      -2.868602402689970E-004
   4.04692082111437      -2.795412760501209E-004
   4.06451612903226      -2.728194343486804E-004
   4.08211143695015      -2.648024829299766E-004
   4.09970674486804      -2.574372424001158E-004
   4.11730205278592      -2.489919025326122E-004
   4.13489736070381      -2.412880849943934E-004
   4.15249266862170      -2.327527726347031E-004
   4.17008797653959      -2.250817778956425E-004
   4.18768328445748      -2.168649985841815E-004
   4.20527859237537      -2.096831072457572E-004
   4.22287390029326      -2.022656670724434E-004
   4.24046920821114      -1.959309496207799E-004
   4.25806451612903      -1.894241152829928E-004
   4.27565982404692      -1.838768832754964E-004
   4.29325513196481      -1.781641272389341E-004
   4.31085043988270      -1.732580734561500E-004
   4.32844574780059      -1.681696576811780E-004
   4.34604105571848      -1.637134306303340E-004
   4.36363636363636      -1.590372131381541E-004
   4.38123167155425      -1.547950778084685E-004
   4.39882697947214      -1.502668459844093E-004
   4.41642228739003      -1.459415174062984E-004
   4.43401759530792      -1.413005790711378E-004
   4.45161290322581      -1.367864779514159E-004
   4.46920821114370      -1.320776040755749E-004
   4.48680351906158      -1.274802939152402E-004
   4.50439882697947      -1.228312398454574E-004
   4.52199413489736      -1.182919936904228E-004
   4.53958944281525      -1.138534974765158E-004
   4.55718475073314      -1.095286780972292E-004
   4.57478005865103      -1.054596418236411E-004
   4.59237536656892      -1.015059737743468E-004
   4.60997067448680      -9.794794398123318E-005
   4.62756598240469      -9.442180289245670E-005
   4.64516129032258      -9.127090256329947E-005
   4.66275659824047      -8.796165007968952E-005
   4.68035190615836      -8.500930071054339E-005
   4.69794721407625      -8.174193572901317E-005
   4.71554252199414      -7.884056173497961E-005
   4.73313782991202      -7.549238037978484E-005
   4.75073313782991      -7.254396603545427E-005
   4.76832844574780      -6.904230962308847E-005
   4.78592375366569      -6.600281799453728E-005
   4.80351906158358      -6.234023794966689E-005
   4.82111436950147      -5.926250244042855E-005
   4.83870967741935      -5.556180698349875E-005
   4.85630498533724      -5.258758310924029E-005
   4.87390029325513      -4.895609441172307E-005
   4.89149560117302      -4.616132838282949E-005
   4.90909090909091      -4.265795103028199E-005
   4.92668621700880      -4.008959228183255E-005
   4.94428152492669      -3.675140680738973E-005
   4.96187683284458      -3.443721558480285E-005
   4.97947214076246      -3.128095746370660E-005
   4.99706744868035      -2.922254922929528E-005
   5.01466275659824      -2.621579799214229E-005
   5.03225806451613      -2.430883042668250E-005
   5.04985337243402      -2.129013078564738E-005
   5.06744868035191      -1.939133763311413E-005
   5.08504398826980      -1.627113485556145E-005
   5.10263929618768      -1.433699500260080E-005
   5.12023460410557      -1.111224827264658E-005
   5.13782991202346      -9.180584683586027E-006
   5.15542521994135      -5.933331961285607E-006
   5.17302052785924      -4.138069127758451E-006
   5.19061583577713      -1.067175449076550E-006
   5.20821114369502       2.898864919522667E-007
   5.22580645161290       2.734880167920763E-006
   5.24340175953079       3.153247787910006E-006
   5.26099706744868       4.618773810065840E-006
   5.27859237536657       3.935706900128691E-006
   5.29618768328446       4.371383470528373E-006
   5.31378299120235       2.607088078354726E-006
   5.33137829912024       2.090554437628372E-006
   5.34897360703812      -6.268910406443881E-007
   5.36656891495601      -1.919447560547849E-006
   5.38416422287390      -5.363636628716854E-006
   5.40175953079179      -7.145696441272032E-006
   5.41935483870968      -1.095071459635299E-005
   5.43695014662757      -1.281790316126212E-005
   5.45454545454546      -1.666117898373177E-005
   5.47214076246334      -1.841555719116457E-005
   5.48973607038123      -2.216947135480385E-005
   5.50733137829912      -2.372056877859805E-005
   5.52492668621701      -2.732314981224257E-005
   5.54252199413490      -2.863454748035716E-005
   5.56011730205279      -3.207464695410976E-005
   5.57771260997067      -3.316387822553823E-005
   5.59530791788856      -3.649425902596925E-005
   5.61290322580645      -3.747168622403985E-005
   5.63049853372434      -4.087056995587296E-005
   5.64809384164223      -4.190915299693543E-005
   5.66568914956012      -4.545901909843961E-005
   5.68328445747801      -4.655783113227261E-005
   5.70087976539589      -5.021076399847906E-005
   5.71847507331378      -5.129018028817752E-005
   5.73607038123167      -5.494014016164631E-005
   5.75366568914956      -5.587137152685581E-005
   5.77126099706745      -5.936779888112183E-005
   5.78885630498534      -5.997905004211228E-005
   5.80645161290323      -6.312552861492740E-005
   5.82404692082111      -6.322020147834350E-005
   5.84164222873900      -6.590140803193767E-005
   5.85923753665689      -6.549070683705740E-005
   5.87683284457478      -6.778679062998785E-005
   5.89442815249267      -6.696576139347532E-005
   5.91202346041056      -6.897733189701886E-005
   5.92961876832845      -6.785199264614148E-005
   5.94721407624634      -6.969048981537162E-005
   5.96480938416422      -6.838024017812166E-005
   5.98240469208211      -7.017649871816953E-005
   6.00000000000000      -6.883275095450028E-005
   6.01759530791789      -7.078045158270210E-005
   6.03519061583578      -6.964391794351792E-005
   6.05278592375367      -7.196110771551397E-005
   6.07038123167156      -7.116581503298777E-005
   6.08797653958944      -7.391431618115846E-005
   6.10557184750733      -7.347418749716755E-005
   6.12316715542522      -7.662692376890352E-005
   6.14076246334311      -7.647751983367066E-005
   6.15835777126100      -7.993209934683902E-005
   6.17595307917889      -7.993165477110035E-005
   6.19354838709677      -8.350108258312125E-005
   6.21114369501466      -8.340419180483577E-005
   6.22873900293255      -8.680624948395404E-005
   6.24633431085044      -8.639783750990497E-005
   6.26392961876833      -8.954272281332085E-005
   6.28152492668622      -8.880597102521289E-005
   6.29912023460411      -9.169452683150836E-005
   6.31671554252199      -9.063356598710924E-005
   6.33431085043988      -9.326553888172769E-005
   6.35190615835777      -9.187104621352249E-005
   6.36950146627566      -9.422151101535218E-005
   6.38709677419355      -9.244681231096757E-005
   6.40469208211144      -9.443197065431279E-005
   6.42228739002933      -9.213598801318738E-005
   6.43988269794721      -9.358386373740057E-005
   6.45747800586510      -9.064979907384060E-005
   6.47507331378299      -9.152827405421241E-005
   6.49266862170088      -8.797446605941348E-005
   6.51026392961877      -8.832840002081594E-005
   6.52785923753666      -8.421977924083443E-005
   6.54545454545455      -8.412835537058277E-005
   6.56304985337243      -7.955680818894453E-005
   6.58064516129032      -7.912194201013125E-005
   6.59824046920821      -7.420035830257298E-005
   6.61583577712610      -7.354978978504153E-005
   6.63343108504399      -6.843286178785145E-005
   6.65102639296188      -6.774021016033233E-005
   6.66862170087977      -6.259631344276059E-005
   6.68621700879765      -6.201187341763462E-005
   6.70381231671554      -5.697558089322237E-005
   6.72140762463343      -5.661700561152355E-005
   6.73900293255132      -5.178819982432128E-005
   6.75659824046921      -5.173301624232110E-005
   6.77419354838710      -4.716211396838294E-005
   6.79178885630499      -4.742322579810216E-005
   6.80938416422287      -4.306010456093853E-005
   6.82697947214076      -4.347194502192653E-005
   6.84457478005865      -3.905813527391074E-005
   6.86217008797654      -3.938784541456082E-005
   6.87976539589443      -3.477965494096921E-005
   6.89736070381232      -3.494529743069474E-005
   6.91495601173021      -3.009943339812888E-005
   6.93255131964809      -3.008552978416763E-005
   6.95014662756598      -2.500884527865219E-005
   6.96774193548387      -2.483829575884770E-005
   6.98533724340176      -1.956624096263862E-005
   7.00293255131965      -1.927925362574186E-005
   7.02052785923754      -1.384274947924818E-005
   7.03812316715543      -1.344464829850185E-005
   7.05571847507331      -7.843326241996858E-006
   7.07331378299120      -7.358208675123206E-006
   7.09090909090909      -1.645909894147139E-006
   7.10850439882698      -1.147987825751623E-006
   7.12609970674487       4.583425103163050E-006
   7.14369501466276       4.989438083746814E-006
   7.16129032258065       1.062382613299485E-005
   7.17888563049853       1.081564141132241E-005
   7.19648093841642       1.622830590666478E-005
   7.21407624633431       1.610183529608509E-005
   7.23167155425220       2.128579939583793E-005
   7.24926686217009       2.097829330794306E-005
   7.26686217008798       2.612867345843666E-005
   7.28445747800587       2.580775676138164E-005
   7.30205278592375       3.105250036600832E-005
   7.31964809384164       3.081506217228737E-005
   7.33724340175953       3.622159426679941E-005
   7.35483870967742       3.610899963058471E-005
   7.37243401759531       4.169223751304015E-005
   7.39002932551320       4.169524571649305E-005
   7.40762463343109       4.742148465613417E-005
   7.42521994134897       4.751057277837261E-005
   7.44281524926686       5.340877539036274E-005
   7.46041055718475       5.367824766012820E-005
   7.47800586510264       5.985064646541509E-005
   7.49560117302053       6.037895596412436E-005
   7.51319648093842       6.687582110850516E-005
   7.53079178885631       6.768535732881930E-005
   7.54838709677419       7.449756189104895E-005
   7.56598240469208       7.554662417990530E-005
   7.58357771260997       8.259374561148275E-005
   7.60117302052786       8.375634028259547E-005
   7.61876832844575       9.086096334104574E-005
   7.63636363636364       9.197429956607842E-005
   7.65395894428153       9.908803050135930E-005
   7.67155425219941       1.002088641816566E-004
   7.68914956011730       1.074164040429868E-004
   7.70674486803519       1.086279274322925E-004
   7.72434017595308       1.160003485934999E-004
   7.74193548387097       1.173564791822258E-004
   7.75953079178886       1.249229665186956E-004
   7.77712609970675       1.264222671022987E-004
   7.79472140762463       1.341389745590885E-004
   7.81231671554252       1.356747333873237E-004
   7.82991202346041       1.433814670485619E-004
   7.84750733137830       1.448447605098139E-004
   7.86510263929619       1.525538777252586E-004
   7.88269794721408       1.540362633016263E-004
   7.90029325513197       1.618622972334711E-004
   7.91788856304985       1.634837900015192E-004
   7.93548387096774       1.715399995427287E-004
   7.95307917888563       1.733996315808042E-004
   7.97067448680352       1.817586379366858E-004
   7.98826979472141       1.838910146827490E-004
   8.00586510263930       1.925179990606757E-004
   8.02346041055718       1.947613337484806E-004
   8.04105571847507       2.033747464251652E-004
   8.05865102639296       2.054742871334555E-004
   8.07624633431085       2.139392837034631E-004
   8.09384164222874       2.158476829064349E-004
   8.11143695014663       2.241630733867097E-004
   8.12903225806452       2.259115447892352E-004
   8.14662756598241       2.341268535102823E-004
   8.16422287390029       2.357755693076846E-004
   8.18181818181818       2.439481460141686E-004
   8.19941348973607       2.455374672475895E-004
   8.21700879765396       2.536463325737526E-004
   8.23460410557185       2.550490851733277E-004
   8.25219941348974       2.629240608830381E-004
   8.26979472140763       2.640462377976309E-004
   8.28739002932551       2.716848030332827E-004
   8.30498533724340       2.725864417745296E-004
   8.32258064516129       2.800933582477027E-004
   8.34017595307918       2.809163223163424E-004
   8.35777126099707       2.884616888939148E-004
   8.37536656891496       2.893991191851900E-004
   8.39296187683285       2.971892837373553E-004
   8.41055718475073       2.984406139417960E-004
   8.42815249266862       3.065704056833197E-004
   8.44574780058651       3.080378367340679E-004
   8.46334310850440       3.162983585125643E-004
   8.48093841642229       3.178011984779088E-004
   8.49853372434018       3.260705701240688E-004
   8.51612903225807       3.275356983558802E-004
   8.53372434017595       3.357819013425998E-004
   8.55131964809384       3.372162159834054E-004
   8.56891495601173       3.454796355061279E-004
   8.58651026392962       3.469553084015245E-004
   8.60410557184751       3.553311456472077E-004
   8.62170087976540       3.569197619633779E-004
   8.63929618768329       3.653482134690900E-004
   8.65689149560117       3.668505025826605E-004
   8.67448680351906       3.751150001303847E-004
   8.69208211143695       3.763730994038948E-004
   8.70967741935484       3.843731258978163E-004
   8.72727272727273       3.853447045815545E-004
   8.74486803519062       3.930952065458356E-004
   8.76246334310851       3.938576592755442E-004
   8.78005865102639       4.015029516467945E-004
   8.79765395894428       4.022812992610995E-004
   8.81524926686217       4.101435117773329E-004
   8.83284457478006       4.112787678200234E-004
   8.85043988269795       4.195253061855730E-004
   8.86803519061584       4.209798088035208E-004
   8.88563049853373       4.294908507490129E-004
   8.90322580645161       4.311372470226182E-004
   8.92082111436950       4.397944178789130E-004
   8.93841642228739       4.415364598050751E-004
   8.95601173020528       4.502725103894349E-004
   8.97360703812317       4.520842943948331E-004
   8.99120234604106       4.609250036801545E-004
   9.00879765395895       4.629132445071904E-004
   9.02639296187683       4.720429667187965E-004
   9.04398826979472       4.743507975802960E-004
   9.06158357771261       4.837491530935448E-004
   9.07917888563050       4.862348004923666E-004
   9.09677419354839       4.957217089224895E-004
   9.11436950146628       4.982008408266120E-004
   9.13196480938416       5.075997811376735E-004
   9.14956011730205       5.099186836147137E-004
   9.16715542521994       5.191093730797711E-004
   9.18475073313783       5.212005431236165E-004
   9.20234604105572       5.301972568077147E-004
   9.21994134897361       5.322245460612558E-004
   9.23753665689150       5.413358126752896E-004
   9.25513196480938       5.435697336739553E-004
   9.27272727272727       5.528903658751833E-004
   9.29032258064516       5.553018712873084E-004
   9.30791788856305       5.647384701357901E-004
   9.32551319648094       5.671959382202814E-004
   9.34310850439883       5.765935150064621E-004
   9.36070381231672       5.789334550736815E-004
   9.37829912023460       5.881326526887452E-004
   9.39589442815249       5.902198407013626E-004
   9.41348973607038       5.991534583434855E-004
   9.43108504398827       6.010636640024794E-004
   9.44868035190616       6.099035918255218E-004
   9.46627565982405       6.117551857084490E-004
   9.48387096774194       6.205108809800064E-004
   9.50146627565982       6.222420518999914E-004
   9.51906158357771       6.308045934158755E-004
   9.53665689149560       6.322759465710689E-004
   9.55425219941349       6.404853715265597E-004
   9.57184750733138       6.415314819682553E-004
   9.58944281524927       6.492306535123089E-004
   9.60703812316716       6.497413649920775E-004
   9.62463343108504       6.569739000840528E-004
   9.64222873900293       6.572220166809363E-004
   9.65982404692082       6.643393074107892E-004
   9.67741935483871       6.645709765338022E-004
   9.69501466275660       6.716950988488423E-004
   9.71260997067449       6.719473005638835E-004
   9.73020527859238       6.790433875705182E-004
   9.74780058651026       6.792228799953056E-004
   9.76539589442815       6.861453359835146E-004
   9.78299120234604       6.860650661241690E-004
   9.80058651026393       6.925947678285018E-004
   9.81818181818182       6.920624097603610E-004
   9.83577712609971       6.981897669895663E-004
   9.85337243401760       6.974330392472707E-004
   9.87096774193548       7.034413041757940E-004
   9.88856304985337       7.026673819777055E-004
   9.90615835777126       7.086803304849640E-004
   9.92375366568915       7.079394238154968E-004
   9.94134897360704       7.139352859681224E-004
   9.95894428152493       7.131371803256424E-004
   9.97653958944282       7.189551500578593E-004
   9.99413489736071       7.178689404013417E-004
   10.0117302052786       7.232109467878175E-004
   10.0293255131965       7.216086677448086E-004
   10.0469208211144       7.265323948386386E-004
   10.0645161290323       7.247265119865058E-004
   10.0821114369501       7.295846232452534E-004
   10.0997067448680       7.278726552061922E-004
   10.1173020527859       7.328959330439442E-004
   10.1348973607038       7.314375028489116E-004
   10.1524926686217       7.367047540838290E-004
   10.1700879765396       7.354897757752898E-004
   10.1876832844575       7.408851334128760E-004
   10.2052785923754       7.396613717896637E-004
   10.2228739002933       7.447994415221020E-004
   10.2404692082111       7.432558298209546E-004
   10.2580645161290       7.481309366608681E-004
   10.2756598240469       7.464974534552261E-004
   10.2932551319648       7.513929752547308E-004
   10.3108504398827       7.499449489141979E-004
   10.3284457478006       7.551033451286681E-004
   10.3460410557185       7.540325058943041E-004
   10.3636363636364       7.595745682437804E-004
   10.3812316715543       7.589080779179531E-004
   10.3988269794721       7.647283470601371E-004
   10.4164222873900       7.641578379820475E-004
   10.4340175953079       7.697959945773010E-004
   10.4516129032258       7.690216368208294E-004
   10.4692082111437       7.744988186422216E-004
   10.4868035190616       7.737244452958947E-004
   10.5043988269795       7.792997085032375E-004
   10.5219941348974       7.787943907571706E-004
   10.5395894428153       7.847115187447728E-004
   10.5571847507331       7.846661869466009E-004
   10.5747800586510       7.910228385959692E-004
   10.5923753665689       7.913936403596749E-004
   10.6099706744868       7.978724861368276E-004
   10.6275659824047       7.978914110732232E-004
   10.6451612903226       8.034841688937300E-004
   10.6627565982405       8.024412476008520E-004
   10.6803519061584       8.068922642126577E-004
   10.6979472140762       8.048091902659266E-004
   10.7155425219941       8.082983968575137E-004
   10.7331378299120       8.054633267141999E-004
   10.7507331378299       8.083415420201285E-004
   10.7683284457478       8.051285881493127E-004
   10.7859237536657       8.077380543681744E-004
   10.8035190615836       8.043569959134240E-004
   10.8211143695015       8.064481928839128E-004
   10.8387096774194       8.018539358829339E-004
   10.8563049853372       8.020005075650813E-004
   10.8739002932551       7.951348350829415E-004
   10.8914956011730       7.927871089723818E-004
   10.9090909090909       7.834761988659352E-004
   10.9266862170088       7.787792349173272E-004
   10.9442815249267       7.674589066976534E-004
   10.9618768328446       7.611258303374788E-004
   10.9794721407625       7.487878963285516E-004
   10.9970674486804       7.421013922628925E-004
   11.0146627565982       7.303043249551761E-004
   11.0322580645161       7.245802293196444E-004
   11.0498533724340       7.136332703380210E-004
   11.0674486803519       7.083369314102941E-004
   11.0850439882698       6.975551981288736E-004
   11.1026392961877       6.921323906449214E-004
   11.1202346041056       6.811416195008301E-004
   11.1378299120235       6.754333787309860E-004
   11.1554252199413       6.643314393848135E-004
   11.1730205278592       6.587481797900644E-004
   11.1906158357771       6.483421744311495E-004
   11.2082111436950       6.442956851990289E-004
   11.2258064516129       6.366859436681699E-004
   11.2434017595308       6.361186793414706E-004
   11.2609970674487       6.320182520812616E-004
   11.2785923753666       6.345191435821279E-004
   11.2961876832845       6.330158931099637E-004
   11.3137829912023       6.374209046578741E-004
   11.3313782991202       6.371903404140428E-004
   11.3489736070381       6.420785709840779E-004
   11.3665689149560       6.416534545246069E-004
   11.3841642228739       6.455589620939204E-004
   11.4017595307918       6.435402851286351E-004
   11.4193548387097       6.453165235564872E-004
   11.4369501466276       6.411197855648491E-004
   11.4545454545455       6.406672250445570E-004
   11.4721407624633       6.342354357040267E-004
   11.4897360703812       6.313702262485757E-004
   11.5073313782991       6.224715789878712E-004
   11.5249266862170       6.169753242635426E-004
   11.5425219941349       6.054697533421999E-004
   11.5601173020528       5.973457140320072E-004
   11.5777126099707       5.834878730881945E-004
   11.5953079178886       5.733990396433926E-004
   11.6129032258065       5.587472081702471E-004
   11.6304985337243       5.498821127796059E-004
   11.6480938416422       5.385725615294964E-004
   11.6656891495601       5.341724400620438E-004
   11.6832844574780       5.279583818375810E-004
   11.7008797653959       5.287194338637673E-004
   11.7184750733138       5.275169497785547E-004
   11.7360703812317       5.326802607038341E-004
   11.7536656891496       5.351159970000854E-004
   11.7712609970675       5.427198894382057E-004
   11.7888563049853       5.462505787643362E-004
   11.8064516129032       5.531526578672517E-004
   11.8240469208211       5.549178451616486E-004
   11.8416422287390       5.608462943894085E-004
   11.8592375366569       5.638839780174288E-004
   11.8768328445748       5.731134037360260E-004
   11.8944281524927       5.813921266291269E-004
   11.9120234604106       5.973727324536274E-004
   11.9296187683284       6.137440599929711E-004
   11.9472140762463       6.386193601265619E-004
   11.9648093841642       6.643844566421412E-004
   11.9824046920821       6.983802345720134E-004
   12.0000000000000       7.322666952862758E-004
   12.0175953079179       7.715125427003072E-004
   12.0351906158358       8.066383034766015E-004
   12.0527859237537       8.441998295160479E-004
   12.0703812316716       8.765207087947206E-004
   12.0879765395894       9.107999877770778E-004
   12.1055718475073       9.400504097168581E-004
   12.1231671554252       9.716705599208566E-004
   12.1407624633431       9.991014783830804E-004
   12.1583577712610       1.029761788156764E-003
   12.1759530791789       1.057334350262481E-003
   12.1935483870968       1.089048101040206E-003
   12.2111436950147       1.118229015814349E-003
   12.2287390029326       1.149956124916405E-003
   12.2463343108504       1.176090188508723E-003
   12.2639296187683       1.201969569082421E-003
   12.2815249266862       1.220592564043301E-003
   12.2991202346041       1.237866428127925E-003
   12.3167155425220       1.247647811379327E-003
   12.3343108504399       1.256361122531456E-003
   12.3519061583578       1.258766381235077E-003
   12.3695014662757       1.261956048493363E-003
   12.3870967741935       1.261900275436734E-003
   12.4046920821114       1.267186209458394E-003
   12.4222873900293       1.276205684949886E-003
   12.4398826979472       1.296841520143579E-003
   12.4574780058651       1.324010844480795E-003
   12.4750733137830       1.362982251778426E-003
   12.4926686217009       1.407647371979893E-003
   12.5102639296188       1.462096049197150E-003
   12.5278592375367       1.519570486274776E-003
   12.5454545454545       1.583127923277568E-003
   12.5630498533724       1.645328125940797E-003
   12.5806451612903       1.707953521945604E-003
   12.5982404692082       1.762320129934554E-003
   12.6158357771261       1.807450726768972E-003
   12.6334310850440       1.834244399963981E-003
   12.6510263929619       1.845779739191667E-003
   12.6686217008798       1.837050523863013E-003
   12.6862170087977       1.812877649986073E-003
   12.7038123167155       1.769852591892273E-003
   12.7214076246334       1.713808333454070E-003
   12.7390029325513       1.642686116452498E-003
   12.7565982404692       1.563300670930060E-003
   12.7741935483871       1.475115064313305E-003
   12.7917888563050       1.386322169612117E-003
   12.8093841642229       1.299155577417610E-003
   12.8269794721408       1.223000436555202E-003
   12.8445747800587       1.156385465110943E-003
   12.8621700879765       1.103488542613864E-003
   12.8797653958944       1.060926534440409E-003
   12.8973607038123       1.031744878740930E-003
   12.9149560117302       1.012056863622993E-003
   12.9325513196481       1.004264606309578E-003
   12.9501466275660       1.004311324199728E-003
   12.9677419354839       1.014177577183098E-003
   12.9853372434018       1.029825493685504E-003
   13.0029325513196       1.053001612140742E-003
   13.0205278592375       1.079479628453567E-003
   13.0381231671554       1.109303320794093E-003
   13.0557184750733       1.136949592699980E-003
   13.0733137829912       1.161989123488676E-003
   13.0909090909091       1.179099743673544E-003
   13.1085043988270       1.187824416648157E-003
   13.1260997067449       1.183270075572049E-003
   13.1436950146628       1.165257682038938E-003
   13.1612903225806       1.129696832507734E-003
   13.1788856304985       1.077355906647387E-003
   13.1964809384164       1.006033118436782E-003
   13.2140762463343       9.214265473159490E-004
   13.2316715542522       8.321773425413701E-004
   13.2492668621701       7.479841379901113E-004
   13.2668621700880       6.730210449127969E-004
   13.2844574780059       6.122902844681891E-004
   13.3020527859238       5.667826531728392E-004
   13.3196480938416       5.383459604300111E-004
   13.3372434017595       5.252273096180946E-004
   13.3548387096774       5.261260008994422E-004
   13.3724340175953       5.361134050568939E-004
   13.3900293255132       5.498213327049545E-004
   13.4076246334311       5.564239547052030E-004
   13.4252199413490       5.468038226351206E-004
   13.4428152492669       5.193998092111851E-004
   13.4604105571848       4.775851786066587E-004
   13.4780058651026       4.247179077352219E-004
   13.4956011730205       3.655304127383212E-004
   13.5131964809384       3.042766369202039E-004
   13.5307917888563       2.455209155033032E-004
   13.5483870967742       1.930660510060147E-004
   13.5659824046921       1.500431648322562E-004
   13.5835777126100       1.179944785401796E-004
   13.6011730205279       9.538877821583025E-005
   13.6187683284457       7.171516395622124E-005
   13.6363636363636       3.056715239145302E-005
   13.6539589442815      -3.504247905976099E-005
   13.6715542521994      -1.298737443809144E-004
   13.6891495601173      -2.531966840939466E-004
   13.7067448680352      -4.037234721044467E-004
   13.7243401759531      -5.752523648130301E-004
   13.7419354838710      -7.613234700762192E-004
   13.7595307917889      -9.502848154717094E-004
   13.7771260997067      -1.129678319755892E-003
   13.7947214076246      -1.280545380888693E-003
   13.8123167155425      -1.379955844478378E-003
   13.8299120234604      -1.416150331510313E-003
   13.8475073313783      -1.399969696607309E-003
   13.8651026392962      -1.342937317044178E-003
   13.8826979472141      -1.262595543249680E-003
   13.9002932551320      -1.173270374572450E-003
   13.9178885630499      -1.094431535806024E-003
   13.9354838709677      -1.041132647032494E-003
   13.9530791788856      -1.033197972500734E-003
   13.9706744868035      -1.084916501424901E-003
   13.9882697947214      -1.214693029488363E-003
   14.0058651026393      -1.432004084834320E-003
   14.0234604105572      -1.730106154566051E-003
   14.0410557184751      -2.074926500263800E-003
   14.0586510263930      -2.443216550515249E-003
   14.0762463343109      -2.808484717195961E-003
   14.0938416422287      -3.153668816292194E-003
   14.1114369501466      -3.457498470044851E-003
   14.1290322580645      -3.707889637749103E-003
   14.1466275659824      -3.888450907116774E-003
   14.1642228739003      -3.992476694990899E-003
   14.1818181818182      -4.009831501104257E-003
   14.1994134897361      -3.942275075235522E-003
   14.2170087976540      -3.797618248139942E-003
   14.2346041055718      -3.604879427581856E-003
   14.2521994134897      -3.377391296833124E-003
   14.2697947214076      -3.133567787368315E-003
   14.2873900293255      -2.879630022413076E-003
   14.3049853372434      -2.629512707902172E-003
   14.3225806451613      -2.385948813594133E-003
   14.3401759530792      -2.160225155732459E-003
   14.3577712609971      -1.952583794478852E-003
   14.3753665689150      -1.772354880122711E-003
   14.3929618768328      -1.617681715631848E-003
   14.4105571847507      -1.496068831766969E-003
   14.4281524926686      -1.402977873966987E-003
   14.4457478005865      -1.343679199600269E-003
   14.4633431085044      -1.311918025782139E-003
   14.4809384164223      -1.311851559669027E-003
   14.4985337243402      -1.335608404530921E-003
   14.5161290322581      -1.385948028680371E-003
   14.5337243401760      -1.453074096783374E-003
   14.5513196480938      -1.537901073271428E-003
   14.5689149560117      -1.628021393282865E-003
   14.5865102639296      -1.721359789732311E-003
   14.6041055718475      -1.800162137848323E-003
   14.6217008797654      -1.856203274162725E-003
   14.6392961876833      -1.876019742325440E-003
   14.6568914956012      -1.865932000093067E-003
   14.6744868035191      -1.820753762984824E-003
   14.6920821114370      -1.750915357411683E-003
   14.7096774193548      -1.654180350992163E-003
   14.7272727272727      -1.543608042939703E-003
   14.7448680351906      -1.419105623280321E-003
   14.7624633431085      -1.296069983471917E-003
   14.7800586510264      -1.176603932091731E-003
   14.7976539589443      -1.078979074120047E-003
   14.8152492668622      -1.008151768514012E-003
   14.8328445747801      -9.766001169661974E-004
   14.8504398826979      -9.755637058827764E-004
   14.8680351906158      -1.011016805110097E-003
   14.8856304985337      -1.072381084823427E-003
   14.9032258064516      -1.164936241890829E-003
   14.9208211143695      -1.277365766280338E-003
   14.9384164222874      -1.414744870455172E-003
   14.9560117302053      -1.565297667186159E-003
   14.9736070381232      -1.734095504241647E-003
   14.9912023460411      -1.909040483825214E-003
   15.0087976539589      -2.095358969133921E-003
   15.0263929618768      -2.281136314245340E-003
   15.0439882697947      -2.472417241381107E-003
   15.0615835777126      -2.657279059687472E-003
   15.0791788856305      -2.841848505814949E-003
   15.0967741935484      -3.013925235521120E-003
   15.1143695014663      -3.179775294449004E-003
   15.1319648093842      -3.326956250611887E-003
   15.1495601173021      -3.461903618734153E-003
   15.1671554252199      -3.571955508983978E-003
   15.1847507331378      -3.663741043027044E-003
   15.2023460410557      -3.724410117155284E-003
   15.2199413489736      -3.762547638452679E-003
   15.2375366568915      -3.771434707752408E-003
   15.2551319648094      -3.765165274745197E-003
   15.2727272727273      -3.737514484801712E-003
   15.2903225806452      -3.702736153491002E-003
   15.3079178885631      -3.654362435430570E-003
   15.3255131964809      -3.606812904467186E-003
   15.3431085043988      -3.553366531643208E-003
   15.3607038123167      -3.508587741245766E-003
   15.3782991202346      -3.465447909596933E-003
   15.3958944281525      -3.438558575398574E-003
   15.4134897360704      -3.419719545741822E-003
   15.4310850439883      -3.418386251149371E-003
   15.4486803519062      -3.420090355914222E-003
   15.4662756598240      -3.433211914578986E-003
   15.4838709677419      -3.443688302735892E-003
   15.5014662756598      -3.460616555518360E-003
   15.5190615835777      -3.470237519571535E-003
   15.5366568914956      -3.482406580167511E-003
   15.5542521994135      -3.483794309311200E-003
   15.5718475073314      -3.485273909919921E-003
   15.5894428152493      -3.474384175916468E-003
   15.6070381231672      -3.464321356605396E-003
   15.6246334310850      -3.447474220213895E-003
   15.6422287390029      -3.441493399813753E-003
   15.6598240469208      -3.437264526091055E-003
   15.6774193548387      -3.449793628966758E-003
   15.6950146627566      -3.468035426891787E-003
   15.7126099706745      -3.505665881456119E-003
   15.7302052785924      -3.550080305710264E-003
   15.7478005865103      -3.613717702084616E-003
   15.7653958944282      -3.682257085454537E-003
   15.7829912023460      -3.766410070957835E-003
   15.8005865102639      -3.848975241223655E-003
   15.8181818181818      -3.935105627381208E-003
   15.8357771260997      -4.001011673079096E-003
   15.8533724340176      -4.053514555394290E-003
   15.8709677419355      -4.073407571253410E-003
   15.8885630498534      -4.070551521958570E-003
   15.9061583577713      -4.027761716919437E-003
   15.9237536656892      -3.956953110246620E-003
   15.9413489736070      -3.842615745754765E-003
   15.9589442815249      -3.698757173201147E-003
   15.9765395894428      -3.511986417001064E-003
   15.9941348973607      -3.299346973002432E-003
   16.0117302052786      -3.053239012143807E-003
   16.0293255131965      -2.802856222578611E-003
   16.0469208211144      -2.546411452548905E-003
   16.0645161290323      -2.309106633136485E-003
   16.0821114369501      -2.084186346018461E-003
   16.0997067448680      -1.894048878104844E-003
   16.1173020527859      -1.729100747865685E-003
   16.1348973607038      -1.609542529229462E-003
   16.1524926686217      -1.523047545293438E-003
   16.1700879765396      -1.487246513820537E-003
   16.1876832844575      -1.486126404167647E-003
   16.2052785923754      -1.531797645351324E-003
   16.2228739002933      -1.594382632390650E-003
   16.2404692082111      -1.672301842931933E-003
   16.2580645161290      -1.736850306850269E-003
   16.2756598240469      -1.794153659439430E-003
   16.2932551319648      -1.819613644579924E-003
   16.3108504398827      -1.823354820069784E-003
   16.3284457478006      -1.783687444648272E-003
   16.3460410557185      -1.714305103433980E-003
   16.3636363636364      -1.596612742686936E-003
   16.3812316715543      -1.448797787735698E-003
   16.3988269794721      -1.257472056459473E-003
   16.4164222873900      -1.052609051873285E-003
   16.4340175953079      -8.344996374472978E-004
   16.4516129032258      -6.316109008782256E-004
   16.4692082111437      -4.340675378263274E-004
   16.4868035190616      -2.646263962031149E-004
   16.5043988269795      -1.088464903457820E-004
   16.5219941348974       1.363757299994028E-005
   16.5395894428153       1.207759650208813E-004
   16.5571847507331       1.957003765481136E-004
   16.5747800586510       2.600660065435180E-004
   16.5923753665689       3.005525088306860E-004
   16.6099706744868       3.454722394481878E-004
   16.6275659824047       3.864729245873242E-004
   16.6451612903226       4.467762396630657E-004
   16.6627565982405       5.081075932661002E-004
   16.6803519061584       5.892557170990857E-004
   16.6979472140762       6.692912436312558E-004
   16.7155425219941       7.655128648467519E-004
   16.7331378299120       8.552834860594048E-004
   16.7507331378299       9.549628448261664E-004
   16.7683284457478       1.040415172070139E-003
   16.7859237536657       1.127049569654123E-003
   16.8035190615836       1.188699828374618E-003
   16.8211143695015       1.239767432226931E-003
   16.8387096774194       1.257010294328740E-003
   16.8563049853372       1.260983412900184E-003
   16.8739002932551       1.230806368295922E-003
   16.8914956011730       1.188615680417258E-003
   16.9090909090909       1.114251905949914E-003
   16.9266862170088       1.031188005247399E-003
   16.9442815249267       9.199863933268794E-004
   16.9618768328446       8.057004957797478E-004
   16.9794721407625       6.701667514410258E-004
   16.9970674486804       5.411017190425975E-004
   17.0146627565982       4.050577477288262E-004
   17.0322580645161       2.963116676085763E-004
   17.0498533724340       1.990022387933078E-004
   17.0674486803519       1.416570848389849E-004
   17.0850439882698       1.039197057029513E-004
   17.1026392961877       1.118618028582116E-004
   17.1202346041056       1.420873041828100E-004
   17.1378299120235       2.186664428661374E-004
   17.1554252199413       3.151048862982275E-004
   17.1730205278592       4.529964016051620E-004
   17.1906158357771       6.016433569013146E-004
   17.2082111436950       7.766396439513533E-004
   17.2258064516129       9.359614225717364E-004
   17.2434017595308       1.092644196187635E-003
   17.2609970674487       1.211834281205727E-003
   17.2785923753666       1.314160970504965E-003
   17.2961876832845       1.367884386583579E-003
   17.3137829912023       1.397643549608162E-003
   17.3313782991202       1.373712568538966E-003
   17.3489736070381       1.324404616651396E-003
   17.3665689149560       1.222100573721762E-003
   17.3841642228739       1.099671122131822E-003
   17.4017595307918       9.337510389147311E-004
   17.4193548387097       7.689233819068162E-004
   17.4369501466276       5.910788056998145E-004
   17.4545454545455       4.418918487938248E-004
   17.4721407624633       2.975038588510682E-004
   17.4897360703812       1.959532229366236E-004
   17.5073313782991       1.081547534210343E-004
   17.5249266862170       7.028477434032543E-005
   17.5425219941349       4.846006969981997E-005
   17.5601173020528       7.711851319895291E-005
   17.5777126099707       1.165978683391609E-004
   17.5953079178886       1.981772047399011E-004
   17.6129032258065       2.704317458803878E-004
   17.6304985337243       3.552147239970511E-004
   17.6480938416422       4.017866350479717E-004
   17.6656891495601       4.457827620511332E-004
   17.6832844574780       4.407879993148073E-004
   17.7008797653959       4.298722870730868E-004
   17.7184750733138       3.669408023976077E-004
   17.7360703812317       3.020186862049204E-004
   17.7536656891496       1.880547829790605E-004
   17.7712609970675       8.310545030818394E-005
   17.7888563049853      -6.129972340476964E-005
   17.8064516129032      -1.750820001785402E-004
   17.8240469208211      -3.068649760404134E-004
   17.8416422287390      -3.808571263335754E-004
   17.8592375366569      -4.658444371386537E-004
   17.8768328445748      -4.801987691271352E-004
   17.8944281524927      -5.102160900162359E-004
   17.9120234604106      -4.577101638554153E-004
   17.9296187683284      -4.354987767403802E-004
   17.9472140762463      -3.132116443558797E-004
   17.9648093841642      -2.572561598646311E-004
   17.9824046920821      -6.018266727280519E-005
   18.0000000000000      -9.886587770054690E-005
