  0.000000000000000E+000  5.511119499861770E-003
  1.759530791788856E-002  3.329070859857312E-003
  3.519061583577713E-002  3.344943156212844E-003
  5.278592375366570E-002  2.622303557981103E-003
  7.038123167155426E-002  2.633608585027243E-003
  8.797653958944282E-002  2.203158021676654E-003
  0.105571847507331       2.213449876316982E-003
  0.123167155425220       1.909071279257897E-003
  0.140762463343109       1.919583866858235E-003
  0.158357771260997       1.685997739697357E-003
  0.175953079178886       1.697271245224473E-003
  0.193548387096774       1.509344780872813E-003
  0.211143695014663       1.521620968626222E-003
  0.228739002932551       1.365712129735901E-003
  0.246334310850440       1.378906318747095E-003
  0.263929618768328       1.246573701113034E-003
  0.281524926686217       1.260461206308450E-003
  0.299120234604106       1.146145360470950E-003
  0.316715542521994       1.160499089685693E-003
  0.334310850439883       1.060321344980345E-003
  0.351906158357771       1.074911402595931E-003
  0.369501466275660       9.860323539998257E-004
  0.387096774193548       1.000623051254538E-003
  0.404692082111437       9.208701280534476E-004
  0.422287390029326       9.352344136204750E-004
  0.439882697947214       8.630539732007197E-004
  0.457478005865103       8.773266615995239E-004
  0.475073313782991       8.118579286293657E-004
  0.492668621700880       8.263698036874758E-004
  0.510263929618768       7.670748459843623E-004
  0.527859237536657       7.822264190892108E-004
  0.545454545454546       7.288136557694814E-004
  0.563049853372434       7.450844824586485E-004
  0.580645161290323       6.974899135901883E-004
  0.598240469208211       7.154861022666149E-004
  0.615835777126100       6.739102336415071E-004
  0.633431085043988       6.941627176946790E-004
  0.651026392961877       6.581129076039506E-004
  0.668621700879765       6.799465939205058E-004
  0.686217008797654       6.481319818969857E-004
  0.703812316715543       6.704879627556637E-004
  0.721407624633431       6.414546871178801E-004
  0.739002932551320       6.630891349170273E-004
  0.756598240469208       6.352442723664664E-004
  0.774193548387097       6.547189834331444E-004
  0.791788856304985       6.262752896222279E-004
  0.809384164222874       6.418471538798905E-004
  0.826979472140763       6.110215834127676E-004
  0.844574780058651       6.221927958566243E-004
  0.862170087976540       5.897341189930093E-004
  0.879765395894428       5.981674254014310E-004
  0.897360703812317       5.658159829263134E-004
  0.914956011730205       5.735490026965246E-004
  0.932551319648094       5.433354995098601E-004
  0.950146627565982       5.526533167976179E-004
  0.967741935483871       5.268682498431982E-004
  0.985337243401760       5.403229868804942E-004
   1.00293255131965       5.216024506260509E-004
   1.02052785923754       5.419057657503269E-004
   1.03812316715543       5.316405520845486E-004
   1.05571847507331       5.580662957048978E-004
   1.07331378299120       5.540118964036329E-004
   1.09090909090909       5.840166658215658E-004
   1.10850439882698       5.833954410173659E-004
   1.12609970674487       6.141565309740358E-004
   1.14369501466276       6.139660132222072E-004
   1.16129032258065       6.424470628286294E-004
   1.17888563049853       6.394740055590654E-004
   1.19648093841642       6.623950943870326E-004
   1.21407624633431       6.532160014566131E-004
   1.23167155425220       6.680592345365460E-004
   1.24926686217009       6.522817974345043E-004
   1.26686217008798       6.605565614057523E-004
   1.28445747800587       6.402416848159277E-004
   1.30205278592375       6.441788150139688E-004
   1.31964809384164       6.215900938183645E-004
   1.33724340175953       6.235623080478520E-004
   1.35483870967742       6.010848012568385E-004
   1.37243401759531       6.035709508508896E-004
   1.39002932551320       5.836956886473533E-004
   1.40762463343109       5.892739248809593E-004
   1.42521994134897       5.741756730905150E-004
   1.44281524926686       5.837649369856231E-004
   1.46041055718475       5.728779059453285E-004
   1.47800586510264       5.853599332407692E-004
   1.49560117302053       5.774967808645614E-004
   1.51319648093842       5.917233857476198E-004
   1.53079178885631       5.857217514336672E-004
   1.54838709677419       6.005834469341401E-004
   1.56598240469208       5.953389412780743E-004
   1.58357771260997       6.098064932763014E-004
   1.60117302052786       6.043411723957082E-004
   1.61876832844575       6.176926108655986E-004
   1.63636363636364       6.118442992090993E-004
   1.65395894428153       6.245493015986967E-004
   1.67155425219941       6.188975635557180E-004
   1.68914956011730       6.314118904682708E-004
   1.70674486803519       6.262565666404341E-004
   1.72434017595308       6.387858009628510E-004
   1.74193548387097       6.342012288850357E-004
   1.75953079178886       6.467234611130608E-004
   1.77712609970675       6.425345451003761E-004
   1.79472140762463       6.547254319959372E-004
   1.81231671554252       6.503011246897559E-004
   1.82991202346041       6.610376579836725E-004
   1.84750733137830       6.548577242025951E-004
   1.86510263929619       6.627590217165409E-004
   1.88269794721408       6.537674971557195E-004
   1.90029325513196       6.580427656867825E-004
   1.91788856304985       6.456132920788230E-004
   1.93548387096774       6.458097809009928E-004
   1.95307917888563       6.296281367544884E-004
   1.97067448680352       6.256080481166667E-004
   1.98826979472141       6.057104967786503E-004
   2.00586510263930       5.977972240044141E-004
   2.02346041055718       5.750793961154439E-004
   2.04105571847507       5.650314716533926E-004
   2.05865102639296       5.416653634809210E-004
   2.07624633431085       5.314605237974428E-004
   2.09384164222874       5.091019285772927E-004
   2.11143695014663       5.001978527280568E-004
   2.12903225806452       4.801164880543690E-004
   2.14662756598241       4.736310481779429E-004
   2.16422287390029       4.567680998949621E-004
   2.18181818181818       4.534666181625881E-004
   2.19941348973607       4.403390960348933E-004
   2.21700879765396       4.402782276860223E-004
   2.23460410557185       4.299698241823964E-004
   2.25219941348974       4.313574482078249E-004
   2.26979472140762       4.219749786636361E-004
   2.28739002932551       4.232334528824580E-004
   2.30498533724340       4.134316847805154E-004
   2.32258064516129       4.134090927824805E-004
   2.34017595307918       4.021888325336832E-004
   2.35777126099707       4.000507329003766E-004
   2.37536656891496       3.867346743547401E-004
   2.39296187683284       3.820039085717880E-004
   2.41055718475073       3.664112716668963E-004
   2.42815249266862       3.595890530560978E-004
   2.44574780058651       3.430537151372295E-004
   2.46334310850440       3.357996404282132E-004
   2.48093841642229       3.197792880477638E-004
   2.49853372434018       3.133306174466460E-004
   2.51612903225806       2.989035878764935E-004
   2.53372434017595       2.942195287605269E-004
   2.55131964809384       2.822237671039162E-004
   2.56891495601173       2.800354269956757E-004
   2.58651026392962       2.710716063407233E-004
   2.60410557184751       2.718238522651649E-004
   2.62170087976540       2.659289717978943E-004
   2.63929618768328       2.688366096311313E-004
   2.65689149560117       2.644727076951776E-004
   2.67448680351906       2.678566283736103E-004
   2.69208211143695       2.634664135462788E-004
   2.70967741935484       2.658673781847580E-004
   2.72727272727273       2.600543907959811E-004
   2.74486803519062       2.601366278461627E-004
   2.76246334310850       2.516077979114337E-004
   2.78005865102639       2.481286617245072E-004
   2.79765395894428       2.356809194375063E-004
   2.81524926686217       2.275749532039300E-004
   2.83284457478006       2.108283712274653E-004
   2.85043988269795       1.989537733444065E-004
   2.86803519061584       1.795827047731074E-004
   2.88563049853372       1.657916948288479E-004
   2.90322580645161       1.456530686302287E-004
   2.92082111436950       1.318235953293375E-004
   2.93841642228739       1.128115300312678E-004
   2.95601173020528       1.008687949740911E-004
   2.97360703812317       8.493787728579633E-005
   2.99120234604106       7.688680619273394E-005
   3.00879765395894       6.609766345102718E-005
   3.02639296187683       6.368112630391623E-005
   3.04398826979472       5.858399846549838E-005
   3.06158357771261       6.101054905933344E-005
   3.07917888563050       6.021613605705610E-005
   3.09677419354839       6.598711631468610E-005
   3.11436950146628       6.792761797515785E-005
   3.13196480938416       7.542343459865715E-005
   3.14956011730205       7.842259501606576E-005
   3.16715542521994       8.591725977955244E-005
   3.18475073313783       8.818443170376011E-005
   3.20234604105572       9.381137100046779E-005
   3.21994134897361       9.349429139588794E-005
   3.23753665689150       9.597079811696567E-005
   3.25513196480938       9.281684433883961E-005
   3.27272727272727       9.256758283255993E-005
   3.29032258064516       8.717484429838362E-005
   3.30791788856305       8.486808057060456E-005
   3.32551319648094       7.795379766152870E-005
   3.34310850439883       7.435683441187602E-005
   3.36070381231672       6.672995212642699E-005
   3.37829912023460       6.270357408742200E-005
   3.39589442815249       5.527804238256518E-005
   3.41348973607038       5.180882877159419E-005
   3.43108504398827       4.550447111233815E-005
   3.44868035190616       4.317986868390370E-005
   3.46627565982405       3.821971109453189E-005
   3.48387096774194       3.710765840541710E-005
   3.50146627565982       3.350756049990926E-005
   3.51906158357771       3.359724304772470E-005
   3.53665689149560       3.132104473052487E-005
   3.55425219941349       3.256233708804306E-005
   3.57184750733138       3.154318982744888E-005
   3.58944281524927       3.386183662389560E-005
   3.60703812316716       3.401581151059602E-005
   3.62463343108504       3.732399174132753E-005
   3.64222873900293       3.853695759529231E-005
   3.65982404692082       4.268445372848150E-005
   3.67741935483871       4.477083061745484E-005
   3.69501466275660       4.955512376669541E-005
   3.71260997067449       5.229309886826602E-005
   3.73020527859238       5.747956498766127E-005
   3.74780058651026       6.061563265696260E-005
   3.76539589442815       6.593652649687225E-005
   3.78299120234604       6.918034231115198E-005
   3.80058651026393       7.432249766580815E-005
   3.81818181818182       7.732148304884116E-005
   3.83577712609971       8.191729203657993E-005
   3.85337243401760       8.434676021344383E-005
   3.87096774193548       8.814462620968394E-005
   3.88856304985337       8.979173380641539E-005
   3.90615835777126       9.260374378244866E-005
   3.92375366568915       9.329540722008344E-005
   3.94134897360704       9.496705502239480E-005
   3.95894428152493       9.456254910944957E-005
   3.97653958944282       9.497479475845615E-005
   3.99413489736070       9.337710446525993E-005
   4.01173020527859       9.248589724094717E-005
   4.02932551319648       8.980958394760916E-005
   4.04692082111437       8.797663028462886E-005
   4.06451612903226       8.470917561930646E-005
   4.08211143695015       8.240279544780058E-005
   4.09970674486804       7.895999241884907E-005
   4.11730205278592       7.655981581480260E-005
   4.13489736070381       7.328345999568631E-005
   4.15249266862170       7.109845441343248E-005
   4.17008797653959       6.825718357817811E-005
   4.18768328445748       6.651408162310506E-005
   4.20527859237537       6.426899490259366E-005
   4.22287390029326       6.298522818775237E-005
   4.24046920821114       6.110397287602112E-005
   4.25806451612903       5.987923440971739E-005
   4.27565982404692       5.796873702017769E-005
   4.29325513196481       5.647395014962160E-005
   4.31085043988270       5.424357286365819E-005
   4.32844574780059       5.222232142894217E-005
   4.34604105571848       4.944093351586556E-005
   4.36363636363636       4.669062249384761E-005
   4.38123167155425       4.318151410169311E-005
   4.39882697947214       3.956189875413387E-005
   4.41642228739003       3.525077708272819E-005
   4.43401759530792       3.084184995742303E-005
   4.45161290322581       2.596201127527956E-005
   4.46920821114370       2.102902281810632E-005
   4.48680351906158       1.579767664943022E-005
   4.50439882697947       1.051822668922878E-005
   4.52199413489736       5.076759567281493E-006
   4.53958944281525      -4.381417012414564E-007
   4.55718475073314      -6.014477085955377E-006
   4.57478005865103      -1.172607472590502E-005
   4.59237536656892      -1.744797556287916E-005
   4.60997067448680      -2.344049918159424E-005
   4.62756598240469      -2.950087134699856E-005
   4.64516129032258      -3.600131819618713E-005
   4.66275659824047      -4.253449936235515E-005
   4.68035190615836      -4.955677117163049E-005
   4.69794721407625      -5.650896856431397E-005
   4.71554252199414      -6.395306461759018E-005
   4.73313782991202      -7.119052245919978E-005
   4.75073313782991      -7.889012244812596E-005
   4.76832844574780      -8.621987988104008E-005
   4.78592375366569      -9.395164191957333E-005
   4.80351906158358      -1.011193829101895E-004
   4.82111436950147      -1.085981571988996E-004
   4.83870967741935      -1.153484425970744E-004
   4.85630498533724      -1.224131578593780E-004
   4.87390029325513      -1.286654642343401E-004
   4.89149560117302      -1.352618473372191E-004
   4.90909090909091      -1.409761219121715E-004
   4.92668621700880      -1.470721166535090E-004
   4.94428152492669      -1.522272992067690E-004
   4.96187683284458      -1.578102890475407E-004
   4.97947214076246      -1.624087135086167E-004
   4.99706744868035      -1.674983259702580E-004
   5.01466275659824      -1.715934996283723E-004
   5.03225806451613      -1.762492422656911E-004
   5.04985337243402      -1.798209468191747E-004
   5.06744868035191      -1.839013125702797E-004
   5.08504398826980      -1.867352475360198E-004
   5.10263929618768      -1.899845313652533E-004
   5.12023460410557      -1.917957565106395E-004
   5.13782991202346      -1.938996606373862E-004
   5.15542521994135      -1.943489090683333E-004
   5.17302052785924      -1.949392172910746E-004
   5.19061583577713      -1.936300542060619E-004
   5.20821114369502      -1.922729481950354E-004
   5.22580645161290      -1.888218587087976E-004
   5.24340175953079      -1.853961054705807E-004
   5.26099706744868      -1.800092771190671E-004
   5.27859237536657      -1.748687594669981E-004
   5.29618768328446      -1.679244673062391E-004
   5.31378299120235      -1.614523390226844E-004
   5.33137829912024      -1.533378508313501E-004
   5.34897360703812      -1.459197153486954E-004
   5.36656891495601      -1.370203147097939E-004
   5.38416422287390      -1.290365083921503E-004
   5.40175953079179      -1.197289945160710E-004
   5.41935483870968      -1.115207171983808E-004
   5.43695014662757      -1.020075150992973E-004
   5.45454545454546      -9.357269386893521E-005
   5.47214076246334      -8.374430822139925E-005
   5.48973607038123      -7.495480332138425E-005
   5.50733137829912      -6.467969870936433E-005
   5.52492668621701      -5.539631660732546E-005
   5.54252199413490      -4.452926205710610E-005
   5.56011730205279      -3.459651903380306E-005
   5.57771260997067      -2.297280159561561E-005
   5.59530791788856      -1.221134455415789E-005
   5.61290322580645       3.598711602803701E-007
   5.63049853372434       1.209286283636319E-005
   5.64809384164223       2.560221058206962E-005
   5.66568914956012       3.816218234879555E-005
   5.68328445747801       5.242069227506582E-005
   5.70087976539589       6.561929249747869E-005
   5.71847507331378       8.044186389325757E-005
   5.73607038123167       9.410330618832200E-005
   5.75366568914956       1.093241184245660E-004
   5.77126099706745       1.232995138654532E-004
   5.78885630498534       1.387898777832713E-004
   5.80645161290323       1.529880400202136E-004
   5.82404692082111       1.687375754965493E-004
   5.84164222873900       1.832655183932638E-004
   5.85923753665689       1.994335830215365E-004
   5.87683284457478       2.144220407819028E-004
   5.89442815249267       2.310989565358682E-004
   5.91202346041056       2.466166553966241E-004
   5.92961876832845       2.638538798651450E-004
   5.94721407624634       2.799426128109851E-004
   5.96480938416422       2.977734460910164E-004
   5.98240469208211       3.144645038274040E-004
   6.00000000000000       3.329208390348910E-004
   6.01759530791789       3.502461153469129E-004
   6.03519061583578       3.692936322969417E-004
   6.05278592375367       3.870761681623265E-004
   6.07038123167156       4.064234424565522E-004
   6.08797653958944       4.243327069575552E-004
   6.10557184750733       4.436317307939487E-004
   6.12316715542522       4.613092734644312E-004
   6.14076246334311       4.801921128523172E-004
   6.15835777126100       4.972656196000334E-004
   6.17595307917889       5.153567408901989E-004
   6.19354838709677       5.314542043823995E-004
   6.21114369501466       5.483984972485898E-004
   6.22873900293255       5.632563987787666E-004
   6.24633431085044       5.789463491482771E-004
   6.26392961876833       5.925510067497345E-004
   6.28152492668622       6.069626620749438E-004
   6.29912023460411       6.192578686403241E-004
   6.31671554252199       6.323081144229238E-004
   6.33431085043988       6.431891126154643E-004
   6.35190615835777       6.547511907669168E-004
   6.36950146627566       6.640721788234769E-004
   6.38709677419355       6.739791594454292E-004
   6.40469208211144       6.815527931846559E-004
   6.42228739002933       6.896200211659606E-004
   6.43988269794721       6.953521971076083E-004
   6.45747800586510       7.016200785790116E-004
   6.47507331378299       7.056194552016803E-004
   6.49266862170088       7.101988523823083E-004
   6.51026392961877       7.125709544289098E-004
   6.52785923753666       7.155590371324388E-004
   6.54545454545455       7.163942714992573E-004
   6.56304985337243       7.178727926946896E-004
   6.58064516129032       7.172469182352062E-004
   6.59824046920821       7.172853939766044E-004
   6.61583577712610       7.152673942474772E-004
   6.63343108504399       7.139232185844627E-004
   6.65102639296188       7.105315715720960E-004
   6.66862170087977       7.077709584408952E-004
   6.68621700879765       7.029353081204617E-004
   6.70381231671554       6.986586568251805E-004
   6.72140762463343       6.922532884407183E-004
   6.73900293255132       6.863061834773247E-004
   6.75659824046921       6.781478011326426E-004
   6.77419354838710       6.703123314560948E-004
   6.79178885630499       6.601438513345377E-004
   6.80938416422287       6.501065445331020E-004
   6.82697947214076       6.375934500187970E-004
   6.84457478005865       6.251358895397025E-004
   6.86217008797654       6.102554292120570E-004
   6.87976539589443       5.954676410769599E-004
   6.89736070381232       5.783424737314884E-004
   6.91495601173021       5.613582515310976E-004
   6.93255131964809       5.421277916169875E-004
   6.95014662756598       5.230851638428774E-004
   6.96774193548387       5.018834188529991E-004
   6.98533724340176       4.809062884951618E-004
   7.00293255131965       4.578422054315063E-004
   7.02052785923754       4.350179722084854E-004
   7.03812316715543       4.101809248019560E-004
   7.05571847507331       3.856381123604122E-004
   7.07331378299120       3.591957637416213E-004
   7.09090909090909       3.331120770065731E-004
   7.10850439882698       3.052402285246286E-004
   7.12609970674487       2.777823574793556E-004
   7.14369501466276       2.486344386907840E-004
   7.16129032258065       2.199354018486851E-004
   7.17888563049853       1.896168036648063E-004
   7.19648093841642       1.597401479614044E-004
   7.21407624633431       1.282409723748050E-004
   7.23167155425220       9.708787951919463E-005
   7.24926686217009       6.432060584121562E-005
   7.26686217008798       3.191939196640309E-005
   7.28445747800587      -1.985507120173599E-006
   7.30205278592375      -3.545152990115112E-005
   7.31964809384164      -7.027674887605422E-005
   7.33724340175953      -1.045677314448336E-004
   7.35483870967742      -1.400570532282167E-004
   7.37243401759531      -1.749087397386151E-004
   7.39002932551320      -2.107962762081345E-004
   7.40762463343109      -2.459579013203394E-004
   7.42521994134897      -2.820377187129585E-004
   7.44281524926686      -3.173486789122923E-004
   7.46041055718475      -3.534421265717490E-004
   7.47800586510264      -3.886646941739955E-004
   7.49560117302053      -4.244858617259888E-004
   7.51319648093842      -4.593028801341240E-004
   7.53079178885631      -4.945090209473791E-004
   7.54838709677419      -5.285587617384407E-004
   7.56598240469208      -5.627727207288767E-004
   7.58357771260997      -5.956693685353622E-004
   7.60117302052786      -6.285045007056576E-004
   7.61876832844575      -6.598991290759997E-004
   7.63636363636364      -6.911243066201415E-004
   7.65395894428153      -7.209066079857665E-004
   7.67155425219941      -7.504219312734864E-004
   7.68914956011730      -7.784430481958313E-004
   7.70674486803519      -8.060557282703550E-004
   7.72434017595308      -8.320867366130353E-004
   7.74193548387097      -8.575349685207607E-004
   7.75953079178886      -8.812847529995009E-004
   7.77712609970675      -9.042498081064358E-004
   7.79472140762463      -9.253755236405699E-004
   7.81231671554252      -9.455020197780048E-004
   7.82991202346041      -9.637162054043864E-004
   7.84750733137830      -9.808717217788020E-004
   7.86510263929619      -9.961427663620934E-004
   7.88269794721408      -1.010285581699750E-003
   7.90029325513197      -1.022528391807605E-003
   7.91788856304985      -1.033530965494963E-003
   7.93548387096774      -1.042575732791861E-003
   7.95307917888563      -1.050223341039764E-003
   7.97067448680352      -1.055807382795714E-003
   7.98826979472141      -1.059782406286618E-003
   8.00586510263930      -1.061518637464814E-003
   8.02346041055718      -1.061391146737130E-003
   8.04105571847507      -1.058966352593394E-003
   8.05865102639296      -1.054664880380611E-003
   8.07624633431085      -1.048159944395701E-003
   8.09384164222874      -1.039795180426588E-003
   8.11143695014663      -1.029319633175157E-003
   8.12903225806452      -1.016989659085855E-003
   8.14662756598241      -1.002622689403095E-003
   8.16422287390029      -9.863804570440023E-004
   8.18181818181818      -9.681405837191012E-004
   8.19941348973607      -9.479569289317955E-004
   8.21700879765396      -9.257541791692199E-004
   8.23460410557185      -9.015503729897633E-004
   8.25219941348974      -8.754634334722786E-004
   8.26979472140763      -8.474821696404199E-004
   8.28739002932551      -8.178158788334037E-004
   8.30498533724340      -7.863724721749965E-004
   8.32258064516129      -7.534381370098513E-004
   8.34017595307918      -7.188286512168112E-004
   8.35777126099707      -6.828978237184020E-004
   8.37536656891496      -6.453563510102206E-004
   8.39296187683285      -6.066095227007331E-004
   8.41055718475073      -5.662210947402744E-004
   8.42815249266862      -5.246112453878889E-004
   8.44574780058651      -4.813004076769944E-004
   8.46334310850440      -4.368888352527020E-004
   8.48093841642229      -3.908661069339360E-004
   8.49853372434018      -3.439411866907357E-004
   8.51612903225807      -2.955362824144981E-004
   8.53372434017595      -2.464531441933828E-004
   8.55131964809384      -1.960333380079490E-004
   8.56891495601173      -1.451595280479705E-004
   8.58651026392962      -9.307799479345444E-005
   8.60410557184751      -4.072588665323059E-005
   8.62170087976540       1.279618152975057E-005
   8.63929618768329       6.648434659502347E-005
   8.65689149560117       1.212452155015283E-004
   8.67448680351906       1.759210608709579E-004
   8.69208211143695       2.314664019939756E-004
   8.70967741935484       2.866113815123122E-004
   8.72727272727273       3.423744765073694E-004
   8.74486803519062       3.973855010584334E-004
   8.76246334310851       4.527356896812390E-004
   8.78005865102639       5.069647486275073E-004
   8.79765395894428       5.612494719501826E-004
   8.81524926686217       6.140870104083460E-004
   8.83284457478006       6.668824777886516E-004
   8.85043988269795       7.181481204120823E-004
   8.86803519061584       7.693482047170875E-004
   8.88563049853373       8.188699352606408E-004
   8.90322580645161       8.682302301380675E-004
   8.92082111436950       9.157058844899570E-004
   8.93841642228739       9.628739141715353E-004
   8.95601173020528       1.007906073110717E-003
   8.97360703812317       1.052443972549832E-003
   8.99120234604106       1.094559182902892E-003
   9.00879765395895       1.135970042562193E-003
   9.02639296187683       1.174736503363721E-003
   9.04398826979472       1.212782564461309E-003
   9.06158357771261       1.248119547375681E-003
   9.07917888563050       1.282721406648296E-003
   9.09677419354839       1.314486605555711E-003
   9.11436950146628       1.345442347961118E-003
   9.13196480938416       1.373375743253170E-003
   9.14956011730205       1.400366284769625E-003
   9.16715542521994       1.424087631468909E-003
   9.18475073313783       1.446666138946971E-003
   9.20234604105572       1.465650937715497E-003
   9.21994134897361       1.483238394048946E-003
   9.23753665689150       1.497038965739062E-003
   9.25513196480938       1.509502152350586E-003
   9.27272727272727       1.518194832028145E-003
   9.29032258064516       1.525641734871892E-003
   9.30791788856305       1.529317959405894E-003
   9.32551319648094       1.531811962056343E-003
   9.34310850439883       1.530498807676648E-003
   9.36070381231672       1.528022582212090E-003
   9.37829912023460       1.521648770266641E-003
   9.39589442815249       1.514062971794809E-003
   9.41348973607038       1.502397123421547E-003
   9.43108504398827       1.489437654557681E-003
   9.44868035190616       1.472368446515362E-003
   9.46627565982405       1.454136037450935E-003
   9.48387096774194       1.431861295353439E-003
   9.50146627565982       1.408566461080491E-003
   9.51906158357771       1.381286451888103E-003
   9.53665689149560       1.353104614584470E-003
   9.55425219941349       1.320958087577455E-003
   9.57184750733138       1.287975955806439E-003
   9.58944281524927       1.250979359062317E-003
   9.60703812316716       1.213100365324210E-003
   9.62463343108504       1.171031797618814E-003
   9.64222873900293       1.128087295835085E-003
   9.65982404692082       1.081058242747696E-003
   9.67741935483871       1.033404730614377E-003
   9.69501466275660       9.818712492301598E-004
   9.71260997067449       9.300048793361744E-004
   9.73020527859238       8.744817025683054E-004
   9.74780058651026       8.189161764504176E-004
   9.76539589442815       7.599005001257105E-004
   9.78299120234604       7.010945969911881E-004
   9.80058651026393       6.389749220087834E-004
   9.81818181818182       5.771749364737132E-004
   9.83577712609971       5.120489704439758E-004
   9.85337243401760       4.474044562866491E-004
   9.87096774193548       3.796372325162381E-004
   9.88856304985337       3.126746223504467E-004
   9.90615835777126       2.428788160407615E-004
   9.92375366568915       1.742650745139948E-004
   9.94134897360704       1.031416267263363E-004
   9.95894428152493       3.359377524545681E-005
   9.97653958944282      -3.814357527495607E-005
   9.99413489736071      -1.079414472899438E-004
   10.0117302052786      -1.797053274025453E-004
   10.0293255131965      -2.493931657640389E-004
   10.0469208211144      -3.210103920535777E-004
   10.0645161290323      -3.903473682863121E-004
   10.0821114369501      -4.613801199733858E-004
   10.0997067448680      -5.297791519200037E-004
   10.1173020527859      -5.995347120665875E-004
   10.1348973607038      -6.662188434528951E-004
   10.1524926686217      -7.338499232703202E-004
   10.1700879765396      -7.979158287402073E-004
   10.1876832844575      -8.624760752433180E-004
   10.2052785923754      -9.229624681191916E-004
   10.2228739002933      -9.836066275284430E-004
   10.2404692082111      -1.039999247481460E-003
   10.2580645161290      -1.096492165183400E-003
   10.2756598240469      -1.148548225083215E-003
   10.2932551319648      -1.200514142264054E-003
   10.3108504398827      -1.247745102011100E-003
   10.3284457478006      -1.294592538467216E-003
   10.3460410557185      -1.336312460417201E-003
   10.3636363636364      -1.377263440202488E-003
   10.3812316715543      -1.412606628909323E-003
   10.3988269794721      -1.446708415503470E-003
   10.4164222873900      -1.474685144265749E-003
   10.4340175953079      -1.501175208130672E-003
   10.4516129032258      -1.521482053461436E-003
   10.4692082111437      -1.540303702471298E-003
   10.4868035190616      -1.552843107127723E-003
   10.5043988269795      -1.563788744577401E-003
   10.5219941348974      -1.568240430556075E-003
   10.5395894428153      -1.570868340468956E-003
   10.5571847507331      -1.566660874012326E-003
   10.5747800586510      -1.560252285188119E-003
   10.5923753665689      -1.546497549283608E-003
   10.6099706744868      -1.529946940882385E-003
   10.6275659824047      -1.505542998221948E-003
   10.6451612903226      -1.478370043004069E-003
   10.6627565982405      -1.443661929996482E-003
   10.6803519061584      -1.406579976802170E-003
   10.6979472140762      -1.362305924133627E-003
   10.7155425219941      -1.316003953892715E-003
   10.7331378299120      -1.262769873095241E-003
   10.7507331378299      -1.207733662348618E-003
   10.7683284457478      -1.145866686506462E-003
   10.7859237536657      -1.082205629690830E-003
   10.8035190615836      -1.011482520944089E-003
   10.8211143695015      -9.385434959559338E-004
   10.8387096774194      -8.583942554321896E-004
   10.8563049853372      -7.765962276057706E-004
   10.8739002932551      -6.884661666672785E-004
   10.8914956011730      -5.997214643840700E-004
   10.9090909090909      -5.057356218860308E-004
   10.9266862170088      -4.122977168237011E-004
   10.9442815249267      -3.147772098370357E-004
   10.9618768328446      -2.189837223955631E-004
   10.9794721407625      -1.202216313403277E-004
   10.9970674486804      -2.423479934874384E-005
   11.0146627565982       7.399475435332649E-005
   11.0322580645161       1.692903323247889E-004
   11.0498533724340       2.668526177009885E-004
   11.0674486803519       3.611848969145696E-004
   11.0850439882698       4.572528394829530E-004
   11.1026392961877       5.493656628602286E-004
   11.1202346041056       6.423610852866745E-004
   11.1378299120235       7.304081414807273E-004
   11.1554252199413       8.182475378969084E-004
   11.1730205278592       8.999356994150537E-004
   11.1906158357771       9.801357439444100E-004
   11.2082111436950       1.052847131441007E-003
   11.2258064516129       1.123284955911507E-003
   11.2434017595308       1.186526928618385E-003
   11.2609970674487       1.248285261091172E-003
   11.2785923753666       1.303514977394575E-003
   11.2961876832845       1.357804122404459E-003
   11.3137829912023       1.405974044424593E-003
   11.3313782991202       1.453485307535308E-003
   11.3489736070381       1.495018462390888E-003
   11.3665689149560       1.535886386337113E-003
   11.3841642228739       1.570598341458484E-003
   11.4017595307918       1.604249671687372E-003
   11.4193548387097       1.631069930339300E-003
   11.4369501466276       1.656100770197603E-003
   11.4545454545455       1.673838837346974E-003
   11.4721407624633       1.689454537403349E-003
   11.4897360703812       1.697440642058889E-003
   11.5073313782991       1.702906485925645E-003
   11.5249266862170       1.700268173239631E-003
   11.5425219941349       1.694506309317614E-003
   11.5601173020528       1.679900360943255E-003
   11.5777126099707       1.661209083338011E-003
   11.5953079178886       1.632449521664352E-003
   11.6129032258065       1.597920344718149E-003
   11.6304985337243       1.552161358560854E-003
   11.6480938416422       1.501205701116836E-003
   11.6656891495601       1.440752265124871E-003
   11.6832844574780       1.377125851757880E-003
   11.7008797653959       1.306184625094188E-003
   11.7184750733138       1.234293003664384E-003
   11.7360703812317       1.157334679386625E-003
   11.7536656891496       1.081588512028075E-003
   11.7712609970675       1.002821497739131E-003
   11.7888563049853       9.270290251244720E-004
   11.8064516129032       8.493851643137707E-004
   11.8240469208211       7.743780065471253E-004
   11.8416422287390       6.962135340942811E-004
   11.8592375366569       6.201696298975865E-004
   11.8768328445748       5.416245590066002E-004
   11.8944281524927       4.665139190770146E-004
   11.9120234604106       3.908557733417194E-004
   11.9296187683284       3.210686053249199E-004
   11.9472140762463       2.537268286808721E-004
   11.9648093841642       1.957170467248828E-004
   11.9824046920821       1.442240159850050E-004
   12.0000000000000       1.067615468038450E-004
   12.0175953079179       8.099356909998953E-005
   12.0351906158358       7.216806525527596E-005
   12.0527859237537       7.461406256282111E-005
   12.0703812316716       9.242464712447934E-005
   12.0879765395894       1.198811994615750E-004
   12.1055718475073       1.610684530452228E-004
   12.1231671554252       2.104591135209270E-004
   12.1407624633431       2.723021919900803E-004
   12.1583577712610       3.414203734861236E-004
   12.1759530791789       4.224437654681455E-004
   12.1935483870968       5.108483033251370E-004
   12.2111436950147       6.124211241854232E-004
   12.2287390029326       7.234923200669358E-004
   12.2463343108504       8.480981633590337E-004
   12.2639296187683       9.803089083071813E-004
   12.2815249266862       1.122941818854361E-003
   12.2991202346041       1.269473052196051E-003
   12.3167155425220       1.422130731830620E-003
   12.3343108504399       1.574031148453097E-003
   12.3519061583578       1.726950737887857E-003
   12.3695014662757       1.873722034232756E-003
   12.3870967741935       2.015694904948323E-003
   12.4046920821114       2.145379777186841E-003
   12.4222873900293       2.265516653394532E-003
   12.4398826979472       2.374093333645184E-003
   12.4574780058651       2.478062782225473E-003
   12.4750733137830       2.576063240144476E-003
   12.4926686217009       2.674990311992800E-003
   12.5102639296188       2.773566843370900E-003
   12.5278592375367       2.878585349013577E-003
   12.5454545454545       2.988837678550761E-003
   12.5630498533724       3.111010933648656E-003
   12.5806451612903       3.243982090609547E-003
   12.5982404692082       3.394362253467633E-003
   12.6158357771261       3.560308808648913E-003
   12.6334310850440       3.742643867376492E-003
   12.6510263929619       3.932967725805013E-003
   12.6686217008798       4.130169130182198E-003
   12.6862170087977       4.325826673981340E-003
   12.7038123167155       4.518649513736853E-003
   12.7214076246334       4.700260503830459E-003
   12.7390029325513       4.869236896911203E-003
   12.7565982404692       5.017301240014142E-003
   12.7741935483871       5.142975868273021E-003
   12.7917888563050       5.238201318403935E-003
   12.8093841642229       5.301973788141297E-003
   12.8269794721408       5.331113644853100E-003
   12.8445747800587       5.331930260888638E-003
   12.8621700879765       5.304198418131916E-003
   12.8797653958944       5.253541092589737E-003
   12.8973607038123       5.179383721862493E-003
   12.9149560117302       5.086832662649018E-003
   12.9325513196481       4.975077815620891E-003
   12.9501466275660       4.848789350159160E-003
   12.9677419354839       4.706991911378863E-003
   12.9853372434018       4.554011447476401E-003
   13.0029325513196       4.388918277447205E-003
   13.0205278592375       4.216441173354647E-003
   13.0381231671554       4.036442622544506E-003
   13.0557184750733       3.852824602251316E-003
   13.0733137829912       3.664176527357882E-003
   13.0909090909091       3.473096457723203E-003
   13.1085043988270       3.277081851237791E-003
   13.1260997067449       3.077336886179288E-003
   13.1436950146628       2.869988941028084E-003
   13.1612903225806       2.654408360582047E-003
   13.1788856304985       2.424518758475678E-003
   13.1964809384164       2.176461496440220E-003
   13.2140762463343       1.898704444470961E-003
   13.2316715542522       1.587775789506051E-003
   13.2492668621701       1.244930645374251E-003
   13.2668621700880       8.770246323069950E-004
   13.2844574780059       4.897805653875308E-004
   13.3020527859238       9.258940879170463E-005
   13.3196480938416      -3.066747238028777E-004
   13.3372434017595      -6.971582057328683E-004
   13.3548387096774      -1.069545529089840E-003
   13.3724340175953      -1.412136786932763E-003
   13.3900293255132      -1.714785473486083E-003
   13.4076246334311      -1.966440065367905E-003
   13.4252199413490      -2.166540944456617E-003
   13.4428152492669      -2.320957339507655E-003
   13.4604105571848      -2.434898184168636E-003
   13.4780058651026      -2.511060651028221E-003
   13.4956011730205      -2.551519510666486E-003
   13.5131964809384      -2.556205541262190E-003
   13.5307917888563      -2.524103825202355E-003
   13.5483870967742      -2.452074502026255E-003
   13.5659824046921      -2.335342783518712E-003
   13.5835777126100      -2.166389248446161E-003
   13.6011730205279      -1.933909092735153E-003
   13.6187683284457      -1.623560791437526E-003
   13.6363636363636      -1.235361646330155E-003
   13.6539589442815      -7.808529577329924E-004
   13.6715542521994      -2.722629424423451E-004
   13.6891495601173       2.745519565100225E-004
   13.7067448680352       8.449788397450742E-004
   13.7243401759531       1.421515370263391E-003
   13.7419354838710       1.988983743129021E-003
   13.7595307917889       2.529605229431672E-003
   13.7771260997067       3.029385645217408E-003
   13.7947214076246       3.472516926231164E-003
   13.8123167155425       3.854482970133374E-003
   13.8299120234604       4.191851939390089E-003
   13.8475073313783       4.508450430227128E-003
   13.8651026392962       4.818553172049816E-003
   13.8826979472141       5.135885887016457E-003
   13.9002932551320       5.466794726422565E-003
   13.9178885630499       5.818065129073329E-003
   13.9354838709677       6.188686492796070E-003
   13.9530791788856       6.578012151491544E-003
   13.9706744868035       6.975904897091777E-003
   13.9882697947214       7.370871835284615E-003
   14.0058651026393       7.733898647927779E-003
   14.0234604105572       8.026525564514534E-003
   14.0410557184751       8.218784149067246E-003
   14.0586510263930       8.305260951019987E-003
   14.0762463343109       8.280026809033308E-003
   14.0938416422287       8.150146326551077E-003
   14.1114369501466       7.919533496340742E-003
   14.1290322580645       7.603547382192198E-003
   14.1466275659824       7.213741011058785E-003
   14.1642228739003       6.773219000357580E-003
   14.1818181818182       6.301929828289201E-003
   14.1994134897361       5.833641060349126E-003
   14.2170087976540       5.402194177243370E-003
   14.2346041055718       5.034599746218257E-003
   14.2521994134897       4.732261809334312E-003
   14.2697947214076       4.502894388184127E-003
   14.2873900293255       4.340804329083954E-003
   14.3049853372434       4.249590329424237E-003
   14.3225806451613       4.220366119000107E-003
   14.3401759530792       4.254579370247724E-003
   14.3577712609971       4.341195905656704E-003
   14.3753665689150       4.480242247055886E-003
   14.3929618768328       4.658923496386596E-003
   14.4105571847507       4.875946160490917E-003
   14.4281524926686       5.116883460264542E-003
   14.4457478005865       5.380475741995080E-003
   14.4633431085044       5.652181136260320E-003
   14.4809384164223       5.930825625587848E-003
   14.4985337243402       6.201181354214551E-003
   14.5161290322581       6.461993405701236E-003
   14.5337243401760       6.697321236749382E-003
   14.5513196480938       6.905852547039210E-003
   14.5689149560117       7.070964654283090E-003
   14.5865102639296       7.191368319844622E-003
   14.6041055718475       7.249975497956800E-003
   14.6217008797654       7.252411056219797E-003
   14.6392961876833       7.200452160126488E-003
   14.6568914956012       7.113547233438339E-003
   14.6744868035191       6.993487147838339E-003
   14.6920821114370       6.859092237099966E-003
   14.7096774193548       6.710776154510770E-003
   14.7272727272727       6.566684851996639E-003
   14.7448680351906       6.425653593568360E-003
   14.7624633431085       6.304852980271081E-003
   14.7800586510264       6.200929102858075E-003
   14.7976539589443       6.129033668838718E-003
   14.8152492668622       6.079217585023551E-003
   14.8328445747801       6.053050094054001E-003
   14.8504398826979       6.032067417383803E-003
   14.8680351906158       6.020565557588253E-003
   14.8856304985337       6.002555419425963E-003
   14.9032258064516       5.984623233951623E-003
   14.9208211143695       5.951789931533203E-003
   14.9384164222874       5.912272411408400E-003
   14.9560117302053       5.851718641104646E-003
   14.9736070381232       5.779752183168814E-003
   14.9912023460411       5.682526887465014E-003
   15.0087976539589       5.571140551428651E-003
   15.0263929618768       5.432437340341057E-003
   15.0439882697947       5.278598137725977E-003
   15.0615835777126       5.096203886611104E-003
   15.0791788856305       4.898218799172257E-003
   15.0967741935484       4.671273789162532E-003
   15.1143695014663       4.429378167274955E-003
   15.1319648093842       4.159367798356457E-003
   15.1495601173021       3.876518764582464E-003
   15.1671554252199       3.568146359206002E-003
   15.1847507331378       3.251287305856628E-003
   15.2023460410557       2.914772019207484E-003
   15.2199413489736       2.580355865717432E-003
   15.2375366568915       2.240155324502662E-003
   15.2551319648094       1.914502992040978E-003
   15.2727272727273       1.591547926515057E-003
   15.2903225806452       1.290202080966884E-003
   15.3079178885631       9.965390760895225E-004
   15.3255131964809       7.287139488871906E-004
   15.3431085043988       4.709834731365785E-004
   15.3607038123167       2.407637077626440E-004
   15.3782991202346       2.022468601571337E-005
   15.3958944281525      -1.745492449022833E-004
   15.4134897360704      -3.656262585959480E-004
   15.4310850439883      -5.406615792500486E-004
   15.4486803519062      -7.211770323539526E-004
   15.4662756598240      -8.902043116206308E-004
   15.4838709677419      -1.067312596957786E-003
   15.5014662756598      -1.233317271379560E-003
   15.5190615835777      -1.407013334744973E-003
   15.5366568914956      -1.567371213402789E-003
   15.5542521994135      -1.732539420418091E-003
   15.5718475073314      -1.879506912509346E-003
   15.5894428152493      -2.025407576871972E-003
   15.6070381231672      -2.143964194248433E-003
   15.6246334310850      -2.251393259136258E-003
   15.6422287390029      -2.325742628810060E-003
   15.6598240469208      -2.391040582767760E-003
   15.6774193548387      -2.427913714441267E-003
   15.6950146627566      -2.462616542796384E-003
   15.7126099706745      -2.476459623702707E-003
   15.7302052785924      -2.497479700935068E-003
   15.7478005865103      -2.507474915933518E-003
   15.7653958944282      -2.536343514559651E-003
   15.7829912023460      -2.566697170806734E-003
   15.8005865102639      -2.631205123891205E-003
   15.8181818181818      -2.713944554426263E-003
   15.8357771260997      -2.842401108473651E-003
   15.8533724340176      -2.988167742406313E-003
   15.8709677419355      -3.173561395343511E-003
   15.8885630498534      -3.367008062247635E-003
   15.9061583577713      -3.589599452715305E-003
   15.9237536656892      -3.807295174249413E-003
   15.9413489736070      -4.040158570084594E-003
   15.9589442815249      -4.251500923605401E-003
   15.9765395894428      -4.459788079375818E-003
   15.9941348973607      -4.624541663223399E-003
   16.0117302052786      -4.759529778516370E-003
   16.0293255131965      -4.823625787282084E-003
   16.0469208211144      -4.845228835980436E-003
   16.0645161290323      -4.795411387779288E-003
   16.0821114369501      -4.709101344714061E-003
   16.0997067448680      -4.560062352750876E-003
   16.1173020527859      -4.387240904242409E-003
   16.1348973607038      -4.166394107833943E-003
   16.1524926686217      -3.940412743537708E-003
   16.1700879765396      -3.687473163742082E-003
   16.1876832844575      -3.455562490092916E-003
   16.2052785923754      -3.228560751954916E-003
   16.2228739002933      -3.060940892295735E-003
   16.2404692082111      -2.924050570892967E-003
   16.2580645161290      -2.852739717321228E-003
   16.2756598240469      -2.807197214900307E-003
   16.2932551319648      -2.818560422344860E-003
   16.3108504398827      -2.841921862783238E-003
   16.3284457478006      -2.906252995561277E-003
   16.3460410557185      -2.962213064656460E-003
   16.3636363636364      -3.036692956908772E-003
   16.3812316715543      -3.075308198956564E-003
   16.3988269794721      -3.101361415934761E-003
   16.4164222873900      -3.053417194848064E-003
   16.4340175953079      -2.965832969775231E-003
   16.4516129032258      -2.799543878174049E-003
   16.4692082111437      -2.602523028414152E-003
   16.4868035190616      -2.338348385569986E-003
   16.5043988269795      -2.058915317358655E-003
   16.5219941348974      -1.728274071681338E-003
   16.5395894428153      -1.401270069927040E-003
   16.5571847507331      -1.041812828537442E-003
   16.5747800586510      -7.073893530101146E-004
   16.5923753665689      -3.615220978978717E-004
   16.6099706744868      -6.390749378083061E-005
   16.6275659824047       2.317152755732961E-004
   16.6451612903226       4.799622125925267E-004
   16.6627565982405       7.363596745386927E-004
   16.6803519061584       9.538050922177013E-004
   16.6979472140762       1.189051281720010E-003
   16.7155425219941       1.392756341861647E-003
   16.7331378299120       1.622877639785516E-003
   16.7507331378299       1.827640447378308E-003
   16.7683284457478       2.066154384452977E-003
   16.7859237536657       2.283903495311422E-003
   16.8035190615836       2.540758526508482E-003
   16.8211143695015       2.776420197677468E-003
   16.8387096774194       3.045577489926349E-003
   16.8563049853372       3.281968554272289E-003
   16.8739002932551       3.542793494271340E-003
   16.8914956011730       3.759783772435500E-003
   16.9090909090909       3.992428175020862E-003
   16.9266862170088       4.169926442616284E-003
   16.9442815249267       4.353841427103072E-003
   16.9618768328446       4.470373262442166E-003
   16.9794721407625       4.582809803256717E-003
   16.9970674486804       4.613437634215827E-003
   17.0146627565982       4.626463018242250E-003
   17.0322580645161       4.547337737266846E-003
   17.0498533724340       4.456414613536230E-003
   17.0674486803519       4.283537994293165E-003
   17.0850439882698       4.114764860127371E-003
   17.1026392961877       3.878585178622799E-003
   17.1202346041056       3.666023426051025E-003
   17.1378299120235       3.403691397804268E-003
   17.1554252199413       3.187833588527219E-003
   17.1730205278592       2.943220485408654E-003
   17.1906158357771       2.772260055848894E-003
   17.2082111436950       2.599477659496188E-003
   17.2258064516129       2.528757336216740E-003
   17.2434017595308       2.463102895985401E-003
   17.2609970674487       2.495482279013456E-003
   17.2785923753666       2.519160219332179E-003
   17.2961876832845       2.629576855169987E-003
   17.3137829912023       2.712578559585269E-003
   17.3313782991202       2.867164765352157E-003
   17.3489736070381       2.971430625866301E-003
   17.3665689149560       3.128289729628273E-003
   17.3841642228739       3.206814863337005E-003
   17.4017595307918       3.312748934860652E-003
   17.4193548387097       3.305034502197189E-003
   17.4369501466276       3.308880720207321E-003
   17.4545454545455       3.195925155403562E-003
   17.4721407624633       3.108954879234441E-003
   17.4897360703812       2.914375725479344E-003
   17.5073313782991       2.767311830308180E-003
   17.5249266862170       2.526441432689376E-003
   17.5425219941349       2.359981143390507E-003
   17.5601173020528       2.117324742590211E-003
   17.5777126099707       1.981723749906441E-003
   17.5953079178886       1.792297295071990E-003
   17.6129032258065       1.750775462853703E-003
   17.6304985337243       1.671124280915861E-003
   17.6480938416422       1.748750130644204E-003
   17.6656891495601       1.765724382290637E-003
   17.6832844574780       1.934603305485654E-003
   17.7008797653959       2.013238136114329E-003
   17.7184750733138       2.237829178568385E-003
   17.7360703812317       2.337524309553231E-003
   17.7536656891496       2.578855189534207E-003
   17.7712609970675       2.655186500263141E-003
   17.7888563049853       2.872465957433583E-003
   17.8064516129032       2.877565639975188E-003
   17.8240469208211       3.036230541460019E-003
   17.8416422287390       2.949901394192687E-003
   17.8592375366569       3.071673990776289E-003
   17.8768328445748       2.914582619225530E-003
   17.8944281524927       3.047079307289045E-003
   17.9120234604106       2.841535030662684E-003
   17.9296187683284       3.063571316197004E-003
   17.9472140762463       2.832442567603443E-003
   17.9648093841642       3.336449247181627E-003
   17.9824046920821       3.104573966338998E-003
   18.0000000000000       5.103772537581154E-003
