  0.000000000000000E+000  1.417885396253535E-003
  1.759530791788856E-002 -2.494121744487831E-004
  3.519061583577713E-002 -1.136431763616111E-004
  5.278592375366570E-002 -6.206655098138339E-004
  7.038123167155426E-002 -5.174901129358815E-004
  8.797653958944282E-002 -8.003802572705170E-004
  0.105571847507331      -7.128908029326495E-004
  0.123167155425220      -9.019040684531397E-004
  0.140762463343109      -8.238412261844519E-004
  0.158357771260997      -9.616292526734075E-004
  0.175953079178886      -8.900233084689335E-004
  0.193548387096774      -9.958059979284731E-004
  0.211143695014663      -9.291272167923634E-004
  0.228739002932551      -1.013363268497214E-003
  0.246334310850440      -9.508782029870054E-004
  0.263929618768328      -1.019892168074606E-003
  0.281524926686217      -9.610794348923575E-004
  0.299120234604106      -1.018890393838034E-003
  0.316715542521994      -9.633488346756019E-004
  0.334310850439883      -1.012661859630663E-003
  0.351906158357771      -9.600624029181061E-004
  0.369501466275660      -1.002755412950600E-003
  0.387096774193548      -9.527917673994739E-004
  0.404692082111437      -9.901607874006426E-004
  0.422287390029326      -9.424301293100258E-004
  0.439882697947214      -9.751516166537999E-004
  0.457478005865103      -9.290143990691996E-004
  0.475073313782991      -9.574521018237544E-004
  0.492668621700880      -9.123932189728138E-004
  0.510263929618768      -9.368497749044461E-004
  0.527859237536657      -8.924651038160373E-004
  0.545454545454546      -9.131989070383876E-004
  0.563049853372434      -8.691882876411270E-004
  0.580645161290323      -8.864629000823458E-004
  0.598240469208211      -8.426730578671033E-004
  0.615835777126100      -8.569382202155699E-004
  0.633431085043988      -8.138847199736089E-004
  0.651026392961877      -8.265474870294935E-004
  0.668621700879765      -7.854358352091444E-004
  0.686217008797654      -7.978592897551775E-004
  0.703812316715543      -7.596186708599553E-004
  0.721407624633431      -7.728651036031594E-004
  0.739002932551320      -7.381917537901002E-004
  0.756598240469208      -7.530497602979330E-004
  0.774193548387097      -7.223701942019751E-004
  0.791788856304985      -7.392659617358968E-004
  0.809384164222874      -7.124853071863351E-004
  0.826979472140763      -7.306261936760328E-004
  0.844574780058651      -7.055851416384205E-004
  0.862170087976540      -7.224248002145039E-004
  0.879765395894428      -6.967185550571399E-004
  0.897360703812317      -7.103755035732291E-004
  0.914956011730205      -6.822912895320382E-004
  0.932551319648094      -6.914325493264635E-004
  0.950146627565982      -6.597918961761325E-004
  0.967741935483871      -6.636273295632159E-004
  0.985337243401760      -6.278850079791034E-004
   1.00293255131965      -6.264480776382364E-004
   1.02052785923754      -5.876070913398679E-004
   1.03812316715543      -5.837758453264395E-004
   1.05571847507331      -5.458023948471788E-004
   1.07331378299120      -5.433189866056603E-004
   1.09090909090909      -5.091813762472544E-004
   1.10850439882698      -5.105833754134234E-004
   1.12609970674487      -4.823432535854094E-004
   1.14369501466276      -4.893737421166736E-004
   1.16129032258065      -4.683335010935917E-004
   1.17888563049853      -4.819232709947306E-004
   1.19648093841642      -4.684371333245698E-004
   1.21407624633431      -4.880735320474964E-004
   1.23167155425220      -4.798175469904289E-004
   1.24926686217009      -5.016494966534139E-004
   1.26686217008798      -4.946991240449648E-004
   1.28445747800587      -5.156162267274895E-004
   1.30205278592375      -5.074220765070557E-004
   1.31964809384164      -5.253450517143121E-004
   1.33724340175953      -5.141615061297693E-004
   1.35483870967742      -5.277298874473665E-004
   1.37243401759531      -5.125232302783350E-004
   1.39002932551320      -5.211430010638667E-004
   1.40762463343109      -5.018723828253261E-004
   1.42521994134897      -5.066198640586477E-004
   1.44281524926686      -4.855508245968626E-004
   1.46041055718475      -4.889985065868711E-004
   1.47800586510264      -4.681153784704437E-004
   1.49560117302053      -4.717528312248083E-004
   1.51319648093842      -4.521916984466785E-004
   1.53079178885631      -4.569127334091269E-004
   1.54838709677419      -4.393088125224433E-004
   1.56598240469208      -4.455419981304870E-004
   1.58357771260997      -4.300562654919890E-004
   1.60117302052786      -4.376786581760990E-004
   1.61876832844575      -4.236961907085342E-004
   1.63636363636364      -4.316359068206046E-004
   1.65395894428153      -4.181259167793579E-004
   1.67155425219941      -4.258755507464032E-004
   1.68914956011730      -4.127095789088356E-004
   1.70674486803519      -4.203867790148978E-004
   1.72434017595308      -4.078409549378702E-004
   1.74193548387097      -4.158904925374084E-004
   1.75953079178886      -4.045418925913190E-004
   1.77712609970675      -4.137160229875930E-004
   1.79472140762463      -4.044934447850569E-004
   1.81231671554252      -4.160251389915425E-004
   1.82991202346041      -4.103663700577487E-004
   1.84750733137830      -4.253685344000777E-004
   1.86510263929619      -4.236311679324219E-004
   1.88269794721408      -4.419345757529513E-004
   1.90029325513196      -4.436588157102683E-004
   1.91788856304985      -4.646106988093905E-004
   1.93548387096774      -4.689449630434758E-004
   1.95307917888563      -4.915177436266346E-004
   1.97067448680352      -4.972164792277034E-004
   1.98826979472141      -5.199259128228277E-004
   2.00586510263930      -5.251178525609590E-004
   2.02346041055718      -5.455712665571288E-004
   2.04105571847507      -5.477117181491223E-004
   2.05865102639296      -5.640791427238029E-004
   2.07624633431085      -5.622336713154150E-004
   2.09384164222874      -5.741261120492185E-004
   2.11143695014663      -5.682408122421616E-004
   2.12903225806452      -5.759084815849418E-004
   2.14662756598241      -5.665022473010900E-004
   2.16422287390029      -5.707575815266019E-004
   2.18181818181818      -5.589579877570696E-004
   2.19941348973607      -5.613505639014391E-004
   2.21700879765396      -5.493501442008408E-004
   2.23460410557185      -5.526752011192188E-004
   2.25219941348974      -5.429430923064328E-004
   2.26979472140762      -5.486873503529742E-004
   2.28739002932551      -5.419723826668910E-004
   2.30498533724340      -5.504790739394771E-004
   2.32258064516129      -5.468051481000004E-004
   2.34017595307918      -5.578329775065661E-004
   2.35777126099707      -5.566908346165859E-004
   2.37536656891496      -5.694608667782656E-004
   2.39296187683284      -5.697459263388955E-004
   2.41055718475073      -5.826837451351380E-004
   2.42815249266862      -5.822313152049597E-004
   2.44574780058651      -5.931345883409284E-004
   2.46334310850440      -5.904417926366104E-004
   2.48093841642229      -5.985417013797242E-004
   2.49853372434018      -5.932408171622594E-004
   2.51612903225806      -5.984468136794040E-004
   2.53372434017595      -5.906746757506149E-004
   2.55131964809384      -5.933471908077761E-004
   2.56891495601173      -5.836852698601671E-004
   2.58651026392962      -5.846687757888032E-004
   2.60410557184751      -5.743146168924424E-004
   2.62170087976540      -5.753900597867107E-004
   2.63929618768328      -5.666101679094376E-004
   2.65689149560117      -5.698299680772911E-004
   2.67448680351906      -5.640048971935968E-004
   2.69208211143695      -5.702692210371271E-004
   2.70967741935484      -5.679914262258542E-004
   2.72727272727273      -5.776450554586391E-004
   2.74486803519062      -5.790235790880385E-004
   2.76246334310850      -5.919451542560470E-004
   2.78005865102639      -5.965912209591153E-004
   2.79765395894428      -6.120663507494750E-004
   2.81524926686217      -6.186878852192650E-004
   2.83284457478006      -6.345002754009802E-004
   2.85043988269795      -6.403214354588797E-004
   2.86803519061584      -6.540181880230978E-004
   2.88563049853372      -6.571452920965132E-004
   2.90322580645161      -6.672207335197115E-004
   2.92082111436950      -6.664331726347094E-004
   2.93841642228739      -6.719256668250033E-004
   2.95601173020528      -6.665069536569472E-004
   2.97360703812317      -6.669694392499672E-004
   2.99120234604106      -6.567792335646813E-004
   3.00879765395894      -6.525507319524319E-004
   3.02639296187683      -6.388852086440173E-004
   3.04398826979472      -6.323837081308044E-004
   3.06158357771261      -6.179645798875213E-004
   3.07917888563050      -6.114770986886396E-004
   3.09677419354839      -5.981542771811049E-004
   3.11436950146628      -5.932480675298453E-004
   3.13196480938416      -5.823476414111589E-004
   3.14956011730205      -5.801367635739380E-004
   3.16715542521994      -5.725566399813766E-004
   3.18475073313783      -5.737110039875879E-004
   3.20234604105572      -5.698258953214435E-004
   3.21994134897361      -5.741769603826949E-004
   3.23753665689150      -5.729288539296990E-004
   3.25513196480938      -5.788251899520662E-004
   3.27272727272727      -5.786532340728491E-004
   3.29032258064516      -5.848211805915423E-004
   3.30791788856305      -5.846292824057656E-004
   3.32551319648094      -5.901075605101143E-004
   3.34310850439883      -5.890381882922877E-004
   3.36070381231672      -5.930673219981154E-004
   3.37829912023460      -5.904506307845084E-004
   3.39589442815249      -5.924621011903758E-004
   3.41348973607038      -5.878757934707450E-004
   3.43108504398827      -5.877654418587258E-004
   3.44868035190616      -5.814768105847902E-004
   3.46627565982405      -5.796604906445356E-004
   3.48387096774194      -5.720379353121459E-004
   3.50146627565982      -5.688330736370666E-004
   3.51906158357771      -5.601608922665336E-004
   3.53665689149560      -5.558327546378384E-004
   3.55425219941349      -5.463578838882132E-004
   3.57184750733138      -5.411433974326071E-004
   3.58944281524927      -5.310906108479196E-004
   3.60703812316716      -5.252096882231943E-004
   3.62463343108504      -5.147994115331381E-004
   3.64222873900293      -5.084933469697091E-004
   3.65982404692082      -4.979815148227222E-004
   3.67741935483871      -4.915077159223613E-004
   3.69501466275660      -4.811405619293322E-004
   3.71260997067449      -4.747391488914659E-004
   3.73020527859238      -4.647467702949613E-004
   3.74780058651026      -4.586424545868019E-004
   3.76539589442815      -4.492400560417344E-004
   3.78299120234604      -4.436430957394091E-004
   3.80058651026393      -4.350324388191101E-004
   3.81818181818182      -4.301327557305077E-004
   3.83577712609971      -4.224419232083760E-004
   3.85337243401760      -4.182663852167704E-004
   3.87096774193548      -4.114453323762995E-004
   3.88856304985337      -4.079147195437981E-004
   3.90615835777126      -4.018596044543277E-004
   3.92375366568915      -3.988475423463102E-004
   3.94134897360704      -3.934014604988541E-004
   3.95894428152493      -3.907188307852268E-004
   3.97653958944282      -3.856459680551409E-004
   3.99413489736070      -3.829976071281565E-004
   4.01173020527859      -3.778892838404981E-004
   4.02932551319648      -3.747026468856608E-004
   4.04692082111437      -3.689358173737926E-004
   4.06451612903226      -3.647473311397466E-004
   4.08211143695015      -3.580484587420329E-004
   4.09970674486804      -3.527096351010583E-004
   4.11730205278592      -3.450177467107875E-004
   4.13489736070381      -3.385485914644689E-004
   4.15249266862170      -3.299575918098578E-004
   4.17008797653959      -3.225327615588298E-004
   4.18768328445748      -3.133046070451376E-004
   4.20527859237537      -3.053102756452319E-004
   4.22287390029326      -2.960069133949937E-004
   4.24046920821114      -2.881120757822427E-004
   4.25806451612903      -2.792773657494375E-004
   4.27565982404692      -2.718133644218375E-004
   4.29325513196481      -2.636453081112377E-004
   4.31085043988270      -2.567352486905651E-004
   4.32844574780059      -2.492939949112116E-004
   4.34604105571848      -2.429462948620423E-004
   4.36363636363636      -2.361862370349992E-004
   4.38123167155425      -2.303005395936209E-004
   4.39882697947214      -2.240499632241457E-004
   4.41642228739003      -2.183476779709630E-004
   4.43401759530792      -2.122154109048403E-004
   4.45161290322581      -2.063365513173303E-004
   4.46920821114370      -2.001112731809476E-004
   4.48680351906158      -1.939664124621049E-004
   4.50439882697947      -1.876255321666711E-004
   4.52199413489736      -1.812449338448011E-004
   4.53958944281525      -1.748607626445949E-004
   4.55718475073314      -1.683595082630051E-004
   4.57478005865103      -1.620868819492213E-004
   4.59237536656892      -1.556668157215805E-004
   4.60997067448680      -1.497637797250090E-004
   4.62756598240469      -1.437045232884723E-004
   4.64516129032258      -1.383318127460989E-004
   4.66275659824047      -1.326103170059278E-004
   4.68035190615836      -1.276394563262034E-004
   4.69794721407625      -1.221005660240760E-004
   4.71554252199414      -1.173634439918402E-004
   4.73313782991202      -1.118354570030986E-004
   4.75073313782991      -1.071577834155795E-004
   4.76832844574780      -1.014705529334639E-004
   4.78592375366569      -9.668658486645498E-005
   4.80351906158358      -9.068782727509670E-005
   4.82111436950147      -8.568293640569418E-005
   4.83870967741935      -7.935259975152517E-005
   4.85630498533724      -7.419666228852154E-005
   4.87390029325513      -6.762975139456820E-005
   4.89149560117302      -6.240444284374278E-005
   4.90909090909091      -5.567610793445440E-005
   4.92668621700880      -5.045006356098082E-005
   4.94428152492669      -4.362791893882277E-005
   4.96187683284458      -3.846590257985468E-005
   4.97947214076246      -3.161625063109132E-005
   4.99706744868035      -2.658353389608849E-005
   5.01466275659824      -1.976614303634254E-005
   5.03225806451613      -1.485821942894195E-005
   5.04985337243402      -7.952961592310214E-006
   5.06744868035191      -2.974345655078502E-006
   5.08504398826980       4.216454168942360E-006
   5.10263929618768       9.448833634713850E-006
   5.12023460410557       1.708829798546353E-005
   5.13782991202346       2.271717711750416E-005
   5.15542521994135       3.091925804044317E-005
   5.17302052785924       3.702434992280148E-005
   5.19061583577713       4.581797265422621E-005
   5.20821114369502       5.234087591003958E-005
   5.22580645161290       6.145697371126838E-005
   5.24340175953079       6.786109187931419E-005
   5.26099706744868       7.667352308497577E-005
   5.27859237536657       8.243929342361540E-005
   5.29618768328446       9.054207737810006E-005
   5.31378299120235       9.534462419901312E-005
   5.33137829912024       1.024788426436860E-004
   5.34897360703812       1.061223546018970E-004
   5.36656891495601       1.121512406269000E-004
   5.38416422287390       1.145650838833385E-004
   5.40175953079179       1.194949157301143E-004
   5.41935483870968       1.208142484012573E-004
   5.43695014662757       1.249486083726878E-004
   5.45454545454546       1.255555881737695E-004
   5.47214076246334       1.292179685276362E-004
   5.48973607038123       1.293670196323430E-004
   5.50733137829912       1.327700363005613E-004
   5.52492668621701       1.326466405433188E-004
   5.54252199413490       1.359507622522059E-004
   5.56011730205279       1.356947937931602E-004
   5.57771260997067       1.390142744524621E-004
   5.59530791788856       1.387116536754542E-004
   5.61290322580645       1.420750649783433E-004
   5.63049853372434       1.416374858924770E-004
   5.64809384164223       1.448409963906337E-004
   5.66568914956012       1.440633337280945E-004
   5.68328445747801       1.469653898104458E-004
   5.70087976539589       1.457639731593573E-004
   5.71847507331378       1.483229235911778E-004
   5.73607038123167       1.466975703235423E-004
   5.75366568914956       1.489510738993073E-004
   5.77126099706745       1.469828961201923E-004
   5.78885630498534       1.490583418244470E-004
   5.80645161290323       1.469423729174581E-004
   5.82404692082111       1.491191383074599E-004
   5.84164222873900       1.471629223071095E-004
   5.85923753665689       1.496578035539670E-004
   5.87683284457478       1.479697174209495E-004
   5.89442815249267       1.508327421561315E-004
   5.91202346041056       1.494342344763040E-004
   5.92961876832845       1.526630206126496E-004
   5.94721407624634       1.515352832104544E-004
   5.96480938416422       1.550928977623974E-004
   5.98240469208211       1.541829258164863E-004
   6.00000000000000       1.579919917748844E-004
   6.01759530791789       1.571737360512202E-004
   6.03519061583578       1.610023394283385E-004
   6.05278592375367       1.599579235375675E-004
   6.07038123167156       1.634936528571116E-004
   6.08797653958944       1.619622852849951E-004
   6.10557184750733       1.649853184218227E-004
   6.12316715542522       1.627865573421014E-004
   6.14076246334311       1.651526058391133E-004
   6.15835777126100       1.621839148320117E-004
   6.17595307917889       1.638353405756708E-004
   6.19354838709677       1.600976444626658E-004
   6.21114369501466       1.611234681597186E-004
   6.22873900293255       1.568391974163352E-004
   6.24633431085044       1.575287414444356E-004
   6.26392961876833       1.529215639721344E-004
   6.28152492668622       1.533971989835475E-004
   6.29912023460411       1.485353808952221E-004
   6.31671554252199       1.488344741766883E-004
   6.33431085043988       1.437388561239496E-004
   6.35190615835777       1.438713466141658E-004
   6.36950146627566       1.385516271552747E-004
   6.38709677419355       1.385326504085838E-004
   6.40469208211144       1.330285360607686E-004
   6.42228739002933       1.329651455927979E-004
   6.43988269794721       1.274919396953561E-004
   6.45747800586510       1.276416914290659E-004
   6.47507331378299       1.224102866468910E-004
   6.49266862170088       1.229238566044087E-004
   6.51026392961877       1.180470852148548E-004
   6.52785923753666       1.190045904193509E-004
   6.54545454545455       1.145382504095415E-004
   6.56304985337243       1.159714586436377E-004
   6.58064516129032       1.119289183295874E-004
   6.59824046920821       1.138316994001093E-004
   6.61583577712610       1.101888376597753E-004
   6.63343108504399       1.124986751539303E-004
   6.65102639296188       1.091416151387138E-004
   6.66862170087977       1.117059628153492E-004
   6.68621700879765       1.084687823444682E-004
   6.70381231671554       1.111116751898338E-004
   6.72140762463343       1.078126521401921E-004
   6.73900293255132       1.103453705000634E-004
   6.75659824046921       1.067938754577145E-004
   6.77419354838710       1.090242418759076E-004
   6.79178885630499       1.050343296545166E-004
   6.80938416422287       1.067959420110870E-004
   6.82697947214076       1.023025074609693E-004
   6.84457478005865       1.037113708849176E-004
   6.86217008797654       9.894825457032363E-005
   6.87976539589443       1.002266911120557E-004
   6.89736070381232       9.537296476972776E-005
   6.91495601173021       9.666428161195231E-005
   6.93255131964809       9.183481279056301E-005
   6.95014662756598       9.322542971987732E-005
   6.96774193548387       8.848286048051106E-005
   6.98533724340176       9.001014370042043E-005
   7.00293255131965       8.537083530957267E-005
   7.02052785923754       8.703844417124704E-005
   7.03812316715543       8.252773090479725E-005
   7.05571847507331       8.439147199708878E-005
   7.07331378299120       8.006634164357529E-005
   7.09090909090909       8.215626352959781E-005
   7.10850439882698       7.801983452564030E-005
   7.12609970674487       8.030856539261638E-005
   7.14369501466276       7.630429643368009E-005
   7.16129032258065       7.870104805490191E-005
   7.17888563049853       7.470272100878210E-005
   7.19648093841642       7.703649631435463E-005
   7.21407624633431       7.282194377507115E-005
   7.23167155425220       7.487779008068085E-005
   7.24926686217009       7.037419378952569E-005
   7.26686217008798       7.223339726250892E-005
   7.28445747800587       6.758307519617126E-005
   7.30205278592375       6.939279841336620E-005
   7.31964809384164       6.473899448199480E-005
   7.33724340175953       6.662938987910977E-005
   7.35483870967742       6.208672859839309E-005
   7.37243401759531       6.414844073642828E-005
   7.39002932551320       5.977955653498463E-005
   7.40762463343109       6.203025706495000E-005
   7.42521994134897       5.780787696699189E-005
   7.44281524926686       6.023164974671727E-005
   7.46041055718475       5.622179471661529E-005
   7.47800586510264       5.894782544747883E-005
   7.49560117302053       5.529856520875865E-005
   7.51319648093842       5.847214227710438E-005
   7.53079178885631       5.532027190415514E-005
   7.54838709677419       5.905902839752740E-005
   7.56598240469208       5.649775659324873E-005
   7.58357771260997       6.085658886994349E-005
   7.60117302052786       5.888587846450395E-005
   7.61876832844575       6.376460851885424E-005
   7.63636363636364       6.218483613368041E-005
   7.65395894428153       6.740411182524245E-005
   7.67155425219941       6.615455601858003E-005
   7.68914956011730       7.173726277426511E-005
   7.70674486803519       7.088288445148375E-005
   7.72434017595308       7.691570550588987E-005
   7.74193548387097       7.655508655721038E-005
   7.75953079178886       8.313609452944967E-005
   7.77712609970675       8.335749444290271E-005
   7.79472140762463       9.054767216647120E-005
   7.81231671554252       9.134850154828085E-005
   7.82991202346041       9.902064303168337E-005
   7.84750733137830       1.001996341261401E-004
   7.86510263929619       1.082150666025950E-004
   7.88269794721408       1.097444129205428E-004
   7.90029325513197       1.181471726465875E-004
   7.91788856304985       1.201200115536242E-004
   7.93548387096774       1.290376642928237E-004
   7.95307917888563       1.316091102135804E-004
   7.97067448680352       1.412129513207842E-004
   7.98826979472141       1.445629065909129E-004
   8.00586510263930       1.550184214504351E-004
   8.02346041055718       1.592156296100640E-004
   8.04105571847507       1.703811853370928E-004
   8.05865102639296       1.751361642572908E-004
   8.07624633431085       1.867425032405485E-004
   8.09384164222874       1.918644912534260E-004
   8.11143695014663       2.037785145791756E-004
   8.12903225806452       2.091852000854105E-004
   8.14662756598241       2.213661174059976E-004
   8.16422287390029       2.270558224047686E-004
   8.18181818181818       2.395333185420033E-004
   8.19941348973607       2.455626818432111E-004
   8.21700879765396       2.583849353179018E-004
   8.23460410557185       2.646934717650573E-004
   8.25219941348974       2.776453961281469E-004
   8.26979472140763       2.839805117000828E-004
   8.28739002932551       2.968650195940010E-004
   8.30498533724340       3.030951567043291E-004
   8.32258064516129       3.158394716934680E-004
   8.34017595307918       3.219521754397725E-004
   8.35777126099707       3.346031128401962E-004
   8.37536656891496       3.407106896842873E-004
   8.39296187683285       3.534507184159830E-004
   8.41055718475073       3.598242279397801E-004
   8.42815249266862       3.729530111383093E-004
   8.44574780058651       3.797438642027981E-004
   8.46334310850440       3.931928226780628E-004
   8.48093841642229       4.002333641241343E-004
   8.49853372434018       4.138289911480037E-004
   8.51612903225807       4.209634184055984E-004
   8.53372434017595       4.345747291522562E-004
   8.55131964809384       4.417070818247845E-004
   8.56891495601173       4.552789014260147E-004
   8.58651026392962       4.624069658511564E-004
   8.60410557184751       4.760064296791027E-004
   8.62170087976540       4.832689399318465E-004
   8.63929618768329       4.969901524939833E-004
   8.65689149560117       5.042985888209209E-004
   8.67448680351906       5.179074372519064E-004
   8.69208211143695       5.249948253222197E-004
   8.70967741935484       5.382299894737467E-004
   8.72727272727273       5.448573421557471E-004
   8.74486803519062       5.575133739246040E-004
   8.76246334310851       5.635234625742834E-004
   8.78005865102639       5.755075330765436E-004
   8.79765395894428       5.809011320316993E-004
   8.81524926686217       5.923753886217703E-004
   8.83284457478006       5.975203995359380E-004
   8.85043988269795       6.088789049587960E-004
   8.86803519061584       6.139889812882629E-004
   8.88563049853373       6.252782630569744E-004
   8.90322580645161       6.303178123944418E-004
   8.92082111436950       6.414554486418390E-004
   8.93841642228739       6.463182654103952E-004
   8.95601173020528       6.571885017179971E-004
   8.97360703812317       6.617683895152579E-004
   8.99120234604106       6.722925343444848E-004
   9.00879765395895       6.765853904319133E-004
   9.02639296187683       6.869120375265600E-004
   9.04398826979472       6.911895936579288E-004
   9.06158357771261       7.015277977297144E-004
   9.07917888563050       7.058446038026633E-004
   9.09677419354839       7.161389608927352E-004
   9.11436950146628       7.203743290670192E-004
   9.13196480938416       7.304555505317361E-004
   9.14956011730205       7.344084472750232E-004
   9.16715542521994       7.440550670946738E-004
   9.18475073313783       7.475012700376433E-004
   9.20234604105572       7.565109859528524E-004
   9.21994134897361       7.593642622805259E-004
   9.23753665689150       7.679063720661556E-004
   9.25513196480938       7.705280455266892E-004
   9.27272727272727       7.789197573728672E-004
   9.29032258064516       7.815024953544318E-004
   9.30791788856305       7.898416248778793E-004
   9.32551319648094       7.924082325459411E-004
   9.34310850439883       8.006528603681318E-004
   9.36070381231672       8.031062241816250E-004
   9.37829912023460       8.111103226573128E-004
   9.39589442815249       8.132652474097412E-004
   9.41348973607038       8.208311479914453E-004
   9.43108504398827       8.225983430350082E-004
   9.44868035190616       8.298385456970065E-004
   9.46627565982405       8.314254783874573E-004
   9.48387096774194       8.384992217972679E-004
   9.50146627565982       8.399906594642203E-004
   9.51906158357771       8.469152076861727E-004
   9.53665689149560       8.482660770237057E-004
   9.55425219941349       8.549346754361894E-004
   9.57184750733138       8.559790667825828E-004
   9.58944281524927       8.621655740141895E-004
   9.60703812316716       8.626202403620963E-004
   9.62463343108504       8.680765320491543E-004
   9.64222873900293       8.679415620514940E-004
   9.65982404692082       8.729514827531469E-004
   9.67741935483871       8.725908245924775E-004
   9.69501466275660       8.774650573018109E-004
   9.71260997067449       8.771256820444083E-004
   9.73020527859238       8.820424835647972E-004
   9.74780058651026       8.818302114451497E-004
   9.76539589442815       8.868152162038362E-004
   9.78299120234604       8.866663255747931E-004
   9.80058651026393       8.915463503087417E-004
   9.81818181818182       8.911685343166027E-004
   9.83577712609971       8.956759034036031E-004
   9.85337243401760       8.950634308086121E-004
   9.87096774193548       8.994307672407854E-004
   9.88856304985337       8.988782165323828E-004
   9.90615835777126       9.033852512477802E-004
   9.92375366568915       9.031369597090661E-004
   9.94134897360704       9.079746119401628E-004
   9.95894428152493       9.081539753551343E-004
   9.97653958944282       9.133564939214298E-004
   9.99413489736071       9.138822932053911E-004
   10.0117302052786       9.191879927825226E-004
   10.0293255131965       9.196329327982220E-004
   10.0469208211144       9.247227620317174E-004
   10.0645161290323       9.251018627556978E-004
   10.0821114369501       9.302250849232345E-004
   10.0997067448680       9.308698581706496E-004
   10.1173020527859       9.363829252395120E-004
   10.1348973607038       9.376474491199068E-004
   10.1524926686217       9.438767554027655E-004
   10.1700879765396       9.460351043681402E-004
   10.1876832844575       9.531691770530709E-004
   10.2052785923754       9.562584396018181E-004
   10.2228739002933       9.640594131804555E-004
   10.2404692082111       9.676131770012715E-004
   10.2580645161290       9.757234356086600E-004
   10.2756598240469       9.796862161453727E-004
   10.2932551319648       9.882497400022297E-004
   10.3108504398827       9.928687634002205E-004
   10.3284457478006       1.002196299183356E-003
   10.3460410557185       1.007815117574450E-003
   10.3636363636364       1.018256370281388E-003
   10.3812316715543       1.025198420452984E-003
   10.3988269794721       1.037002751497405E-003
   10.4164222873900       1.045313105624979E-003
   10.4340175953079       1.058154821972698E-003
   10.4516129032258       1.067317824068050E-003
   10.4692082111437       1.080873564648355E-003
   10.4868035190616       1.090838649828975E-003
   10.5043988269795       1.105235904507757E-003
   10.5219941348974       1.116255741558456E-003
   10.5395894428153       1.131838513373075E-003
   10.5571847507331       1.144322742657334E-003
   10.5747800586510       1.161535125942438E-003
   10.5923753665689       1.175925181911759E-003
   10.6099706744868       1.195097719832580E-003
   10.6275659824047       1.211247485691616E-003
   10.6451612903226       1.231515919149661E-003
   10.6627565982405       1.248281460641739E-003
   10.6803519061584       1.268747320074686E-003
   10.6979472140762       1.285544935784718E-003
   10.7155425219941       1.305867112863157E-003
   10.7331378299120       1.322570887086798E-003
   10.7507331378299       1.342820717994242E-003
   10.7683284457478       1.359689528399266E-003
   10.7859237536657       1.380305907313546E-003
   10.8035190615836       1.397951318796087E-003
   10.8211143695015       1.419480607203062E-003
   10.8387096774194       1.437659098274631E-003
   10.8563049853372       1.458758839160011E-003
   10.8739002932551       1.475722387577729E-003
   10.8914956011730       1.494814557723672E-003
   10.9090909090909       1.509229585736495E-003
   10.9266862170088       1.525240606429918E-003
   10.9442815249267       1.536319928275418E-003
   10.9618768328446       1.548784333640551E-003
   10.9794721407625       1.556446830629548E-003
   10.9970674486804       1.565769746875176E-003
   11.0146627565982       1.571154094025753E-003
   11.0322580645161       1.579138221673054E-003
   11.0498533724340       1.583703145551802E-003
   11.0674486803519       1.590733155914478E-003
   11.0850439882698       1.594143454517502E-003
   11.1026392961877       1.599612744480234E-003
   11.1202346041056       1.601157644629736E-003
   11.1378299120235       1.604348825122349E-003
   11.1554252199413       1.603385692441638E-003
   11.1730205278592       1.603826847198821E-003
   11.1906158357771       1.600176241782401E-003
   11.2082111436950       1.598287587323304E-003
   11.2258064516129       1.593629117156230E-003
   11.2434017595308       1.592310631670599E-003
   11.2609970674487       1.589394891634976E-003
   11.2785923753666       1.590316519181124E-003
   11.2961876832845       1.589950459492737E-003
   11.3137829912023       1.593353219352005E-003
   11.3313782991202       1.595319767759102E-003
   11.3489736070381       1.600599755722696E-003
   11.3665689149560       1.603948612454927E-003
   11.3841642228739       1.609836909318368E-003
   11.4017595307918       1.612990075958080E-003
   11.4193548387097       1.617689105553107E-003
   11.4369501466276       1.619059508286256E-003
   11.4545454545455       1.621577367021323E-003
   11.4721407624633       1.620507956276974E-003
   11.4897360703812       1.620143047674353E-003
   11.5073313782991       1.615808374979252E-003
   11.5249266862170       1.611613416312437E-003
   11.5425219941349       1.602955266793247E-003
   11.5601173020528       1.593780427935693E-003
   11.5777126099707       1.579595296669689E-003
   11.5953079178886       1.564248720428160E-003
   11.6129032258065       1.543678105777109E-003
   11.6304985337243       1.522988420577051E-003
   11.6480938416422       1.499492369413299E-003
   11.6656891495601       1.478112218934702E-003
   11.6832844574780       1.455821833130693E-003
   11.7008797653959       1.437045001662679E-003
   11.7184750733138       1.418502499931695E-003
   11.7360703812317       1.404113767133693E-003
   11.7536656891496       1.390294330811891E-003
   11.7712609970675       1.380348553223878E-003
   11.7888563049853       1.370195882518353E-003
   11.8064516129032       1.362023289290702E-003
   11.8240469208211       1.350957437299299E-003
   11.8416422287390       1.340171424746484E-003
   11.8592375366569       1.327115158590612E-003
   11.8768328445748       1.315890376321323E-003
   11.8944281524927       1.304468029416311E-003
   11.9120234604106       1.297100084523675E-003
   11.9296187683284       1.292004792133155E-003
   11.9472140762463       1.293367382562723E-003
   11.9648093841642       1.299474581660059E-003
   11.9824046920821       1.314215225622324E-003
   12.0000000000000       1.335588533530220E-003
   12.0175953079179       1.365857258915456E-003
   12.0351906158358       1.400036867124031E-003
   12.0527859237537       1.439113016206550E-003
   12.0703812316716       1.479249547958908E-003
   12.0879765395894       1.522201539930701E-003
   12.1055718475073       1.564931559233432E-003
   12.1231671554252       1.609663398477146E-003
   12.1407624633431       1.654013449680359E-003
   12.1583577712610       1.700614921767122E-003
   12.1759530791789       1.747728209643033E-003
   12.1935483870968       1.798445028655584E-003
   12.2111436950147       1.851755608542158E-003
   12.2287390029326       1.909541934553219E-003
   12.2463343108504       1.968038912847800E-003
   12.2639296187683       2.027556881964625E-003
   12.2815249266862       2.084466331505621E-003
   12.2991202346041       2.139208872780055E-003
   12.3167155425220       2.188575454430925E-003
   12.3343108504399       2.233311318595621E-003
   12.3519061583578       2.270820619183199E-003
   12.3695014662757       2.302412844516373E-003
   12.3870967741935       2.326504422986730E-003
   12.4046920821114       2.345935398794764E-003
   12.4222873900293       2.363097457385073E-003
   12.4398826979472       2.384550367797676E-003
   12.4574780058651       2.411955374130630E-003
   12.4750733137830       2.449305676668163E-003
   12.4926686217009       2.496919231016508E-003
   12.5102639296188       2.557472387500791E-003
   12.5278592375367       2.630352255100859E-003
   12.5454545454545       2.717081019832138E-003
   12.5630498533724       2.816072202897605E-003
   12.5806451612903       2.927414857105035E-003
   12.5982404692082       3.047893913859650E-003
   12.6158357771261       3.173684632073293E-003
   12.6334310850440       3.296096803181070E-003
   12.6510263929619       3.410697629858928E-003
   12.6686217008798       3.512062682476853E-003
   12.6862170087977       3.597898060619603E-003
   12.7038123167155       3.664510770518233E-003
   12.7214076246334       3.710921668072527E-003
   12.7390029325513       3.734914664040517E-003
   12.7565982404692       3.736844177949666E-003
   12.7741935483871       3.716258004754783E-003
   12.7917888563050       3.675446378957514E-003
   12.8093841642229       3.617752822259643E-003
   12.8269794721408       3.551410121967933E-003
   12.8445747800587       3.481733895953800E-003
   12.8621700879765       3.413205747648002E-003
   12.8797653958944       3.348069533360749E-003
   12.8973607038123       3.289112123256085E-003
   12.9149560117302       3.237407576697586E-003
   12.9325513196481       3.194758806231689E-003
   12.9501466275660       3.161557392034923E-003
   12.9677419354839       3.138963362802960E-003
   12.9853372434018       3.127008511646742E-003
   13.0029325513196       3.126650732026931E-003
   13.0205278592375       3.138112055207782E-003
   13.0381231671554       3.161288232966642E-003
   13.0557184750733       3.194100461701981E-003
   13.0733137829912       3.234645747352643E-003
   13.0909090909091       3.279743316592258E-003
   13.1085043988270       3.326397098613777E-003
   13.1260997067449       3.370512133008829E-003
   13.1436950146628       3.408092760491333E-003
   13.1612903225806       3.434143379085919E-003
   13.1788856304985       3.443647706105469E-003
   13.1964809384164       3.430632308320582E-003
   13.2140762463343       3.390272686532155E-003
   13.2316715542522       3.327003117347055E-003
   13.2492668621701       3.249721675556390E-003
   13.2668621700880       3.166495811291040E-003
   13.2844574780059       3.085016287086996E-003
   13.3020527859238       3.011977847590973E-003
   13.3196480938416       2.953423539133799E-003
   13.3372434017595       2.914134044951978E-003
   13.3548387096774       2.897798940528676E-003
   13.3724340175953       2.906138983402348E-003
   13.3900293255132       2.938756771835039E-003
   13.4076246334311       2.989515907853885E-003
   13.4252199413490       3.044592532047647E-003
   13.4428152492669       3.093676989495245E-003
   13.4604105571848       3.133317981004670E-003
   13.4780058651026       3.162401128120748E-003
   13.4956011730205       3.182317935377911E-003
   13.5131964809384       3.195786996402108E-003
   13.5307917888563       3.207135841569418E-003
   13.5483870967742       3.221579104900197E-003
   13.5659824046921       3.245510890403397E-003
   13.5835777126100       3.285750274830712E-003
   13.6011730205279       3.349603291933085E-003
   13.6187683284457       3.437547922327034E-003
   13.6363636363636       3.534010760953293E-003
   13.6539589442815       3.623816553162913E-003
   13.6715542521994       3.694399218930008E-003
   13.6891495601173       3.735621172930129E-003
   13.7067448680352       3.739933085036105E-003
   13.7243401759531       3.702178143903700E-003
   13.7419354838710       3.620583608849113E-003
   13.7595307917889       3.496322638588530E-003
   13.7771260997067       3.336162435592806E-003
   13.7947214076246       3.152126438207776E-003
   13.8123167155425       2.973272541263862E-003
   13.8299120234604       2.834933980912458E-003
   13.8475073313783       2.752928482264927E-003
   13.8651026392962       2.731646920204119E-003
   13.8826979472141       2.768626224685140E-003
   13.9002932551320       2.856839527167881E-003
   13.9178885630499       2.984540902158673E-003
   13.9354838709677       3.136390100026985E-003
   13.9530791788856       3.292782038607508E-003
   13.9706744868035       3.430105081176390E-003
   13.9882697947214       3.519628980011202E-003
   14.0058651026393       3.524535491228576E-003
   14.0234604105572       3.414960019254917E-003
   14.0410557184751       3.194272192336809E-003
   14.0586510263930       2.878093153219948E-003
   14.0762463343109       2.484032415179495E-003
   14.0938416422287       2.032737623590653E-003
   14.1114369501466       1.545300943800268E-003
   14.1290322580645       1.044667860375500E-003
   14.1466275659824       5.536168864037366E-004
   14.1642228739003       9.635186739075894E-005
   14.1818181818182      -3.035814123460912E-004
   14.1994134897361      -6.215545374440218E-004
   14.2170087976540      -8.404000162071016E-004
   14.2346041055718      -9.668730592803106E-004
   14.2521994134897      -1.014200921675164E-003
   14.2697947214076      -9.936146742695489E-004
   14.2873900293255      -9.168351887553309E-004
   14.3049853372434      -7.937287578554104E-004
   14.3225806451613      -6.350067147511789E-004
   14.3401759530792      -4.494307724500903E-004
   14.3577712609971      -2.468687669181873E-004
   14.3753665689150      -3.508770924816872E-005
   14.3929618768328       1.767989196763905E-004
   14.4105571847507       3.819477799365809E-004
   14.4281524926686       5.726374380123733E-004
   14.4457478005865       7.444826131232430E-004
   14.4633431085044       8.915531946649512E-004
   14.4809384164223       1.010939274649312E-003
   14.4985337243402       1.097957060004518E-003
   14.5161290322581       1.151355358081038E-003
   14.5337243401760       1.168045962212494E-003
   14.5513196480938       1.149005194925032E-003
   14.5689149560117       1.093608052948983E-003
   14.5865102639296       1.006534744403831E-003
   14.6041055718475       8.931705288228290E-004
   14.6217008797654       7.718140559754652E-004
   14.6392961876833       6.589422861507088E-004
   14.6568914956012       5.670913837121582E-004
   14.6744868035191       5.024142398804209E-004
   14.6920821114370       4.718400487412872E-004
   14.7096774193548       4.765070120303375E-004
   14.7272727272727       5.194962965277718E-004
   14.7448680351906       5.977125709242480E-004
   14.7624633431085       7.104417841167221E-004
   14.7800586510264       8.496784293677600E-004
   14.7976539589443       1.009210073708730E-003
   14.8152492668622       1.170858056890701E-003
   14.8328445747801       1.321615964417413E-003
   14.8504398826979       1.451149608351775E-003
   14.8680351906158       1.557075315976609E-003
   14.8856304985337       1.633726898490768E-003
   14.9032258064516       1.681901458456526E-003
   14.9208211143695       1.697813637586104E-003
   14.9384164222874       1.684181124207818E-003
   14.9560117302053       1.638375018348310E-003
   14.9736070381232       1.564563787668446E-003
   14.9912023460411       1.460986043334215E-003
   15.0087976539589       1.333138753705377E-003
   15.0263929618768       1.179788614692426E-003
   15.0439882697947       1.006730160731201E-003
   15.0615835777126       8.125339700339269E-004
   15.0791788856305       6.037177182766485E-004
   15.0967741935484       3.792082139803316E-004
   15.1143695014663       1.464352852778494E-004
   15.1319648093842      -9.520549917757609E-005
   15.1495601173021      -3.371865404026419E-004
   15.1671554252199      -5.793951870364414E-004
   15.1847507331378      -8.117397343467899E-004
   15.2023460410557      -1.032387607057177E-003
   15.2199413489736      -1.228557472994511E-003
   15.2375366568915      -1.401503304445274E-003
   15.2551319648094      -1.545604759404891E-003
   15.2727272727273      -1.666597678087230E-003
   15.2903225806452      -1.760452341139381E-003
   15.3079178885631      -1.834723738211953E-003
   15.3255131964809      -1.886313615689871E-003
   15.3431085043988      -1.924323702166346E-003
   15.3607038123167      -1.946543973414386E-003
   15.3782991202346      -1.963827345873442E-003
   15.3958944281525      -1.975328440793484E-003
   15.4134897360704      -1.994874803155112E-003
   15.4310850439883      -2.020134629140775E-003
   15.4486803519062      -2.058203388348352E-003
   15.4662756598240      -2.101239255854205E-003
   15.4838709677419      -2.154904113897843E-003
   15.5014662756598      -2.209974966242399E-003
   15.5190615835777      -2.271735458136926E-003
   15.5366568914956      -2.330005123380907E-003
   15.5542521994135      -2.389971259783217E-003
   15.5718475073314      -2.440675486576388E-003
   15.5894428152493      -2.487373363612354E-003
   15.6070381231672      -2.518604645435323E-003
   15.6246334310850      -2.543632439306596E-003
   15.6422287390029      -2.558472912202509E-003
   15.6598240469208      -2.577061661516320E-003
   15.6774193548387      -2.594666634778079E-003
   15.6950146627566      -2.625132783519604E-003
   15.7126099706745      -2.662765664200729E-003
   15.7302052785924      -2.721326291158298E-003
   15.7478005865103      -2.794074446197847E-003
   15.7653958944282      -2.894575210356394E-003
   15.7829912023460      -3.014772310399852E-003
   15.8005865102639      -3.167528627789133E-003
   15.8181818181818      -3.340039793795424E-003
   15.8357771260997      -3.534654680279884E-003
   15.8533724340176      -3.730630649998917E-003
   15.8709677419355      -3.931217557859186E-003
   15.8885630498534      -4.116172230766184E-003
   15.9061583577713      -4.290005157119327E-003
   15.9237536656892      -4.432475023094929E-003
   15.9413489736070      -4.549126898932352E-003
   15.9589442815249      -4.619585820032077E-003
   15.9765395894428      -4.650401147716986E-003
   15.9941348973607      -4.621068529650410E-003
   16.0117302052786      -4.540265111035844E-003
   16.0293255131965      -4.398597382441431E-003
   16.0469208211144      -4.221961848355086E-003
   16.0645161290323      -4.006497041164188E-003
   16.0821114369501      -3.778592947079407E-003
   16.0997067448680      -3.533648686495359E-003
   16.1173020527859      -3.298653586850293E-003
   16.1348973607038      -3.068305766618094E-003
   16.1524926686217      -2.870246767639354E-003
   16.1700879765396      -2.698447957196677E-003
   16.1876832844575      -2.581197617029279E-003
   16.2052785923754      -2.511471632081010E-003
   16.2228739002933      -2.509509543553012E-003
   16.2404692082111      -2.545157508498615E-003
   16.2580645161290      -2.624656235285690E-003
   16.2756598240469      -2.716393323799968E-003
   16.2932551319648      -2.827909835471719E-003
   16.3108504398827      -2.927329032941862E-003
   16.3284457478006      -3.023584401270584E-003
   16.3460410557185      -3.084677047983597E-003
   16.3636363636364      -3.121245190075500E-003
   16.3812316715543      -3.101682678754543E-003
   16.3988269794721      -3.039393173401449E-003
   16.4164222873900      -2.909150079903076E-003
   16.4340175953079      -2.746924808246986E-003
   16.4516129032258      -2.542431094657189E-003
   16.4692082111437      -2.331613797612780E-003
   16.4868035190616      -2.099858587661779E-003
   16.5043988269795      -1.881502283623339E-003
   16.5219941348974      -1.658578726288515E-003
   16.5395894428153      -1.464128027410119E-003
   16.5571847507331      -1.276650916855952E-003
   16.5747800586510      -1.127341802577638E-003
   16.5923753665689      -9.899682432027721E-004
   16.6099706744868      -8.899273510553519E-004
   16.6275659824047      -7.865777903387978E-004
   16.6451612903226      -6.997617033074071E-004
   16.6627565982405      -5.928338659557266E-004
   16.6803519061584      -4.928216986199009E-004
   16.6979472140762      -3.650678354395720E-004
   16.7155425219941      -2.406825695447635E-004
   16.7331378299120      -8.586409834056078E-005
   16.7507331378299       6.467241771426099E-005
   16.7683284457478       2.440751678456219E-004
   16.7859237536657       4.137005608342231E-004
   16.8035190615836       6.050020597352276E-004
   16.8211143695015       7.723896181871307E-004
   16.8387096774194       9.460352994679475E-004
   16.8563049853372       1.082116136502045E-003
   16.8739002932551       1.216252847032171E-003
   16.8914956011730       1.304520426002956E-003
   16.9090909090909       1.385732010722947E-003
   16.9266862170088       1.415034852351808E-003
   16.9442815249267       1.434219605325408E-003
   16.9618768328446       1.397333824661208E-003
   16.9794721407625       1.349467913774297E-003
   16.9970674486804       1.243972323170806E-003
   17.0146627565982       1.132309736649610E-003
   17.0322580645161       9.765971083911917E-004
   17.0498533724340       8.386491807654015E-004
   17.0674486803519       6.771190552954785E-004
   17.0850439882698       5.540794971071096E-004
   17.1026392961877       4.238165578203713E-004
   17.1202346041056       3.496981172464148E-004
   17.1378299120235       2.816716549010375E-004
   17.1554252199413       2.845817858043755E-004
   17.1730205278592       3.034957306814701E-004
   17.1906158357771       4.043346012106223E-004
   17.2082111436950       5.246762166469423E-004
   17.2258064516129       7.204614516448063E-004
   17.2434017595308       9.092338094364453E-004
   17.2609970674487       1.147305453262326E-003
   17.2785923753666       1.351811670830604E-003
   17.2961876832845       1.585354045026965E-003
   17.3137829912023       1.762496576735590E-003
   17.3313782991202       1.951880652838010E-003
   17.3489736070381       2.064755976689006E-003
   17.3665689149560       2.176272819738314E-003
   17.3841642228739       2.194167427539355E-003
   17.4017595307918       2.201625963093256E-003
   17.4193548387097       2.109245174356619E-003
   17.4369501466276       2.026144400325469E-003
   17.4545454545455       1.867762498284684E-003
   17.4721407624633       1.748314236329370E-003
   17.4897360703812       1.573543143372130E-003
   17.5073313782991       1.463689216091079E-003
   17.5249266862170       1.314457515465321E-003
   17.5425219941349       1.253393966634151E-003
   17.5601173020528       1.164752715473162E-003
   17.5777126099707       1.184139925402573E-003
   17.5953079178886       1.181632994373505E-003
   17.6129032258065       1.297437568550245E-003
   17.6304985337243       1.368714246995448E-003
   17.6480938416422       1.535494063897535E-003
   17.6656891495601       1.621590132565631E-003
   17.6832844574780       1.789553458670571E-003
   17.7008797653959       1.847932103971857E-003
   17.7184750733138       1.983418694861435E-003
   17.7360703812317       1.984209427733955E-003
   17.7536656891496       2.066297893919954E-003
   17.7712609970675       1.991730276524288E-003
   17.7888563049853       2.014360373813481E-003
   17.8064516129032       1.864170678409991E-003
   17.8240469208211       1.853689695938432E-003
   17.8416422287390       1.671395016668465E-003
   17.8592375366569       1.691172501570794E-003
   17.8768328445748       1.519697010490780E-003
   17.8944281524927       1.625364041288550E-003
   17.9120234604106       1.493761506516115E-003
   17.9296187683284       1.758974583786455E-003
   17.9472140762463       1.691615615436798E-003
   17.9648093841642       2.284944287289103E-003
   17.9824046920821       2.310718770640216E-003
   18.0000000000000       4.291958417333890E-003
