  0.000000000000000E+000  3.648146398057600E-003
  1.759530791788856E-002  2.042876304592000E-003
  3.519061583577713E-002  2.073217617109226E-003
  5.278592375366570E-002  1.548556965835089E-003
  7.038123167155426E-002  1.570839216722685E-003
  8.797653958944282E-002  1.261192426541033E-003
  0.105571847507331       1.280300282793903E-003
  0.123167155425220       1.062944461609621E-003
  0.140762463343109       1.080627858568436E-003
  0.158357771260997       9.148268151320401E-004
  0.175953079178886       9.318813931174767E-004
  0.193548387096774       7.991348256375368E-004
  0.211143695014663       8.159420386898457E-004
  0.228739002932551       7.062030668763912E-004
  0.246334310850440       7.228333067424461E-004
  0.263929618768328       6.299283188290889E-004
  0.281524926686217       6.463457772766146E-004
  0.299120234604106       5.662406389533617E-004
  0.316715542521994       5.823887498695747E-004
  0.334310850439883       5.122902768668724E-004
  0.351906158357771       5.280991562845664E-004
  0.369501466275660       4.659838342417774E-004
  0.387096774193548       4.813763838153150E-004
  0.404692082111437       4.257227045282369E-004
  0.422287390029326       4.406343961269361E-004
  0.439882697947214       3.903604729964176E-004
  0.457478005865103       4.049161076994908E-004
  0.475073313782991       3.593572398972479E-004
  0.492668621700880       3.737618908142385E-004
  0.510263929618768       3.324593391860787E-004
  0.527859237536657       3.469429280154410E-004
  0.545454545454546       3.095959658190241E-004
  0.563049853372434       3.244200990176031E-004
  0.580645161290323       2.908665633343327E-004
  0.598240469208211       3.063467242352880E-004
  0.615835777126100       2.765667529429626E-004
  0.633431085043988       2.929509323293761E-004
  0.651026392961877       2.665617674339474E-004
  0.668621700879765       2.834807738337810E-004
  0.686217008797654       2.597292699150754E-004
  0.703812316715543       2.766419888499867E-004
  0.721407624633431       2.547235803459704E-004
  0.739002932551320       2.710131195874906E-004
  0.756598240469208       2.500821093517435E-004
  0.774193548387097       2.650559246767315E-004
  0.791788856304985       2.442059133660509E-004
  0.809384164222874       2.570641320883613E-004
  0.826979472140763       2.354855624299734E-004
  0.844574780058651       2.461634526914947E-004
  0.862170087976540       2.243636998020880E-004
  0.879765395894428       2.338187180834756E-004
  0.897360703812317       2.127154371327653E-004
  0.914956011730205       2.220202909849132E-004
  0.932551319648094       2.026207193977356E-004
  0.950146627565982       2.129137067635116E-004
  0.967741935483871       1.962968498128249E-004
  0.985337243401760       2.087779265641355E-004
   1.00293255131965       1.961021279229757E-004
   1.02052785923754       2.118866601572916E-004
   1.03812316715543       2.034515172290877E-004
   1.05571847507331       2.217829883555138E-004
   1.07331378299120       2.161492007023976E-004
   1.09090909090909       2.355543121950749E-004
   1.10850439882698       2.311743122376090E-004
   1.12609970674487       2.501545946399720E-004
   1.14369501466276       2.454709600246692E-004
   1.16129032258065       2.625192617911580E-004
   1.17888563049853       2.559761850493502E-004
   1.19648093841642       2.695887572598256E-004
   1.21407624633431       2.597124577053615E-004
   1.23167155425220       2.690600779200686E-004
   1.24926686217009       2.561587505727306E-004
   1.26686217008798       2.624249359603356E-004
   1.28445747800587       2.478169510895853E-004
   1.30205278592375       2.523336494430001E-004
   1.31964809384164       2.372952577907767E-004
   1.33724340175953       2.413519728868267E-004
   1.35483870967742       2.271181474106135E-004
   1.37243401759531       2.319548268692065E-004
   1.39002932551320       2.197021073527366E-004
   1.40762463343109       2.264619023838327E-004
   1.42521994134897       2.169803221635502E-004
   1.44281524926686       2.257167652743084E-004
   1.46041055718475       2.183408107840330E-004
   1.47800586510264       2.282371644112002E-004
   1.49560117302053       2.221921315812237E-004
   1.51319648093842       2.325546662400437E-004
   1.53079178885631       2.271770258511466E-004
   1.54838709677419       2.374163177139496E-004
   1.56598240469208       2.321529185327953E-004
   1.58357771260997       2.418050165961134E-004
   1.60117302052786       2.362689077806966E-004
   1.61876832844575       2.451761272970952E-004
   1.63636363636364       2.395900836458135E-004
   1.65395894428153       2.482998247775319E-004
   1.67155425219941       2.431628488189908E-004
   1.68914956011730       2.520328477951951E-004
   1.70674486803519       2.475674666166339E-004
   1.72434017595308       2.567371143190410E-004
   1.74193548387097       2.529750901759631E-004
   1.75953079178886       2.623960057896023E-004
   1.77712609970675       2.591668391325646E-004
   1.79472140762463       2.685487969787432E-004
   1.81231671554252       2.653235999351509E-004
   1.82991202346041       2.737818965084576E-004
   1.84750733137830       2.694361743532803E-004
   1.86510263929619       2.760136918366253E-004
   1.88269794721408       2.698630607314721E-004
   1.90029325513196       2.740845539328623E-004
   1.91788856304985       2.657854442844997E-004
   1.93548387096774       2.674457701473511E-004
   1.95307917888563       2.569061159764127E-004
   1.97067448680352       2.560564426182237E-004
   1.98826979472141       2.434723430319538E-004
   2.00586510263930       2.405470192945462E-004
   2.02346041055718       2.267873763711348E-004
   2.04105571847507       2.232092208520128E-004
   2.05865102639296       2.098359716548009E-004
   2.07624633431085       2.069043328366931E-004
   2.09384164222874       1.949317962163267E-004
   2.11143695014663       1.934858130187691E-004
   2.12903225806452       1.835889685352757E-004
   2.14662756598241       1.841674663059221E-004
   2.16422287390029       1.767295889547516E-004
   2.18181818181818       1.795574999225927E-004
   2.19941348973607       1.745834284501842E-004
   2.21700879765396       1.792828926343556E-004
   2.23460410557185       1.757187725189783E-004
   2.25219941348974       1.807814043837162E-004
   2.26979472140762       1.772331642194348E-004
   2.28739002932551       1.815802368670058E-004
   2.30498533724340       1.771766884405632E-004
   2.32258064516129       1.801068953994452E-004
   2.34017595307918       1.742828685875130E-004
   2.35777126099707       1.753751583638521E-004
   2.37536656891496       1.678491628142033E-004
   2.39296187683284       1.669971250663993E-004
   2.41055718475073       1.579193955902586E-004
   2.42815249266862       1.557790153837876E-004
   2.44574780058651       1.463038881101868E-004
   2.46334310850440       1.441006126471462E-004
   2.48093841642229       1.352066206478479E-004
   2.49853372434018       1.337193796978989E-004
   2.51612903225806       1.260434272240693E-004
   2.53372434017595       1.257996437181962E-004
   2.55131964809384       1.197588190522595E-004
   2.56891495601173       1.210746486687120E-004
   2.58651026392962       1.168628145570700E-004
   2.60410557184751       1.197800387262618E-004
   2.62170087976540       1.171088279218251E-004
   2.63929618768328       1.208117455272970E-004
   2.65689149560117       1.185102108385386E-004
   2.67448680351906       1.218835985394782E-004
   2.69208211143695       1.189916844555168E-004
   2.70967741935484       1.211851363281174E-004
   2.72727272727273       1.169306746878951E-004
   2.74486803519062       1.172472027583604E-004
   2.76246334310850       1.109963673747519E-004
   2.78005865102639       1.088761353625597E-004
   2.79765395894428       1.001456608622335E-004
   2.81524926686217       9.527073050679046E-005
   2.83284457478006       8.421536712209931E-005
   2.85043988269795       7.740656841672844E-005
   2.86803519061584       6.516979088267500E-005
   2.88563049853372       5.756287985516518E-005
   2.90322580645161       4.522077838518745E-005
   2.92082111436950       3.785891111275796E-005
   2.93841642228739       2.642280565403837E-005
   2.95601173020528       2.029695406042686E-005
   2.97360703812317       1.073239397614717E-005
   2.99120234604106       6.789643962004766E-006
   3.00879765395894       3.857213619229416E-009
   3.02639296187683      -1.116452159289349E-006
   3.04398826979472      -5.169225887658835E-006
   3.06158357771261      -4.157479327417279E-006
   3.07917888563050      -6.383211815894907E-006
   3.09677419354839      -4.138734574902214E-006
   3.11436950146628      -5.433672305915682E-006
   3.13196480938416      -2.845567372826152E-006
   3.14956011730205      -4.099455838769639E-006
   3.16715542521994      -2.053089100772787E-006
   3.18475073313783      -4.154263464363428E-006
   3.20234604105572      -3.536961554644447E-006
   3.21994134897361      -7.304771268542343E-006
   3.23753665689150      -8.575701382814105E-006
   3.25513196480938      -1.393501655759183E-005
   3.27272727272727      -1.671968577373339E-005
   3.29032258064516      -2.324868999085061E-005
   3.30791788856305      -2.711082231316353E-005
   3.32551319648094      -3.436498781675884E-005
   3.34310850439883      -3.884603780434781E-005
   3.36070381231672      -4.635714163668270E-005
   3.37829912023460      -5.097150966753989E-005
   3.39589442815249      -5.823774171060375E-005
   3.41348973607038      -6.245880283472674E-005
   3.43108504398827      -6.900664307572430E-005
   3.44868035190616      -7.254213353088593E-005
   3.46627565982405      -7.826408713849689E-005
   3.48387096774194      -8.107816608337543E-005
   3.50146627565982      -8.596202419071105E-005
   3.51906158357771      -8.805344681297391E-005
   3.53665689149560      -9.211046834634270E-005
   3.55425219941349      -9.349605640011386E-005
   3.57184750733138      -9.675173609132656E-005
   3.58944281524927      -9.745952521096224E-005
   3.60703812316716      -9.994703882637488E-005
   3.62463343108504      -1.000109130607945E-004
   3.64222873900293      -1.017782185004423E-004
   3.65982404692082      -1.012645312483643E-004
   3.67741935483871      -1.023975067050632E-004
   3.69501466275660      -1.014005354665382E-004
   3.71260997067449      -1.020043274022602E-004
   3.73020527859238      -1.006354183193407E-004
   3.74780058651026      -1.008321049448879E-004
   3.76539589442815      -9.922049529696338E-005
   3.78299120234604      -9.915239225153822E-005
   3.80058651026393      -9.745297749315742E-005
   3.81818181818182      -9.729921192202773E-005
   3.83577712609971      -9.570139013451619E-005
   3.85337243401760      -9.562661783421761E-005
   3.87096774193548      -9.424820501300367E-005
   3.88856304985337      -9.434344756781995E-005
   3.90615835777126      -9.325620577411764E-005
   3.92375366568915      -9.358054242980234E-005
   3.94134897360704      -9.282723329466223E-005
   3.95894428152493      -9.340982564209395E-005
   3.97653958944282      -9.299878956669456E-005
   3.99413489736070      -9.382496015602420E-005
   4.01173020527859      -9.369142280842498E-005
   4.02932551319648      -9.458154557204728E-005
   4.04692082111437      -9.440650568548175E-005
   4.06451612903226      -9.500720285578375E-005
   4.08211143695015      -9.448450025437929E-005
   4.09970674486804      -9.454200687084385E-005
   4.11730205278592      -9.345409178878067E-005
   4.13489736070381      -9.278708130302417E-005
   4.15249266862170      -9.098461007311894E-005
   4.17008797653959      -8.948145234244973E-005
   4.18768328445748      -8.689249550302313E-005
   4.20527859237537      -8.454143829683520E-005
   4.22287390029326      -8.126826304555860E-005
   4.24046920821114      -7.833367315955120E-005
   4.25806451612903      -7.471337744909370E-005
   4.27565982404692      -7.148929482711741E-005
   4.29325513196481      -6.775489071025298E-005
   4.31085043988270      -6.443874081484192E-005
   4.32844574780059      -6.075655180110988E-005
   4.34604105571848      -5.749085442114361E-005
   4.36363636363636      -5.397722004285460E-005
   4.38123167155425      -5.085365634614477E-005
   4.39882697947214      -4.756643272798997E-005
   4.41642228739003      -4.458594724615655E-005
   4.43401759530792      -4.141812485567094E-005
   4.45161290322581      -3.839314714954333E-005
   4.46920821114370      -3.516683977553016E-005
   4.48680351906158      -3.196953918651832E-005
   4.50439882697947      -2.859193125897835E-005
   4.52199413489736      -2.516018017455059E-005
   4.53958944281525      -2.159451586672406E-005
   4.55718475073314      -1.792034292006025E-005
   4.57478005865103      -1.418740448035310E-005
   4.59237536656892      -1.032944499246615E-005
   4.60997067448680      -6.542500409869215E-006
   4.62756598240469      -2.694517337617372E-006
   4.64516129032258       9.237656986293211E-007
   4.66275659824047       4.600087607345094E-006
   4.68035190615836       7.970393687376939E-006
   4.69794721407625       1.144125758945341E-005
   4.71554252199414       1.456017071037666E-005
   4.73313782991202       1.784342136846773E-005
   4.75073313782991       2.074914047535049E-005
   4.76832844574780       2.389863673350166E-005
   4.78592375366569       2.666291076402618E-005
   4.80351906158358       2.976723744632566E-005
   4.82111436950147       3.249559831157147E-005
   4.83870967741935       3.564422132510477E-005
   4.85630498533724       3.837744514911794E-005
   4.87390029325513       4.156937896008491E-005
   4.89149560117302       4.429376820360985E-005
   4.90909090909091       4.750767030669828E-005
   4.92668621700880       5.019801714219184E-005
   4.94428152492669       5.340212539065899E-005
   4.96187683284458       5.602193730302249E-005
   4.97947214076246       5.917037228626185E-005
   4.99706744868035       6.166332454104159E-005
   5.01466275659824       6.467834758136692E-005
   5.03225806451613       6.695979508525347E-005
   5.04985337243402       6.979756370318440E-005
   5.06744868035191       7.189112602258257E-005
   5.08504398826980       7.461594539135058E-005
   5.10263929618768       7.660890254873763E-005
   5.12023460410557       7.932277310366345E-005
   5.13782991202346       8.133180199645851E-005
   5.15542521994135       8.416208764127141E-005
   5.17302052785924       8.632674788896776E-005
   5.19061583577713       8.942214606467941E-005
   5.20821114369502       9.190061893785947E-005
   5.22580645161290       9.537399037359310E-005
   5.24340175953079       9.813180246772196E-005
   5.26099706744868       1.017921097342607E-004
   5.27859237536657       1.045865396235346E-004
   5.29618768328446       1.081954254917374E-004
   5.31378299120235       1.107981477592387E-004
   5.33137829912024       1.141354137758868E-004
   5.34897360703812       1.163373716780522E-004
   5.36656891495601       1.192036927838989E-004
   5.38416422287390       1.208191993169329E-004
   5.40175953079179       1.230434645684413E-004
   5.41935483870968       1.239398652551662E-004
   5.43695014662757       1.254814425774440E-004
   5.45454545454546       1.257256535830998E-004
   5.47214076246334       1.266913846575855E-004
   5.48973607038123       1.263882908115404E-004
   5.50733137829912       1.268784519607481E-004
   5.52492668621701       1.261286133010608E-004
   5.54252199413490       1.262434783513718E-004
   5.56011730205279       1.251500926324977E-004
   5.57771260997067       1.249944318191784E-004
   5.59530791788856       1.236666337301463E-004
   5.61290322580645       1.233486689671956E-004
   5.63049853372434       1.218603038524093E-004
   5.64809384164223       1.213723212335098E-004
   5.66568914956012       1.196563800383145E-004
   5.68328445747801       1.189207098000431E-004
   5.70087976539589       1.169092286233106E-004
   5.71847507331378       1.158667080588168E-004
   5.73607038123167       1.135128540070362E-004
   5.75366568914956       1.121288933641580E-004
   5.77126099706745       1.094153902365615E-004
   5.78885630498534       1.076925837214820E-004
   5.80645161290323       1.046558354146100E-004
   5.82404692082111       1.026939322797220E-004
   5.84164222873900       9.951081761140290E-005
   5.85923753665689       9.750506154772293E-005
   5.87683284457478       9.433614443028143E-005
   5.89442815249267       9.241303466704614E-005
   5.91202346041056       8.936693223419069E-005
   5.92961876832845       8.762072979438808E-005
   5.94721407624634       8.478308330372132E-005
   5.96480938416422       8.329136810346294E-005
   5.98240469208211       8.073588228625381E-005
   6.00000000000000       7.956886460728696E-005
   6.01759530791789       7.736062279875738E-005
   6.03519061583578       7.654244062471053E-005
   6.05278592375367       7.463196520423427E-005
   6.07038123167156       7.406055829474487E-005
   6.08797653958944       7.233284563043629E-005
   6.10557184750733       7.188916121472633E-005
   6.12316715542522       7.022503643232669E-005
   6.14076246334311       6.978997274857741E-005
   6.15835777126100       6.807430576296623E-005
   6.17595307917889       6.753805112437626E-005
   6.19354838709677       6.567254873067559E-005
   6.21114369501466       6.496097739552659E-005
   6.22873900293255       6.294257113937987E-005
   6.24633431085044       6.214344206259888E-005
   6.26392961876833       6.009316460576361E-005
   6.28152492668622       5.930087787106401E-005
   6.29912023460411       5.728451428416864E-005
   6.31671554252199       5.654347156642810E-005
   6.33431085043988       5.458943687776042E-005
   6.35190615835777       5.391289443790277E-005
   6.36950146627566       5.202266994994786E-005
   6.38709677419355       5.140011533383737E-005
   6.40469208211144       4.955451502160869E-005
   6.42228739002933       4.897398855281103E-005
   6.43988269794721       4.721364398208763E-005
   6.45747800586510       4.677934267585818E-005
   6.47507331378299       4.523085647427921E-005
   6.49266862170088       4.506006391886087E-005
   6.51026392961877       4.383128380563794E-005
   6.52785923753666       4.402154266255270E-005
   6.54545454545455       4.320187766358864E-005
   6.56304985337243       4.383350755765577E-005
   6.58064516129032       4.349656603488676E-005
   6.59824046920821       4.463629316445224E-005
   6.61583577712610       4.484612237611515E-005
   6.63343108504399       4.654940840848702E-005
   6.65102639296188       4.733777567896488E-005
   6.66862170087977       4.960386782390844E-005
   6.68621700879765       5.094652089296405E-005
   6.70381231671554       5.373172172295718E-005
   6.72140762463343       5.556795831017797E-005
   6.73900293255132       5.879294383353125E-005
   6.75659824046921       6.102535875335732E-005
   6.77419354838710       6.457135748706271E-005
   6.79178885630499       6.705810309057332E-005
   6.80938416422287       7.075125189782626E-005
   6.82697947214076       7.330638292321086E-005
   6.84457478005865       7.701956487087070E-005
   6.86217008797654       7.961456917900930E-005
   6.87976539589443       8.337280944878641E-005
   6.89736070381232       8.604517716561391E-005
   6.91495601173021       8.988711965175599E-005
   6.93255131964809       9.267427125323443E-005
   6.95014662756598       9.663199959769686E-005
   6.96774193548387       9.955963880961186E-005
   6.98533724340176       1.036486911530826E-004
   7.00293255131965       1.067197177132271E-004
   7.02052785923754       1.109258186569111E-004
   7.03812316715543       1.141215939051743E-004
   7.05571847507331       1.184424549120592E-004
   7.07331378299120       1.217783401288156E-004
   7.09090909090909       1.262304895151711E-004
   7.10850439882698       1.297174188797352E-004
   7.12609970674487       1.343013982423630E-004
   7.14369501466276       1.379270017426011E-004
   7.16129032258065       1.426125237108132E-004
   7.17888563049853       1.463237939676978E-004
   7.19648093841642       1.510251119762991E-004
   7.21407624633431       1.546814322283485E-004
   7.23167155425220       1.591901427058132E-004
   7.24926686217009       1.625831571205185E-004
   7.26686217008798       1.667649666225956E-004
   7.28445747800587       1.698274843232199E-004
   7.30205278592375       1.736484212981238E-004
   7.31964809384164       1.763665616004650E-004
   7.33724340175953       1.798245469535844E-004
   7.35483870967742       1.822036568179535E-004
   7.37243401759531       1.853052033553974E-004
   7.39002932551320       1.873481863669630E-004
   7.40762463343109       1.900797320781464E-004
   7.42521994134897       1.917358750311465E-004
   7.44281524926686       1.940137250709132E-004
   7.46041055718475       1.952158159718292E-004
   7.47800586510264       1.970162629651031E-004
   7.49560117302053       1.977728877318675E-004
   7.51319648093842       1.991233128036290E-004
   7.53079178885631       1.994760552936468E-004
   7.54838709677419       2.004266901188811E-004
   7.56598240469208       2.004311951108619E-004
   7.58357771260997       2.010369292194439E-004
   7.60117302052786       2.007396484289436E-004
   7.61876832844575       2.010092195276380E-004
   7.63636363636364       2.003380018006931E-004
   7.65395894428153       2.001401174705078E-004
   7.67155425219941       1.989827318992559E-004
   7.68914956011730       1.982496475355817E-004
   7.70674486803519       1.965719208246812E-004
   7.72434017595308       1.952952004449350E-004
   7.74193548387097       1.931106423635756E-004
   7.75953079178886       1.913217757846781E-004
   7.77712609970675       1.886771008868977E-004
   7.79472140762463       1.864332944835516E-004
   7.81231671554252       1.833839275745427E-004
   7.82991202346041       1.806899038980037E-004
   7.84750733137830       1.771579815235758E-004
   7.86510263929619       1.739041856842265E-004
   7.88269794721408       1.698095729642057E-004
   7.90029325513197       1.659541781880438E-004
   7.91788856304985       1.612888373367246E-004
   7.93548387096774       1.568553478339985E-004
   7.95307917888563       1.516746149688190E-004
   7.97067448680352       1.467504588398787E-004
   7.98826979472141       1.411766832386681E-004
   8.00586510263930       1.359247665540243E-004
   8.02346041055718       1.301447558562394E-004
   8.04105571847507       1.246927037315439E-004
   8.05865102639296       1.187167581815239E-004
   8.07624633431085       1.130083777899973E-004
   8.09384164222874       1.067762868187810E-004
   8.11143695014663       1.007614718714355E-004
   8.12903225806452       9.423819968544785E-005
   8.14662756598241       8.790028356727865E-005
   8.16422287390029       8.109141258244035E-005
   8.18181818181818       7.446223113341555E-005
   8.19941348973607       6.743302501545268E-005
   8.21700879765396       6.061802478681758E-005
   8.23460410557185       5.347629449838050E-005
   8.25219941348974       4.650837547007257E-005
   8.26979472140763       3.920911856765013E-005
   8.28739002932551       3.201937196404608E-005
   8.30498533724340       2.449769119633828E-005
   8.32258064516129       1.703325148498436E-005
   8.34017595307918       9.255207633482670E-006
   8.35777126099707       1.506805127345801E-006
   8.37536656891496      -6.503505774141383E-006
   8.39296187683285      -1.446753502747178E-005
   8.41055718475073      -2.256826383189339E-005
   8.42815249266862      -3.050511701913192E-005
   8.44574780058651      -3.842161449597675E-005
   8.46334310850440      -4.614103485089938E-005
   8.48093841642229      -5.377954744598859E-005
   8.49853372434018      -6.123602343359774E-005
   8.51612903225807      -6.857363052750801E-005
   8.53372434017595      -7.575569536054097E-005
   8.55131964809384      -8.278285175877318E-005
   8.56891495601173      -8.967444387258589E-005
   8.58651026392962      -9.635788231919499E-005
   8.60410557184751      -1.028894253321283E-004
   8.62170087976540      -1.090867768326693E-004
   8.63929618768329      -1.150525248687999E-004
   8.65689149560117      -1.205949531065775E-004
   8.67448680351906      -1.259253878483508E-004
   8.69208211143695      -1.308123303787058E-004
   8.70967741935484      -1.355451928489894E-004
   8.72727272727273      -1.398404232032512E-004
   8.74486803519062      -1.440562463744958E-004
   8.76246334310851      -1.478495460608697E-004
   8.78005865102639      -1.516382542837901E-004
   8.79765395894428      -1.550073912106681E-004
   8.81524926686217      -1.583958189133731E-004
   8.83284457478006      -1.612328184962617E-004
   8.85043988269795      -1.639823277456468E-004
   8.86803519061584      -1.660478545179909E-004
   8.88563049853373      -1.679895779123767E-004
   8.90322580645161      -1.691724459510565E-004
   8.92082111436950      -1.702379895312796E-004
   8.93841642228739      -1.705045699120702E-004
   8.95601173020528      -1.706892483562996E-004
   8.97360703812317      -1.700582123829716E-004
   8.99120234604106      -1.693979474262795E-004
   9.00879765395895      -1.679081078757910E-004
   9.02639296187683      -1.663872816622479E-004
   9.04398826979472      -1.639128742870765E-004
   9.06158357771261      -1.613479059061030E-004
   9.07917888563050      -1.577396665917519E-004
   9.09677419354839      -1.540377992740127E-004
   9.11436950146628      -1.492501094842518E-004
   9.13196480938416      -1.444090140386406E-004
   9.14956011730205      -1.384809519605673E-004
   9.16715542521994      -1.325803350150814E-004
   9.18475073313783      -1.256329579531640E-004
   9.20234604105572      -1.188378163030526E-004
   9.21994134897361      -1.110613762836415E-004
   9.23753665689150      -1.034890734859319E-004
   9.25513196480938      -9.484862593154687E-005
   9.27272727272727      -8.638020287328280E-005
   9.29032258064516      -7.676223994384079E-005
   9.30791788856305      -6.730946844455793E-005
   9.32551319648094      -5.665513684693352E-005
   9.34310850439883      -4.619169726167955E-005
   9.36070381231672      -3.451087817489517E-005
   9.37829912023460      -2.308744790381972E-005
   9.39589442815249      -1.047893352345619E-005
   9.41348973607038       1.744795286932277E-006
   9.43108504398827       1.509155409625584E-005
   9.44868035190616       2.799544750904931E-005
   9.46627565982405       4.206213547923154E-005
   9.48387096774194       5.566886077003658E-005
   9.50146627565982       7.047373874625346E-005
   9.51906158357771       8.478453653257589E-005
   9.53665689149560       1.003034760777555E-004
   9.55425219941349       1.152619488890716E-004
   9.57184750733138       1.313970381070382E-004
   9.58944281524927       1.468526653355527E-004
   9.60703812316716       1.633743522964371E-004
   9.62463343108504       1.790061747289824E-004
   9.64222873900293       1.956014050718763E-004
   9.65982404692082       2.112422036853275E-004
   9.67741935483871       2.278780155388970E-004
   9.69501466275660       2.435456708332118E-004
   9.71260997067449       2.602541323982609E-004
   9.73020527859238       2.759811533294655E-004
   9.74780058651026       2.927823670124383E-004
   9.76539589442815       3.085659598129318E-004
   9.78299120234604       3.254191040819429E-004
   9.80058651026393       3.411579030570884E-004
   9.81818181818182       3.578496588875444E-004
   9.83577712609971       3.732121510775113E-004
   9.85337243401760       3.894344057726149E-004
   9.87096774193548       4.042536881725601E-004
   9.88856304985337       4.199436961713955E-004
   9.90615835777126       4.342075743115024E-004
   9.92375366568915       4.493805822515615E-004
   9.94134897360704       4.631166329279069E-004
   9.95894428152493       4.777990852334369E-004
   9.97653958944282       4.910175113432868E-004
   9.99413489736071       5.051827536708717E-004
   10.0117302052786       5.177680591574601E-004
   10.0293255131965       5.311253963385336E-004
   10.0469208211144       5.426685237074035E-004
   10.0645161290323       5.548859181544321E-004
   10.0821114369501       5.652080665445028E-004
   10.0997067448680       5.762111793834590E-004
   10.1173020527859       5.853068388605072E-004
   10.1348973607038       5.951412625530344E-004
   10.1524926686217       6.030947624574873E-004
   10.1700879765396       6.118706172365385E-004
   10.1876832844575       6.188047778926374E-004
   10.2052785923754       6.266296553470708E-004
   10.2228739002933       6.325453125988260E-004
   10.2404692082111       6.392109691955392E-004
   10.2580645161290       6.437840636039012E-004
   10.2756598240469       6.490362948299648E-004
   10.2932551319648       6.521276302453953E-004
   10.3108504398827       6.559128244658497E-004
   10.3284457478006       6.575421727375096E-004
   10.3460410557185       6.599431277289222E-004
   10.3636363636364       6.602507600659060E-004
   10.3812316715543       6.614571400775218E-004
   10.3988269794721       6.606742218341217E-004
   10.4164222873900       6.609137592277155E-004
   10.4340175953079       6.591167888611053E-004
   10.4516129032258       6.582386664504018E-004
   10.4692082111437       6.552110139826128E-004
   10.4868035190616       6.530777106912749E-004
   10.5043988269795       6.487780176081709E-004
   10.5219941348974       6.454372318632902E-004
   10.5395894428153       6.400023820095484E-004
   10.5571847507331       6.356809085311854E-004
   10.5747800586510       6.294335914298672E-004
   10.5923753665689       6.245573130805170E-004
   10.6099706744868       6.180424377439320E-004
   10.6275659824047       6.131462428652496E-004
   10.6451612903226       6.065815453740020E-004
   10.6627565982405       6.014997058477956E-004
   10.6803519061584       5.945885935017694E-004
   10.6979472140762       5.890614410249420E-004
   10.7155425219941       5.816135526419668E-004
   10.7331378299120       5.755361356329971E-004
   10.7507331378299       5.675519471749249E-004
   10.7683284457478       5.610519920078496E-004
   10.7859237536657       5.528216660266637E-004
   10.8035190615836       5.464209904629525E-004
   10.8211143695015       5.387679137902611E-004
   10.8387096774194       5.333159485516004E-004
   10.8563049853372       5.265848872092757E-004
   10.8739002932551       5.218690317614464E-004
   10.8914956011730       5.156033389050135E-004
   10.9090909090909       5.110759000870753E-004
   10.9266862170088       5.046911534575914E-004
   10.9442815249267       4.997722676747410E-004
   10.9618768328446       4.927303639587389E-004
   10.9794721407625       4.869709653967914E-004
   10.9970674486804       4.789813251714183E-004
   11.0146627565982       4.724480860301405E-004
   11.0322580645161       4.642427864271772E-004
   11.0498533724340       4.580984066473938E-004
   11.0674486803519       4.506023044439345E-004
   11.0850439882698       4.453200353040219E-004
   11.1026392961877       4.386999937988388E-004
   11.1202346041056       4.342326033795331E-004
   11.1378299120235       4.282761823713665E-004
   11.1554252199413       4.242778864110211E-004
   11.1730205278592       4.185384693819721E-004
   11.1906158357771       4.144931309502038E-004
   11.2082111436950       4.084656699979467E-004
   11.2258064516129       4.042844211371421E-004
   11.2434017595308       3.988140987641831E-004
   11.2609970674487       3.960128648658297E-004
   11.2785923753666       3.925709086943970E-004
   11.2961876832845       3.923261477748578E-004
   11.3137829912023       3.918400977307485E-004
   11.3313782991202       3.948455849733113E-004
   11.3489736070381       3.977827266291927E-004
   11.3665689149560       4.042732201960812E-004
   11.3841642228739       4.106217459351690E-004
   11.4017595307918       4.202974440100925E-004
   11.4193548387097       4.293972849614046E-004
   11.4369501466276       4.413261820621987E-004
   11.4545454545455       4.523189310829702E-004
   11.4721407624633       4.658557828048749E-004
   11.4897360703812       4.781543794390375E-004
   11.5073313782991       4.926523349679009E-004
   11.5249266862170       5.055060352283428E-004
   11.5425219941349       5.200706128050455E-004
   11.5601173020528       5.324077302070766E-004
   11.5777126099707       5.457389514660582E-004
   11.5953079178886       5.559648382717582E-004
   11.6129032258065       5.660516690336333E-004
   11.6304985337243       5.721580901533030E-004
   11.6480938416422       5.781301646350251E-004
   11.6656891495601       5.806854262523936E-004
   11.6832844574780       5.837770124296952E-004
   11.7008797653959       5.841555928591469E-004
   11.7184750733138       5.857419708276432E-004
   11.7360703812317       5.852372326165271E-004
   11.7536656891496       5.864446383843954E-004
   11.7712609970675       5.859109015465809E-004
   11.7888563049853       5.871696649592225E-004
   11.8064516129032       5.862396869072854E-004
   11.8240469208211       5.855293733680510E-004
   11.8416422287390       5.805018747650012E-004
   11.8592375366569       5.743198831794688E-004
   11.8768328445748       5.633243832876245E-004
   11.8944281524927       5.511482069666133E-004
   11.9120234604106       5.345650286084240E-004
   11.9296187683284       5.175265514248575E-004
   11.9472140762463       4.971532418372870E-004
   11.9648093841642       4.776777236959805E-004
   11.9824046920821       4.565634960524845E-004
   12.0000000000000       4.383641324865659E-004
   12.0175953079179       4.207216161867763E-004
   12.0351906158358       4.069526929332400E-004
   12.0527859237537       3.931165605283123E-004
   12.0703812316716       3.821198369728285E-004
   12.0879765395894       3.701336132388831E-004
   12.1055718475073       3.601706104483755E-004
   12.1231671554252       3.486119113260322E-004
   12.1407624633431       3.386586433084673E-004
   12.1583577712610       3.269896300649008E-004
   12.1759530791789       3.171255146273371E-004
   12.1935483870968       3.062366297610684E-004
   12.2111436950147       2.986783248561413E-004
   12.2287390029326       2.923382669353377E-004
   12.2463343108504       2.906262567594348E-004
   12.2639296187683       2.900589201801406E-004
   12.2815249266862       2.933084415329713E-004
   12.2991202346041       2.965666046010962E-004
   12.3167155425220       3.021944294563252E-004
   12.3343108504399       3.062301644351054E-004
   12.3519061583578       3.108387741769176E-004
   12.3695014662757       3.119936281027760E-004
   12.3870967741935       3.117431445011276E-004
   12.4046920821114       3.061245972612312E-004
   12.4222873900293       2.983127356864143E-004
   12.4398826979472       2.873364741767053E-004
   12.4574780058651       2.781089969316043E-004
   12.4750733137830       2.695937990882380E-004
   12.4926686217009       2.664343148160855E-004
   12.5102639296188       2.674524348121593E-004
   12.5278592375367       2.770601194148237E-004
   12.5454545454545       2.939543647165688E-004
   12.5630498533724       3.223072725185676E-004
   12.5806451612903       3.606560083405387E-004
   12.5982404692082       4.128453449859334E-004
   12.6158357771261       4.765073589108481E-004
   12.6334310850440       5.519817059920008E-004
   12.6510263929619       6.338660967291525E-004
   12.6686217008798       7.220900338493422E-004
   12.6862170087977       8.116012271324459E-004
   12.7038123167155       9.024788897999877E-004
   12.7214076246334       9.899283779738180E-004
   12.7390029325513       1.074166793204407E-003
   12.7565982404692       1.150694184959124E-003
   12.7741935483871       1.219958813908413E-003
   12.7917888563050       1.277924863916753E-003
   12.8093841642229       1.325895273793462E-003
   12.8269794721408       1.363232275909612E-003
   12.8445747800587       1.394983123295655E-003
   12.8621700879765       1.421222759872871E-003
   12.8797653958944       1.446046174464433E-003
   12.8973607038123       1.469060876451925E-003
   12.9149560117302       1.493837874074966E-003
   12.9325513196481       1.519701386102224E-003
   12.9501466275660       1.549826075524443E-003
   12.9677419354839       1.583350856784213E-003
   12.9853372434018       1.623162258072226E-003
   13.0029325513196       1.668414103722196E-003
   13.0205278592375       1.722265239083824E-003
   13.0381231671554       1.784252836033049E-003
   13.0557184750733       1.856680096133816E-003
   13.0733137829912       1.938039764418867E-003
   13.0909090909091       2.029639518723863E-003
   13.1085043988270       2.129146912609917E-003
   13.1260997067449       2.236849177975556E-003
   13.1436950146628       2.349433405200364E-003
   13.1612903225806       2.465899051155380E-003
   13.1788856304985       2.581438751397421E-003
   13.1964809384164       2.692897193023370E-003
   13.2140762463343       2.791888105204151E-003
   13.2316715542522       2.874734136568911E-003
   13.2492668621701       2.940029761006761E-003
   13.2668621700880       2.990030676022888E-003
   13.2844574780059       3.025888774684491E-003
   13.3020527859238       3.051172062922567E-003
   13.3196480938416       3.068104680485567E-003
   13.3372434017595       3.080822776919132E-003
   13.3548387096774       3.092074359911772E-003
   13.3724340175953       3.106001766888800E-003
   13.3900293255132       3.125224049200856E-003
   13.4076246334311       3.152233745493915E-003
   13.4252199413490       3.182683108762714E-003
   13.4428152492669       3.210231489105585E-003
   13.4604105571848       3.229964967363112E-003
   13.4780058651026       3.239016278136457E-003
   13.4956011730205       3.235190317618121E-003
   13.5131964809384       3.217911304935098E-003
   13.5307917888563       3.187368863402315E-003
   13.5483870967742       3.145249899840605E-003
   13.5659824046921       3.094399340103375E-003
   13.5835777126100       3.039425024733454E-003
   13.6011730205279       2.987338410958152E-003
   13.6187683284457       2.947136373516187E-003
   13.6363636363636       2.920582205999686E-003
   13.6539589442815       2.903217493468958E-003
   13.6715542521994       2.890668420812475E-003
   13.6891495601173       2.876624441804354E-003
   13.7067448680352       2.856078183393893E-003
   13.7243401759531       2.822492763359317E-003
   13.7419354838710       2.771464143583543E-003
   13.7595307917889       2.697285074710080E-003
   13.7771260997067       2.597670519644467E-003
   13.7947214076246       2.469846658496292E-003
   13.8123167155425       2.320770963859083E-003
   13.8299120234604       2.169309559697128E-003
   13.8475073313783       2.034882699367587E-003
   13.8651026392962       1.928905422966225E-003
   13.8826979472141       1.861675542977136E-003
   13.9002932551320       1.837894724537785E-003
   13.9178885630499       1.862135565462172E-003
   13.9354838709677       1.933236207289493E-003
   13.9530791788856       2.049971866168047E-003
   13.9706744868035       2.204239901634767E-003
   13.9882697947214       2.386723198637036E-003
   14.0058651026393       2.575561607910597E-003
   14.0234604105572       2.741689933287833E-003
   14.0410557184751       2.861417243694579E-003
   14.0586510263930       2.928179673430741E-003
   14.0762463343109       2.934880363069622E-003
   14.0938416422287       2.883426692226684E-003
   14.1114369501466       2.773291859779707E-003
   14.1290322580645       2.611852842749309E-003
   14.1466275659824       2.403513831757474E-003
   14.1642228739003       2.160617861964636E-003
   14.1818181818182       1.892815575766104E-003
   14.1994134897361       1.619068764527970E-003
   14.2170087976540       1.357732562246984E-003
   14.2346041055718       1.125324048767891E-003
   14.2521994134897       9.224194433526387E-004
   14.2697947214076       7.545306343832250E-004
   14.2873900293255       6.181100758088074E-004
   14.3049853372434       5.163877193082218E-004
   14.3225806451613       4.440035929906335E-004
   14.3401759530792       4.030669252105939E-004
   14.3577712609971       3.870188634682619E-004
   14.3753665689150       3.972772177635997E-004
   14.3929618768328       4.263071336489025E-004
   14.4105571847507       4.748765306137904E-004
   14.4281524926686       5.345138059325332E-004
   14.4457478005865       6.061858476296984E-004
   14.4633431085044       6.815146728912192E-004
   14.4809384164223       7.617731628499150E-004
   14.4985337243402       8.383450095651204E-004
   14.5161290322581       9.127391513046569E-004
   14.5337243401760       9.761408867890151E-004
   14.5513196480938       1.030401067932939E-003
   14.5689149560117       1.066665016424881E-003
   14.5865102639296       1.087412273754523E-003
   14.6041055718475       1.084445113558602E-003
   14.6217008797654       1.065711739125328E-003
   14.6392961876833       1.033395106159357E-003
   14.6568914956012       1.000790641138900E-003
   14.6744868035191       9.681706259874550E-004
   14.6920821114370       9.475617115085728E-004
   14.7096774193548       9.375674313108227E-004
   14.7272727272727       9.492002708999347E-004
   14.7448680351906       9.793976017769370E-004
   14.7624633431085       1.037981798364776E-003
   14.7800586510264       1.119741169491254E-003
   14.7976539589443       1.232394615185566E-003
   14.8152492668622       1.365109247551025E-003
   14.8328445747801       1.516722544372414E-003
   14.8504398826979       1.673034038800771E-003
   14.8680351906158       1.836442002989543E-003
   14.8856304985337       1.994995520513949E-003
   14.9032258064516       2.153025148652771E-003
   14.9208211143695       2.299483720292691E-003
   14.9384164222874       2.440027182522504E-003
   14.9560117302053       2.564161076153187E-003
   14.9736070381232       2.678653814911066E-003
   14.9912023460411       2.773443055416584E-003
   15.0087976539589       2.856433596843530E-003
   15.0263929618768       2.918109478226415E-003
   15.0439882697947       2.967210911494675E-003
   15.0615835777126       2.994067845472775E-003
   15.0791788856305       3.008036032032279E-003
   15.0967741935484       2.999516369379538E-003
   15.1143695014663       2.978668452840186E-003
   15.1319648093842       2.936077291581064E-003
   15.1495601173021       2.882871844827106E-003
   15.1671554252199       2.810029442346175E-003
   15.1847507331378       2.730025822841905E-003
   15.2023460410557       2.635026767775474E-003
   15.2199413489736       2.540997869778014E-003
   15.2375366568915       2.442159151229899E-003
   15.2551319648094       2.352940923699288E-003
   15.2727272727273       2.264463080851804E-003
   15.2903225806452       2.190046067070010E-003
   15.3079178885631       2.119229611122792E-003
   15.3255131964809       2.064736765124897E-003
   15.3431085043988       2.014729460594521E-003
   15.3607038123167       1.981351160485202E-003
   15.3782991202346       1.951187928813223E-003
   15.3958944281525       1.935363772725155E-003
   15.4134897360704       1.917307624823708E-003
   15.4310850439883       1.905491503172204E-003
   15.4486803519062       1.883926807548671E-003
   15.4662756598240       1.864547576598458E-003
   15.4838709677419       1.832774577752939E-003
   15.5014662756598       1.802137015084441E-003
   15.5190615835777       1.758575403657129E-003
   15.5366568914956       1.716918317045802E-003
   15.5542521994135       1.663502596192961E-003
   15.5718475073314       1.614510748396614E-003
   15.5894428152493       1.556875096072955E-003
   15.6070381231672       1.508894186856232E-003
   15.6246334310850       1.458191805635330E-003
   15.6422287390029       1.420998110237814E-003
   15.6598240469208       1.380451930362828E-003
   15.6774193548387       1.351405738247865E-003
   15.6950146627566       1.315634844025156E-003
   15.7126099706745       1.287742093743390E-003
   15.7302052785924       1.248410327276565E-003
   15.7478005865103       1.212126298503341E-003
   15.7653958944282       1.158450010314422E-003
   15.7829912023460       1.101595804933484E-003
   15.8005865102639       1.019525402429424E-003
   15.8181818181818       9.258486629951497E-004
   15.8357771260997       8.011405427645950E-004
   15.8533724340176       6.657967888668521E-004
   15.8709677419355       5.030025961900082E-004
   15.8885630498534       3.350267027066054E-004
   15.9061583577713       1.455884107419967E-004
   15.9237536656892      -4.151975855960810E-005
   15.9413489736070      -2.421284196091091E-004
   15.9589442815249      -4.307882028187671E-004
   15.9765395894428      -6.225259856143195E-004
   15.9941348973607      -7.895373408966444E-004
   16.0117302052786      -9.441404783792391E-004
   16.0293255131965      -1.057552975021586E-003
   16.0469208211144      -1.150269346874769E-003
   16.0645161290323      -1.200433818022838E-003
   16.0821114369501      -1.232608485470327E-003
   16.0997067448680      -1.226454474932178E-003
   16.1173020527859      -1.209104141083227E-003
   16.1348973607038      -1.161314522078175E-003
   16.1524926686217      -1.112751037673458E-003
   16.1700879765396      -1.045523480518804E-003
   16.1876832844575      -9.925349055333475E-004
   16.2052785923754      -9.392394604275211E-004
   16.2228739002933      -9.230247935460383E-004
   16.2404692082111      -9.227119986883448E-004
   16.2580645161290      -9.647238445292106E-004
   16.2756598240469      -1.021091374213538E-003
   16.2932551319648      -1.116184052050844E-003
   16.3108504398827      -1.218857499520572E-003
   16.3284457478006      -1.352389843825213E-003
   16.3460410557185      -1.482890508511261E-003
   16.3636363636364      -1.632648604868883E-003
   16.3812316715543      -1.764736522086214E-003
   16.3988269794721      -1.899701376239224E-003
   16.4164222873900      -1.996569406204795E-003
   16.4340175953079      -2.081924534918473E-003
   16.4516129032258      -2.126147074591880E-003
   16.4692082111437      -2.163058061887081E-003
   16.4868035190616      -2.163949493050217E-003
   16.5043988269795      -2.164796244899418E-003
   16.5219941348974      -2.136630100805341E-003
   16.5395894428153      -2.117034185994767E-003
   16.5571847507331      -2.076375631034306E-003
   16.5747800586510      -2.053568311036234E-003
   16.5923753665689      -2.017970914231919E-003
   16.6099706744868      -2.009013972920191E-003
   16.6275659824047      -1.989308306052649E-003
   16.6451612903226      -1.991367811597599E-003
   16.6627565982405      -1.974049181796012E-003
   16.6803519061584      -1.972123178445011E-003
   16.6979472140762      -1.944006144330932E-003
   16.7155425219941      -1.926506415308313E-003
   16.7331378299120      -1.877431404288320E-003
   16.7507331378299      -1.835668397618209E-003
   16.7683284457478      -1.758415630549802E-003
   16.7859237536657      -1.686880089166558E-003
   16.8035190615836      -1.578057223649492E-003
   16.8211143695015      -1.477622908743635E-003
   16.8387096774194      -1.345302680143034E-003
   16.8563049853372      -1.229645045163134E-003
   16.8739002932551      -1.087892721617743E-003
   16.8914956011730      -9.698475749285792E-004
   16.9090909090909      -8.308290294532652E-004
   16.9266862170088      -7.223465503312065E-004
   16.9442815249267      -5.979625308638974E-004
   16.9618768328446      -5.112080662906700E-004
   16.9794721407625      -4.140506926885505E-004
   16.9970674486804      -3.625379199452544E-004
   17.0146627565982      -3.073136804582639E-004
   17.0322580645161      -3.031588443955754E-004
   17.0498533724340      -2.916953095427514E-004
   17.0674486803519      -3.263158737521583E-004
   17.0850439882698      -3.451026568217368E-004
   17.1026392961877      -4.029872636680831E-004
   17.1202346041056      -4.347944112573161E-004
   17.1378299120235      -4.973105263302806E-004
   17.1554252199413      -5.219192535823537E-004
   17.1730205278592      -5.673262027241716E-004
   17.1906158357771      -5.609607122703513E-004
   17.2082111436950      -5.628175522256071E-004
   17.2258064516129      -4.990033568594719E-004
   17.2434017595308      -4.418536219587905E-004
   17.2609970674487      -3.218645757196591E-004
   17.2785923753666      -2.173005139342013E-004
   17.2961876832845      -5.612610045730382E-005
   17.3137829912023       7.843169835093555E-005
   17.3313782991202       2.615652347788276E-004
   17.3489736070381       4.047616582565030E-004
   17.3665689149560       5.866629446968365E-004
   17.3841642228739       7.126599563165409E-004
   17.4017595307918       8.644245388260551E-004
   17.4193548387097       9.405611888412701E-004
   17.4369501466276       1.034725477055716E-003
   17.4545454545455       1.050422881208316E-003
   17.4721407624633       1.092330078281183E-003
   17.4897360703812       1.059183942234797E-003
   17.5073313782991       1.064191097900511E-003
   17.5249266862170       9.997360963037239E-004
   17.5425219941349       9.882240647268389E-004
   17.5601173020528       9.145065776970981E-004
   17.5777126099707       9.114981719352806E-004
   17.5953079178886       8.554725261388486E-004
   17.6129032258065       8.917409003517106E-004
   17.6304985337243       8.792912246388107E-004
   17.6480938416422       9.642847451886936E-004
   17.6656891495601       9.857020540699226E-004
   17.6832844574780       1.103851596912372E-003
   17.7008797653959       1.140419923415955E-003
   17.7184750733138       1.274085006753328E-003
   17.7360703812317       1.305674979754885E-003
   17.7536656891496       1.437163417899555E-003
   17.7712609970675       1.443250743809328E-003
   17.7888563049853       1.556147756945795E-003
   17.8064516129032       1.516890790819309E-003
   17.8240469208211       1.602524317154548E-003
   17.8416422287390       1.516647480762915E-003
   17.8592375366569       1.597834467232800E-003
   17.8768328445748       1.482238628278100E-003
   17.8944281524927       1.594301044382573E-003
   17.9120234604106       1.464530504189836E-003
   17.9296187683284       1.664800808117807E-003
   17.9472140762463       1.535988687815652E-003
   17.9648093841642       1.966663684961332E-003
   17.9824046920821       1.855876715100069E-003
   18.0000000000000       3.427817954163594E-003
