  1.759530791788856E-002  3.221029044317611E-004
  3.519061583577713E-002  2.306714479683689E-004
  5.278592375366570E-002  1.393227358141707E-004
  7.038123167155426E-002  4.813951227836788E-005
  8.797653958944282E-002 -4.279547832983499E-005
  0.105571847507331      -1.333994917012453E-004
  0.123167155425220      -2.235897835266649E-004
  0.140762463343109      -3.132836094968966E-004
  0.158357771260997      -4.023982253027404E-004
  0.175953079178886      -4.908508866349930E-004
  0.193548387096774      -5.785588491844650E-004
  0.211143695014663      -6.654393686419515E-004
  0.228739002932551      -7.513863746603462E-004
  0.246334310850440      -8.359870011704056E-004
  0.263929618768328      -9.186121018822917E-004
  0.281524926686217      -9.986280040509318E-004
  0.299120234604106      -1.075401034931253E-003
  0.316715542521994      -1.148297521778179E-003
  0.334310850439883      -1.216683791846644E-003
  0.351906158357771      -1.279926172391569E-003
  0.369501466275660      -1.337390990667885E-003
  0.387096774193548      -1.388444573930516E-003
  0.404692082111437      -1.432453249434388E-003
  0.422287390029326      -1.468786391773852E-003
  0.439882697947214      -1.497127775264730E-003
  0.457478005865103      -1.517744549262620E-003
  0.475073313782991      -1.530967238260066E-003
  0.492668621700880      -1.537126366749622E-003
  0.510263929618768      -1.536552459223833E-003
  0.527859237536657      -1.529576040175250E-003
  0.545454545454546      -1.516527634096418E-003
  0.563049853372434      -1.497737765479885E-003
  0.580645161290323      -1.473536958818200E-003
  0.598240469208211      -1.444255738603912E-003
  0.615835777126100      -1.410224629329567E-003
  0.633431085043988      -1.371707295236447E-003
  0.651026392961877      -1.328605768232858E-003
  0.668621700879765      -1.280700374392486E-003
  0.686217008797654      -1.227771348074005E-003
  0.703812316715543      -1.169598923636084E-003
  0.721407624633431      -1.105963335437391E-003
  0.739002932551320      -1.036644817836599E-003
  0.756598240469208      -9.614236051923759E-004
  0.774193548387097      -8.800799318633879E-004
  0.791788856304985      -7.923940322083167E-004
  0.809384164222874      -6.981461405858177E-004
  0.826979472140763      -5.971497146776679E-004
  0.844574780058651      -4.898748270219564E-004
  0.862170087976540      -3.773934633307185E-004
  0.879765395894428      -2.607998663469071E-004
  0.897360703812317      -1.411882788134695E-004
  0.914956011730205      -1.965294347334701E-005
  0.932551319648094       1.027118969305143E-004
  0.950146627565982       2.248119996551641E-004
  0.967741935483871       3.455531219576642E-004
  0.985337243401760       4.638410210950607E-004
   1.00293255131965       5.785814543244112E-004
   1.02052785923754       6.886811573242287E-004
   1.03812316715543       7.933785506499203E-004
   1.05571847507331       8.927251230948699E-004
   1.07331378299120       9.868946661356929E-004
   1.09090909090909       1.076060971248996E-003
   1.10850439882698       1.160397829911394E-003
   1.12609970674487       1.240079033599483E-003
   1.14369501466276       1.315278373789888E-003
   1.16129032258065       1.386169641959207E-003
   1.17888563049853       1.452926629584057E-003
   1.19648093841642       1.515723128141040E-003
   1.21407624633431       1.574732929106772E-003
   1.23167155425220       1.630103416938420E-003
   1.24926686217009       1.681786811715154E-003
   1.26686217008798       1.729647860264244E-003
   1.28445747800587       1.773550896803297E-003
   1.30205278592375       1.813360255549914E-003
   1.31964809384164       1.848940270721697E-003
   1.33724340175953       1.880155276536246E-003
   1.35483870967742       1.906869607211164E-003
   1.37243401759531       1.928947596964054E-003
   1.39002932551320       1.946253580012519E-003
   1.40762463343109       1.958651890574156E-003
   1.42521994134897       1.966013098038131E-003
   1.44281524926686       1.968408475069711E-003
   1.46041055718475       1.966148174910158E-003
   1.47800586510264       1.959556294086055E-003
   1.49560117302053       1.948956929124004E-003
   1.51319648093842       1.934674176550589E-003
   1.53079178885631       1.917032132892399E-003
   1.54838709677419       1.896354894676030E-003
   1.56598240469208       1.872966558428069E-003
   1.58357771260997       1.847191220675109E-003
   1.60117302052786       1.819352977943741E-003
   1.61876832844575       1.789775904140808E-003
   1.63636363636364       1.758691513167171E-003
   1.65395894428153       1.726027920253057E-003
   1.67155425219941       1.691651172042074E-003
   1.68914956011730       1.655427315177831E-003
   1.70674486803519       1.617222396303946E-003
   1.72434017595308       1.576902462064031E-003
   1.74193548387097       1.534333559101693E-003
   1.75953079178886       1.489381734060548E-003
   1.77712609970675       1.441913033584206E-003
   1.79472140762463       1.391793504316283E-003
   1.81231671554252       1.338889192900383E-003
   1.82991202346041       1.283106724786889E-003
   1.84750733137830       1.224771645410843E-003
   1.86510263929619       1.164456640520198E-003
   1.88269794721408       1.102737590113000E-003
   1.90029325513196       1.040190374187294E-003
   1.91788856304985       9.773908727411279E-004
   1.93548387096774       9.149149657725428E-004
   1.95307917888563       8.533385332795866E-004
   1.97067448680352       7.932374552603074E-004
   1.98826979472141       7.351876117127460E-004
   2.00586510263930       6.797648826349536E-004
   2.02346041055718       6.275406355353266E-004
   2.04105571847507       5.788154885434626E-004
   2.05865102639296       5.334703982518205E-004
   2.07624633431085       4.913502213356911E-004
   2.09384164222874       4.522998144703488E-004
   2.11143695014663       4.161640343310869E-004
   2.12903225806452       3.827877375931906E-004
   2.14662756598241       3.520157809319446E-004
   2.16422287390029       3.236930210226300E-004
   2.18181818181818       2.976643145405361E-004
   2.19941348973607       2.737745181609475E-004
   2.21700879765396       2.518684885591525E-004
   2.23460410557185       2.318033618496617E-004
   2.25219941348974       2.134905611606875E-004
   2.26979472140762       1.968565068591959E-004
   2.28739002932551       1.818276198156476E-004
   2.30498533724340       1.683303209004981E-004
   2.32258064516129       1.562910309842098E-004
   2.34017595307918       1.456361709372308E-004
   2.35777126099707       1.362921616300277E-004
   2.37536656891496       1.281854239330543E-004
   2.39296187683284       1.212423787167641E-004
   2.41055718475073       1.153894468516261E-004
   2.42815249266862       1.105553584364752E-004
   2.44574780058651       1.067033964690073E-004
   2.46334310850440       1.038234428368664E-004
   2.48093841642229       1.019060636435192E-004
   2.49853372434018       1.009418249924180E-004
   2.51612903225806       1.009212929870359E-004
   2.53372434017595       1.018350337308366E-004
   2.55131964809384       1.036736133272772E-004
   2.56891495601173       1.064275978798249E-004
   2.58651026392962       1.100875534919439E-004
   2.60410557184751       1.146440462670992E-004
   2.62170087976540       1.200875689358068E-004
   2.63929618768328       1.263980722699676E-004
   2.65689149560117       1.335340708057457E-004
   2.67448680351906       1.414514763721753E-004
   2.69208211143695       1.501062007982834E-004
   2.70967741935484       1.594541559131029E-004
   2.72727272727273       1.694512535456537E-004
   2.74486803519062       1.800534055249749E-004
   2.76246334310850       1.912165236800889E-004
   2.78005865102639       2.028965198400233E-004
   2.79765395894428       2.150493058338122E-004
   2.81524926686217       2.276307934904859E-004
   2.83284457478006       2.405785721679815E-004
   2.85043988269795       2.537204465135615E-004
   2.86803519061584       2.668435147651156E-004
   2.88563049853372       2.797348084423975E-004
   2.90322580645161       2.921813590651480E-004
   2.92082111436950       3.039701981531212E-004
   2.93841642228739       3.148883572260634E-004
   2.95601173020528       3.247228678037204E-004
   2.97360703812317       3.332607614058428E-004
   2.99120234604106       3.402890695521772E-004
   3.00879765395894       3.455948237624700E-004
   3.02639296187683       3.489721009243513E-004
   3.04398826979472       3.503770213866305E-004
   3.06158357771261       3.499277489593158E-004
   3.07917888563050       3.477494928202907E-004
   3.09677419354839       3.439674621474386E-004
   3.11436950146628       3.387068661186409E-004
   3.13196480938416       3.320929139117837E-004
   3.14956011730205       3.242508147047440E-004
   3.16715542521994       3.153057776754099E-004
   3.18475073313783       3.053830120016624E-004
   3.20234604105572       2.946077268613855E-004
   3.21994134897361       2.831051175724993E-004
   3.23753665689150       2.709919231419739E-004
   3.25513196480938       2.583620760049032E-004
   3.27272727272727       2.453057023035930E-004
   3.29032258064516       2.319129281803390E-004
   3.30791788856305       2.182738797774376E-004
   3.32551319648094       2.044786832371949E-004
   3.34310850439883       1.906174647019018E-004
   3.36070381231672       1.767803503138702E-004
   3.37829912023460       1.630574662153819E-004
   3.39589442815249       1.495389385487510E-004
   3.41348973607038       1.363148934562716E-004
   3.43108504398827       1.234685692155279E-004
   3.44868035190616       1.110264747513356E-004
   3.46627565982405       9.898722050399978E-005
   3.48387096774194       8.734922273797525E-005
   3.50146627565982       7.611089771772373E-005
   3.51906158357771       6.527066170769319E-005
   3.53665689149560       5.482693097233998E-005
   3.55425219941349       4.477812177612106E-005
   3.57184750733138       3.512265038349133E-005
   3.58944281524927       2.585893305890555E-005
   3.60703812316716       1.698538606681410E-005
   3.62463343108504       8.500707221619747E-006
   3.64222873900293       4.145395916879679E-007
   3.65982404692082      -7.249255482592281E-006
   3.67741935483871      -1.446586642976386E-005
   3.69501466275660      -2.121048167838478E-005
   3.71260997067449      -2.745828965699797E-005
   3.73020527859238      -3.318447879416282E-005
   3.74780058651026      -3.836423751841844E-005
   3.76539589442815      -4.297275425832715E-005
   3.78299120234604      -4.698521744242797E-005
   3.80058651026393      -5.037681549927896E-005
   3.81818181818182      -5.312273747804877E-005
   3.83577712609971      -5.521665880888241E-005
   3.85337243401760      -5.671917193457127E-005
   3.87096774193548      -5.770600557700911E-005
   3.88856304985337      -5.825288845809162E-005
   3.90615835777126      -5.843554929971257E-005
   3.92375366568915      -5.832971682376481E-005
   3.94134897360704      -5.801111975215284E-005
   3.95894428152493      -5.755548680675643E-005
   3.97653958944282      -5.703854670948372E-005
   3.99413489736070      -5.653602818221798E-005
   4.01173020527859      -5.612365994686264E-005
   4.02932551319648      -5.587410054395930E-005
   4.04692082111437      -5.582431765593504E-005
   4.06451612903226      -5.598825260511958E-005
   4.08211143695015      -5.637946294118002E-005
   4.09970674486804      -5.701150621378154E-005
   4.11730205278592      -5.789793997259318E-005
   4.13489736070381      -5.905232176727787E-005
   4.15249266862170      -6.048820914750397E-005
   4.17008797653959      -6.221915966293689E-005
   4.18768328445748      -6.425873086324440E-005
   4.20527859237537      -6.662048029808953E-005
   4.22287390029326      -6.931793446955126E-005
   4.24046920821114      -7.236221771587659E-005
   4.25806451612903      -7.576038254092477E-005
   4.27565982404692      -7.951908702910838E-005
   4.29325513196481      -8.364498926485619E-005
   4.31085043988270      -8.814474733258510E-005
   4.32844574780059      -9.302501931671298E-005
   4.34604105571848      -9.829246330166813E-005
   4.36363636363636      -1.039537373718657E-004
   4.38123167155425      -1.100154996117259E-004
   4.39882697947214      -1.164844081056716E-004
   4.41642228739003      -1.233671209381253E-004
   4.43401759530792      -1.306677956702929E-004
   4.45161290322581      -1.383783670070409E-004
   4.46920821114370      -1.464870407388781E-004
   4.48680351906158      -1.549820217450535E-004
   4.50439882697947      -1.638515149048074E-004
   4.52199413489736      -1.730837250973854E-004
   4.53958944281525      -1.826668572020286E-004
   4.55718475073314      -1.925891160979811E-004
   4.57478005865103      -2.028387066644891E-004
   4.59237536656892      -2.134038337807921E-004
   4.60997067448680      -2.242727023261350E-004
   4.62756598240469      -2.354301792243691E-004
   4.64516129032258      -2.468039445392643E-004
   4.66275659824047      -2.582736309363421E-004
   4.68035190615836      -2.697173784110693E-004
   4.69794721407625      -2.810133269589113E-004
   4.71554252199414      -2.920396165753346E-004
   4.73313782991202      -3.026743872558022E-004
   4.75073313782991      -3.127957789957774E-004
   4.76832844574780      -3.222819317907300E-004
   4.78592375366569      -3.310109856361178E-004
   4.80351906158358      -3.388610805274137E-004
   4.82111436950147      -3.457103978841046E-004
   4.83870967741935      -3.514459010194704E-004
   4.85630498533724      -3.559741468117059E-004
   4.87390029325513      -3.592043432767551E-004
   4.89149560117302      -3.610456984305516E-004
   4.90909090909091      -3.614074202890455E-004
   4.92668621700880      -3.601987168681721E-004
   4.94428152492669      -3.573287961838710E-004
   4.96187683284458      -3.527068662520832E-004
   4.97947214076246      -3.462421350887492E-004
   4.99706744868035      -3.378438107098130E-004
   5.01466275659824      -3.274211011312142E-004
   5.03225806451613      -3.148962727084602E-004
   5.04985337243402      -3.002784036384966E-004
   5.06744868035191      -2.836119863351666E-004
   5.08504398826980      -2.649416176790500E-004
   5.10263929618768      -2.443118945506999E-004
   5.12023460410557      -2.217674138306905E-004
   5.13782991202346      -1.973527723995883E-004
   5.15542521994135      -1.711125671379550E-004
   5.17302052785924      -1.430913949263615E-004
   5.19061583577713      -1.133338526453722E-004
   5.20821114369502      -8.188453717555454E-005
   5.22580645161290      -4.878675228720575E-005
   5.24340175953079      -1.404883122343992E-005
   5.26099706744868       2.235904141047440E-005
   5.27859237536657       6.046861124967429E-005
   5.29618768328446       1.003116239292812E-004
   5.31378299120235       1.419198250844294E-004
   5.33137829912024       1.853249603502445E-004
   5.34897360703812       2.305587753618621E-004
   5.36656891495601       2.776530157544110E-004
   5.38416422287390       3.266394271630149E-004
   5.40175953079179       3.775497552228102E-004
   5.41935483870968       4.304157142551659E-004
   5.43695014662757       4.852274652210307E-004
   5.45454545454546       5.418516989230165E-004
   5.47214076246334       6.001322784322014E-004
   5.48973607038123       6.599130668196655E-004
   5.50733137829912       7.210379271564845E-004
   5.52492668621701       7.833507225137375E-004
   5.54252199413490       8.466953159625031E-004
   5.56011730205279       9.109155705738570E-004
   5.57771260997067       9.758553494188789E-004
   5.59530791788856       1.041358515568645E-003
   5.61290322580645       1.107268932094237E-003
   5.63049853372434       1.173428287385290E-003
   5.64809384164223       1.239658251651876E-003
   5.66568914956012       1.305769706658114E-003
   5.68328445747801       1.371573429600428E-003
   5.70087976539589       1.436880197675242E-003
   5.71847507331378       1.501500788078979E-003
   5.73607038123167       1.565245978008058E-003
   5.75366568914956       1.627926544658902E-003
   5.77126099706745       1.689353265227937E-003
   5.78885630498534       1.749336916911581E-003
   5.80645161290323       1.807688276906257E-003
   5.82404692082111       1.864218786566129E-003
   5.84164222873900       1.918771621610480E-003
   5.85923753665689       1.971234973282586E-003
   5.87683284457478       2.021500455408714E-003
   5.89442815249267       2.069459681815135E-003
   5.91202346041056       2.115004266328112E-003
   5.92961876832845       2.158025822773919E-003
   5.94721407624634       2.198415964978820E-003
   5.96480938416422       2.236066306769086E-003
   5.98240469208211       2.270868461970983E-003
   6.00000000000000       2.302714044410778E-003
   6.01759530791789       2.331494667914742E-003
   6.03519061583578       2.357101382003122E-003
   6.05278592375367       2.379422978972077E-003
   6.07038123167156       2.398347686811748E-003
   6.08797653958944       2.413763733512269E-003
   6.10557184750733       2.425559347063786E-003
   6.12316715542522       2.433622755456433E-003
   6.14076246334311       2.437842186680356E-003
   6.15835777126100       2.438105868725689E-003
   6.17595307917889       2.434302029582578E-003
   6.19354838709677       2.426318897241149E-003
   6.21114369501466       2.414044699691555E-003
   6.22873900293255       2.397376544796744E-003
   6.24633431085044       2.376328332950109E-003
   6.26392961876833       2.350996299181492E-003
   6.28152492668622       2.321478401674368E-003
   6.29912023460411       2.287872598612202E-003
   6.31671554252199       2.250276848178467E-003
   6.33431085043988       2.208789108556632E-003
   6.35190615835777       2.163507337930163E-003
   6.36950146627566       2.114529494482531E-003
   6.38709677419355       2.061953536397208E-003
   6.40469208211144       2.005877421857660E-003
   6.42228739002933       1.946399222645093E-003
   6.43988269794721       1.883628730631452E-003
   6.45747800586510       1.817697484554050E-003
   6.47507331378299       1.748739385627967E-003
   6.49266862170088       1.676888335068298E-003
   6.51026392961877       1.602278234090124E-003
   6.52785923753666       1.525042983908539E-003
   6.54545454545455       1.445316485738622E-003
   6.56304985337243       1.363232640795471E-003
   6.58064516129032       1.278925350294163E-003
   6.59824046920821       1.192528515449796E-003
   6.61583577712610       1.104176037477450E-003
   6.63343108504399       1.013998134360932E-003
   6.65102639296188       9.221051022994864E-004
   6.66862170087977       8.286005328998911E-004
   6.68621700879765       7.335880127164725E-004
   6.70381231671554       6.371711283035635E-004
   6.72140762463343       5.394534662154975E-004
   6.73900293255132       4.405386130065983E-004
   6.75659824046921       3.405301552312002E-004
   6.77419354838710       2.395316794436275E-004
   6.79178885630499       1.376467721982237E-004
   6.80938416422287       3.497902004931208E-005
   6.82697947214076      -6.836665706695144E-005
   6.84457478005865      -1.722589866934989E-004
   6.86217008797654      -2.765425392447021E-004
   6.87976539589443      -3.810609918732819E-004
   6.89736070381232      -4.856580217319597E-004
   6.91495601173021      -5.901773059734508E-004
   6.93255131964809      -6.944625217504696E-004
   6.95014662756598      -7.983573462157418E-004
   6.96774193548387      -9.017054565219831E-004
   6.98533724340176      -1.004350529821915E-003
   7.00293255131965      -1.106136243268250E-003
   7.02052785923754      -1.206906265027488E-003
   7.03812316715543      -1.306501216938397E-003
   7.05571847507331      -1.404754253292966E-003
   7.07331378299120      -1.501497405105992E-003
   7.09090909090909      -1.596562703392278E-003
   7.10850439882698      -1.689782179166625E-003
   7.12609970674487      -1.780987863443837E-003
   7.14369501466276      -1.870011787238709E-003
   7.16129032258065      -1.956685981566048E-003
   7.17888563049853      -2.040842477440652E-003
   7.19648093841642      -2.122313305877324E-003
   7.21407624633431      -2.200930497890857E-003
   7.23167155425220      -2.276522601266162E-003
   7.24926686217009      -2.348892420542141E-003
   7.26686217008798      -2.417831222058651E-003
   7.28445747800587      -2.483130217730091E-003
   7.30205278592375      -2.544580619470846E-003
   7.31964809384164      -2.601973639195307E-003
   7.33724340175953      -2.655100488817873E-003
   7.35483870967742      -2.703752380252929E-003
   7.37243401759531      -2.747720525414867E-003
   7.39002932551320      -2.786796136218081E-003
   7.40762463343109      -2.820770424576967E-003
   7.42521994134897      -2.849437083483384E-003
   7.44281524926686      -2.872669669068986E-003
   7.46041055718475      -2.890436791981720E-003
   7.47800586510264      -2.902712611132455E-003
   7.49560117302053      -2.909471285432068E-003
   7.51319648093842      -2.910686973791431E-003
   7.53079178885631      -2.906333835121412E-003
   7.54838709677419      -2.896386028332890E-003
   7.56598240469208      -2.880817712336730E-003
   7.58357771260997      -2.859603046043815E-003
   7.60117302052786      -2.832716188365005E-003
   7.61876832844575      -2.800131304047013E-003
   7.63636363636364      -2.761846438055849E-003
   7.65395894428153      -2.717937911355001E-003
   7.67155425219941      -2.668498058427450E-003
   7.68914956011730      -2.613619213756184E-003
   7.70674486803519      -2.553393711824184E-003
   7.72434017595308      -2.487913887114443E-003
   7.74193548387097      -2.417272074109936E-003
   7.75953079178886      -2.341560607293653E-003
   7.77712609970675      -2.260871821148576E-003
   7.79472140762463      -2.175298050157689E-003
   7.81231671554252      -2.084931628803981E-003
   7.82991202346041      -1.989868378924101E-003
   7.84750733137830      -1.890240124451908E-003
   7.86510263929619      -1.786199928626838E-003
   7.88269794721408      -1.677901129203037E-003
   7.90029325513197      -1.565497063934673E-003
   7.91788856304985      -1.449141070575894E-003
   7.93548387096774      -1.328986486880861E-003
   7.95307917888563      -1.205186650603720E-003
   7.97067448680352      -1.077894899498635E-003
   7.98826979472141      -9.472645713197589E-004
   8.00586510263930      -8.134490038212487E-004
   8.02346041055718      -6.766020657675262E-004
   8.04105571847507      -5.369094865386801E-004
   8.05865102639296      -3.946063794691464E-004
   8.07624633431085      -2.499321059754358E-004
   8.09384164222874      -1.031260274740586E-004
   8.11143695014663       4.557249461846658E-005
   8.12903225806452       1.959240988856421E-004
   8.14662756598241       3.476894239109169E-004
   8.16422287390029       5.006291082778063E-004
   8.18181818181818       6.545037905697804E-004
   8.19941348973607       8.090741093703410E-004
   8.21700879765396       9.641007032629614E-004
   8.23460410557185       1.119340406227851E-003
   8.25219941348974       1.274533232214047E-003
   8.26979472140763       1.429414548497181E-003
   8.28739002932551       1.583719722196880E-003
   8.30498533724340       1.737184120432779E-003
   8.32258064516129       1.889543110324499E-003
   8.34017595307918       2.040532058991671E-003
   8.35777126099707       2.189886333553926E-003
   8.37536656891496       2.337341301130892E-003
   8.39296187683285       2.482632328842199E-003
   8.41055718475073       2.625494783807472E-003
   8.42815249266862       2.765663654951516E-003
   8.44574780058651       2.902868272283901E-003
   8.46334310850440       3.036833609570052E-003
   8.48093841642229       3.167284528517659E-003
   8.49853372434018       3.293945890834417E-003
   8.51612903225807       3.416542558228029E-003
   8.53372434017595       3.534799392406185E-003
   8.55131964809384       3.648441255076581E-003
   8.56891495601173       3.757193007946919E-003
   8.58651026392962       3.860779512724884E-003
   8.60410557184751       3.958925631118181E-003
   8.62170087976540       4.051356521859793E-003
   8.63929618768329       4.137840019203392E-003
   8.65689149560117       4.218230734684975E-003
   8.67448680351906       4.292393816011898E-003
   8.69208211143695       4.360194410891504E-003
   8.70967741935484       4.421497667031146E-003
   8.72727272727273       4.476168732138172E-003
   8.74486803519062       4.524072753919937E-003
   8.76246334310851       4.565074880083782E-003
   8.78005865102639       4.599040258337058E-003
   8.79765395894428       4.625834036387117E-003
   8.81524926686217       4.645321361941306E-003
   8.83284457478006       4.657381203062776E-003
   8.85043988269795       4.661975336719457E-003
   8.86803519061584       4.659096244092592E-003
   8.88563049853373       4.648736456687889E-003
   8.90322580645161       4.630888506011063E-003
   8.92082111436950       4.605544923567823E-003
   8.93841642228739       4.572698240863884E-003
   8.95601173020528       4.532340989404952E-003
   8.97360703812317       4.484465700696744E-003
   8.99120234604106       4.429064906244964E-003
   9.00879765395895       4.366131137555324E-003
   9.02639296187683       4.295661005880465E-003
   9.04398826979472       4.217744956652338E-003
   9.06158357771261       4.132567269482201E-003
   9.07917888563050       4.040316303728247E-003
   9.09677419354839       3.941180418748659E-003
   9.11436950146628       3.835347973901629E-003
   9.13196480938416       3.723007328545350E-003
   9.14956011730205       3.604346842038002E-003
   9.16715542521994       3.479554873737777E-003
   9.18475073313783       3.348819783002866E-003
   9.20234604105572       3.212329929191460E-003
   9.21994134897361       3.070273728221649E-003
   9.23753665689150       2.922874104626887E-003
   9.25513196480938       2.770447052273212E-003
   9.27272727272727       2.613324097792071E-003
   9.29032258064516       2.451836767814900E-003
   9.30791788856305       2.286316588973145E-003
   9.32551319648094       2.117095087898248E-003
   9.34310850439883       1.944503791221652E-003
   9.36070381231672       1.768874225574796E-003
   9.37829912023460       1.590537917589126E-003
   9.39589442815249       1.409826393896087E-003
   9.41348973607038       1.227071181127117E-003
   9.43108504398827       1.042593340996265E-003
   9.44868035190616       8.566277447920996E-004
   9.46627565982405       6.693668768882551E-004
   9.48387096774194       4.810029266417861E-004
   9.50146627565982       2.917280834097529E-004
   9.51906158357771       1.017345365492139E-004
   9.53665689149560      -8.878552458277201E-005
   9.55425219941349      -2.796399106291463E-004
   9.57184750733138      -4.706364322328520E-004
   9.58944281524927      -6.615829000368322E-004
   9.60703812316716      -8.522871246840262E-004
   9.62463343108504      -1.042556773753593E-003
   9.64222873900293      -1.232193953220404E-003
   9.65982404692082      -1.420993544338592E-003
   9.67741935483871      -1.608749945522060E-003
   9.69501466275660      -1.795257555184712E-003
   9.71260997067449      -1.980310771740446E-003
   9.73020527859238      -2.163703993603164E-003
   9.74780058651026      -2.345231619186761E-003
   9.76539589442815      -2.524688046905145E-003
   9.78299120234604      -2.701867675172214E-003
   9.80058651026393      -2.876564902401865E-003
   9.81818181818182      -3.048574126705230E-003
   9.83577712609971      -3.217680727483796E-003
   9.85337243401760      -3.383637438208655E-003
   9.87096774193548      -3.546189608011781E-003
   9.88856304985337      -3.705082586025149E-003
   9.90615835777126      -3.860061721380721E-003
   9.92375366568915      -4.010872363210479E-003
   9.94134897360704      -4.157259860646407E-003
   9.95894428152493      -4.298969562820440E-003
   9.97653958944282      -4.435746818864581E-003
   9.99413489736071      -4.567336977910792E-003
   10.0117302052786      -4.693485389091048E-003
   10.0293255131965      -4.813935440536095E-003
   10.0469208211144      -4.928407723737509E-003
   10.0645161290323      -5.036608122677699E-003
   10.0821114369501      -5.138242276213935E-003
   10.0997067448680      -5.233015823203471E-003
   10.1173020527859      -5.320634402503582E-003
   10.1348973607038      -5.400803652971516E-003
   10.1524926686217      -5.473229213464549E-003
   10.1700879765396      -5.537616722839938E-003
   10.1876832844575      -5.593671819954943E-003
   10.2052785923754      -5.641100143666838E-003
   10.2228739002933      -5.679607933191976E-003
   10.2404692082111      -5.708947877752628E-003
   10.2580645161290      -5.728951402555234E-003
   10.2756598240469      -5.739457559590338E-003
   10.2932551319648      -5.740305400848500E-003
   10.3108504398827      -5.731333978320270E-003
   10.3284457478006      -5.712382343996197E-003
   10.3460410557185      -5.683289549866844E-003
   10.3636363636364      -5.643894647922759E-003
   10.3812316715543      -5.594036690154489E-003
   10.3988269794721      -5.533554728552595E-003
   10.4164222873900      -5.462287815107629E-003
   10.4340175953079      -5.380103402411992E-003
   10.4516129032258      -5.287007768594771E-003
   10.4692082111437      -5.183049544286059E-003
   10.4868035190616      -5.068277370466030E-003
   10.5043988269795      -4.942739888114852E-003
   10.5219941348974      -4.806485738212693E-003
   10.5395894428153      -4.659563561739730E-003
   10.5571847507331      -4.502021999676125E-003
   10.5747800586510      -4.333909693002054E-003
   10.5923753665689      -4.155275282697682E-003
   10.6099706744868      -3.966167409743176E-003
   10.6275659824047      -3.766640613401895E-003
   10.6451612903226      -3.556850484106156E-003
   10.6627565982405      -3.337037513710614E-003
   10.6803519061584      -3.107444831669802E-003
   10.6979472140762      -2.868315567438231E-003
   10.7155425219941      -2.619892850470430E-003
   10.7331378299120      -2.362419810220930E-003
   10.7507331378299      -2.096139576144239E-003
   10.7683284457478      -1.821295277694893E-003
   10.7859237536657      -1.538130044327402E-003
   10.8035190615836      -1.246887005496303E-003
   10.8211143695015      -9.478098314564650E-004
   10.8387096774194      -6.412568421381732E-004
   10.8563049853372      -3.278421560399489E-004
   10.8739002932551      -8.214502883067355E-006
   10.8914956011730       3.169773876111854E-004
   10.9090909090909       6.470847857215322E-004
   10.9266862170088       9.814589617266867E-004
   10.9442815249267       1.319451185905372E-003
   10.9618768328446       1.660412728536306E-003
   10.9794721407625       2.003694859898208E-003
   10.9970674486804       2.348648850269799E-003
   11.0146627565982       2.694625969929793E-003
   11.0322580645161       3.040940826266843E-003
   11.0498533724340       3.386664291776451E-003
   11.0674486803519       3.730767809196260E-003
   11.0850439882698       4.072222527960779E-003
   11.1026392961877       4.409999597504538E-003
   11.1202346041056       4.743070167262052E-003
   11.1378299120235       5.070405386667850E-003
   11.1554252199413       5.390976405156437E-003
   11.1730205278592       5.703754372162344E-003
   11.1906158357771       6.007710437120083E-003
   11.2082111436950       6.301815749464179E-003
   11.2258064516129       6.585046607346176E-003
   11.2434017595308       6.856518549439785E-003
   11.2609970674487       7.115499009076315E-003
   11.2785923753666       7.361263105135526E-003
   11.2961876832845       7.593085956497160E-003
   11.3137829912023       7.810242682040964E-003
   11.3313782991202       8.012008400646706E-003
   11.3489736070381       8.197658231194126E-003
   11.3665689149560       8.366467292562976E-003
   11.3841642228739       8.517710703633012E-003
   11.4017595307918       8.650663583283980E-003
   11.4193548387097       8.764601191083111E-003
   11.4369501466276       8.858985478867978E-003
   11.4545454545455       8.933833129163484E-003
   11.4721407624633       8.989263385658874E-003
   11.4897360703812       9.025395492043405E-003
   11.5073313782991       9.042348692006319E-003
   11.5249266862170       9.040242229236861E-003
   11.5425219941349       9.019195347424293E-003
   11.5601173020528       8.979327290257848E-003
   11.5777126099707       8.920757301426789E-003
   11.5953079178886       8.843604624620359E-003
   11.6129032258065       8.747988503527799E-003
   11.6304985337243       8.634070211012961E-003
   11.6480938416422       8.502397903070381E-003
   11.6656891495601       8.353728239556208E-003
   11.6832844574780       8.188819901263604E-003
   11.7008797653959       8.008431568985725E-003
   11.7184750733138       7.813321923515732E-003
   11.7360703812317       7.604249645646765E-003
   11.7536656891496       7.381973416172030E-003
   11.7712609970675       7.147251915884663E-003
   11.7888563049853       6.900843825577832E-003
   11.8064516129032       6.643507826044687E-003
   11.8240469208211       6.376000526795664E-003
   11.8416422287390       6.098979568620237E-003
   11.8592375366569       5.812962204157119E-003
   11.8768328445748       5.518455012169559E-003
   11.8944281524927       5.215964571420823E-003
   11.9120234604106       4.905997460674158E-003
   11.9296187683284       4.589060258692833E-003
   11.9472140762463       4.265659544240096E-003
   11.9648093841642       3.936301896079207E-003
   11.9824046920821       3.601493892973423E-003
   12.0000000000000       3.261742113686000E-003
   12.0175953079179       2.917553136980197E-003
   12.0351906158358       2.569389888574961E-003
   12.0527859237537       2.217540682012002E-003
   12.0703812316716       1.862250177788710E-003
   12.0879765395894       1.503763036402501E-003
   12.1055718475073       1.142323918350761E-003
   12.1231671554252       7.781774841308833E-004
   12.1407624633431       4.115683942402759E-004
   12.1583577712610       4.274130917634000E-005
   12.1759530791789      -3.280591105635313E-004
   12.1935483870968      -7.005882044819378E-004
   12.2111436950147      -1.074601312081480E-003
   12.2287390029326      -1.449838646975414E-003
   12.2463343108504      -1.825841479511745E-003
   12.2639296187683      -2.202010832016170E-003
   12.2815249266862      -2.577744791611178E-003
   12.2991202346041      -2.952441445419256E-003
   12.3167155425220      -3.325498880562888E-003
   12.3343108504399      -3.696315184164574E-003
   12.3519061583578      -4.064288443346797E-003
   12.3695014662757      -4.428816745232047E-003
   12.3870967741935      -4.789298176942813E-003
   12.4046920821114      -5.145130825601590E-003
   12.4222873900293      -5.495709251236624E-003
   12.4398826979472      -5.840064116951037E-003
   12.4574780058651      -6.176550867746009E-003
   12.4750733137830      -6.503451596084901E-003
   12.4926686217009      -6.819048394431051E-003
   12.5102639296188      -7.121623355247819E-003
   12.5278592375367      -7.409458570998550E-003
   12.5454545454545      -7.680836134146601E-003
   12.5630498533724      -7.934038137155309E-003
   12.5806451612903      -8.167346672488040E-003
   12.5982404692082      -8.379043832608134E-003
   12.6158357771261      -8.567411709978944E-003
   12.6334310850440      -8.730950498838621E-003
   12.6510263929619      -8.869340057757323E-003
   12.6686217008798      -8.982657256354842E-003
   12.6862170087977      -9.070979263430323E-003
   12.7038123167155      -9.134383247782913E-003
   12.7214076246334      -9.172946378211798E-003
   12.7390029325513      -9.186745823516121E-003
   12.7565982404692      -9.175858752495051E-003
   12.7741935483871      -9.140362333947742E-003
   12.7917888563050      -9.080333736673357E-003
   12.8093841642229      -8.995850129471048E-003
   12.8269794721408      -8.887008408579684E-003
   12.8445747800587      -8.754295356883197E-003
   12.8621700879765      -8.598555162989421E-003
   12.8797653958944      -8.420645231349546E-003
   12.8973607038123      -8.221422966414791E-003
   12.9149560117302      -8.001745772636350E-003
   12.9325513196481      -7.762471054465447E-003
   12.9501466275660      -7.504456216353272E-003
   12.9677419354839      -7.228558662751048E-003
   12.9853372434018      -6.935635798109971E-003
   13.0029325513196      -6.626545026881258E-003
   13.0205278592375      -6.302143877211307E-003
   13.0381231671554      -5.963331809919268E-003
   13.0557184750733      -5.611111076535357E-003
   13.0733137829912      -5.246499390489762E-003
   13.0909090909091      -4.870514465212664E-003
   13.1085043988270      -4.484174014134267E-003
   13.1260997067449      -4.088495750684755E-003
   13.1436950146628      -3.684497388294313E-003
   13.1612903225806      -3.273196640393131E-003
   13.1788856304985      -2.855611220411408E-003
   13.1964809384164      -2.432758841779320E-003
   13.2140762463343      -2.005657217927060E-003
   13.2316715542522      -1.575345884039562E-003
   13.2492668621701      -1.143025651707816E-003
   13.2668621700880      -7.099696170853900E-004
   13.2844574780059      -2.774512172907553E-004
   13.3020527859238       1.532561105576002E-004
   13.3196480938416       5.808789293412086E-004
   13.3372434017595       1.004143801941584E-003
   13.3548387096774       1.421777291240256E-003
   13.3724340175953       1.832505960118748E-003
   13.3900293255132       2.235056371458578E-003
   13.4076246334311       2.628155088141261E-003
   13.4252199413490       3.010534248981779E-003
   13.4428152492669       3.381105475925409E-003
   13.4604105571848       3.738994014901954E-003
   13.4780058651026       4.083337580917716E-003
   13.4956011730205       4.413273888978970E-003
   13.5131964809384       4.727940654092010E-003
   13.5307917888563       5.026475591263150E-003
   13.5483870967742       5.308016415498613E-003
   13.5659824046921       5.571700841804717E-003
   13.5835777126100       5.816666585187751E-003
   13.6011730205279       6.042051360654005E-003
   13.6187683284457       6.246992934285383E-003
   13.6363636363636       6.430838073632469E-003
   13.6539589442815       6.593618623640561E-003
   13.6715542521994       6.735506580777449E-003
   13.6891495601173       6.856673941510901E-003
   13.7067448680352       6.957292702308711E-003
   13.7243401759531       7.037534859638663E-003
   13.7419354838710       7.097572409968533E-003
   13.7595307917889       7.137577349766109E-003
   13.7771260997067       7.157721675499175E-003
   13.7947214076246       7.158177383635517E-003
   13.8123167155425       7.139116470642914E-003
   13.8299120234604       7.100801001384910E-003
   13.8475073313783       7.044422872180996E-003
   13.8651026392962       6.971722530017560E-003
   13.8826979472141       6.884447511813017E-003
   13.9002932551320       6.784345354485776E-003
   13.9178885630499       6.673163594954255E-003
   13.9354838709677       6.552649770136861E-003
   13.9530791788856       6.424551416952019E-003
   13.9706744868035       6.290616072318126E-003
   13.9882697947214       6.152591273153609E-003
   14.0058651026393       6.012224556376877E-003
   14.0234604105572       5.871249440135493E-003
   14.0410557184751       5.730558316326377E-003
   14.0586510263930       5.589739831157905E-003
   14.0762463343109       5.448270480671699E-003
   14.0938416422287       5.305626760909398E-003
   14.1114369501466       5.161285167912626E-003
   14.1290322580645       5.014722197723012E-003
   14.1466275659824       4.865414346382181E-003
   14.1642228739003       4.712838109931766E-003
   14.1818181818182       4.556469984413391E-003
   14.1994134897361       4.395786465868684E-003
   14.2170087976540       4.230264050339281E-003
   14.2346041055718       4.059471525185416E-003
   14.2521994134897       3.883385694776947E-003
   14.2697947214076       3.702096081574150E-003
   14.2873900293255       3.515692211821450E-003
   14.3049853372434       3.324263611763273E-003
   14.3225806451613       3.127899807644033E-003
   14.3401759530792       2.926690325708154E-003
   14.3577712609971       2.720724692200060E-003
   14.3753665689150       2.510092433364163E-003
   14.3929618768328       2.294883075444900E-003
   14.4105571847507       2.075186144686676E-003
   14.4281524926686       1.851104165119764E-003
   14.4457478005865       1.622934146162602E-003
   14.4633431085044       1.391122812470567E-003
   14.4809384164223       1.156120739894841E-003
   14.4985337243402       9.183785042865993E-004
   14.5161290322581       6.783466814970303E-004
   14.5337243401760       4.364758473773174E-004
   14.5513196480938       1.932165777786290E-004
   14.5689149560117      -5.098055144783498E-005
   14.5865102639296      -2.956649644509088E-004
   14.6041055718475      -5.403860853794020E-004
   14.6217008797654      -7.846951167003002E-004
   14.6392961876833      -1.028398763204767E-003
   14.6568914956012      -1.271823273370310E-003
   14.6744868035191      -1.515357976715352E-003
   14.6920821114370      -1.759392202758333E-003
   14.7096774193548      -2.004315281017687E-003
   14.7272727272727      -2.250516541011840E-003
   14.7448680351906      -2.498385312259233E-003
   14.7624633431085      -2.748310924278295E-003
   14.7800586510264      -3.000682706587464E-003
   14.7976539589443      -3.255889988705168E-003
   14.8152492668622      -3.514322100149844E-003
   14.8328445747801      -3.776313389968124E-003
   14.8504398826979      -4.041868774830311E-003
   14.8680351906158      -4.310871023166896E-003
   14.8856304985337      -4.583202703206389E-003
   14.9032258064516      -4.858746383177293E-003
   14.9208211143695      -5.137384631308110E-003
   14.9384164222874      -5.419000015827343E-003
   14.9560117302053      -5.703475104963495E-003
   14.9736070381232      -5.990692466945068E-003
   14.9912023460411      -6.280534670000569E-003
   15.0087976539589      -6.572884282358500E-003
   15.0263929618768      -6.867548073319566E-003
   15.0439882697947      -7.162589436845090E-003
   15.0615835777126      -7.454328391557016E-003
   15.0791788856305      -7.739009157149488E-003
   15.0967741935484      -8.012875953316640E-003
   15.1143695014663      -8.272172999752634E-003
   15.1319648093842      -8.513144516151603E-003
   15.1495601173021      -8.732034722207687E-003
   15.1671554252199      -8.925087837615038E-003
   15.1847507331378      -9.088548082067801E-003
   15.2023460410557      -9.218659675260102E-003
   15.2199413489736      -9.311669418113325E-003
   15.2375366568915      -9.365398982803242E-003
   15.2551319648094      -9.381917450887588E-003
   15.2727272727273      -9.364002773447967E-003
   15.2903225806452      -9.314432901565977E-003
   15.3079178885631      -9.235985786323210E-003
   15.3255131964809      -9.131439378801282E-003
   15.3431085043988      -9.003571630081763E-003
   15.3607038123167      -8.855160491246282E-003
   15.3782991202346      -8.688983913376431E-003
   15.3958944281525      -8.507819847553801E-003
   15.4134897360704      -8.314446244860002E-003
   15.4310850439883      -8.111463651936004E-003
   15.4486803519062      -7.900011489295524E-003
   15.4662756598240      -7.680510621667108E-003
   15.4838709677419      -7.453376912569200E-003
   15.5014662756598      -7.219026225520255E-003
   15.5190615835777      -6.977874424038713E-003
   15.5366568914956      -6.730337371643037E-003
   15.5542521994135      -6.476830931851671E-003
   15.5718475073314      -6.217770968183066E-003
   15.5894428152493      -5.953573344155669E-003
   15.6070381231672      -5.684653923287936E-003
   15.6246334310850      -5.411433669136035E-003
   15.6422287390029      -5.134531809222325E-003
   15.6598240469208      -4.854825122973853E-003
   15.6774193548387      -4.573207602444930E-003
   15.6950146627566      -4.290573239689882E-003
   15.7126099706745      -4.007816026763024E-003
   15.7302052785924      -3.725829955718688E-003
   15.7478005865103      -3.445509018611182E-003
   15.7653958944282      -3.167747207494831E-003
   15.7829912023460      -2.893438514423957E-003
   15.8005865102639      -2.623476931452888E-003
   15.8181818181818      -2.358756438915399E-003
   15.8357771260997      -2.099821897715569E-003
   15.8533724340176      -1.845954426041766E-003
   15.8709677419355      -1.596149290074075E-003
   15.8885630498534      -1.349401755992575E-003
   15.9061583577713      -1.104707089977322E-003
   15.9237536656892      -8.610605582084041E-004
   15.9413489736070      -6.174574268658830E-004
   15.9589442815249      -3.728929621298356E-004
   15.9765395894428      -1.263624301803334E-004
   15.9941348973607       1.231389028025474E-004
   16.0117302052786       3.766157706387378E-004
   16.0293255131965       6.349574221518885E-004
   16.0469208211144       8.977105930844136E-004
   16.0645161290323       1.163555881706687E-003
   16.0821114369501       1.431159450664778E-003
   16.0997067448680       1.699187462604529E-003
   16.1173020527859       1.966306080172007E-003
   16.1348973607038       2.231181466013064E-003
   16.1524926686217       2.492479782773756E-003
   16.1700879765396       2.748867193099937E-003
   16.1876832844575       2.999009859637668E-003
   16.2052785923754       3.241573945032806E-003
   16.2228739002933       3.475228059429921E-003
   16.2404692082111       3.698830176840522E-003
   16.2580645161290       3.911559256174805E-003
   16.2756598240469       4.112625348639115E-003
   16.2932551319648       4.301238505439639E-003
   16.3108504398827       4.476608777782713E-003
   16.3284457478006       4.637946216874534E-003
   16.3460410557185       4.784460873921430E-003
   16.3636363636364       4.915362800129611E-003
   16.3812316715543       5.029862046705388E-003
   16.3988269794721       5.127168664854985E-003
   16.4164222873900       5.206492705784700E-003
   16.4340175953079       5.267604241106892E-003
   16.4516129032258       5.313010789120338E-003
   16.4692082111437       5.346055000595294E-003
   16.4868035190616       5.370079730391107E-003
   16.5043988269795       5.388427833367126E-003
   16.5219941348974       5.404442164382692E-003
   16.5395894428153       5.421465578297141E-003
   16.5571847507331       5.442840929969833E-003
   16.5747800586510       5.471911074260098E-003
   16.5923753665689       5.512018866027286E-003
   16.6099706744868       5.566507160130728E-003
   16.6275659824047       5.638477877610326E-003
   16.6451612903226       5.726905188535268E-003
   16.6627565982405       5.827295198904157E-003
   16.6803519061584       5.935046273701587E-003
   16.6979472140762       6.045556777912243E-003
   16.7155425219941       6.154225076520713E-003
   16.7331378299120       6.256449534511689E-003
   16.7507331378299       6.347628516869764E-003
   16.7683284457478       6.423160388579618E-003
   16.7859237536657       6.478443514625848E-003
   16.8035190615836       6.508876259993126E-003
   16.8211143695015       6.509866822066144E-003
   16.8387096774194       6.478907867043287E-003
   16.8563049853372       6.418142786353484E-003
   16.8739002932551       6.330344245029762E-003
   16.8914956011730       6.218284908105195E-003
   16.9090909090909       6.084737440612806E-003
   16.9266862170088       5.932474507585680E-003
   16.9442815249267       5.764268774056814E-003
   16.9618768328446       5.582892905059328E-003
   16.9794721407625       5.391119565626185E-003
   16.9970674486804       5.191721420790517E-003
   17.0146627565982       4.987471135585298E-003
   17.0322580645161       4.780844997437754E-003
   17.0498533724340       4.572348975450910E-003
   17.0674486803519       4.361685262660750E-003
   17.0850439882698       4.148553681082246E-003
   17.1026392961877       3.932654052730556E-003
   17.1202346041056       3.713686199620626E-003
   17.1378299120235       3.491349943767619E-003
   17.1554252199413       3.265345107186488E-003
   17.1730205278592       3.035371511892397E-003
   17.1906158357771       2.801128979900292E-003
   17.2082111436950       2.562317333225330E-003
   17.2258064516129       2.318601041312339E-003
   17.2434017595308       2.068688508181776E-003
   17.2609970674487       1.810245185500418E-003
   17.2785923753666       1.540883753751831E-003
   17.2961876832845       1.258216893419362E-003
   17.3137829912023       9.598572849865805E-004
   17.3313782991202       6.434176089368338E-004
   17.3489736070381       3.065105457537039E-004
   17.3665689149560      -5.325122407948424E-005
   17.3841642228739      -4.382550200791258E-004
   17.4017595307918      -8.508881617619224E-004
   17.4193548387097      -1.293536492049119E-003
   17.4369501466276      -1.766626412137974E-003
   17.4545454545455      -2.264762108666870E-003
   17.4721407624633      -2.781471330432049E-003
   17.4897360703812      -3.310281826229337E-003
   17.5073313782991      -3.844721344854987E-003
   17.5249266862170      -4.378317635104821E-003
   17.5425219941349      -4.904598445775093E-003
   17.5601173020528      -5.417091525661632E-003
   17.5777126099707      -5.909324623560670E-003
   17.5953079178886      -6.374825488268059E-003
   17.6129032258065      -6.807121868580017E-003
   17.6304985337243      -7.200383250601789E-003
   17.6480938416422      -7.554686382282984E-003
   17.6656891495601      -7.873291626489368E-003
   17.6832844574780      -8.159490203478255E-003
   17.7008797653959      -8.416573333506721E-003
   17.7184750733138      -8.647832236832059E-003
   17.7360703812317      -8.856558133711362E-003
   17.7536656891496      -9.046042244401904E-003
   17.7712609970675      -9.219575789160793E-003
   17.7888563049853      -9.380449988245290E-003
   17.8064516129032      -9.531956061912514E-003
   17.8240469208211      -9.677361075423978E-003
   17.8416422287390      -9.818777935314578E-003
   17.8592375366569      -9.956682362069886E-003
   17.8768328445748      -1.009142559900336E-002
   17.8944281524927      -1.022335888942859E-002
   17.9120234604106      -1.035283347665906E-002
   17.9296187683284      -1.048020060400836E-002
   17.9472140762463      -1.060581151478996E-002
   17.9648093841642      -1.073001745231746E-002
   17.9824046920821      -1.085316965990433E-002
   18.0000000000000      -1.097561938086417E-002
   18.0175953079179      -1.109771785851043E-002
