  1.759530791788856E-002  1.219885597547786E-003
  3.519061583577713E-002  1.062324844222044E-003
  5.278592375366570E-002  9.046179005909583E-004
  7.038123167155426E-002  7.466185763491852E-004
  8.797653958944282E-002  5.881806811913839E-004
  0.105571847507331       4.291580248122160E-004
  0.123167155425220       2.694044169063351E-004
  0.140762463343109       1.087736671683942E-004
  0.158357771260997      -5.288041470694753E-005
  0.175953079178886      -2.157040190250250E-004
  0.193548387096774      -3.798433360911881E-004
  0.211143695014663      -5.454445562107764E-004
  0.228739002932551      -7.125935758289614E-004
  0.246334310850440      -8.805832763729742E-004
  0.263929618768328      -1.048147491504260E-003
  0.281524926686217      -1.214008354763557E-003
  0.299120234604106      -1.376887999691613E-003
  0.316715542521994      -1.535508559829166E-003
  0.334310850439883      -1.688592168716956E-003
  0.351906158357771      -1.834860959895730E-003
  0.369501466275660      -1.973037066906224E-003
  0.387096774193548      -2.101842623289179E-003
  0.404692082111437      -2.219999762585340E-003
  0.422287390029326      -2.326235631802217E-003
  0.439882697947214      -2.419794626713841E-003
  0.457478005865103      -2.500880908638328E-003
  0.475073313782991      -2.569802903335436E-003
  0.492668621700880      -2.626869036564935E-003
  0.510263929618768      -2.672387734086594E-003
  0.527859237536657      -2.706667421660174E-003
  0.545454545454546      -2.730016525045438E-003
  0.563049853372434      -2.742743470002156E-003
  0.580645161290323      -2.745156682290090E-003
  0.598240469208211      -2.737564587669009E-003
  0.615835777126100      -2.720275611898675E-003
  0.633431085043988      -2.693515025296108E-003
  0.651026392961877      -2.657058328753425E-003
  0.668621700879765      -2.610529655162014E-003
  0.686217008797654      -2.553553023345456E-003
  0.703812316715543      -2.485752452127325E-003
  0.721407624633431      -2.406751960331186E-003
  0.739002932551320      -2.316175566780612E-003
  0.756598240469208      -2.213647290299177E-003
  0.774193548387097      -2.098791149710456E-003
  0.791788856304985      -1.971231163838020E-003
  0.809384164222874      -1.830591351505431E-003
  0.826979472140763      -1.676549642912268E-003
  0.844574780058651      -1.509849455003388E-003
  0.862170087976540      -1.332210927230785E-003
  0.879765395894428      -1.145390315456550E-003
  0.897360703812317      -9.511438755427476E-004
  0.914956011730205      -7.512278633514692E-004
  0.932551319648094      -5.473985347447782E-004
  0.950146627565982      -3.414121455847603E-004
  0.967741935483871      -1.350249517334979E-004
  0.985337243401760       7.000679094694332E-005
   1.00293255131965       2.719268265944745E-004
   1.02052785923754       4.689802923705272E-004
   1.03812316715543       6.598845604070313E-004
   1.05571847507331       8.445146053741537E-004
   1.07331378299120       1.022919529881056E-003
   1.09090909090909       1.195148436536882E-003
   1.10850439882698       1.361250427950779E-003
   1.12609970674487       1.521274606731895E-003
   1.14369501466276       1.675270075489394E-003
   1.16129032258065       1.823285936832410E-003
   1.17888563049853       1.965371293370099E-003
   1.19648093841642       2.101575247711610E-003
   1.21407624633431       2.231946902466097E-003
   1.23167155425220       2.356510622316781E-003
   1.24926686217009       2.475107943213152E-003
   1.26686217008798       2.587498456725083E-003
   1.28445747800587       2.693441367892358E-003
   1.30205278592375       2.792695881754757E-003
   1.31964809384164       2.885021203352058E-003
   1.33724340175953       2.970176537724049E-003
   1.35483870967742       3.047921089910514E-003
   1.37243401759531       3.118014064951234E-003
   1.39002932551320       3.180214667885986E-003
   1.40762463343109       3.234282103754555E-003
   1.42521994134897       3.279984376507423E-003
   1.44281524926686       3.317372717298309E-003
   1.46041055718475       3.346835459289215E-003
   1.47800586510264       3.368780612040991E-003
   1.49560117302053       3.383616185114494E-003
   1.51319648093842       3.391750188070553E-003
   1.53079178885631       3.393590630470025E-003
   1.54838709677419       3.389545521873756E-003
   1.56598240469208       3.380022871842594E-003
   1.58357771260997       3.365430689937383E-003
   1.60117302052786       3.346176985718973E-003
   1.61876832844575       3.322669736362724E-003
   1.63636363636364       3.295184397664077E-003
   1.65395894428153       3.263562038989047E-003
   1.67155425219941       3.227554863949351E-003
   1.68914956011730       3.186915076156740E-003
   1.70674486803519       3.141394879222935E-003
   1.72434017595308       3.090746476759664E-003
   1.74193548387097       3.034722072378664E-003
   1.75953079178886       2.973073869691658E-003
   1.77712609970675       2.905554072310383E-003
   1.79472140762463       2.831914883846564E-003
   1.81231671554252       2.751908507911934E-003
   1.82991202346041       2.665364309891019E-003
   1.84750733137830       2.572908243615795E-003
   1.86510263929619       2.475636207359546E-003
   1.88269794721408       2.374650173354361E-003
   1.90029325513196       2.271052113832315E-003
   1.91788856304985       2.165944001025502E-003
   1.93548387096774       2.060427807165990E-003
   1.95307917888563       1.955605504485871E-003
   1.97067448680352       1.852579065217229E-003
   1.98826979472141       1.752450461592139E-003
   2.00586510263930       1.656321665842692E-003
   2.02346041055718       1.565286009233816E-003
   2.04105571847507       1.479918365001548E-003
   2.05865102639296       1.399989996437106E-003
   2.07624633431085       1.325203039094551E-003
   2.09384164222874       1.255259628527919E-003
   2.11143695014663       1.189861900291252E-003
   2.12903225806452       1.128711989938596E-003
   2.14662756598241       1.071512033024000E-003
   2.16422287390029       1.017964165101501E-003
   2.18181818181818       9.677705217251449E-004
   2.19941348973607       9.206332384489779E-004
   2.21700879765396       8.762544508270413E-004
   2.23460410557185       8.343847226133639E-004
   2.25219941348974       7.949887171071546E-004
   2.26979472140762       7.580902443865800E-004
   2.28739002932551       7.237131165155155E-004
   2.30498533724340       6.918811455577970E-004
   2.32258064516129       6.626181435772834E-004
   2.34017595307918       6.359479226378187E-004
   2.35777126099707       6.118942948032577E-004
   2.37536656891496       5.904810721374488E-004
   2.39296187683284       5.717320667042386E-004
   2.41055718475073       5.556710905674826E-004
   2.42815249266862       5.423167705929646E-004
   2.44574780058651       5.316101477198125E-004
   2.46334310850440       5.234325370871862E-004
   2.48093841642229       5.176637174792679E-004
   2.49853372434018       5.141834676802159E-004
   2.51612903225806       5.128715664742256E-004
   2.53372434017595       5.136077926454717E-004
   2.55131964809384       5.162719249781192E-004
   2.56891495601173       5.207437422563577E-004
   2.58651026392962       5.269030232643537E-004
   2.60410557184751       5.346295467862919E-004
   2.62170087976540       5.438033003662495E-004
   2.63929618768328       5.543342654178370E-004
   2.65689149560117       5.661934135064071E-004
   2.67448680351906       5.793591213922454E-004
   2.69208211143695       5.938097658356113E-004
   2.70967741935484       6.095237235967967E-004
   2.72727272727273       6.264793714360639E-004
   2.74486803519062       6.446550861136916E-004
   2.76246334310850       6.640292443899521E-004
   2.78005865102639       6.845802230251200E-004
   2.79765395894428       7.062863987794714E-004
   2.81524926686217       7.291261484132839E-004
   2.83284457478006       7.530335004721440E-004
   2.85043988269795       7.776767575581144E-004
   2.86803519061584       8.026256953566095E-004
   2.88563049853372       8.274499280666114E-004
   2.90322580645161       8.517190698870858E-004
   2.92082111436950       8.750027350170275E-004
   2.93841642228739       8.968705376554055E-004
   2.95601173020528       9.168920920011964E-004
   2.97360703812317       9.346370122533766E-004
   2.99120234604106       9.496749126109318E-004
   3.00879765395894       9.615754072728322E-004
   3.02639296187683       9.699202162802256E-004
   3.04398826979472       9.745694940440350E-004
   3.06158357771261       9.756618293449790E-004
   3.07917888563050       9.733479168059347E-004
   3.09677419354839       9.677784510497814E-004
   3.11436950146628       9.591041266993976E-004
   3.13196480938416       9.474756383776674E-004
   3.14956011730205       9.330436807074627E-004
   3.16715542521994       9.159589483116625E-004
   3.18475073313783       8.963721358131521E-004
   3.20234604105572       8.744339378348061E-004
   3.21994134897361       8.502950798109253E-004
   3.23753665689150       8.241250859920044E-004
   3.25513196480938       7.961441808163160E-004
   3.27272727272727       7.665810503077042E-004
   3.29032258064516       7.356643804900168E-004
   3.30791788856305       7.036228573870977E-004
   3.32551319648094       6.706851670227961E-004
   3.34310850439883       6.370799954209557E-004
   3.36070381231672       6.030360286054260E-004
   3.37829912023460       5.687819526000428E-004
   3.39589442815249       5.345464534286630E-004
   3.41348973607038       5.005582171151285E-004
   3.43108504398827       4.670255638363832E-004
   3.44868035190616       4.339890779961961E-004
   3.46627565982405       4.014068545349398E-004
   3.48387096774194       3.692364142592241E-004
   3.50146627565982       3.374352779756552E-004
   3.51906158357771       3.059609664908432E-004
   3.53665689149560       2.747710006113990E-004
   3.55425219941349       2.438229011439250E-004
   3.57184750733138       2.130741888950374E-004
   3.58944281524927       1.824823846713382E-004
   3.60703812316716       1.520050092794359E-004
   3.62463343108504       1.216015121039593E-004
   3.64222873900293       9.130631599971836E-005
   3.65982404692082       6.125123701108494E-005
   3.67741935483871       3.157460013325730E-005
   3.69501466275660       2.414730361398830E-006
   3.71260997067449      -2.609004730932445E-005
   3.73020527859238      -5.380140788372539E-005
   3.74780058651026      -8.058102636662058E-005
   3.76539589442815      -1.062905777628583E-004
   3.78299120234604      -1.307917370772439E-004
   3.80058651026393      -1.539461793146103E-004
   3.81818181818182      -1.756155809819896E-004
   3.83577712609971      -1.957063650301200E-004
   3.85337243401760      -2.142869276127262E-004
   3.87096774193548      -2.314623023769152E-004
   3.88856304985337      -2.473375229697889E-004
   3.90615835777126      -2.620176230384588E-004
   3.92375366568915      -2.756076362300300E-004
   3.94134897360704      -2.882125961916061E-004
   3.95894428152493      -2.999375365702860E-004
   3.97653958944282      -3.108874910131904E-004
   3.99413489736070      -3.211674931674131E-004
   4.01173020527859      -3.308825766800662E-004
   4.02932551319648      -3.401339727441618E-004
   4.04692082111437      -3.489787090240159E-004
   4.06451612903226      -3.574452947782939E-004
   4.08211143695015      -3.655617639589135E-004
   4.09970674486804      -3.733561505177912E-004
   4.11730205278592      -3.808564884068403E-004
   4.13489736070381      -3.880908115779749E-004
   4.15249266862170      -3.950871539831172E-004
   4.17008797653959      -4.018735495741729E-004
   4.18768328445748      -4.084780323030606E-004
   4.20527859237537      -4.149286361216995E-004
   4.22287390029326      -4.212532447867221E-004
   4.24046920821114      -4.274681213903484E-004
   4.25806451612903      -4.335698311920289E-004
   4.27565982404692      -4.395530314148716E-004
   4.29325513196481      -4.454123792819949E-004
   4.31085043988270      -4.511425320165112E-004
   4.32844574780059      -4.567381468415281E-004
   4.34604105571848      -4.621938809801694E-004
   4.36363636363636      -4.675043916555383E-004
   4.38123167155425      -4.726643360907525E-004
   4.39882697947214      -4.776683715089273E-004
   4.41642228739003      -4.825111551331748E-004
   4.43401759530792      -4.871924297287194E-004
   4.45161290322581      -4.917367967985171E-004
   4.46920821114370      -4.961764416787279E-004
   4.48680351906158      -5.005435515588571E-004
   4.50439882697947      -5.048703136283849E-004
   4.52199413489736      -5.091889150768154E-004
   4.53958944281525      -5.135315430936387E-004
   4.55718475073314      -5.179303848683516E-004
   4.57478005865103      -5.224176275904452E-004
   4.59237536656892      -5.270254584494185E-004
   4.60997067448680      -5.317860646347618E-004
   4.62756598240469      -5.367247749432670E-004
   4.64516129032258      -5.417494181162364E-004
   4.66275659824047      -5.466691014062985E-004
   4.68035190615836      -5.512898651235227E-004
   4.69794721407625      -5.554177495779826E-004
   4.71554252199414      -5.588587950797499E-004
   4.73313782991202      -5.614190419388956E-004
   4.75073313782991      -5.629045304654929E-004
   4.76832844574780      -5.631213009696157E-004
   4.78592375366569      -5.618753937613244E-004
   4.80351906158358      -5.589728491507028E-004
   4.82111436950147      -5.542197931607319E-004
   4.83870967741935      -5.474405229524804E-004
   4.85630498533724      -5.384998778960456E-004
   4.87390029325513      -5.272681829881223E-004
   4.89149560117302      -5.136157632253852E-004
   4.90909090909091      -4.974129436045313E-004
   4.92668621700880      -4.785300491222458E-004
   4.94428152492669      -4.568374047752158E-004
   4.96187683284458      -4.322053355601186E-004
   4.97947214076246      -4.045041664736517E-004
   4.99706744868035      -3.736042225125031E-004
   5.01466275659824      -3.393758286733580E-004
   5.03225806451613      -3.017111973768781E-004
   5.04985337243402      -2.606480486383059E-004
   5.06744868035191      -2.162834611667126E-004
   5.08504398826980      -1.687146887705611E-004
   5.10263929618768      -1.180389852582982E-004
   5.12023460410557      -6.435360443839282E-005
   5.13782991202346      -7.755800119297926E-006
   5.15542521994135       5.165717389052613E-005
   5.17302052785924       1.137880637826206E-004
   5.19061583577713       1.785396157485305E-004
   5.20821114369502       2.458145759797887E-004
   5.22580645161290       3.155181313645065E-004
   5.24340175953079       3.876214743338598E-004
   5.26099706744868       4.621678014253745E-004
   5.27859237536657       5.392039524320864E-004
   5.29618768328446       6.187767671470177E-004
   5.31378299120235       7.009330853631977E-004
   5.33137829912024       7.857197468736653E-004
   5.34897360703812       8.731835914714450E-004
   5.36656891495601       9.633714589495639E-004
   5.38416422287390       1.056330189101059E-003
   5.40175953079179       1.152106621718956E-003
   5.41935483870968       1.250747542979510E-003
   5.43695014662757       1.352228589596405E-003
   5.45454545454546       1.456313987333138E-003
   5.47214076246334       1.562728875323050E-003
   5.48973607038123       1.671198392699483E-003
   5.50733137829912       1.781447678595780E-003
   5.52492668621701       1.893201872145283E-003
   5.54252199413490       2.006186112481337E-003
   5.56011730205279       2.120125538737281E-003
   5.57771260997067       2.234745290046461E-003
   5.59530791788856       2.349770505542212E-003
   5.61290322580645       2.464926324357889E-003
   5.63049853372434       2.579933914688953E-003
   5.64809384164223       2.694477891815191E-003
   5.66568914956012       2.808223171465102E-003
   5.68328445747801       2.920834478428021E-003
   5.70087976539589       3.031976537493286E-003
   5.71847507331378       3.141314073450236E-003
   5.73607038123167       3.248511811088209E-003
   5.75366568914956       3.353234475196540E-003
   5.77126099706745       3.455146790564570E-003
   5.78885630498534       3.553913481981634E-003
   5.80645161290323       3.649199274237079E-003
   5.82404692082111       3.740670109687299E-003
   5.84164222873900       3.828050107708363E-003
   5.85923753665689       3.911145912378317E-003
   5.87683284457478       3.989770442224932E-003
   5.89442815249267       4.063736615775950E-003
   5.91202346041056       4.132857351559135E-003
   5.92961876832845       4.196945568102250E-003
   5.94721407624634       4.255814183933046E-003
   5.96480938416422       4.309276117579283E-003
   5.98240469208211       4.357144287568717E-003
   6.00000000000000       4.399231612429112E-003
   6.01759530791789       4.435351010688217E-003
   6.03519061583578       4.465315140494683E-003
   6.05278592375367       4.488935618480681E-003
   6.07038123167156       4.506023800899271E-003
   6.08797653958944       4.516391044003504E-003
   6.10557184750733       4.519848704046440E-003
   6.12316715542522       4.516208137281143E-003
   6.14076246334311       4.505280699960673E-003
   6.15835777126100       4.486877748338080E-003
   6.17595307917889       4.460810638666425E-003
   6.19354838709677       4.426890727198763E-003
   6.21114369501466       4.384929370188167E-003
   6.22873900293255       4.334754030982855E-003
   6.24633431085044       4.276404021506306E-003
   6.26392961876833       4.210067999495086E-003
   6.28152492668622       4.135937748293557E-003
   6.29912023460411       4.054205051246060E-003
   6.31671554252199       3.965061691696943E-003
   6.33431085043988       3.868699452990564E-003
   6.35190615835777       3.765310118471258E-003
   6.36950146627566       3.655085471483377E-003
   6.38709677419355       3.538217295371277E-003
   6.40469208211144       3.414897373479294E-003
   6.42228739002933       3.285317817080196E-003
   6.43988269794721       3.149704570436085E-003
   6.45747800586510       3.008346355604760E-003
   6.47507331378299       2.861538714530288E-003
   6.49266862170088       2.709577189156718E-003
   6.51026392961877       2.552757321428106E-003
   6.52785923753666       2.391374653288506E-003
   6.54545454545455       2.225724726681973E-003
   6.56304985337243       2.056103083552562E-003
   6.58064516129032       1.882805265844319E-003
   6.59824046920821       1.706126815501307E-003
   6.61583577712610       1.526363274467579E-003
   6.63343108504399       1.343805868180774E-003
   6.65102639296188       1.158722475048642E-003
   6.66862170087977       9.713731161346253E-004
   6.68621700879765       7.820178065810182E-004
   6.70381231671554       5.909165615301259E-004
   6.72140762463343       3.983293961242478E-004
   6.73900293255132       2.045163255056728E-004
   6.75659824046921       9.737364816716346E-006
   6.77419354838710      -1.857474708003380E-004
   6.79178885630499      -3.816781662031674E-004
   6.80938416422287      -5.777947062494891E-004
   6.82697947214076      -7.738356071542908E-004
   6.84457478005865      -9.695103593600763E-004
   6.86217008797654      -1.164501845634106E-003
   6.87976539589443      -1.358491964867773E-003
   6.89736070381232      -1.551162615952467E-003
   6.91495601173021      -1.742195697779579E-003
   6.93255131964809      -1.931273109240506E-003
   6.95014662756598      -2.118076749226627E-003
   6.96774193548387      -2.302288516629342E-003
   6.98533724340176      -2.483590310340040E-003
   7.00293255131965      -2.661664029250112E-003
   7.02052785923754      -2.836191591920360E-003
   7.03812316715543      -3.006861584843149E-003
   7.05571847507331      -3.173378939794410E-003
   7.07331378299120      -3.335451047226880E-003
   7.09090909090909      -3.492785297593317E-003
   7.10850439882698      -3.645089081346469E-003
   7.12609970674487      -3.792069788939092E-003
   7.14369501466276      -3.933434810823927E-003
   7.16129032258065      -4.068891537453732E-003
   7.17888563049853      -4.198147359281254E-003
   7.19648093841642      -4.320909666759245E-003
   7.21407624633431      -4.436885850340450E-003
   7.23167155425220      -4.545780893325700E-003
   7.24926686217009      -4.647281988658625E-003
   7.26686217008798      -4.741068355592105E-003
   7.28445747800587      -4.826819175767275E-003
   7.30205278592375      -4.904213630825266E-003
   7.31964809384164      -4.972930902407201E-003
   7.33724340175953      -5.032650172154225E-003
   7.35483870967742      -5.083050621707458E-003
   7.37243401759531      -5.123811432708039E-003
   7.39002932551320      -5.154611786797095E-003
   7.40762463343109      -5.175130865615761E-003
   7.42521994134897      -5.185052706429458E-003
   7.44281524926686      -5.184217643678867E-003
   7.46041055718475      -5.172652039456931E-003
   7.47800586510264      -5.150393114155220E-003
   7.49560117302053      -5.117478088165324E-003
   7.51319648093842      -5.073944181878822E-003
   7.53079178885631      -5.019828615687296E-003
   7.54838709677419      -4.955168609982332E-003
   7.56598240469208      -4.880001385155511E-003
   7.58357771260997      -4.794364161598407E-003
   7.60117302052786      -4.698294159702608E-003
   7.61876832844575      -4.591828610897100E-003
   7.63636363636364      -4.475049911645025E-003
   7.65395894428153      -4.348188503034001E-003
   7.67155425219941      -4.211505112772799E-003
   7.68914956011730      -4.065260468570192E-003
   7.70674486803519      -3.909715298134956E-003
   7.72434017595308      -3.745130329175860E-003
   7.74193548387097      -3.571766289401680E-003
   7.75953079178886      -3.389883906521182E-003
   7.77712609970675      -3.199743908243134E-003
   7.79472140762463      -3.001607022276315E-003
   7.81231671554252      -2.795733976329495E-003
   7.82991202346041      -2.582392755315233E-003
   7.84750733137830      -2.361926264725138E-003
   7.86510263929619      -2.134721609172412E-003
   7.88269794721408      -1.901166464537051E-003
   7.90029325513197      -1.661648506699037E-003
   7.91788856304985      -1.416555411538356E-003
   7.93548387096774      -1.166274854934995E-003
   7.95307917888563      -9.111945127689329E-004
   7.97067448680352      -6.517020609201584E-004
   7.98826979472141      -3.881851752686621E-004
   8.00586510263930      -1.210315316944233E-004
   8.02346041055718       1.493706851387949E-004
   8.04105571847507       4.226027635417850E-004
   8.05865102639296       6.981986749357368E-004
   8.07624633431085       9.756883204718116E-004
   8.09384164222874       1.254601601301158E-003
   8.11143695014663       1.534468418574932E-003
   8.12903225806452       1.814818673444307E-003
   8.14662756598241       2.095182267060382E-003
   8.16422287390029       2.375089100574345E-003
   8.18181818181818       2.654069075137336E-003
   8.19941348973607       2.931652091900514E-003
   8.21700879765396       3.207368052015029E-003
   8.23460410557185       3.480750084483077E-003
   8.25219941348974       3.751345588534549E-003
   8.26979472140763       4.018705905668335E-003
   8.28739002932551       4.282382377515697E-003
   8.30498533724340       4.541926345707880E-003
   8.32258064516129       4.796889151876139E-003
   8.34017595307918       5.046822137651715E-003
   8.35777126099707       5.291276644665873E-003
   8.37536656891496       5.529804014549849E-003
   8.39296187683285       5.761955588934903E-003
   8.41055718475073       5.987282709452283E-003
   8.42815249266862       6.205337657896374E-003
   8.44574780058651       6.415686783687680E-003
   8.46334310850440       6.617907265533171E-003
   8.48093841642229       6.811576560706658E-003
   8.49853372434018       6.996272126481951E-003
   8.51612903225807       7.171571420132869E-003
   8.53372434017595       7.337051898933231E-003
   8.55131964809384       7.492291020156844E-003
   8.56891495601173       7.636866241077523E-003
   8.58651026392962       7.770355018969090E-003
   8.60410557184751       7.892334811105356E-003
   8.62170087976540       8.002383708564110E-003
   8.63929618768329       8.100170865087691E-003
   8.65689149560117       8.185550603115288E-003
   8.67448680351906       8.258399727573052E-003
   8.69208211143695       8.318595043387132E-003
   8.70967741935484       8.366013355483671E-003
   8.72727272727273       8.400531468788816E-003
   8.74486803519062       8.422026188228722E-003
   8.76246334310851       8.430374318729525E-003
   8.78005865102639       8.425452665217381E-003
   8.79765395894428       8.407138032618427E-003
   8.81524926686217       8.375307225858830E-003
   8.83284457478006       8.329860255124760E-003
   8.85043988269795       8.270836172042191E-003
   8.86803519061584       8.198325582572228E-003
   8.88563049853373       8.112419177173955E-003
   8.90322580645161       8.013207646306445E-003
   8.92082111436950       7.900781680428791E-003
   8.93841642228739       7.775231970000075E-003
   8.95601173020528       7.636649205479383E-003
   8.97360703812317       7.485124077325800E-003
   8.99120234604106       7.320747275998404E-003
   9.00879765395895       7.143609491956281E-003
   9.02639296187683       6.953808439242706E-003
   9.04398826979472       6.751603374337100E-003
   9.06158357771261       6.537415096155077E-003
   9.07917888563050       6.311671427196411E-003
   9.09677419354839       6.074800189960886E-003
   9.11436950146628       5.827229206948299E-003
   9.13196480938416       5.569386300658423E-003
   9.14956011730205       5.301699293591044E-003
   9.16715542521994       5.024596008245947E-003
   9.18475073313783       4.738504267122917E-003
   9.20234604105572       4.443851892721739E-003
   9.21994134897361       4.141066806882165E-003
   9.23753665689150       3.830637541243834E-003
   9.25513196480938       3.513216091368888E-003
   9.27272727272727       3.189481734059026E-003
   9.29032258064516       2.860113746115956E-003
   9.30791788856305       2.525791404341386E-003
   9.32551319648094       2.187193985537016E-003
   9.34310850439883       1.845000766504561E-003
   9.36070381231672       1.499891024045718E-003
   9.37829912023460       1.152544034962194E-003
   9.39589442815249       8.036390760557033E-004
   9.41348973607038       4.538554241279410E-004
   9.43108504398827       1.038523486824376E-004
   9.44868035190616      -2.458756634964016E-004
   9.46627565982405      -5.949151628282248E-004
   9.48387096774194      -9.428532637585902E-004
   9.50146627565982      -1.289277080733055E-003
   9.51906158357771      -1.633773728197181E-003
   9.53665689149560      -1.975930320596522E-003
   9.55425219941349      -2.315333972376646E-003
   9.57184750733138      -2.651571797983102E-003
   9.58944281524927      -2.984230911861449E-003
   9.60703812316716      -3.312898428457252E-003
   9.62463343108504      -3.637162402556736E-003
   9.64222873900293      -3.956647444689703E-003
   9.65982404692082      -4.271025652589828E-003
   9.67741935483871      -4.579972297640551E-003
   9.69501466275660      -4.883162651225302E-003
   9.71260997067449      -5.180271984727518E-003
   9.73020527859238      -5.470975569530637E-003
   9.74780058651026      -5.754948677018095E-003
   9.76539589442815      -6.031866578573335E-003
   9.78299120234604      -6.301404545579772E-003
   9.80058651026393      -6.563237849420875E-003
   9.81818181818182      -6.817041761673446E-003
   9.83577712609971      -7.062497314440784E-003
   9.85337243401760      -7.299306391783291E-003
   9.87096774193548      -7.527175594365232E-003
   9.88856304985337      -7.745811522850890E-003
   9.90615835777126      -7.954920777904538E-003
   9.92375366568915      -8.154209960190461E-003
   9.94134897360704      -8.343385670372952E-003
   9.95894428152493      -8.522154509116244E-003
   9.97653958944282      -8.690223077084643E-003
   9.99413489736071      -8.847297974942429E-003
   10.0117302052786      -8.993085803353874E-003
   10.0293255131965      -9.127289811249493E-003
   10.0469208211144      -9.249574283654929E-003
   10.0645161290323      -9.359578367592646E-003
   10.0821114369501      -9.456940791118388E-003
   10.0997067448680      -9.541300282287900E-003
   10.1173020527859      -9.612295569156944E-003
   10.1348973607038      -9.669565379781257E-003
   10.1524926686217      -9.712748442216588E-003
   10.1700879765396      -9.741483484518695E-003
   10.1876832844575      -9.755409234743322E-003
   10.2052785923754      -9.754164420946213E-003
   10.2228739002933      -9.737388617797096E-003
   10.2404692082111      -9.704786902802401E-003
   10.2580645161290      -9.656175385323399E-003
   10.2756598240469      -9.591380929854450E-003
   10.2932551319648      -9.510230400889904E-003
   10.3108504398827      -9.412550662924121E-003
   10.3284457478006      -9.298168580451443E-003
   10.3460410557185      -9.166911017966224E-003
   10.3636363636364      -9.018604839962821E-003
   10.3812316715543      -8.853076910935587E-003
   10.3988269794721      -8.670154095378866E-003
   10.4164222873900      -8.469663257787023E-003
   10.4340175953079      -8.251477435418167E-003
   10.4516129032258      -8.015695363518937E-003
   10.4692082111437      -7.762484632638211E-003
   10.4868035190616      -7.492012850151658E-003
   10.5043988269795      -7.204447623434963E-003
   10.5219941348974      -6.899956559863809E-003
   10.5395894428153      -6.578707266813870E-003
   10.5571847507331      -6.240867351660839E-003
   10.5747800586510      -5.886604421780385E-003
   10.5923753665689      -5.516086084548199E-003
   10.6099706744868      -5.129479947339950E-003
   10.6275659824047      -4.726962891415794E-003
   10.6451612903226      -4.308870681025794E-003
   10.6627565982405      -3.875672571125410E-003
   10.6803519061584      -3.427841963774548E-003
   10.6979472140762      -2.965852261033127E-003
   10.7155425219941      -2.490176864961060E-003
   10.7331378299120      -2.001289177618249E-003
   10.7507331378299      -1.499662601064618E-003
   10.7683284457478      -9.857705373600715E-004
   10.7859237536657      -4.600863885645237E-004
   10.8035190615836       7.691644326211574E-005
   10.8211143695015       6.247636933779725E-004
   10.8387096774194       1.182798208466102E-003
   10.8563049853372       1.749954786643465E-003
   10.8739002932551       2.325113014381724E-003
   10.8914956011730       2.907152478152525E-003
   10.9090909090909       3.494952764427529E-003
   10.9266862170088       4.087393459678393E-003
   10.9442815249267       4.683354150376769E-003
   10.9618768328446       5.281714422994318E-003
   10.9794721407625       5.881353864002691E-003
   10.9970674486804       6.481152059873548E-003
   11.0146627565982       7.079988597078545E-003
   11.0322580645161       7.676676087298084E-003
   11.0498533724340       8.269581893800358E-003
   11.0674486803519       8.856891744219704E-003
   11.0850439882698       9.436790830392115E-003
   11.1026392961877       1.000746434415359E-002
   11.1202346041056       1.056709747734013E-002
   11.1378299120235       1.111387542178774E-002
   11.1554252199413       1.164598336933240E-002
   11.1730205278592       1.216160651181012E-002
   11.1906158357771       1.265893004105690E-002
   11.2082111436950       1.313613914890875E-002
   11.2258064516129       1.359142607506472E-002
   11.2434017595308       1.402317365974255E-002
   11.2609970674487       1.442997266539454E-002
   11.2785923753666       1.481042437489835E-002
   11.2961876832845       1.516313007113167E-002
   11.3137829912023       1.548669103697214E-002
   11.3313782991202       1.577970855529743E-002
   11.3489736070381       1.604078390898521E-002
   11.3665689149560       1.626851838091315E-002
   11.3841642228739       1.646151325395889E-002
   11.4017595307918       1.661836981100012E-002
   11.4193548387097       1.673768960646947E-002
   11.4369501466276       1.681843454825482E-002
   11.4545454545455       1.686063728552056E-002
   11.4721407624633       1.686452843100974E-002
   11.4897360703812       1.683033859746540E-002
   11.5073313782991       1.675829839763060E-002
   11.5249266862170       1.664863844424836E-002
   11.5425219941349       1.650158935006175E-002
   11.5601173020528       1.631738172781382E-002
   11.5777126099707       1.609624619024758E-002
   11.5953079178886       1.583841335010611E-002
   11.6129032258065       1.554411382013246E-002
   11.6304985337243       1.521367868770542E-002
   11.6480938416422       1.484836392017197E-002
   11.6656891495601       1.444992393267775E-002
   11.6832844574780       1.402011797160559E-002
   11.7008797653959       1.356070528333832E-002
   11.7184750733138       1.307344511425875E-002
   11.7360703812317       1.256009671074968E-002
   11.7536656891496       1.202241931919402E-002
   11.7712609970675       1.146217218597455E-002
   11.7888563049853       1.088111455747412E-002
   11.8064516129032       1.028100568007553E-002
   11.8240469208211       9.663602955137312E-003
   11.8416422287390       9.030575626233958E-003
   11.8592375366569       8.383467884214634E-003
   11.8768328445748       7.723814412023408E-003
   11.8944281524927       7.053149892604351E-003
   11.9120234604106       6.373009008901535E-003
   11.9296187683284       5.684926443859024E-003
   11.9472140762463       4.990436880420885E-003
   11.9648093841642       4.291075001531195E-003
   11.9824046920821       3.588375490134020E-003
   12.0000000000000       2.883873029173426E-003
   12.0175953079179       2.179102301593485E-003
   12.0351906158358       1.475465346401284E-003
   12.0527859237537       7.738336268559578E-004
   12.0703812316716       7.494596227965466E-005
   12.0879765395894      -6.204588280054544E-004
   12.1055718475073      -1.311641924677234E-003
   12.1231671554252      -1.997864508413524E-003
   12.1407624633431      -2.678387759892170E-003
   12.1583577712610      -3.352472859791013E-003
   12.1759530791789      -4.019380988787903E-003
   12.1935483870968      -4.678373327560693E-003
   12.2111436950147      -5.328711056787219E-003
   12.2287390029326      -5.969656081771437E-003
   12.2463343108504      -6.600479838462348E-003
   12.2639296187683      -7.220460481579355E-003
   12.2815249266862      -7.828876306456711E-003
   12.2991202346041      -8.425005608428689E-003
   12.3167155425220      -9.008126682829550E-003
   12.3343108504399      -9.577517824993559E-003
   12.3519061583578      -1.013245733025498E-002
   12.3695014662757      -1.067222349394806E-002
   12.3870967741935      -1.119609461140707E-002
   12.4046920821114      -1.170334897796630E-002
   12.4222873900293      -1.219325964095942E-002
   12.4398826979472      -1.266455820166330E-002
   12.4574780058651      -1.311497159724920E-002
   12.4750733137830      -1.354211762287697E-002
   12.4926686217009      -1.394361407370642E-002
   12.5102639296188      -1.431707874489739E-002
   12.5278592375367      -1.466012943160970E-002
   12.5454545454545      -1.497038392900319E-002
   12.5630498533724      -1.524546003223768E-002
   12.5806451612903      -1.548297553647300E-002
   12.5982404692082      -1.568054823686897E-002
   12.6158357771261      -1.583579592858542E-002
   12.6334310850440      -1.594670091921704E-002
   12.6510263929619      -1.601321708361592E-002
   12.6686217008798      -1.603596181926934E-002
   12.6862170087977      -1.601555302368166E-002
   12.7038123167155      -1.595260859435720E-002
   12.7214076246334      -1.584774642880033E-002
   12.7390029325513      -1.570158442451537E-002
   12.7565982404692      -1.551474047900666E-002
   12.7741935483871      -1.528783248977856E-002
   12.7917888563050      -1.502147835433541E-002
   12.8093841642229      -1.471629597018155E-002
   12.8269794721408      -1.437293026355030E-002
   12.8445747800587      -1.399256034760553E-002
   12.8621700879765      -1.357685502006178E-002
   12.8797653958944      -1.312750118577035E-002
   12.8973607038123      -1.264618574958258E-002
   12.9149560117302      -1.213459561634978E-002
   12.9325513196481      -1.159441769092326E-002
   12.9501466275660      -1.102733887815433E-002
   12.9677419354839      -1.043504608289434E-002
   12.9853372434018      -9.819226209994571E-003
   13.0029325513196      -9.181566164306366E-003
   13.0205278592375      -8.523752968922374E-003
   13.0381231671554      -7.847513730751404E-003
   13.0557184750733      -7.154673815260386E-003
   13.0733137829912      -6.447073368084455E-003
   13.0909090909091      -5.726552534858733E-003
   13.1085043988270      -4.994951461218366E-003
   13.1260997067449      -4.254110292798465E-003
   13.1436950146628      -3.505869175234179E-003
   13.1612903225806      -2.752068254160622E-003
   13.1788856304985      -1.994547675212932E-003
   13.1964809384164      -1.235147584026235E-003
   13.2140762463343      -4.757081262356650E-004
   13.2316715542522       2.819125004212073E-004
   13.2492668621701       1.035722681887170E-003
   13.2668621700880       1.783671006515653E-003
   13.2844574780059       2.523705780596009E-003
   13.3020527859238       3.253775310417568E-003
   13.3196480938416       3.971827902269667E-003
   13.3372434017595       4.675811862441649E-003
   13.3548387096774       5.363675497222847E-003
   13.3724340175953       6.033367112902612E-003
   13.3900293255132       6.682835015770264E-003
   13.4076246334311       7.310027512115157E-003
   13.4252199413490       7.912904108576403E-003
   13.4428152492669       8.489784838664419E-003
   13.4604105571848       9.039418841324994E-003
   13.4780058651026       9.560580302075813E-003
   13.4956011730205       1.005204340643458E-002
   13.5131964809384       1.051258233991897E-002
   13.5307917888563       1.094097128804673E-002
   13.5483870967742       1.133598443633546E-002
   13.5659824046921       1.169639597030291E-002
   13.5835777126100       1.202098007546675E-002
   13.6011730205279       1.230851093734468E-002
   13.6187683284457       1.255776283445895E-002
   13.6363636363636       1.276789061996809E-002
   13.6539589442815       1.293929661711774E-002
   13.6715542521994       1.307263835365061E-002
   13.6891495601173       1.316857335730940E-002
   13.7067448680352       1.322775915583680E-002
   13.7243401759531       1.325085327697553E-002
   13.7419354838710       1.323851324846830E-002
   13.7595307917889       1.319139659805778E-002
   13.7771260997067       1.311016085348670E-002
   13.7947214076246       1.299546354249775E-002
   13.8123167155425       1.284796219283363E-002
   13.8299120234604       1.266845516314481E-002
   13.8475073313783       1.245919469617594E-002
   13.8651026392962       1.222329074827601E-002
   13.8826979472141       1.196386436160891E-002
   13.9002932551320       1.168403657833850E-002
   13.9178885630499       1.138692844062867E-002
   13.9354838709677       1.107566099064330E-002
   13.9530791788856       1.075335527054626E-002
   13.9706744868035       1.042313232250142E-002
   13.9882697947214       1.008811318867268E-002
   14.0058651026393       9.751418911223900E-003
   14.0234604105572       9.416145115423101E-003
   14.0410557184751       9.083862412786508E-003
   14.0586510263930       8.753777643515074E-003
   14.0762463343109       8.424894312642839E-003
   14.0938416422287       8.096215925203855E-003
   14.1114369501466       7.766745986232162E-003
   14.1290322580645       7.435488000761806E-003
   14.1466275659824       7.101445473826838E-003
   14.1642228739003       6.763621910461296E-003
   14.1818181818182       6.421020815699234E-003
   14.1994134897361       6.072645694574689E-003
   14.2170087976540       5.717500052121708E-003
   14.2346041055718       5.354787754096361E-003
   14.2521994134897       4.984598454689240E-003
   14.2697947214076       4.607266514508872E-003
   14.2873900293255       4.223126302378985E-003
   14.3049853372434       3.832512187123324E-003
   14.3225806451613       3.435758537565612E-003
   14.3401759530792       3.033199722529575E-003
   14.3577712609971       2.625170110838953E-003
   14.3753665689150       2.212004071317477E-003
   14.3929618768328       1.794035972788887E-003
   14.4105571847507       1.371600184076899E-003
   14.4281524926686       9.450527823960382E-004
   14.4457478005865       5.150746668081489E-004
   14.4633431085044       8.259678487634195E-005
   14.4809384164223      -3.514434837204788E-004
   14.4985337243402      -7.861087593034035E-004
   14.5161290322581      -1.220461662193528E-003
   14.5337243401760      -1.653564812711951E-003
   14.5513196480938      -2.084480831179764E-003
   14.5689149560117      -2.512272337918056E-003
   14.5865102639296      -2.936001953247936E-003
   14.6041055718475      -3.354732297490485E-003
   14.6217008797654      -3.767529536424188E-003
   14.6392961876833      -4.173969234326654E-003
   14.6568914956012      -4.574662776871183E-003
   14.6744868035191      -4.970347315270300E-003
   14.6920821114370      -5.361760000736535E-003
   14.7096774193548      -5.749637984482406E-003
   14.7272727272727      -6.134718417720454E-003
   14.7448680351906      -6.517738451663200E-003
   14.7624633431085      -6.899435237523173E-003
   14.7800586510264      -7.280545926512907E-003
   14.7976539589443      -7.661807669844916E-003
   14.8152492668622      -8.043957618731744E-003
   14.8328445747801      -8.427618029111610E-003
   14.8504398826979      -8.812722726612899E-003
   14.8680351906158      -9.198950277950068E-003
   14.8856304985337      -9.585978831466098E-003
   14.9032258064516      -9.973486535503952E-003
   14.9208211143695      -1.036115153840660E-002
   14.9384164222874      -1.074865198851702E-002
   14.9560117302053      -1.113566603417817E-002
   14.9736070381232      -1.152187182373302E-002
   14.9912023460411      -1.190694750552455E-002
   15.0087976539589      -1.229057122789573E-002
   15.0263929618768      -1.267231083955556E-002
   15.0439882697947      -1.304919729763209E-002
   15.0615835777126      -1.341572466767244E-002
   15.0791788856305      -1.376627671558971E-002
   15.0967741935484      -1.409523720729705E-002
   15.1143695014663      -1.439698990870758E-002
   15.1319648093842      -1.466591858573445E-002
   15.1495601173021      -1.489640700429079E-002
   15.1671554252199      -1.508283893028971E-002
   15.1847507331378      -1.521959812964437E-002
   15.2023460410557      -1.530106836826789E-002
   15.2199413489736      -1.532163743432363E-002
   15.2375366568915      -1.527814719138405E-002
   15.2551319648094      -1.517405811574155E-002
   15.2727272727273      -1.501393529415237E-002
   15.2903225806452      -1.480234381337269E-002
   15.3079178885631      -1.454384876015876E-002
   15.3255131964809      -1.424301522126676E-002
   15.3431085043988      -1.390440828345289E-002
   15.3607038123167      -1.353259303347343E-002
   15.3782991202346      -1.313213455808456E-002
   15.3958944281525      -1.270759794404248E-002
   15.4134897360704      -1.226354827810344E-002
   15.4310850439883      -1.180430138657666E-002
   15.4486803519062      -1.133212015419746E-002
   15.4662756598240      -1.084825786562826E-002
   15.4838709677419      -1.035396077862812E-002
   15.5014662756598      -9.850475150956085E-003
   15.5190615835777      -9.339047240371205E-003
   15.5366568914956      -8.820923304632532E-003
   15.5542521994135      -8.297349601499110E-003
   15.5718475073314      -7.769572388729996E-003
   15.5894428152493      -7.238837924084232E-003
   15.6070381231672      -6.706392465320865E-003
   15.6246334310850      -6.173484014469723E-003
   15.6422287390029      -5.641428382086321E-003
   15.6598240469208      -5.111629464399467E-003
   15.6774193548387      -4.585497044551806E-003
   15.6950146627566      -4.064440905685944E-003
   15.7126099706745      -3.549870830944514E-003
   15.7302052785924      -3.043196603470139E-003
   15.7478005865103      -2.545828006405439E-003
   15.7653958944282      -2.059174822893039E-003
   15.7829912023460      -1.584646836075573E-003
   15.8005865102639      -1.123653829095646E-003
   15.8181818181818      -6.776055641517223E-004
   15.8357771260997      -2.472879393004159E-004
   15.8533724340176       1.687714111866960E-004
   15.8709677419355       5.725556605229998E-004
   15.8885630498534       9.660479819219019E-004
   15.9061583577713       1.351231548596792E-003
   15.9237536656892       1.730089533761070E-003
   15.9413489736070       2.104605110628137E-003
   15.9589442815249       2.476761452411380E-003
   15.9765395894428       2.848541732324205E-003
   15.9941348973607       3.221929123580002E-003
   16.0117302052786       3.598906799392178E-003
   16.0293255131965       3.981257334895272E-003
   16.0469208211144       4.368431352557908E-003
   16.0645161290323       4.758374989257385E-003
   16.0821114369501       5.149009307111475E-003
   16.0997067448680       5.538255368237630E-003
   16.1173020527859       5.924034234753624E-003
   16.1348973607038       6.304266968776906E-003
   16.1524926686217       6.676874632425243E-003
   16.1700879765396       7.039778287816107E-003
   16.1876832844575       7.390898997067243E-003
   16.2052785923754       7.728157822296131E-003
   16.2228739002933       8.049478693877782E-003
   16.2404692082111       8.353007460314383E-003
   16.2580645161290       8.637266136737629E-003
   16.2756598240469       8.900813175769882E-003
   16.2932551319648       9.142207030033305E-003
   16.3108504398827       9.360006152150263E-003
   16.3284457478006       9.552768994742923E-003
   16.3460410557185       9.719054010433629E-003
   16.3636363636364       9.857419651844571E-003
   16.3812316715543       9.966424371598070E-003
   16.3988269794721       1.004462662231635E-002
   16.4164222873900       1.009058485662168E-002
   16.4340175953079       1.010385774483580E-002
   16.4516129032258       1.008889314095501E-002
   16.4692082111437       1.005163047726505E-002
   16.4868035190616       9.998009550562469E-003
   16.5043988269795       9.933970157643853E-003
   16.5219941348974       9.865452095305746E-003
   16.5395894428153       9.798395160344735E-003
   16.5571847507331       9.738739149557364E-003
   16.5747800586510       9.692423859740220E-003
   16.5923753665689       9.665389087689841E-003
   16.6099706744868       9.663574630202816E-003
   16.6275659824047       9.692492763754616E-003
   16.6451612903226       9.750331357544864E-003
   16.6627565982405       9.829124442062274E-003
   16.6803519061584       9.920714868852803E-003
   16.6979472140762       1.001694548946249E-002
   16.7155425219941       1.010965915543728E-002
   16.7331378299120       1.019069871832321E-002
   16.7507331378299       1.025190702966626E-002
   16.7683284457478       1.028512694101242E-002
   16.7859237536657       1.028220130390768E-002
   16.8035190615836       1.023497296989804E-002
   16.8211143695015       1.013530254323290E-002
   16.8387096774194       9.978814201279527E-003
   16.8563049853372       9.769529150107047E-003
   16.8739002932551       9.512604768801178E-003
   16.8914956011730       9.213198436447840E-003
   16.9090909090909       8.876467532132721E-003
   16.9266862170088       8.507569434941745E-003
   16.9442815249267       8.111661523960579E-003
   16.9618768328446       7.693901178275190E-003
   16.9794721407625       7.259445776971220E-003
   16.9970674486804       6.813452699134626E-003
   17.0146627565982       6.361079323851060E-003
   17.0322580645161       5.906916031537202E-003
   17.0498533724340       5.451783795455953E-003
   17.0674486803519       4.994965888479440E-003
   17.0850439882698       4.535741047490091E-003
   17.1026392961877       4.073388009370684E-003
   17.1202346041056       3.607185511003638E-003
   17.1378299120235       3.136412289271738E-003
   17.1554252199413       2.660347081057403E-003
   17.1730205278592       2.178268623243424E-003
   17.1906158357771       1.689455652712204E-003
   17.2082111436950       1.193186906346545E-003
   17.2258064516129       6.886984561219736E-004
   17.2434017595308       1.740725557164681E-004
   17.2609970674487      -3.538672181390167E-004
   17.2785923753666      -8.983609751047083E-004
   17.2961876832845      -1.462648824841275E-003
   17.3137829912023      -2.049970877008939E-003
   17.3313782991202      -2.663567241268382E-003
   17.3489736070381      -3.306678027279803E-003
   17.3665689149560      -3.982543344703908E-003
   17.3841642228739      -4.694403303200868E-003
   17.4017595307918      -5.445498012431416E-003
   17.4193548387097      -6.239065268422073E-003
   17.4369501466276      -7.075272675375867E-003
   17.4545454545455      -7.945165180100678E-003
   17.4721407624633      -8.838101090490415E-003
   17.4897360703812      -9.743438714438259E-003
   17.5073313782991      -1.065053635983813E-002
   17.5249266862170      -1.154875233458320E-002
   17.5425219941349      -1.242744494656739E-002
   17.5601173020528      -1.327597250368389E-002
   17.5777126099707      -1.408369331382660E-002
   17.5953079178886      -1.483996568488872E-002
   17.6129032258065      -1.553414792476412E-002
   17.6304985337243      -1.615667007982873E-002
   17.6480938416422      -1.670782766594790E-002
   17.6656891495601      -1.719323302032465E-002
   17.6832844574780      -1.761855001379344E-002
   17.7008797653959      -1.798944251718836E-002
   17.7184750733138      -1.831157440134381E-002
   17.7360703812317      -1.859060953709393E-002
   17.7536656891496      -1.883221179527312E-002
   17.7712609970675      -1.904204504671552E-002
   17.7888563049853      -1.922577316225548E-002
   17.8064516129032      -1.938906001272721E-002
   17.8240469208211      -1.953753102287333E-002
   17.8416422287390      -1.967497461060445E-002
   17.8592375366569      -1.980257338070605E-002
   17.8768328445748      -1.992131181494105E-002
   17.8944281524927      -2.003217439507244E-002
   17.9120234604106      -2.013614560286312E-002
   17.9296187683284      -2.023420992007611E-002
   17.9472140762463      -2.032735182847429E-002
   17.9648093841642      -2.041655580982069E-002
   17.9824046920821      -2.050280634587820E-002
   18.0000000000000      -2.058708791840982E-002
   18.0175953079179      -2.067038500917846E-002
