  1.759530791788856E-002 -4.747432232069565E-004
  3.519061583577713E-002 -3.322453383806801E-004
  5.278592375366570E-002 -1.898882539021409E-004
  7.038123167155426E-002 -4.781277011906660E-005
  8.797653958944282E-002  9.384031262079218E-005
  0.105571847507331       2.349301939697055E-004
  0.123167155425220       3.753160735799393E-004
  0.140762463343109       5.148571511037595E-004
  0.158357771260997       6.534126261934284E-004
  0.175953079178886       7.908416985012050E-004
  0.193548387096774       9.270035676793593E-004
  0.211143695014663       1.061757433380150E-003
  0.228739002932551       1.194926965206244E-003
  0.246334310850440       1.325868523769937E-003
  0.263929618768328       1.453609033240219E-003
  0.281524926686217       1.577168523122725E-003
  0.299120234604106       1.695567022923080E-003
  0.316715542521994       1.807824562146911E-003
  0.334310850439883       1.912961170299846E-003
  0.351906158357771       2.009996876887517E-003
  0.369501466275660       2.097951711415549E-003
  0.387096774193548       2.175845703389567E-003
  0.404692082111437       2.242698882315205E-003
  0.422287390029326       2.297536036797518E-003
  0.439882697947214       2.339872960652808E-003
  0.457478005865103       2.370136517794053E-003
  0.475073313782991       2.388852546530122E-003
  0.492668621700880       2.396546885169895E-003
  0.510263929618768       2.393745372022252E-003
  0.527859237536657       2.380973845396067E-003
  0.545454545454546       2.358758143600217E-003
  0.563049853372434       2.327624104943578E-003
  0.580645161290323       2.288097567735028E-003
  0.598240469208211       2.240704370283446E-003
  0.615835777126100       2.185970350897706E-003
  0.633431085043988       2.124315830013390E-003
  0.651026392961877       2.055590405193101E-003
  0.668621700879765       1.979451599626511E-003
  0.686217008797654       1.895556791759994E-003
  0.703812316715543       1.803563360039910E-003
  0.721407624633431       1.703128682912628E-003
  0.739002932551320       1.593910138824509E-003
  0.756598240469208       1.475565106221920E-003
  0.774193548387097       1.347750963551230E-003
  0.791788856304985       1.210125089258805E-003
  0.809384164222874       1.062344861791004E-003
  0.826979472140763       9.041195758650540E-004
  0.844574780058651       7.361845823402284E-004
  0.862170087976540       5.602158088891083E-004
  0.879765395894428       3.779239630298067E-004
  0.897360703812317       1.910197522804054E-004
  0.914956011730205       1.213884159003142E-006
  0.932551319648094      -1.897829338162992E-004
  0.950146627565982      -3.802599941274150E-004
  0.967741935483871      -5.685065892562395E-004
  0.985337243401760      -7.528120116846855E-004
   1.00293255131965      -9.314655538946477E-004
   1.02052785923754      -1.102758045275792E-003
   1.03812316715543      -1.265501326946845E-003
   1.05571847507331      -1.419784410371240E-003
   1.07331378299120      -1.565888420481842E-003
   1.09090909090909      -1.704094482211508E-003
   1.10850439882698      -1.834683720493088E-003
   1.12609970674487      -1.957937260259451E-003
   1.14369501466276      -2.074136226443448E-003
   1.16129032258065      -2.183561743977938E-003
   1.17888563049853      -2.286494937795786E-003
   1.19648093841642      -2.383216932829838E-003
   1.21407624633431      -2.474008854012965E-003
   1.23167155425220      -2.559109818755775E-003
   1.24926686217009      -2.638448482624884E-003
   1.26686217008798      -2.711814351269485E-003
   1.28445747800587      -2.778996273971236E-003
   1.30205278592375      -2.839783100011809E-003
   1.31964809384164      -2.893963678672856E-003
   1.33724340175953      -2.941326859236047E-003
   1.35483870967742      -2.981661490983046E-003
   1.37243401759531      -3.014756423195512E-003
   1.39002932551320      -3.040400505155105E-003
   1.40762463343109      -3.058382586143493E-003
   1.42521994134897      -3.068501312885337E-003
   1.44281524926686      -3.070870700958886E-003
   1.46041055718475      -3.065980123509332E-003
   1.47800586510264      -3.054340863029806E-003
   1.49560117302053      -3.036464202013449E-003
   1.51319648093842      -3.012861422953392E-003
   1.53079178885631      -2.984043808342775E-003
   1.54838709677419      -2.950522640674731E-003
   1.56598240469208      -2.912809202442400E-003
   1.58357771260997      -2.871414776138920E-003
   1.60117302052786      -2.826850644257424E-003
   1.61876832844575      -2.779628053767278E-003
   1.63636363636364      -2.730112888388285E-003
   1.65395894428153      -2.678194551569836E-003
   1.67155425219941      -2.623664969548006E-003
   1.68914956011730      -2.566316068558889E-003
   1.70674486803519      -2.505939774838569E-003
   1.72434017595308      -2.442328014623130E-003
   1.74193548387097      -2.375272714148658E-003
   1.75953079178886      -2.304565799651239E-003
   1.77712609970675      -2.229999197366963E-003
   1.79472140762463      -2.151364833531908E-003
   1.81231671554252      -2.068454634382169E-003
   1.82991202346041      -1.981123472474153E-003
   1.84750733137830      -1.889876053951164E-003
   1.86510263929619      -1.795600451904519E-003
   1.88269794721408      -1.699189694383711E-003
   1.90029325513196      -1.601536809438216E-003
   1.91788856304985      -1.503534825117527E-003
   1.93548387096774      -1.406076769471125E-003
   1.95307917888563      -1.310055670548501E-003
   1.97067448680352      -1.216364556399132E-003
   1.98826979472141      -1.125896455072507E-003
   2.00586510263930      -1.039544394618116E-003
   2.02346041055718      -9.581944057328211E-004
   2.04105571847507      -8.823126779563640E-004
   2.05865102639296      -8.117146470349452E-004
   2.07624633431085      -7.461597698938148E-004
   2.09384164222874      -6.854075034582228E-004
   2.11143695014663      -6.292173046534162E-004
   2.12903225806452      -5.773486304046468E-004
   2.14662756598241      -5.295609376371657E-004
   2.16422287390029      -4.856136832762188E-004
   2.18181818181818      -4.452663242470576E-004
   2.19941348973607      -4.082783174749323E-004
   2.21700879765396      -3.744091198850905E-004
   2.23460410557185      -3.434362080594823E-004
   2.25219941348974      -3.152167229141630E-004
   2.26979472140762      -2.896298132996577E-004
   2.28739002932551      -2.665546288053517E-004
   2.30498533724340      -2.458703190206172E-004
   2.32258064516129      -2.274560335348388E-004
   2.34017595307918      -2.111909219373866E-004
   2.35777126099707      -1.969541338176456E-004
   2.37536656891496      -1.846248187649904E-004
   2.39296187683284      -1.740821263687967E-004
   2.41055718475073      -1.652052062184465E-004
   2.42815249266862      -1.578771826837915E-004
   2.44574780058651      -1.520406546277474E-004
   2.46334310850440      -1.476840044957614E-004
   2.48093841642229      -1.447967924460096E-004
   2.49853372434018      -1.433685786366644E-004
   2.51612903225806      -1.433889232259120E-004
   2.53372434017595      -1.448473863719327E-004
   2.55131964809384      -1.477335282328948E-004
   2.56891495601173      -1.520369089669861E-004
   2.58651026392962      -1.577470887323775E-004
   2.60410557184751      -1.648536276872526E-004
   2.62170087976540      -1.733459578914388E-004
   2.63929618768328      -1.831951066974548E-004
   2.65689149560117      -1.943346769470119E-004
   2.67448680351906      -2.066937275384657E-004
   2.69208211143695      -2.202013173701479E-004
   2.70967741935484      -2.347865053404001E-004
   2.72727272727273      -2.503783503475638E-004
   2.74486803519062      -2.669059112899798E-004
   2.76246334310850      -2.842982470659889E-004
   2.78005865102639      -3.024844165739254E-004
   2.79765395894428      -3.213934787121384E-004
   2.81524926686217      -3.409544923789647E-004
   2.83284457478006      -3.610684842999870E-004
   2.85043988269795      -3.814685178316111E-004
   2.86803519061584      -4.018253782076881E-004
   2.88563049853372      -4.218097485877238E-004
   2.90322580645161      -4.410923121312083E-004
   2.92082111436950      -4.593437519976459E-004
   2.93841642228739      -4.762347513465251E-004
   2.95601173020528      -4.914359933373514E-004
   2.97360703812317      -5.046181611296110E-004
   2.99120234604106      -5.154519378828099E-004
   3.00879765395894      -5.236080067564391E-004
   3.02639296187683      -5.287680327103834E-004
   3.04398826979472      -5.308662621134433E-004
   3.06158357771261      -5.300895227433231E-004
   3.07917888563050      -5.266356241781224E-004
   3.09677419354839      -5.207023759959377E-004
   3.11436950146628      -5.124875877748674E-004
   3.13196480938416      -5.021890690930071E-004
   3.14956011730205      -4.900046295284499E-004
   3.16715542521994      -4.761320786592967E-004
   3.18475073313783      -4.607692260636407E-004
   3.20234604105572      -4.441138813195875E-004
   3.21994134897361      -4.263638301613499E-004
   3.23753665689150      -4.077023105785010E-004
   3.25513196480938      -3.882733254631737E-004
   3.27272727272727      -3.682143295831433E-004
   3.29032258064516      -3.476627777061795E-004
   3.30791788856305      -3.267561246000595E-004
   3.32551319648094      -3.056318250325613E-004
   3.34310850439883      -2.844273337714514E-004
   3.36070381231672      -2.632801055845114E-004
   3.37829912023460      -2.423275952395086E-004
   3.39589442815249      -2.217072575042180E-004
   3.41348973607038      -2.015565471464186E-004
   3.43108504398827      -1.820025324399244E-004
   3.44868035190616      -1.630867371386824E-004
   3.46627565982405      -1.448086157265847E-004
   3.48387096774194      -1.271673298817876E-004
   3.50146627565982      -1.101620412824403E-004
   3.51906158357771      -9.379191160670283E-005
   3.53665689149560      -7.805610253271860E-005
   3.55425219941349      -6.295377573864772E-005
   3.57184750733138      -4.848409290263753E-005
   3.58944281524927      -3.464621570284471E-005
   3.60703812316716      -2.143930581741790E-005
   3.62463343108504      -8.862904539268898E-006
   3.64222873900293       3.068689315238321E-006
   3.65982404692082       1.432200638477174E-005
   3.67741935483871       2.486229610821363E-005
   3.69501466275660       3.465480792446126E-005
   3.71260997067449       4.366479127238829E-005
   3.73020527859238       5.185749559088710E-005
   3.74780058651026       5.919817031884070E-005
   3.76539589442815       6.565206489513731E-005
   3.78299120234604       7.118442875865946E-005
   3.80058651026393       7.576051134829942E-005
   3.81818181818182       7.934556305243848E-005
   3.83577712609971       8.193311714216293E-005
   3.85337243401760       8.361908528383533E-005
   3.87096774193548       8.452253660263939E-005
   3.88856304985337       8.476254022376171E-005
   3.90615835777126       8.445816527238442E-005
   3.92375366568915       8.372848087370072E-005
   3.94134897360704       8.269255615289040E-005
   3.95894428152493       8.146946023513418E-005
   3.97653958944282       8.017826224563015E-005
   3.99413489736070       7.893803130954882E-005
   4.01173020527859       7.786783655208862E-005
   4.02932551319648       7.708190112723673E-005
   4.04692082111437       7.663811377393742E-005
   4.06451612903226       7.655801844720583E-005
   4.08211143695015       7.686255335567154E-005
   4.09970674486804       7.757265670795677E-005
   4.11730205278592       7.870926671268829E-005
   4.13489736070381       8.029332157848979E-005
   4.15249266862170       8.234575951398676E-005
   4.17008797653959       8.488751872780376E-005
   4.18768328445748       8.793953742856442E-005
   4.20527859237537       9.152275382489550E-005
   4.22287390029326       9.565806170197493E-005
   4.24046920821114       1.003629177864283E-004
   4.25806451612903       1.056489527520793E-004
   4.27565982404692       1.115272329304292E-004
   4.29325513196481       1.180088246529980E-004
   4.31085043988270       1.251047942512889E-004
   4.32844574780059       1.328262080568142E-004
   4.34604105571848       1.411841324010834E-004
   4.36363636363636       1.501896336156075E-004
   4.38123167155425       1.598537780318895E-004
   4.39882697947214       1.701876319814483E-004
   4.41642228739003       1.812022617957889E-004
   4.43401759530792       1.929044514577899E-004
   4.45161290322581       2.052800523183371E-004
   4.46920821114370       2.183085296603042E-004
   4.48680351906158       2.319693472059593E-004
   4.50439882697947       2.462419686775529E-004
   4.52199413489736       2.611058577973422E-004
   4.53958944281525       2.765404782875891E-004
   4.55718475073314       2.925252938705499E-004
   4.57478005865103       3.090397682684826E-004
   4.59237536656892       3.260633652036423E-004
   4.60997067448680       3.435755483982899E-004
   4.62756598240469       3.615506246600705E-004
   4.64516129032258       3.798745509778326E-004
   4.66275659824047       3.983590543700502E-004
   4.68035190615836       4.168135557812359E-004
   4.69794721407625       4.350474761559050E-004
   4.71554252199414       4.528702364385653E-004
   4.73313782991202       4.700912575737313E-004
   4.75073313782991       4.865199605059127E-004
   4.76832844574780       5.019657661796227E-004
   4.78592375366569       5.162380955393688E-004
   4.80351906158358       5.291463695296709E-004
   4.82111436950147       5.405000730677286E-004
   4.83870967741935       5.501222532826779E-004
   4.85630498533724       5.578662163896755E-004
   4.87390029325513       5.635893628565320E-004
   4.89149560117302       5.671490931510622E-004
   4.90909090909091       5.684028077410812E-004
   4.92668621700880       5.672079070944006E-004
   4.94428152492669       5.634217916788313E-004
   4.96187683284458       5.569018619621885E-004
   4.97947214076246       5.475055184122828E-004
   4.99706744868035       5.350901614969320E-004
   5.01466275659824       5.195131916839427E-004
   5.03225806451613       5.006523863850924E-004
   5.04985337243402       4.785209889355700E-004
   5.06744868035191       4.531875049425795E-004
   5.08504398826980       4.247206030288831E-004
   5.10263929618768       3.931889518172241E-004
   5.12023460410557       3.586612199303754E-004
   5.13782991202346       3.212060759910799E-004
   5.15542521994135       2.808921886220996E-004
   5.17302052785924       2.377882264461884E-004
   5.19061583577713       1.919628580861048E-004
   5.20821114369502       1.434847521646004E-004
   5.22580645161290       9.242057067075749E-005
   5.24340175953079       3.878270873074274E-005
   5.26099706744868      -1.747563714784450E-005
   5.27859237536657      -7.640426578231319E-005
   5.29618768328446      -1.380529759899701E-004
   5.31378299120235      -2.024715665881144E-004
   5.33137829912024      -2.697098363940590E-004
   5.34897360703812      -3.398175842251084E-004
   5.36656891495601      -4.128446088985650E-004
   5.38416422287390      -4.888407092317398E-004
   5.40175953079179      -5.678556840419329E-004
   5.41935483870968      -6.499392833291354E-004
   5.43695014662757      -7.350764765080437E-004
   5.45454545454546      -8.230597462956961E-004
   5.47214076246334      -9.136459875819522E-004
   5.48973607038123      -1.006592095256671E-003
   5.50733137829912      -1.101654964209708E-003
   5.52492668621701      -1.198591489330925E-003
   5.54252199413490      -1.297158565510175E-003
   5.56011730205279      -1.397113087637318E-003
   5.57771260997067      -1.498211950602214E-003
   5.59530791788856      -1.600212049294713E-003
   5.61290322580645      -1.702870278604683E-003
   5.63049853372434      -1.805940153294218E-003
   5.64809384164223      -1.909144073681202E-003
   5.66568914956012      -2.012187671500818E-003
   5.68328445747801      -2.114776415957681E-003
   5.70087976539589      -2.216615776256416E-003
   5.71847507331378      -2.317411221601648E-003
   5.73607038123167      -2.416868221197990E-003
   5.75366568914956      -2.514692244250069E-003
   5.77126099706745      -2.610588759962510E-003
   5.78885630498534      -2.704263237539928E-003
   5.80645161290323      -2.795421146186948E-003
   5.82404692082111      -2.883768987216968E-003
   5.84164222873900      -2.969062577512404E-003
   5.85923753665689      -3.051127688598583E-003
   5.87683284457478      -3.129795410734230E-003
   5.89442815249267      -3.204896834178067E-003
   5.91202346041056      -3.276263049188826E-003
   5.92961876832845      -3.343725146025235E-003
   5.94721407624634      -3.407114214946009E-003
   5.96480938416422      -3.466261346209886E-003
   5.98240469208211      -3.520997630075590E-003
   6.00000000000000      -3.571154156801845E-003
   6.01759530791789      -3.616562016647379E-003
   6.03519061583578      -3.657051391189164E-003
   6.05278592375367      -3.692448827277138E-003
   6.07038123167156      -3.722579963079497E-003
   6.08797653958944      -3.747270436764428E-003
   6.10557184750733      -3.766345886500113E-003
   6.12316715542522      -3.779631950454754E-003
   6.14076246334311      -3.786954266796532E-003
   6.15835777126100      -3.788138473693634E-003
   6.17595307917889      -3.783010209314258E-003
   6.19354838709677      -3.771395111826577E-003
   6.21114369501466      -3.753118819398797E-003
   6.22873900293255      -3.728020776673817E-003
   6.24633431085044      -3.696122017958418E-003
   6.26392961876833      -3.657571591901542E-003
   6.28152492668622      -3.612521226320818E-003
   6.29912023460411      -3.561122649033855E-003
   6.31671554252199      -3.503527587858284E-003
   6.33431085043988      -3.439887770611715E-003
   6.35190615835777      -3.370354925111770E-003
   6.36950146627566      -3.295080779176066E-003
   6.38709677419355      -3.214217060622226E-003
   6.40469208211144      -3.127915497267862E-003
   6.42228739002933      -3.036327988555446E-003
   6.43988269794721      -2.939624140784451E-003
   6.45747800586510      -2.838006415685536E-003
   6.47507331378299      -2.731680844249802E-003
   6.49266862170088      -2.620853457468357E-003
   6.51026392961877      -2.505730286332293E-003
   6.52785923753666      -2.386517361832719E-003
   6.54545454545455      -2.263420714960732E-003
   6.56304985337243      -2.136646376707433E-003
   6.58064516129032      -2.006400378063923E-003
   6.59824046920821      -1.872888750021310E-003
   6.61583577712610      -1.736317523570687E-003
   6.63343108504399      -1.596886906039346E-003
   6.65102639296188      -1.454765605843150E-003
   6.66862170087977      -1.310111730572347E-003
   6.68621700879765      -1.163083379828606E-003
   6.70381231671554      -1.013838653213604E-003
   6.72140762463343      -8.625356503290275E-004
   6.73900293255132      -7.093324707765343E-004
   6.75659824046921      -5.543872141578121E-004
   6.77419354838710      -3.978579800745289E-004
   6.79178885630499      -2.399028681283719E-004
   6.80938416422287      -8.067997792101500E-005
   6.82697947214076       7.965047884294485E-005
   6.84457478005865       2.408865475496357E-004
   6.86217008797654       4.027880082204033E-004
   6.87976539589443       5.651132259326352E-004
   6.89736070381232       7.276205657637347E-004
   6.91495601173021       8.900683927910771E-004
   6.93255131964809       1.052215072092061E-003
   6.95014662756598       1.213818968744072E-003
   6.96774193548387       1.374638447824507E-003
   6.98533724340176       1.534431874410753E-003
   7.00293255131965       1.692957613580197E-003
   7.02052785923754       1.849974014963473E-003
   7.03812316715543       2.005234191739731E-003
   7.05571847507331       2.158478420830936E-003
   7.07331378299120       2.309445048314112E-003
   7.09090909090909       2.457872420266289E-003
   7.10850439882698       2.603498882764490E-003
   7.12609970674487       2.746062781885746E-003
   7.14369501466276       2.885302463707076E-003
   7.16129032258065       3.020956274305511E-003
   7.17888563049853       3.152762559758076E-003
   7.19648093841642       3.280459666141795E-003
   7.21407624633431       3.403785939533691E-003
   7.23167155425220       3.522474149892339E-003
   7.24926686217009       3.636215856175818E-003
   7.26686217008798       3.744684146449827E-003
   7.28445747800587       3.847552021653198E-003
   7.30205278592375       3.944492482724779E-003
   7.31964809384164       4.035178530603400E-003
   7.33724340175953       4.119283166227916E-003
   7.35483870967742       4.196479390537155E-003
   7.37243401759531       4.266440204469969E-003
   7.39002932551320       4.328838608965189E-003
   7.40762463343109       4.383347604961662E-003
   7.42521994134897       4.429644036424787E-003
   7.44281524926686       4.467528450094443E-003
   7.46041055718475       4.496948625932558E-003
   7.47800586510264       4.517860937797055E-003
   7.49560117302053       4.530221759545858E-003
   7.51319648093842       4.533987465036891E-003
   7.53079178885631       4.529114428128074E-003
   7.54838709677419       4.515559022677341E-003
   7.56598240469208       4.493277622542605E-003
   7.58357771260997       4.462226601581797E-003
   7.60117302052786       4.422362333652835E-003
   7.61876832844575       4.373641201668704E-003
   7.63636363636364       4.316056641819170E-003
   7.65395894428153       4.249723545719663E-003
   7.67155425219941       4.174781652050975E-003
   7.68914956011730       4.091370699493902E-003
   7.70674486803519       3.999630426729254E-003
   7.72434017595308       3.899700572437831E-003
   7.74193548387097       3.791720875300420E-003
   7.75953079178886       3.675831073997832E-003
   7.77712609970675       3.552170907210863E-003
   7.79472140762463       3.420880113620309E-003
   7.81231671554252       3.282098431906973E-003
   7.82991202346041       3.135970984710237E-003
   7.84750733137830       2.982698476585919E-003
   7.86510263929619       2.822514402438150E-003
   7.88269794721408       2.655652680981216E-003
   7.90029325513197       2.482347230929424E-003
   7.91788856304985       2.302831970997052E-003
   7.93548387096774       2.117340819898403E-003
   7.95307917888563       1.926107696347757E-003
   7.97067448680352       1.729366519059405E-003
   7.98826979472141       1.527351206747646E-003
   8.00586510263930       1.320295678126772E-003
   8.02346041055718       1.108434696161958E-003
   8.04105571847507       8.920536788715869E-004
   8.05865102639296       6.715165596065491E-004
   8.07624633431085       4.471940257248188E-004
   8.09384164222874       2.194567645843710E-004
   8.11143695014663      -1.132453645682063E-005
   8.12903225806452      -2.447791900407999E-004
   8.14662756598241      -4.805365088095459E-004
   8.16422287390029      -7.182258054051158E-004
   8.18181818181818      -9.574763924695191E-004
   8.19941348973607      -1.197917582644792E-003
   8.21700879765396      -1.439178688572953E-003
   8.23460410557185      -1.680882692135516E-003
   8.25219941348974      -1.922624587121360E-003
   8.26979472140763      -2.163991635376122E-003
   8.28739002932551      -2.404571098485885E-003
   8.30498533724340      -2.643950238036721E-003
   8.32258064516129      -2.881716315614703E-003
   8.34017595307918      -3.117456592805893E-003
   8.35777126099707      -3.350758331196378E-003
   8.37536656891496      -3.581208792372218E-003
   8.39296187683285      -3.808395237919500E-003
   8.41055718475073      -4.031904929424283E-003
   8.42815249266862      -4.251324473771688E-003
   8.44574780058651      -4.466230681580590E-003
   8.46334310850440      -4.676192822284732E-003
   8.48093841642229      -4.880779971332379E-003
   8.49853372434018      -5.079561204171806E-003
   8.51612903225807      -5.272105596251276E-003
   8.53372434017595      -5.457982223019067E-003
   8.55131964809384      -5.636760159923435E-003
   8.56891495601173      -5.808008482412658E-003
   8.58651026392962      -5.971296265935001E-003
   8.60410557184751      -6.126192585938739E-003
   8.62170087976540      -6.272266975791805E-003
   8.63929618768329      -6.409154761105128E-003
   8.65689149560117      -6.536625050791037E-003
   8.67448680351906      -6.654463197227321E-003
   8.69208211143695      -6.762454552791748E-003
   8.70967741935484      -6.860384469862096E-003
   8.72727272727273      -6.948038300816146E-003
   8.74486803519062      -7.025201398031678E-003
   8.76246334310851      -7.091659113886456E-003
   8.78005865102639      -7.147196800758275E-003
   8.79765395894428      -7.191599811024900E-003
   8.81524926686217      -7.224653497064111E-003
   8.83284457478006      -7.246164775624415E-003
   8.85043988269795      -7.256069773001982E-003
   8.86803519061584      -7.254352524320265E-003
   8.88563049853373      -7.240997143225672E-003
   8.90322580645161      -7.215987743364625E-003
   8.92082111436950      -7.179308438383535E-003
   8.93841642228739      -7.130943341928824E-003
   8.95601173020528      -7.070876567646902E-003
   8.97360703812317      -6.999092229184191E-003
   8.99120234604106      -6.915574440187109E-003
   9.00879765395895      -6.820307314302059E-003
   9.02639296187683      -6.713281323831712E-003
   9.04398826979472      -6.594633190172255E-003
   9.06158357771261      -6.464645883813437E-003
   9.07917888563050      -6.323608733901229E-003
   9.09677419354839      -6.171811069581611E-003
   9.11436950146628      -6.009542220000558E-003
   9.13196480938416      -5.837091514304049E-003
   9.14956011730205      -5.654748281638064E-003
   9.16715542521994      -5.462801851148585E-003
   9.18475073313783      -5.261541551981583E-003
   9.20234604105572      -5.051256713283041E-003
   9.21994134897361      -4.832236752271995E-003
   9.23753665689150      -4.604824821745266E-003
   9.25513196480938      -4.369508998725395E-003
   9.27272727272727      -4.126801547299943E-003
   9.29032258064516      -3.877214731556479E-003
   9.30791788856305      -3.621260815582562E-003
   9.32551319648094      -3.359452063465757E-003
   9.34310850439883      -3.092300739293635E-003
   9.36070381231672      -2.820319107153752E-003
   9.37829912023460      -2.544019431133673E-003
   9.39589442815249      -2.263913975320969E-003
   9.41348973607038      -1.980515003803195E-003
   9.43108504398827      -1.694318551792250E-003
   9.44868035190616      -1.405686991361878E-003
   9.46627565982405      -1.114916961436994E-003
   9.48387096774194      -8.223046434341255E-004
   9.50146627565982      -5.281462187698249E-004
   9.51906158357771      -2.327378688606165E-004
   9.53665689149560       6.362422487694320E-005
   9.55425219941349       3.606438810263315E-004
   9.57184750733138       6.580249181709954E-004
   9.58944281524927       9.554711548944043E-004
   9.60703812316716       1.252686409780016E-003
   9.62463343108504       1.549374229774948E-003
   9.64222873900293       1.845227601963584E-003
   9.65982404692082       2.139925795795100E-003
   9.67741935483871       2.433147163946024E-003
   9.69501466275660       2.724570059092889E-003
   9.71260997067449       3.013872833912221E-003
   9.73020527859238       3.300733841080546E-003
   9.74780058651026       3.584831433274396E-003
   9.76539589442815       3.865843963170301E-003
   9.78299120234604       4.143449783444784E-003
   9.80058651026393       4.417327246774387E-003
   9.81818181818182       4.687154705334419E-003
   9.83577712609971       4.952595581944380E-003
   9.85337243401760       5.213259258132789E-003
   9.87096774193548       5.468742891570136E-003
   9.88856304985337       5.718643639926896E-003
   9.90615835777126       5.962558660873557E-003
   9.92375366568915       6.200085112080602E-003
   9.94134897360704       6.430820151218528E-003
   9.95894428152493       6.654360935957779E-003
   9.97653958944282       6.870304623968866E-003
   9.99413489736071       7.078248372922264E-003
   10.0117302052786       7.277789340488461E-003
   10.0293255131965       7.468521626944006E-003
   10.0469208211144       7.650003790361051E-003
   10.0645161290323       7.821771458357290E-003
   10.0821114369501       7.983359876376175E-003
   10.0997067448680       8.134304289861156E-003
   10.1173020527859       8.274139944255684E-003
   10.1348973607038       8.402402085003211E-003
   10.1524926686217       8.518625957547186E-003
   10.1700879765396       8.622346807331063E-003
   10.1876832844575       8.713099879798297E-003
   10.2052785923754       8.790420420392334E-003
   10.2228739002933       8.853844617936715E-003
   10.2404692082111       8.902981650921982E-003
   10.2580645161290       8.937564420390511E-003
   10.2756598240469       8.957337811805842E-003
   10.2932551319648       8.962046710631512E-003
   10.3108504398827       8.951436002331054E-003
   10.3284457478006       8.925250572367999E-003
   10.3460410557185       8.883235306205883E-003
   10.3636363636364       8.825135089308248E-003
   10.3812316715543       8.750694807138620E-003
   10.3988269794721       8.659659345160536E-003
   10.4164222873900       8.551773588837529E-003
   10.4340175953079       8.426826800125395E-003
   10.4516129032258       8.284825158578580E-003
   10.4692082111437       8.125841020357341E-003
   10.4868035190616       7.949946757794113E-003
   10.5043988269795       7.757214743221344E-003
   10.5219941348974       7.547717348971482E-003
   10.5395894428153       7.321526947376956E-003
   10.5571847507331       7.078715910770222E-003
   10.5747800586510       6.819356611483711E-003
   10.5923753665689       6.543521421849885E-003
   10.6099706744868       6.251282714201166E-003
   10.6275659824047       5.942722089983144E-003
   10.6451612903226       5.618079266595272E-003
   10.6627565982405       5.277726807692157E-003
   10.6803519061584       4.922041404011980E-003
   10.6979472140762       4.551399746292913E-003
   10.7155425219941       4.166178525273132E-003
   10.7331378299120       3.766754431690819E-003
   10.7507331378299       3.353504156284142E-003
   10.7683284457478       2.926804389791281E-003
   10.7859237536657       2.487031822950407E-003
   10.8035190615836       2.034563146499705E-003
   10.8211143695015       1.569775896866370E-003
   10.8387096774194       1.093226896550964E-003
   10.8563049853372       6.058729789630352E-004
   10.8739002932551       1.087251016097399E-004
   10.8914956011730      -3.972057780017688E-004
   10.9090909090909      -9.109087023643214E-004
   10.9266862170088      -1.431372713970769E-003
   10.9442815249267      -1.957586855313947E-003
   10.9618768328446      -2.488540168886693E-003
   10.9794721407625      -3.023221697181856E-003
   10.9970674486804      -3.560620482692275E-003
   11.0146627565982      -4.099725567910788E-003
   11.0322580645161      -4.639469011040116E-003
   11.0498533724340      -5.178404038722256E-003
   11.0674486803519      -5.714929336204397E-003
   11.0850439882698      -6.247443132859397E-003
   11.1026392961877      -6.774343658060137E-003
   11.1202346041056      -7.294029141179475E-003
   11.1378299120235      -7.804897811590284E-003
   11.1554252199413      -8.305347898665423E-003
   11.1730205278592      -8.793777631777761E-003
   11.1906158357771      -9.268585240300166E-003
   11.2082111436950      -9.728168953605513E-003
   11.2258064516129      -1.017093510027699E-002
   11.2434017595308      -1.059550904176980E-002
   11.2609970674487      -1.100075507805052E-002
   11.2785923753666      -1.138554959886911E-002
   11.2961876832845      -1.174876899397547E-002
   11.3137829912023      -1.208928965311957E-002
   11.3313782991202      -1.240598796605135E-002
   11.3489736070381      -1.269774032252075E-002
   11.3665689149560      -1.296342311227770E-002
   11.3841642228739      -1.320191272507215E-002
   11.4017595307918      -1.341208555065404E-002
   11.4193548387097      -1.359281819684396E-002
   11.4369501466276      -1.374327665120890E-002
   11.4545454545455      -1.386348675387055E-002
   11.4721407624633      -1.395363331845109E-002
   11.4897360703812      -1.401390115857269E-002
   11.5073313782991      -1.404447508785751E-002
   11.5249266862170      -1.404553991992773E-002
   11.5425219941349      -1.401728046840552E-002
   11.5601173020528      -1.395988154691303E-002
   11.5777126099707      -1.387352796907247E-002
   11.5953079178886      -1.375840454850598E-002
   11.6129032258065      -1.361469609883574E-002
   11.6304985337243      -1.344265178696824E-002
   11.6480938416422      -1.324311315880300E-002
   11.6656891495601      -1.301724101248326E-002
   11.6832844574780      -1.276619924052509E-002
   11.7008797653959      -1.249115173544457E-002
   11.7184750733138      -1.219326238975775E-002
   11.7360703812317      -1.187369509598066E-002
   11.7536656891496      -1.153361374662944E-002
   11.7712609970675      -1.117418223422011E-002
   11.7888563049853      -1.079656445126874E-002
   11.8064516129032      -1.040192429029140E-002
   11.8240469208211      -9.991422344958081E-003
   11.8416422287390      -9.566061585562764E-003
   11.8592375366569      -9.126621392015909E-003
   11.8768328445748      -8.673864144389384E-003
   11.8944281524927      -8.208552222755034E-003
   11.9120234604106      -7.731448007184720E-003
   11.9296187683284      -7.243313877750295E-003
   11.9472140762463      -6.744912214523611E-003
   11.9648093841642      -6.237005397576529E-003
   11.9824046920821      -5.720355806980905E-003
   12.0000000000000      -5.195725822808590E-003
   12.0175953079179      -4.663877825131437E-003
   12.0351906158358      -4.125508514268014E-003
   12.0527859237537      -3.581051871523689E-003
   12.0703812316716      -3.030876198450542E-003
   12.0879765395894      -2.475349796600647E-003
   12.1055718475073      -1.914840967526080E-003
   12.1231671554252      -1.349718012778917E-003
   12.1407624633431      -7.803492339112448E-004
   12.1583577712610      -2.071029324751326E-004
   12.1759530791789       3.696525899773420E-004
   12.1935483870968       9.495490318941013E-004
   12.2111436950147       1.532218091723066E-003
   12.2287390029326       2.117266795331982E-003
   12.2463343108504       2.703977662468720E-003
   12.2639296187683       3.291404447451522E-003
   12.2815249266862       3.878596116844686E-003
   12.2991202346041       4.464601637212511E-003
   12.3167155425220       5.048469975119302E-003
   12.3343108504399       5.629250097129362E-003
   12.3519061583578       6.205990969806991E-003
   12.3695014662757       6.777741559716485E-003
   12.3870967741935       7.343550833422152E-003
   12.4046920821114       7.902467757488294E-003
   12.4222873900293       8.453535767387754E-003
   12.4398826979472       8.995227645517433E-003
   12.4574780058651       9.524957315954246E-003
   12.4750733137830       1.004002367335759E-002
   12.4926686217009       1.053772561238684E-002
   12.5102639296188       1.101536202770137E-002
   12.5278592375367       1.147023181396058E-002
   12.5454545454545       1.189963386582383E-002
   12.5630498533724       1.230086707795052E-002
   12.5806451612903       1.267123034500002E-002
   12.5982404692082       1.300802256163171E-002
   12.6158357771261       1.330854262250498E-002
   12.6334310850440       1.357042980336723E-002
   12.6510263929619       1.379316442609771E-002
   12.6686217008798       1.397684640887719E-002
   12.6862170087977       1.412157613680152E-002
   12.7038123167155       1.422745399496654E-002
   12.7214076246334       1.429458036846811E-002
   12.7390029325513       1.432305564240207E-002
   12.7565982404692       1.431298020186426E-002
   12.7741935483871       1.426445443195053E-002
   12.7917888563050       1.417757871775672E-002
   12.8093841642229       1.405245344437869E-002
   12.8269794721408       1.388921002823055E-002
   12.8445747800587       1.368859317851815E-002
   12.8621700879765       1.345190980465855E-002
   12.8797653958944       1.318048760462767E-002
   12.8973607038123       1.287565427640146E-002
   12.9149560117302       1.253873751795585E-002
   12.9325513196481       1.217106502726677E-002
   12.9501466275660       1.177396450231019E-002
   12.9677419354839       1.134876364106201E-002
   12.9853372434018       1.089679014149819E-002
   13.0029325513196       1.041937170159467E-002
   13.0205278592375       9.917836216001164E-003
   13.0381231671554       9.393578251781377E-003
   13.0557184750733       8.848155811916418E-003
   13.0733137829912       8.283151483610859E-003
   13.0909090909091       7.700147854069252E-003
   13.1085043988270       7.100727510496160E-003
   13.1260997067449       6.486473040096139E-003
   13.1436950146628       5.858967030073759E-003
   13.1612903225806       5.219792067633570E-003
   13.1788856304985       4.570530739980138E-003
   13.1964809384164       3.912765634318021E-003
   13.2140762463343       3.248079337851788E-003
   13.2316715542522       2.578089249220168E-003
   13.2492668621701       1.904670045317759E-003
   13.2668621700880       1.229811715914886E-003
   13.2844574780059       5.555047947105401E-004
   13.3020527859238      -1.162601845962814E-004
   13.3196480938416      -7.834926883065876E-004
   13.3372434017595      -1.444202182721387E-003
   13.3548387096774      -2.096398134141684E-003
   13.3724340175953      -2.738090008868485E-003
   13.3900293255132      -3.367287273202802E-003
   13.4076246334311      -3.981999393445634E-003
   13.4252199413490      -4.580244460848434E-003
   13.4428152492669      -5.160318194277830E-003
   13.4604105571848      -5.720846749880333E-003
   13.4780058651026      -6.260475571185955E-003
   13.4956011730205      -6.777850101724705E-003
   13.5131964809384      -7.271615785026579E-003
   13.5307917888563      -7.740418064621659E-003
   13.5483870967742      -8.182902384039828E-003
   13.5659824046921      -8.597714186811163E-003
   13.5835777126100      -8.983498916465670E-003
   13.6011730205279      -9.338902016533352E-003
   13.6187683284457      -9.662569009942159E-003
   13.6363636363636      -9.953470315992301E-003
   13.6539589442815      -1.021164131855902E-002
   13.6715542521994      -1.043733526946613E-002
   13.6891495601173      -1.063080542053743E-002
   13.7067448680352      -1.079230502359672E-002
   13.7243401759531      -1.092208733046780E-002
   13.7419354838710      -1.102040559297447E-002
   13.7595307917889      -1.108751306294052E-002
   13.7771260997067      -1.112366299218979E-002
   13.7947214076246      -1.112910863254605E-002
   13.8123167155425      -1.110410323583312E-002
   13.8299120234604      -1.104904101709584E-002
   13.8475073313783      -1.096577144142512E-002
   13.8651026392962      -1.085700249335440E-002
   13.8826979472141      -1.072545325364739E-002
   13.9002932551320      -1.057384280306774E-002
   13.9178885630499      -1.040489022237917E-002
   13.9354838709677      -1.022131459234535E-002
   13.9530791788856      -1.002583499372996E-002
   13.9706744868035      -9.821170507296688E-003
   13.9882697947214      -9.610040213809228E-003
   14.0058651026393      -9.395163194031261E-003
   14.0234604105572      -9.179236731789981E-003
   14.0410557184751      -8.963650294723740E-003
   14.0586510263930      -8.747766235378115E-003
   14.0762463343109      -8.530772530806849E-003
   14.0938416422287      -8.311857158063679E-003
   14.1114369501466      -8.090208094202344E-003
   14.1290322580645      -7.865013316276585E-003
   14.1466275659824      -7.635460801340141E-003
   14.1642228739003      -7.400738526446753E-003
   14.1818181818182      -7.160034468650151E-003
   14.1994134897361      -6.912536605004080E-003
   14.2170087976540      -6.657432912562279E-003
   14.2346041055718      -6.394053512108235E-003
   14.2521994134897      -6.122356937372764E-003
   14.2697947214076      -5.842475326386902E-003
   14.2873900293255      -5.554540823009870E-003
   14.3049853372434      -5.258685571100899E-003
   14.3225806451613      -4.955041714519202E-003
   14.3401759530792      -4.643741397124013E-003
   14.3577712609971      -4.324916762774556E-003
   14.3753665689150      -3.998699955330051E-003
   14.3929618768328      -3.665223118649730E-003
   14.4105571847507      -3.324618396592804E-003
   14.4281524926686      -2.977038218650598E-003
   14.4457478005865      -2.622938547475999E-003
   14.4633431085044      -2.263009006150759E-003
   14.4809384164223      -1.897945228314264E-003
   14.4985337243402      -1.528442847605923E-003
   14.5161290322581      -1.155197497665124E-003
   14.5337243401760      -7.789048121312705E-004
   14.5513196480938      -4.002604246437618E-004
   14.5689149560117      -1.995996884199025E-005
   14.5865102639296       3.613009216346428E-004
   14.6041055718475       7.428266131467427E-004
   14.6217008797654       1.123924223880691E-003
   14.6392961876833       1.504296244402337E-003
   14.6568914956012       1.884449123613923E-003
   14.6744868035191       2.264986924016054E-003
   14.6920821114370       2.646513708109332E-003
   14.7096774193548       3.029633538394359E-003
   14.7272727272727       3.414950477371737E-003
   14.7448680351906       3.803068587542070E-003
   14.7624633431085       4.194591931405963E-003
   14.7800586510264       4.590124571464017E-003
   14.7976539589443       4.990270570216836E-003
   14.8152492668622       5.395633990165024E-003
   14.8328445747801       5.806734031794214E-003
   14.8504398826979       6.223581418773881E-003
   14.8680351906158       6.645998339727964E-003
   14.8856304985337       7.073806674269867E-003
   14.9032258064516       7.506828302012989E-003
   14.9208211143695       7.944885102570753E-003
   14.9384164222874       8.387798955556551E-003
   14.9560117302053       8.835391740583799E-003
   14.9736070381232       9.287485337265906E-003
   14.9912023460411       9.743901625216270E-003
   15.0087976539589       1.020446248404831E-002
   15.0263929618768       1.066887082580568E-002
   15.0439882697947       1.113409330842813E-002
   15.0615835777126       1.159436033575143E-002
   15.0791788856305       1.204378334404164E-002
   15.0967741935484       1.247647376956481E-002
   15.1143695014663       1.288654304858699E-002
   15.1319648093842       1.326810261737424E-002
   15.1495601173021       1.361526391219261E-002
   15.1671554252199       1.392213836930814E-002
   15.1847507331378       1.418283742498688E-002
   15.2023460410557       1.439147251549490E-002
   15.2199413489736       1.454215911746004E-002
   15.2375366568915       1.463147783325621E-002
   15.2551319648094       1.466265768060687E-002
   15.2727272727273       1.464003726159603E-002
   15.2903225806452       1.456795517830776E-002
   15.3079178885631       1.445075003282606E-002
   15.3255131964809       1.429276042723502E-002
   15.3431085043988       1.409832496361862E-002
   15.3607038123167       1.387178224406095E-002
   15.3782991202346       1.361747087064604E-002
   15.3958944281525       1.333972944545791E-002
   15.4134897360704       1.304289657058062E-002
   15.4310850439883       1.273103204452953E-002
   15.4486803519062       1.240589940323981E-002
   15.4662756598240       1.206813292163998E-002
   15.4838709677419       1.171835901490482E-002
   15.5014662756598       1.135720409820909E-002
   15.5190615835777       1.098529458672755E-002
   15.5366568914956       1.060325689563498E-002
   15.5542521994135       1.021171744010613E-002
   15.5718475073314       9.811302635315763E-003
   15.5894428152493       9.402638896438654E-003
   15.6070381231672       8.986352638649570E-003
   15.6246334310850       8.563078514501892E-003
   15.6422287390029       8.133771404642661E-003
   15.6598240469208       7.699802177339036E-003
   15.6774193548387       7.262569502010966E-003
   15.6950146627566       6.823472048078429E-003
   15.7126099706745       6.383908484961370E-003
   15.7302052785924       5.945277482079769E-003
   15.7478005865103       5.508977708853580E-003
   15.7653958944282       5.076407834702775E-003
   15.7829912023460       4.648966529047312E-003
   15.8005865102639       4.228052461307163E-003
   15.8181818181818       3.815064282666201E-003
   15.8357771260997       3.410857446086417E-003
   15.8533724340176       3.014321135288842E-003
   15.8709677419355       2.623899774151838E-003
   15.8885630498534       2.238037786553779E-003
   15.9061583577713       1.855179596373016E-003
   15.9237536656892       1.473769627487923E-003
   15.9413489736070       1.092252303776851E-003
   15.9589442815249       7.090720491181699E-004
   15.9765395894428       3.226732873902361E-004
   15.9941348973607      -6.849955752857850E-005
   16.0117302052786      -4.660020617599190E-004
   16.0293255131965      -8.712098806451882E-004
   16.0469208211144      -1.283407090456224E-003
   16.0645161290323      -1.700528361613119E-003
   16.0821114369501      -2.120485874438797E-003
   16.0997067448680      -2.541191809255828E-003
   16.1173020527859      -2.960558346387132E-003
   16.1348973607038      -3.376497666155282E-003
   16.1524926686217      -3.786921948883190E-003
   16.1700879765396      -4.189743374893438E-003
   16.1876832844575      -4.582874124508935E-003
   16.2052785923754      -4.964226378052265E-003
   16.2228739002933      -5.331716185659330E-003
   16.2404692082111      -5.683559006330762E-003
   16.2580645161290      -6.018477817875689E-003
   16.2756598240469      -6.335244759061140E-003
   16.2932551319648      -6.632631968653897E-003
   16.3108504398827      -6.909411585420985E-003
   16.3284457478006      -7.164355748129197E-003
   16.3460410557185      -7.396236595545544E-003
   16.3636363636364      -7.603826266436833E-003
   16.3812316715543      -7.785896899570064E-003
   16.3988269794721      -7.941220633712056E-003
   16.4164222873900      -8.068569607629784E-003
   16.4340175953079      -8.167587322420043E-003
   16.4516129032258      -8.242176602405496E-003
   16.4692082111437      -8.297539694158779E-003
   16.4868035190616      -8.338879161804452E-003
   16.5043988269795      -8.371397569467039E-003
   16.5219941348974      -8.400297481271086E-003
   16.5395894428153      -8.430781461341118E-003
   16.5571847507331      -8.468052073801694E-003
   16.5747800586510      -8.517311882777327E-003
   16.5923753665689      -8.583763452392567E-003
   16.6099706744868      -8.672609346771942E-003
   16.6275659824047      -8.788677134998278E-003
   16.6451612903226      -8.930369857829721E-003
   16.6627565982405      -9.090692779847654E-003
   16.6803519061584      -9.262483474994860E-003
   16.6979472140762      -9.438579517214270E-003
   16.7155425219941      -9.611818480448661E-003
   16.7331378299120      -9.775037938640957E-003
   16.7507331378299      -9.921075465733965E-003
   16.7683284457478      -1.004276863567058E-002
   16.7859237536657      -1.013295502239362E-002
   16.8035190615836      -1.018447219984597E-002
   16.8211143695015      -1.019017303280916E-002
   16.8387096774194      -1.014615204386651E-002
   16.8563049853372      -1.005573632230058E-002
   16.8739002932551      -9.923231571069903E-003
   16.8914956011730      -9.752943493133081E-003
   16.9090909090909      -9.549177791448616E-003
   16.9266862170088      -9.316240168975138E-003
   16.9442815249267      -9.058436328671126E-003
   16.9618768328446      -8.780071973495233E-003
   16.9794721407625      -8.485452806405907E-003
   16.9970674486804      -8.178884530361821E-003
   17.0146627565982      -7.864672848321421E-003
   17.0322580645161      -7.546663859400059E-003
   17.0498533724340      -7.225648216362412E-003
   17.0674486803519      -6.901170126350303E-003
   17.0850439882698      -6.572770119674561E-003
   17.1026392961877      -6.239988726646262E-003
   17.1202346041056      -5.902366477576237E-003
   17.1378299120235      -5.559443902775562E-003
   17.1554252199413      -5.210761532555058E-003
   17.1730205278592      -4.855859897225819E-003
   17.1906158357771      -4.494279527098652E-003
   17.2082111436950      -4.125560952484660E-003
   17.2258064516129      -3.749188857321395E-003
   17.2434017595308      -3.363137631207790E-003
   17.2609970674487      -2.963734114322946E-003
   17.2785923753666      -2.547221784329935E-003
   17.2961876832845      -2.109844118891501E-003
   17.3137829912023      -1.647844595670741E-003
   17.3313782991202      -1.157466692330387E-003
   17.3489736070381      -6.349538865335535E-004
   17.3665689149560      -7.654965594294172E-005
   17.3841642228739       5.215025217783076E-004
   17.4017595307918       1.162959168967515E-003
   17.4193548387097       1.851574497186863E-003
   17.4369501466276       2.588036320042399E-003
   17.4545454545455       3.363921066706153E-003
   17.4721407624633       4.169120611633074E-003
   17.4897360703812       4.993526829277446E-003
   17.5073313782991       5.827031594094226E-003
   17.5249266862170       6.659526780537702E-003
   17.5425219941349       7.480904263062823E-003
   17.5601173020528       8.281055916123886E-003
   17.5777126099707       9.049873614175823E-003
   17.5953079178886       9.777249231672962E-003
   17.6129032258065       1.045307464307020E-002
   17.6304985337243       1.106824328433807E-002
   17.6480938416422       1.162286807431477E-002
   17.6656891495601       1.212203061004339E-002
   17.6832844574780       1.257086064779886E-002
   17.7008797653959       1.297448794385572E-002
   17.7184750733138       1.333804225448887E-002
   17.7360703812317       1.366665333597292E-002
   17.7536656891496       1.396545094458270E-002
   17.7712609970675       1.423956483659283E-002
   17.7888563049853       1.449412476827818E-002
   17.8064516129032       1.473426049591335E-002
   17.8240469208211       1.496506399932199E-002
   17.8416422287390       1.518982224783417E-002
   17.8592375366569       1.540926178479092E-002
   17.8768328445748       1.562391448134771E-002
   17.8944281524927       1.583431220866015E-002
   17.9120234604106       1.604098683788372E-002
   17.9296187683284       1.624447024017405E-002
   17.9472140762463       1.644529428668660E-002
   17.9648093841642       1.664399084857700E-002
   17.9824046920821       1.684109179700071E-002
   18.0000000000000       1.703712900311337E-002
   18.0175953079179       1.723263433807044E-002
