  1.759530791788856E-002  2.721989568370437E-003
  3.519061583577713E-002  2.622010386955414E-003
  5.278592375366570E-002  2.521092310855579E-003
  7.038123167155426E-002  2.418296445386102E-003
  8.797653958944282E-002  2.312683895862177E-003
  0.105571847507331       2.203315767598987E-003
  0.123167155425220       2.089253165911708E-003
  0.140762463343109       1.969557196115530E-003
  0.158357771260997       1.843288963525629E-003
  0.175953079178886       1.709509573457193E-003
  0.193548387096774       1.567280131225405E-003
  0.211143695014663       1.415661742145446E-003
  0.228739002932551       1.253812654687348E-003
  0.246334310850440       1.082168792700733E-003
  0.263929618768328       9.020667963523271E-004
  0.281524926686217       7.148621565945525E-004
  0.299120234604106       5.219103643798399E-004
  0.316715542521994       3.245669106606126E-004
  0.334310850439883       1.241872863892940E-004
  0.351906158357771      -7.787301748169012E-005
  0.369501466275660      -2.802585099999083E-004
  0.387096774193548      -4.816137002129407E-004
  0.404692082111437      -6.805830971683584E-004
  0.422287390029326      -8.758136940966086E-004
  0.439882697947214      -1.066208782032780E-003
  0.457478005865103      -1.251147217770340E-003
  0.475073313782991      -1.430059521343387E-003
  0.492668621700880      -1.602376212786029E-003
  0.510263929618768      -1.767527812132378E-003
  0.527859237536657      -1.924944839416533E-003
  0.545454545454546      -2.074057814672604E-003
  0.563049853372434      -2.214297257934699E-003
  0.580645161290323      -2.345093689236920E-003
  0.598240469208211      -2.465877628613375E-003
  0.615835777126100      -2.576079596098174E-003
  0.633431085043988      -2.675171289635913E-003
  0.651026392961877      -2.762847129394898E-003
  0.668621700879765      -2.838876491767340E-003
  0.686217008797654      -2.903028809630925E-003
  0.703812316715543      -2.955073515863334E-003
  0.721407624633431      -2.994780043342251E-003
  0.739002932551320      -3.021917824945359E-003
  0.756598240469208      -3.036256293550341E-003
  0.774193548387097      -3.037564882034886E-003
  0.791788856304985      -3.025613023276671E-003
  0.809384164222874      -3.000170150153378E-003
  0.826979472140763      -2.961030114743956E-003
  0.844574780058651      -2.908469382208335E-003
  0.862170087976540      -2.843206824954158E-003
  0.879765395894428      -2.765977674346163E-003
  0.897360703812317      -2.677517161749068E-003
  0.914956011730205      -2.578560518527616E-003
  0.932551319648094      -2.469842976046519E-003
  0.950146627565982      -2.352099765670515E-003
  0.967741935483871      -2.226066118764336E-003
  0.985337243401760      -2.092477266692706E-003
   1.00293255131965      -1.952068440820354E-003
   1.02052785923754      -1.805574847238469E-003
   1.03812316715543      -1.653723124306023E-003
   1.05571847507331      -1.497218908065010E-003
   1.07331378299120      -1.336764675364125E-003
   1.09090909090909      -1.173062903052065E-003
   1.10850439882698      -1.006816067977535E-003
   1.12609970674487      -8.387266469892217E-004
   1.14369501466276      -6.694971169358283E-004
   1.16129032258065      -4.998299546660581E-004
   1.17888563049853      -3.304276370286022E-004
   1.19648093841642      -1.619926408721601E-004
   1.21407624633431       4.772556954572057E-006
   1.23167155425220       1.692106339310133E-004
   1.24926686217009       3.309979862428710E-004
   1.26686217008798       4.899605837877507E-004
   1.28445747800587       6.459251019996420E-004
   1.30205278592375       7.987182163125246E-004
   1.31964809384164       9.481666021603798E-004
   1.33724340175953       1.094096934977202E-003
   1.35483870967742       1.236335890196972E-003
   1.37243401759531       1.374710143253675E-003
   1.39002932551320       1.509046369581287E-003
   1.40762463343109       1.639171244613807E-003
   1.42521994134897       1.764911325423757E-003
   1.44281524926686       1.886089359159353E-003
   1.46041055718475       2.002523558329746E-003
   1.47800586510264       2.114031870760508E-003
   1.49560117302053       2.220432244277216E-003
   1.51319648093842       2.321542626705433E-003
   1.53079178885631       2.417180965870735E-003
   1.54838709677419       2.507165209598693E-003
   1.56598240469208       2.591313305714882E-003
   1.58357771260997       2.669443202044876E-003
   1.60117302052786       2.741372846414241E-003
   1.61876832844575       2.806920185420119E-003
   1.63636363636364       2.865898138922328E-003
   1.65395894428153       2.918103149843310E-003
   1.67155425219941       2.963328290292390E-003
   1.68914956011730       3.001366632378918E-003
   1.70674486803519       3.032011248212219E-003
   1.72434017595308       3.055055209901635E-003
   1.74193548387097       3.070291589556496E-003
   1.75953079178886       3.077513459286141E-003
   1.77712609970675       3.076513891199901E-003
   1.79472140762463       3.067085957407116E-003
   1.81231671554252       3.049022730017121E-003
   1.82991202346041       3.022187438408799E-003
   1.84750733137830       2.987167588612675E-003
   1.86510263929619       2.944977971021067E-003
   1.88269794721408       2.896638898610203E-003
   1.90029325513196       2.843170684356317E-003
   1.91788856304985       2.785593641235645E-003
   1.93548387096774       2.724928082224405E-003
   1.95307917888563       2.662194320298834E-003
   1.97067448680352       2.598412668435171E-003
   1.98826979472141       2.534603439609629E-003
   2.00586510263930       2.471786946798456E-003
   2.02346041055718       2.410975486193820E-003
   2.04105571847507       2.352700346944486E-003
   2.05865102639296       2.296747257281938E-003
   2.07624633431085       2.242837811165222E-003
   2.09384164222874       2.190693602553364E-003
   2.11143695014663       2.140036225405402E-003
   2.12903225806452       2.090587273680366E-003
   2.14662756598241       2.042068341337301E-003
   2.16422287390029       1.994201022335233E-003
   2.18181818181818       1.946706910633197E-003
   2.19941348973607       1.899307600190228E-003
   2.21700879765396       1.851724684965360E-003
   2.23460410557185       1.803790382638237E-003
   2.25219941348974       1.755825974869283E-003
   2.26979472140762       1.708287851308816E-003
   2.28739002932551       1.661632406142976E-003
   2.30498533724340       1.616316033557888E-003
   2.32258064516129       1.572795127739685E-003
   2.34017595307918       1.531526082874492E-003
   2.35777126099707       1.492965293148444E-003
   2.37536656891496       1.457569152747668E-003
   2.39296187683284       1.425794055858298E-003
   2.41055718475073       1.398096396666455E-003
   2.42815249266862       1.374902426715563E-003
   2.44574780058651       1.356187374302416E-003
   2.46334310850440       1.341579269135464E-003
   2.48093841642229       1.330697209769761E-003
   2.49853372434018       1.323160294760355E-003
   2.51612903225806       1.318587622662296E-003
   2.53372434017595       1.316598292030637E-003
   2.55131964809384       1.316811401420428E-003
   2.56891495601173       1.318846049386722E-003
   2.58651026392962       1.322321334484565E-003
   2.60410557184751       1.326856355269013E-003
   2.62170087976540       1.332071324904702E-003
   2.63929618768328       1.337746599633146E-003
   2.65689149560117       1.343988173925356E-003
   2.67448680351906       1.350941580021809E-003
   2.69208211143695       1.358752350162968E-003
   2.70967741935484       1.367566016589306E-003
   2.72727272727273       1.377528111541291E-003
   2.74486803519062       1.388784167259392E-003
   2.76246334310850       1.401479715984082E-003
   2.78005865102639       1.415760289955823E-003
   2.79765395894428       1.431771421415088E-003
   2.81524926686217       1.449658642602349E-003
   2.83284457478006       1.469501917763403E-003
   2.85043988269795       1.490988340374023E-003
   2.86803519061584       1.513659333731564E-003
   2.88563049853372       1.537056082378738E-003
   2.90322580645161       1.560719770858259E-003
   2.92082111436950       1.584191583712840E-003
   2.93841642228739       1.607012705485193E-003
   2.95601173020528       1.628724320718033E-003
   2.97360703812317       1.648867613954068E-003
   2.99120234604106       1.666983769736009E-003
   3.00879765395894       1.682613972606579E-003
   3.02639296187683       1.695306985648175E-003
   3.04398826979472       1.704785878356259E-003
   3.06158357771261       1.710948026639322E-003
   3.07917888563050       1.713698384945548E-003
   3.09677419354839       1.712941907723125E-003
   3.11436950146628       1.708583549420254E-003
   3.13196480938416       1.700528264485116E-003
   3.14956011730205       1.688681007365903E-003
   3.16715542521994       1.672946732510802E-003
   3.18475073313783       1.653230394368009E-003
   3.20234604105572       1.629436947385707E-003
   3.21994134897361       1.601471525822599E-003
   3.23753665689150       1.569348970821837E-003
   3.25513196480938       1.533380001712855E-003
   3.27272727272727       1.493924718285044E-003
   3.29032258064516       1.451343220327820E-003
   3.30791788856305       1.405995607630581E-003
   3.32551319648094       1.358241979982737E-003
   3.34310850439883       1.308442437173693E-003
   3.36070381231672       1.256957078992854E-003
   3.37829912023460       1.204146005229617E-003
   3.39589442815249       1.150369315673395E-003
   3.41348973607038       1.095987110113590E-003
   3.43108504398827       1.041321671308109E-003
   3.44868035190616       9.863838160076085E-004
   3.46627565982405       9.310311875322166E-004
   3.48387096774194       8.751203631017843E-004
   3.50146627565982       8.185079199361828E-004
   3.51906158357771       7.610504352552581E-004
   3.53665689149560       7.026044862788873E-004
   3.55425219941349       6.430266502269121E-004
   3.57184750733138       5.821735043192073E-004
   3.58944281524927       5.199016257756246E-004
   3.60703812316716       4.560675918160311E-004
   3.62463343108504       3.905334325813913E-004
   3.64222873900293       3.233731605205705E-004
   3.65982404692082       2.549361605981842E-004
   3.67741935483871       1.855902213875773E-004
   3.69501466275660       1.157031314620785E-004
   3.71260997067449       4.564267939503189E-005
   3.73020527859238      -2.422334624022533E-005
   3.74780058651026      -9.352715687035008E-005
   3.76539589442815      -1.619009639220114E-004
   3.78299120234604      -2.289769788218648E-004
   3.80058651026393      -2.943874129965825E-004
   3.81818181818182      -3.577644800939100E-004
   3.83577712609971      -4.188065536531763E-004
   3.85337243401760      -4.774514928278010E-004
   3.87096774193548      -5.336913271675232E-004
   3.88856304985337      -5.875180862220862E-004
   3.90615835777126      -6.389237995412251E-004
   3.92375366568915      -6.879004966746950E-004
   3.94134897360704      -7.344402071722254E-004
   3.95894428152493      -7.785349605835621E-004
   3.97653958944282      -8.201767864584455E-004
   3.99413489736070      -8.593577143466184E-004
   4.01173020527859      -8.960697737978205E-004
   4.02932551319648      -9.303069422315933E-004
   4.04692082111437      -9.620858410538899E-004
   4.06451612903226      -9.914377006941557E-004
   4.08211143695015      -1.018393995065561E-003
   4.09970674486804      -1.042986198081276E-003
   4.11730205278592      -1.065245783654467E-003
   4.13489736070381      -1.085204225698307E-003
   4.15249266862170      -1.102892998125964E-003
   4.17008797653959      -1.118343574850617E-003
   4.18768328445748      -1.131587429785423E-003
   4.20527859237537      -1.142656036843563E-003
   4.22287390029326      -1.151580491324203E-003
   4.24046920821114      -1.158362595021658E-003
   4.25806451612903      -1.162954495206172E-003
   4.27565982404692      -1.165303529348005E-003
   4.29325513196481      -1.165357034917424E-003
   4.31085043988270      -1.163062349384695E-003
   4.32844574780059      -1.158366810220070E-003
   4.34604105571848      -1.151217754893824E-003
   4.36363636363636      -1.141562520876205E-003
   4.38123167155425      -1.129348445637492E-003
   4.39882697947214      -1.114522866647934E-003
   4.41642228739003      -1.097033121377800E-003
   4.43401759530792      -1.076857300594475E-003
   4.45161290322581      -1.054123820857740E-003
   4.46920821114370      -1.029006959693776E-003
   4.48680351906158      -1.001681005836250E-003
   4.50439882697947      -9.723202480188095E-004
   4.52199413489736      -9.410989749751232E-004
   4.53958944281525      -9.081914754388433E-004
   4.55718475073314      -8.737720381436279E-004
   4.57478005865103      -8.380149518231359E-004
   4.59237536656892      -8.010945052110272E-004
   4.60997067448680      -7.631849870409531E-004
   4.62756598240469      -7.244530929009986E-004
   4.64516129032258      -6.849354303156162E-004
   4.66275659824047      -6.445593090966131E-004
   4.68035190615836      -6.032486435457373E-004
   4.69794721407625      -5.609273479647711E-004
   4.71554252199414      -5.175193366554630E-004
   4.73313782991202      -4.729485239195769E-004
   4.75073313782991      -4.271388240588821E-004
   4.76832844574780      -3.800141513751326E-004
   4.78592375366569      -3.314984201700898E-004
   4.80351906158358      -2.815155447455204E-004
   4.82111436950147      -2.299895357737799E-004
   4.83870967741935      -1.768648344940787E-004
   4.85630498533724      -1.221314654386345E-004
   4.87390029325513      -6.578562085796441E-005
   4.89149560117302      -7.823493002578099E-006
   4.90909090909091       5.175872587700763E-005
   4.92668621700880       1.129648435302877E-004
   4.94428152492669       1.757986677067407E-004
   4.96187683284458       2.402640061558573E-004
   4.97947214076246       3.063646666271251E-004
   4.99706744868035       3.741044568700254E-004
   5.01466275659824       4.434871846340517E-004
   5.03225806451613       5.145045727778925E-004
   5.04985337243402       5.870680038062893E-004
   5.06744868035191       6.610560860001346E-004
   5.08504398826980       7.363473309612203E-004
   5.10263929618768       8.128202502913203E-004
   5.12023460410557       8.903533555922172E-004
   5.13782991202346       9.688251584656913E-004
   5.15542521994135       1.048114170513527E-003
   5.17302052785924       1.128098903337498E-003
   5.19061583577713       1.208657868539391E-003
   5.20821114369502       1.289669577720982E-003
   5.22580645161290       1.371014713321519E-003
   5.24340175953079       1.452632665326389E-003
   5.26099706744868       1.534526866590684E-003
   5.27859237536657       1.616703990403264E-003
   5.29618768328446       1.699170710052996E-003
   5.31378299120235       1.781933698828728E-003
   5.33137829912024       1.864999630019335E-003
   5.34897360703812       1.948375176913663E-003
   5.36656891495601       2.032067012800585E-003
   5.38416422287390       2.116081810968954E-003
   5.40175953079179       2.200426244707632E-003
   5.41935483870968       2.285106954294654E-003
   5.43695014662757       2.370086774643987E-003
   5.45454545454546       2.455198378988674E-003
   5.47214076246334       2.540250375670739E-003
   5.48973607038123       2.625051373032196E-003
   5.50733137829912       2.709409979415052E-003
   5.52492668621701       2.793134803161324E-003
   5.54252199413490       2.876034452613032E-003
   5.56011730205279       2.957917536112184E-003
   5.57771260997067       3.038592662000799E-003
   5.59530791788856       3.117868438620882E-003
   5.61290322580645       3.195553474314461E-003
   5.63049853372434       3.271453203177073E-003
   5.64809384164223       3.345343840019744E-003
   5.66568914956012       3.416985852433791E-003
   5.68328445747801       3.486139555379606E-003
   5.70087976539589       3.552565263817569E-003
   5.71847507331378       3.616023292708080E-003
   5.73607038123167       3.676273957011510E-003
   5.75366568914956       3.733077571688258E-003
   5.77126099706745       3.786194451698705E-003
   5.78885630498534       3.835384912003244E-003
   5.80645161290323       3.880409267562259E-003
   5.82404692082111       3.921028819962232E-003
   5.84164222873900       3.957052013133790E-003
   5.85923753665689       3.988354162908603E-003
   5.87683284457478       4.014815669467263E-003
   5.89442815249267       4.036316932990360E-003
   5.91202346041056       4.052738353658486E-003
   5.92961876832845       4.063960331652246E-003
   5.94721407624634       4.069863267152221E-003
   5.96480938416422       4.070327560339012E-003
   5.98240469208211       4.065233611393207E-003
   6.00000000000000       4.054461820495409E-003
   6.01759530791789       4.037892587826202E-003
   6.03519061583578       4.015408234717722E-003
   6.05278592375367       3.986898767108229E-003
   6.07038123167156       3.952256112087548E-003
   6.08797653958944       3.911372196745474E-003
   6.10557184750733       3.864138948171821E-003
   6.12316715542522       3.810448293456396E-003
   6.14076246334311       3.750192159689006E-003
   6.15835777126100       3.683262473959462E-003
   6.17595307917889       3.609551163357563E-003
   6.19354838709677       3.528950154973131E-003
   6.21114369501466       3.441351375895961E-003
   6.22873900293255       3.346659331676884E-003
   6.24633431085044       3.244943966079861E-003
   6.26392961876833       3.136391851004938E-003
   6.28152492668622       3.021191999222789E-003
   6.29912023460411       2.899533423504075E-003
   6.31671554252199       2.771605136619472E-003
   6.33431085043988       2.637596151339652E-003
   6.35190615835777       2.497695480435283E-003
   6.36950146627566       2.352092136677034E-003
   6.38709677419355       2.200975132835578E-003
   6.40469208211144       2.044533481681582E-003
   6.42228739002933       1.882956791327876E-003
   6.43988269794721       1.716496092453887E-003
   6.45747800586510       1.545516386553194E-003
   6.47507331378299       1.370395056375805E-003
   6.49266862170088       1.191509484671722E-003
   6.51026392961877       1.009237054190957E-003
   6.52785923753666       8.239551476835126E-004
   6.54545454545455       6.360411478993959E-004
   6.56304985337243       4.458724375886087E-004
   6.58064516129032       2.538263995011670E-004
   6.59824046920821       6.028041638706307E-005
   6.61583577712610      -1.343881290036921E-004
   6.63343108504399      -3.297986430143315E-004
   6.65102639296188      -5.255531649025624E-004
   6.66862170087977      -7.212478891068040E-004
   6.68621700879765      -9.164790056609312E-004
   6.70381231671554      -1.110842704598816E-003
   6.72140762463343      -1.303935175954331E-003
   6.73900293255132      -1.495352609761364E-003
   6.75659824046921      -1.684691196053781E-003
   6.77419354838710      -1.871547124865472E-003
   6.79178885630499      -2.055516586230286E-003
   6.80938416422287      -2.236195770182117E-003
   6.82697947214076      -2.413182364194003E-003
   6.84457478005865      -2.586103650635282E-003
   6.86217008797654      -2.754614041261408E-003
   6.87976539589443      -2.918368950995078E-003
   6.89736070381232      -3.077023794759010E-003
   6.91495601173021      -3.230233987475898E-003
   6.93255131964809      -3.377654944068448E-003
   6.95014662756598      -3.518942079459369E-003
   6.96774193548387      -3.653750808571362E-003
   6.98533724340176      -3.781736546327136E-003
   7.00293255131965      -3.902554707649390E-003
   7.02052785923754      -4.015860822946610E-003
   7.03812316715543      -4.121349572305592E-003
   7.05571847507331      -4.218811604493617E-003
   7.07331378299120      -4.308052004000047E-003
   7.09090909090909      -4.388875855314263E-003
   7.10850439882698      -4.461088242925623E-003
   7.12609970674487      -4.524494251323506E-003
   7.14369501466276      -4.578898964997279E-003
   7.16129032258065      -4.624107468436317E-003
   7.17888563049853      -4.659924846129989E-003
   7.19648093841642      -4.686156182567656E-003
   7.21407624633431      -4.702606562238696E-003
   7.23167155425220      -4.709090076691027E-003
   7.24926686217009      -4.705487385264650E-003
   7.26686217008798      -4.691708983181005E-003
   7.28445747800587      -4.667665506396826E-003
   7.30205278592375      -4.633267590868842E-003
   7.31964809384164      -4.588425872553788E-003
   7.33724340175953      -4.533050987408391E-003
   7.35483870967742      -4.467053571389389E-003
   7.37243401759531      -4.390344260453510E-003
   7.39002932551320      -4.302833690557483E-003
   7.40762463343109      -4.204432497658049E-003
   7.42521994134897      -4.095056098419475E-003
   7.44281524926686      -3.974773795194186E-003
   7.46041055718475      -3.843838047792380E-003
   7.47800586510264      -3.702512006791745E-003
   7.49560117302053      -3.551058822769963E-003
   7.51319648093842      -3.389741646304726E-003
   7.53079178885631      -3.218823627973716E-003
   7.54838709677419      -3.038567918354619E-003
   7.56598240469208      -2.849237668025133E-003
   7.58357771260997      -2.651096027562926E-003
   7.60117302052786      -2.444406147545691E-003
   7.61876832844575      -2.229431188428312E-003
   7.63636363636364      -2.006474728145055E-003
   7.65395894428153      -1.775972827438351E-003
   7.67155425219941      -1.538388650071997E-003
   7.68914956011730      -1.294185359809784E-003
   7.70674486803519      -1.043826120415537E-003
   7.72434017595308      -7.877740956530341E-004
   7.74193548387097      -5.264924492860792E-004
   7.75953079178886      -2.604443450784769E-004
   7.77712609970675       9.907053205982064E-006
   7.79472140762463       2.840985818034897E-004
   7.81231671554252       5.616670769502519E-004
   7.82991202346041       8.421411144933340E-004
   7.84750733137830       1.124963993201230E-003
   7.86510263929619       1.409528702941851E-003
   7.88269794721408       1.695227583348362E-003
   7.90029325513197       1.981452974053947E-003
   7.91788856304985       2.267597214691775E-003
   7.93548387096774       2.553052644895028E-003
   7.95307917888563       2.837211604296878E-003
   7.97067448680352       3.119466432530513E-003
   7.98826979472141       3.399209469229095E-003
   8.00586510263930       3.675833054025812E-003
   8.02346041055718       3.948730394137192E-003
   8.04105571847507       4.217346751781969E-003
   8.05865102639296       4.481208074432164E-003
   8.07624633431085       4.739847250226786E-003
   8.09384164222874       4.992797167304827E-003
   8.11143695014663       5.239590713805292E-003
   8.12903225806452       5.479760777867194E-003
   8.14662756598241       5.712840247629492E-003
   8.16422287390029       5.938362011231203E-003
   8.18181818181818       6.155858956811332E-003
   8.19941348973607       6.364863972508866E-003
   8.21700879765396       6.564909946462811E-003
   8.23460410557185       6.755560482814704E-003
   8.25219941348974       6.936514980184838E-003
   8.26979472140763       7.107510351546975E-003
   8.28739002932551       7.268283511134342E-003
   8.30498533724340       7.418571373180144E-003
   8.32258064516129       7.558110851917581E-003
   8.34017595307918       7.686638861579860E-003
   8.35777126099707       7.803892316400199E-003
   8.37536656891496       7.909608130611799E-003
   8.39296187683285       8.003523218447869E-003
   8.41055718475073       8.085374494141616E-003
   8.42815249266862       8.154904132764582E-003
   8.44574780058651       8.211933027117533E-003
   8.46334310850440       8.256342667065058E-003
   8.48093841642229       8.288016101238653E-003
   8.49853372434018       8.306836378269825E-003
   8.51612903225807       8.312686546790076E-003
   8.53372434017595       8.305449655430912E-003
   8.55131964809384       8.285008752823833E-003
   8.56891495601173       8.251246887600337E-003
   8.58651026392962       8.204047108391933E-003
   8.60410557184751       8.143292463830120E-003
   8.62170087976540       8.068866762038230E-003
   8.63929618768329       7.980762932180138E-003
   8.65689149560117       7.879195792390131E-003
   8.67448680351906       7.764407101726993E-003
   8.69208211143695       7.636638619249519E-003
   8.70967741935484       7.496132104016484E-003
   8.72727272727273       7.343129315086689E-003
   8.74486803519062       7.177872011518913E-003
   8.76246334310851       7.000601952371937E-003
   8.78005865102639       6.811560896704563E-003
   8.79765395894428       6.610990603575569E-003
   8.81524926686217       6.399132832043748E-003
   8.83284457478006       6.176242275993102E-003
   8.85043988269795       5.942651132284050E-003
   8.86803519061584       5.698720334637219E-003
   8.88563049853373       5.444810863873201E-003
   8.90322580645161       5.181283700812578E-003
   8.92082111436950       4.908499826275945E-003
   8.93841642228739       4.626820221083885E-003
   8.95601173020528       4.336605866056984E-003
   8.97360703812317       4.038217742015837E-003
   8.99120234604106       3.732016829781013E-003
   9.00879765395895       3.418364110173119E-003
   9.02639296187683       3.097625000547731E-003
   9.04398826979472       2.770266958565568E-003
   9.06158357771261       2.436859482192448E-003
   9.07917888563050       2.097976505929205E-003
   9.09677419354839       1.754191964276659E-003
   9.11436950146628       1.406079791735654E-003
   9.13196480938416       1.054213922807004E-003
   9.14956011730205       6.991682919915427E-004
   9.16715542521994       3.415168337900952E-004
   9.18475073313783      -1.816651729649835E-005
   9.20234604105572      -3.793078267674191E-004
   9.21994134897361      -7.413330916007767E-004
   9.23753665689150      -1.103626502364421E-003
   9.25513196480938      -1.465459498225900E-003
   9.27272727272727      -1.826084700757339E-003
   9.29032258064516      -2.184754731530843E-003
   9.30791788856305      -2.540722212118540E-003
   9.32551319648094      -2.893239764092528E-003
   9.34310850439883      -3.241560009024935E-003
   9.36070381231672      -3.584935568487865E-003
   9.37829912023460      -3.922619064053445E-003
   9.39589442815249      -4.253863117293776E-003
   9.41348973607038      -4.577920349780983E-003
   9.43108504398827      -4.894061860843438E-003
   9.44868035190616      -5.201710935021739E-003
   9.46627565982405      -5.500365698831186E-003
   9.48387096774194      -5.789524799693668E-003
   9.50146627565982      -6.068686885031077E-003
   9.51906158357771      -6.337350602265301E-003
   9.53665689149560      -6.595014598818221E-003
   9.55425219941349      -6.841177522111735E-003
   9.57184750733138      -7.075338019567724E-003
   9.58944281524927      -7.296994738608077E-003
   9.60703812316716      -7.505646326654685E-003
   9.62463343108504      -7.700795505379874E-003
   9.64222873900293      -7.882103382941956E-003
   9.65982404692082      -8.049436817146628E-003
   9.67741935483871      -8.202676416394819E-003
   9.69501466275660      -8.341702789087468E-003
   9.71260997067449      -8.466396543625519E-003
   9.73020527859238      -8.576638288409898E-003
   9.74780058651026      -8.672308631841550E-003
   9.76539589442815      -8.753288182321411E-003
   9.78299120234604      -8.819457548250410E-003
   9.80058651026393      -8.870697338029494E-003
   9.81818181818182      -8.906888162277710E-003
   9.83577712609971      -8.927976702473566E-003
   9.85337243401760      -8.934148803431258E-003
   9.87096774193548      -8.925644407463624E-003
   9.88856304985337      -8.902703456883479E-003
   9.90615835777126      -8.865565894003653E-003
   9.92375366568915      -8.814471661136960E-003
   9.94134897360704      -8.749660700596223E-003
   9.95894428152493      -8.671372954694284E-003
   9.97653958944282      -8.579848365743954E-003
   9.99413489736071      -8.475326876058063E-003
   10.0117302052786      -8.358048427949431E-003
   10.0293255131965      -8.228250917759148E-003
   10.0469208211144      -8.086148457406923E-003
   10.0645161290323      -7.931939814024467E-003
   10.0821114369501      -7.765823498997018E-003
   10.0997067448680      -7.587998023709828E-003
   10.1173020527859      -7.398661899548130E-003
   10.1348973607038      -7.198013637897181E-003
   10.1524926686217      -6.986251750142214E-003
   10.1700879765396      -6.763574747668480E-003
   10.1876832844575      -6.530181141861221E-003
   10.2052785923754      -6.286269444105683E-003
   10.2228739002933      -6.032038152262335E-003
   10.2404692082111      -5.767684717775248E-003
   10.2580645161290      -5.493404818340023E-003
   10.2756598240469      -5.209393959837613E-003
   10.2932551319648      -4.915847648148954E-003
   10.3108504398827      -4.612961389155005E-003
   10.3284457478006      -4.300930688736705E-003
   10.3460410557185      -3.979951052775008E-003
   10.3636363636364      -3.650217987150851E-003
   10.3812316715543      -3.311926997745190E-003
   10.3988269794721      -2.965273590438964E-003
   10.4164222873900      -2.610453271113127E-003
   10.4340175953079      -2.247682730975723E-003
   10.4516129032258      -1.877282217646071E-003
   10.4692082111437      -1.499603571439721E-003
   10.4868035190616      -1.114998640392844E-003
   10.5043988269795      -7.238192725415847E-004
   10.5219941348974      -3.264173159221227E-004
   10.5395894428153       7.685538142939036E-005
   10.5571847507331       4.856469714767992E-004
   10.5747800586510       8.996056061839324E-004
   10.5923753665689       1.318379437514626E-003
   10.6099706744868       1.741616617432733E-003
   10.6275659824047       2.168962022181546E-003
   10.6451612903226       2.600004407370689E-003
   10.6627565982405       3.034285377036266E-003
   10.6803519061584       3.471345070374587E-003
   10.6979472140762       3.910723626581935E-003
   10.7155425219941       4.351961184854614E-003
   10.7331378299120       4.794597884388919E-003
   10.7507331378299       5.238173864381148E-003
   10.7683284457478       5.682229264027592E-003
   10.7859237536657       6.126304222524557E-003
   10.8035190615836       6.569938879068336E-003
   10.8211143695015       7.012673028381541E-003
   10.8387096774194       7.453973436767110E-003
   10.8563049853372       7.893143934478404E-003
   10.8739002932551       8.329466305453384E-003
   10.8914956011730       8.762222333630042E-003
   10.9090909090909       9.190693802946345E-003
   10.9266862170088       9.614162497340276E-003
   10.9442815249267       1.003191020074981E-002
   10.9618768328446       1.044321869711292E-002
   10.9794721407625       1.084736977036759E-002
   10.9970674486804       1.124364520445179E-002
   11.0146627565982       1.163132678330350E-002
   11.0322580645161       1.200964267343484E-002
   11.0498533724340       1.237746459271085E-002
   11.0674486803519       1.273351884853765E-002
   11.0850439882698       1.307653131938194E-002
   11.1026392961877       1.340522788371045E-002
   11.1202346041056       1.371833441998987E-002
   11.1378299120235       1.401457680668694E-002
   11.1554252199413       1.429268092226834E-002
   11.1730205278592       1.455137264520080E-002
   11.1906158357771       1.478937785395104E-002
   11.2082111436950       1.500542242698574E-002
   11.2258064516129       1.519823136841978E-002
   11.2434017595308       1.536650603663055E-002
   11.2609970674487       1.550892199534081E-002
   11.2785923753666       1.562415350311827E-002
   11.2961876832845       1.571087481853072E-002
   11.3137829912023       1.576776020014586E-002
   11.3313782991202       1.579348390653149E-002
   11.3489736070381       1.578672019625534E-002
   11.3665689149560       1.574614332788516E-002
   11.3841642228739       1.567042755998870E-002
   11.4017595307918       1.555824715113370E-002
   11.4193548387097       1.540827661750278E-002
   11.4369501466276       1.521953233019899E-002
   11.4545454545455       1.499204643572190E-002
   11.4721407624633       1.472603888180473E-002
   11.4897360703812       1.442172961618067E-002
   11.5073313782991       1.407933858658293E-002
   11.5249266862170       1.369908574074469E-002
   11.5425219941349       1.328119102639918E-002
   11.5601173020528       1.282587439127956E-002
   11.5777126099707       1.233335578311907E-002
   11.5953079178886       1.180385514965088E-002
   11.6129032258065       1.123759243860820E-002
   11.6304985337243       1.063493353176235E-002
   11.6480938416422       9.997587649603656E-003
   11.6656891495601       9.327987981408098E-003
   11.6832844574780       8.628574733565431E-003
   11.7008797653959       7.901788112465408E-003
   11.7184750733138       7.150068324497777E-003
   11.7360703812317       6.375855576052219E-003
   11.7536656891496       5.581590073518638E-003
   11.7712609970675       4.769712023286720E-003
   11.7888563049853       3.942661631746211E-003
   11.8064516129032       3.102879105286858E-003
   11.8240469208211       2.252808531905143E-003
   11.8416422287390       1.395079468074026E-003
   11.8592375366569       5.325845592120189E-004
   11.8768328445748      -3.317635463018434E-004
   11.8944281524927      -1.195052200088515E-003
   11.9120234604106      -2.054368753768971E-003
   11.9296187683284      -2.906800558964161E-003
   11.9472140762463      -3.749434967295058E-003
   11.9648093841642      -4.579359330382627E-003
   11.9824046920821      -5.393660999847824E-003
   12.0000000000000      -6.189427327311614E-003
   12.0175953079179      -6.963745664394960E-003
   12.0351906158358      -7.713955766729764E-003
   12.0527859237537      -8.438407005991719E-003
   12.0703812316716      -9.135701157867430E-003
   12.0879765395894      -9.804439998043521E-003
   12.1055718475073      -1.044322530220661E-002
   12.1231671554252      -1.105065884604334E-002
   12.1407624633431      -1.162534240524030E-002
   12.1583577712610      -1.216587775548413E-002
   12.1759530791789      -1.267086667246145E-002
   12.1935483870968      -1.313891093185887E-002
   12.2111436950147      -1.356861230936302E-002
   12.2287390029326      -1.395865153707829E-002
   12.2463343108504      -1.430874782142252E-002
   12.2639296187683      -1.461935245677113E-002
   12.2815249266862      -1.489093205911953E-002
   12.2991202346041      -1.512395324446323E-002
   12.3167155425220      -1.531888262879766E-002
   12.3343108504399      -1.547618682811829E-002
   12.3519061583578      -1.559633245842057E-002
   12.3695014662757      -1.567978613569996E-002
   12.3870967741935      -1.572701447595194E-002
   12.4046920821114      -1.573848409517195E-002
   12.4222873900293      -1.571466071153629E-002
   12.4398826979472      -1.565591741353544E-002
   12.4574780058651      -1.556245541340494E-002
   12.4750733137830      -1.543445725154761E-002
   12.4926686217009      -1.527210546836623E-002
   12.5102639296188      -1.507558260426360E-002
   12.5278592375367      -1.484507119964249E-002
   12.5454545454545      -1.458075379490572E-002
   12.5630498533724      -1.428281293045607E-002
   12.5806451612903      -1.395143114669634E-002
   12.5982404692082      -1.358679098402930E-002
   12.6158357771261      -1.318907498285777E-002
   12.6334310850440      -1.275866377093775E-002
   12.6510263929619      -1.229700938677109E-002
   12.6686217008798      -1.180592444762200E-002
   12.6862170087977      -1.128722184247940E-002
   12.7038123167155      -1.074271446033223E-002
   12.7214076246334      -1.017421519016943E-002
   12.7390029325513      -9.583536920979938E-003
   12.7565982404692      -8.972492541752699E-003
   12.7741935483871      -8.342894941476647E-003
   12.7917888563050      -7.696557009140729E-003
   12.8093841642229      -7.035291633733873E-003
   12.8269794721408      -6.360908442056506E-003
   12.8445747800587      -5.675152588085475E-003
   12.8621700879765      -4.979710124116515E-003
   12.8797653958944      -4.276264917033906E-003
   12.8973607038123      -3.566500833721917E-003
   12.9149560117302      -2.852101741064836E-003
   12.9325513196481      -2.134751505946927E-003
   12.9501466275660      -1.416133995252480E-003
   12.9677419354839      -6.979330758657618E-004
   12.9853372434018       1.816738532894024E-005
   13.0029325513196       7.304835214473591E-004
   13.0205278592375       1.437331668687848E-003
   13.0381231671554       2.137097008262517E-003
   13.0557184750733       2.828333483054367E-003
   13.0733137829912       3.509620421275934E-003
   13.0909090909091       4.179537151139767E-003
   13.1085043988270       4.836663000858415E-003
   13.1260997067449       5.479577298644418E-003
   13.1436950146628       6.106859372710331E-003
   13.1612903225806       6.717088551268692E-003
   13.1788856304985       7.308844162532057E-003
   13.1964809384164       7.880705534712960E-003
   13.2140762463343       8.431251996023955E-003
   13.2316715542522       8.959108709120639E-003
   13.2492668621701       9.463239581839370E-003
   13.2668621700880       9.942760348609083E-003
   13.2844574780059       1.039678746002193E-002
   13.3020527859238       1.082443736667006E-002
   13.3196480938416       1.122482651914560E-002
   13.3372434017595       1.159707136804068E-002
   13.3548387096774       1.194028836394746E-002
   13.3724340175953       1.225359395745808E-002
   13.3900293255132       1.253610459916467E-002
   13.4076246334311       1.278693673965935E-002
   13.4252199413490       1.300521859984771E-002
   13.4428152492669       1.319045727400533E-002
   13.4604105571848       1.334261079816937E-002
   13.4780058651026       1.346166352951931E-002
   13.4956011730205       1.354759982523467E-002
   13.5131964809384       1.360040404249494E-002
   13.5307917888563       1.362006053847963E-002
   13.5483870967742       1.360655367036821E-002
   13.5659824046921       1.355986779534022E-002
   13.5835777126100       1.347998727057514E-002
   13.6011730205279       1.336689645325246E-002
   13.6187683284457       1.322057977418100E-002
   13.6363636363636       1.304132295524980E-002
   13.6539589442815       1.283039930809852E-002
   13.6715542521994       1.258928418315574E-002
   13.6891495601173       1.231945293085001E-002
   13.7067448680352       1.202238090160992E-002
   13.7243401759531       1.169954344586404E-002
   13.7419354838710       1.135241591404092E-002
   13.7595307917889       1.098247365656915E-002
   13.7771260997067       1.059119202387729E-002
   13.7947214076246       1.018004636639391E-002
   13.8123167155425       9.750512034547590E-003
   13.8299120234604       9.304111605867490E-003
   13.8475073313783       8.842855212294479E-003
   13.8651026392962       8.369040616711541E-003
   13.8826979472141       7.884969299586845E-003
   13.9002932551320       7.392942741388546E-003
   13.9178885630499       6.895262422584816E-003
   13.9354838709677       6.394229823643822E-003
   13.9530791788856       5.892146425033724E-003
   13.9706744868035       5.391313707222688E-003
   13.9882697947214       4.894033150678882E-003
   14.0058651026393       4.402606235870458E-003
   14.0234604105572       3.919314626780879E-003
   14.0410557184751       3.445250998310963E-003
   14.0586510263930       2.979665092283421E-003
   14.0762463343109       2.521648118643294E-003
   14.0938416422287       2.070291287335609E-003
   14.1114369501466       1.624685808305408E-003
   14.1290322580645       1.183922891497720E-003
   14.1466275659824       7.470937468575812E-004
   14.1642228739003       3.132895843300268E-004
   14.1818181818182      -1.183983861399052E-004
   14.1994134897361      -5.488789546071908E-004
   14.2170087976540      -9.790609111267857E-004
   14.2346041055718      -1.409604845399011E-003
   14.2521994134897      -1.840074061182192E-003
   14.2697947214076      -2.269728727872300E-003
   14.2873900293255      -2.697829004688546E-003
   14.3049853372434      -3.123635050850160E-003
   14.3225806451613      -3.546407025576363E-003
   14.3401759530792      -3.965405088086383E-003
   14.3577712609971      -4.379889397599448E-003
   14.3753665689150      -4.789120113334773E-003
   14.3929618768328      -5.192357394511588E-003
   14.4105571847507      -5.588861400349119E-003
   14.4281524926686      -5.977880537602085E-003
   14.4457478005865      -6.358487361334123E-003
   14.4633431085044      -6.729619055628851E-003
   14.4809384164223      -7.090209322358191E-003
   14.4985337243402      -7.439191863394056E-003
   14.5161290322581      -7.775500380608361E-003
   14.5337243401760      -8.098068575873019E-003
   14.5513196480938      -8.405830151059954E-003
   14.5689149560117      -8.697718808041073E-003
   14.5865102639296      -8.972668248688302E-003
   14.6041055718475      -9.229612174873546E-003
   14.6217008797654      -9.467487947379689E-003
   14.6392961876833      -9.685758626089776E-003
   14.6568914956012      -9.884956238260223E-003
   14.6744868035191      -1.006574260114668E-002
   14.6920821114370      -1.022877953200477E-002
   14.7096774193548      -1.037472884809015E-002
   14.7272727272727      -1.050425236665846E-002
   14.7448680351906      -1.061801190496534E-002
   14.7624633431085      -1.071666928026643E-002
   14.7800586510264      -1.080088630981737E-002
   14.7976539589443      -1.087132481087380E-002
   14.8152492668622      -1.092864660069136E-002
   14.8328445747801      -1.097338155287620E-002
   14.8504398826979      -1.100526896015055E-002
   14.8680351906158      -1.102375498052873E-002
   14.8856304985337      -1.102828529157487E-002
   14.9032258064516      -1.101830557085305E-002
   14.9208211143695      -1.099326149592738E-002
   14.9384164222874      -1.095259874436195E-002
   14.9560117302053      -1.089576299372086E-002
   14.9736070381232      -1.082219992156822E-002
   14.9912023460411      -1.073135520546812E-002
   15.0087976539589      -1.062267452298467E-002
   15.0263929618768      -1.049559310572310E-002
   15.0439882697947      -1.034930592823517E-002
   15.0615835777126      -1.018276770801908E-002
   15.0791788856305      -9.994922716614212E-003
   15.0967741935484      -9.784715225559929E-003
   15.1143695014663      -9.551089506395610E-003
   15.1319648093842      -9.292989830660627E-003
   15.1495601173021      -9.009360469894336E-003
   15.1671554252199      -8.699145695636120E-003
   15.1847507331378      -8.361289779425345E-003
   15.2023460410557      -7.994736992801389E-003
   15.2199413489736      -7.598432911729870E-003
   15.2375366568915      -7.172118975249611E-003
   15.2551319648094      -6.717683055813721E-003
   15.2727272727273      -6.237371253937554E-003
   15.2903225806452      -5.733429670136471E-003
   15.3079178885631      -5.208104404925818E-003
   15.3255131964809      -4.663641558820950E-003
   15.3431085043988      -4.102287232337171E-003
   15.3607038123167      -3.526287525989937E-003
   15.3782991202346      -2.937888540294554E-003
   15.3958944281525      -2.339336375766371E-003
   15.4134897360704      -1.732877132920740E-003
   15.4310850439883      -1.120764158331894E-003
   15.4486803519062      -5.053104780606874E-004
   15.4662756598240       1.111415325242841E-004
   15.4838709677419       7.262492937807030E-004
   15.5014662756598       1.337670226066259E-003
   15.5190615835777       1.943061749738650E-003
   15.5366568914956       2.540081285155556E-003
   15.5542521994135       3.126386252674675E-003
   15.5718475073314       3.699634072653693E-003
   15.5894428152493       4.257482165450299E-003
   15.6070381231672       4.797587951422185E-003
   15.6246334310850       5.317628384426541E-003
   15.6422287390029       5.816039783113847E-003
   15.6598240469208       6.292244907859611E-003
   15.6774193548387       6.745732444600172E-003
   15.6950146627566       7.175991079271870E-003
   15.7126099706745       7.582509497811044E-003
   15.7302052785924       7.964776386154032E-003
   15.7478005865103       8.322280430237181E-003
   15.7653958944282       8.654510315996816E-003
   15.7829912023460       8.960954729369286E-003
   15.8005865102639       9.241102356290934E-003
   15.8181818181818       9.494441898175571E-003
   15.8357771260997       9.720923084139367E-003
   15.8533724340176       9.922164471644688E-003
   15.8709677419355       1.010016209841822E-002
   15.8885630498534       1.025691200218663E-002
   15.9061583577713       1.039441022067658E-002
   15.9237536656892       1.051465279161476E-002
   15.9413489736070       1.061963575272783E-002
   15.9589442815249       1.071135514174246E-002
   15.9765395894428       1.079180699638531E-002
   15.9941348973607       1.086298735438308E-002
   16.0117302052786       1.092689225346242E-002
   16.0293255131965       1.098538579414818E-002
   16.0469208211144       1.103879830699424E-002
   16.0645161290323       1.108647059354083E-002
   16.0821114369501       1.112772696317803E-002
   16.0997067448680       1.116189172529586E-002
   16.1173020527859       1.118828918928439E-002
   16.1348973607038       1.120624366453365E-002
   16.1524926686217       1.121507946043369E-002
   16.1700879765396       1.121412088637457E-002
   16.1876832844575       1.120269225174633E-002
   16.2052785923754       1.118011786593902E-002
   16.2228739002933       1.114571990452060E-002
   16.2404692082111       1.109865544845419E-002
   16.2580645161290       1.103780173188832E-002
   16.2756598240469       1.096200888152798E-002
   16.2932551319648       1.087012702407823E-002
   16.3108504398827       1.076100628624403E-002
   16.3284457478006       1.063349679473045E-002
   16.3460410557185       1.048644867624245E-002
   16.3636363636364       1.031871205748512E-002
   16.3812316715543       1.012913706516339E-002
   16.3988269794721       9.916573825982366E-003
   16.4164222873900       9.679872466646977E-003
   16.4340175953079       9.418620795413822E-003
   16.4516129032258       9.136012496140747E-003
   16.4692082111437       8.836341322987778E-003
   16.4868035190616       8.523901298949145E-003
   16.5043988269795       8.202986447019285E-003
   16.5219941348974       7.877890790192407E-003
   16.5395894428153       7.552908351462963E-003
   16.5571847507331       7.232333153825155E-003
   16.5747800586510       6.920459220273439E-003
   16.5923753665689       6.621580573802007E-003
   16.6099706744868       6.339991237405317E-003
   16.6275659824047       6.079677835014019E-003
   16.6451612903226       5.839360536950273E-003
   16.6627565982405       5.613334731452530E-003
   16.6803519061584       5.395758343754603E-003
   16.6979472140762       5.180789299090115E-003
   16.7155425219941       4.962585522692880E-003
   16.7331378299120       4.735304939796531E-003
   16.7507331378299       4.493105475634885E-003
   16.7683284457478       4.230145055441563E-003
   16.7859237536657       3.940581604450388E-003
   16.8035190615836       3.618573047894970E-003
   16.8211143695015       3.258290945840135E-003
   16.8387096774194       2.856797442516667E-003
   16.8563049853372       2.417603957205858E-003
   16.8739002932551       1.945094538370882E-003
   16.8914956011730       1.443653234475320E-003
   16.9090909090909       9.176640939823289E-004
   16.9266862170088       3.715111653555003E-004
   16.9442815249267      -1.904215029420187E-004
   16.9618768328446      -7.637498624466230E-004
   16.9794721407625      -1.344089864695177E-003
   16.9970674486804      -1.927057461224073E-003
   17.0146627565982      -2.508268603570173E-003
   17.0322580645161      -3.083863874302803E-003
   17.0498533724340      -3.653471603098714E-003
   17.0674486803519      -4.218142918995506E-003
   17.0850439882698      -4.778933148079502E-003
   17.1026392961877      -5.336897616436573E-003
   17.1202346041056      -5.893091650153043E-003
   17.1378299120235      -6.448570575314785E-003
   17.1554252199413      -7.004389718008113E-003
   17.1730205278592      -7.561604404318901E-003
   17.1906158357771      -8.121269960333476E-003
   17.2082111436950      -8.684441712137699E-003
   17.2258064516129      -9.252148565411056E-003
   17.2434017595308      -9.824704919436277E-003
   17.2609970674487      -1.040164573298086E-002
   17.2785923753666      -1.098246652677009E-002
   17.2961876832845      -1.156666282152973E-002
   17.3137829912023      -1.215373013798511E-002
   17.3313782991202      -1.274316399686198E-002
   17.3489736070381      -1.333445991888564E-002
   17.3665689149560      -1.392711342478187E-002
   17.3841642228739      -1.452062003527596E-002
   17.4017595307918      -1.511447527109368E-002
   17.4193548387097      -1.570817386149491E-002
   17.4369501466276      -1.630016026109524E-002
   17.4545454545455      -1.688575817626258E-002
   17.4721407624633      -1.745971433505636E-002
   17.4897360703812      -1.801677546553547E-002
   17.5073313782991      -1.855168829575936E-002
   17.5249266862170      -1.905919955378696E-002
   17.5425219941349      -1.953405596767767E-002
   17.5601173020528      -1.997100426549045E-002
   17.5777126099707      -2.036479117528467E-002
   17.5953079178886      -2.071016342511932E-002
   17.6129032258065      -2.100186774305374E-002
   17.6304985337243      -2.123523087440220E-002
   17.6480938416422      -2.141091868650107E-002
   17.6656891495601      -2.153247447263418E-002
   17.6832844574780      -2.160346941572061E-002
   17.7008797653959      -2.162747469867931E-002
   17.7184750733138      -2.160806150442933E-002
   17.7360703812317      -2.154880101588968E-002
   17.7536656891496      -2.145326441597937E-002
   17.7712609970675      -2.132502288761742E-002
   17.7888563049853      -2.116764761372281E-002
   17.8064516129032      -2.098470977721463E-002
   17.8240469208211      -2.077976548096009E-002
   17.8416422287390      -2.055565028233580E-002
   17.8592375366569      -2.031417763751271E-002
   17.8768328445748      -2.005708329111081E-002
   17.8944281524927      -1.978610298774989E-002
   17.9120234604106      -1.950297247204988E-002
   17.9296187683284      -1.920942748863060E-002
   17.9472140762463      -1.890720378211199E-002
   17.9648093841642      -1.859803709711385E-002
   17.9824046920821      -1.828366317825613E-002
   18.0000000000000      -1.796581777015861E-002
   18.0175953079179      -1.764623661744127E-002
