  0.000000000000000E+000  7.026732455446011E-003
  1.759530791788856E-002  3.156741592968643E-003
  3.519061583577713E-002  3.533735547392449E-003
  5.278592375366570E-002  2.408692602384167E-003
  7.038123167155426E-002  2.719486827848395E-003
  8.797653958944282E-002  2.121300710407796E-003
  0.105571847507331       2.396640792554139E-003
  0.123167155425220       2.017225011274455E-003
  0.140762463343109       2.270123439145256E-003
  0.158357771260997       2.009429543901427E-003
  0.175953079178886       2.246725650564427E-003
  0.193548387096774       2.060046704518868E-003
  0.211143695014663       2.285290581875027E-003
  0.228739002932551       2.147330785913508E-003
  0.246334310850440       2.359536128487730E-003
  0.263929618768328       2.251628400231393E-003
  0.281524926686217       2.447875488842258E-003
  0.299120234604106       2.356639858612871E-003
  0.316715542521994       2.533886552461631E-003
  0.334310850439883       2.449069928142381E-003
  0.351906158357771       2.604118960146746E-003
  0.369501466275660       2.517362742257052E-003
  0.387096774193548       2.646884379396064E-003
  0.404692082111437       2.551026374561957E-003
  0.422287390029326       2.652050018978315E-003
  0.439882697947214       2.543183771888266E-003
  0.457478005865103       2.617252428061130E-003
  0.475073313782991       2.495987386298827E-003
  0.492668621700880       2.546138422104877E-003
  0.510263929618768       2.413827146020214E-003
  0.527859237536657       2.443256981330148E-003
  0.545454545454546       2.301762716240016E-003
  0.563049853372434       2.313860441483096E-003
  0.580645161290323       2.165542498733372E-003
  0.598240469208211       2.164015640955716E-003
  0.615835777126100       2.011883219505337E-003
  0.633431085043988       2.000616385189602E-003
  0.651026392961877       1.846835234010485E-003
  0.668621700879765       1.827738352335336E-003
  0.686217008797654       1.672990129057600E-003
  0.703812316715543       1.647164989719501E-003
  0.721407624633431       1.491767426048777E-003
  0.739002932551320       1.459930608735155E-003
  0.756598240469208       1.303917503148325E-003
  0.774193548387097       1.266399805754990E-003
  0.791788856304985       1.109420777504939E-003
  0.809384164222874       1.065901979056929E-003
  0.826979472140763       9.066891165591273E-004
  0.844574780058651       8.561498632142300E-004
  0.862170087976540       6.940267324882742E-004
  0.879765395894428       6.369478465396917E-004
  0.897360703812317       4.726361544884035E-004
  0.914956011730205       4.104270410177838E-004
  0.932551319648094       2.454494949343906E-004
  0.950146627565982       1.802734542728996E-004
  0.967741935483871       1.699194470937446E-005
  0.985337243401760      -4.803141450384424E-005
   1.00293255131965      -2.059289109982893E-004
   1.02052785923754      -2.657465394211445E-004
   1.03812316715543      -4.129533814857002E-004
   1.05571847507331      -4.637141267426860E-004
   1.07331378299120      -5.988828232526151E-004
   1.09090909090909      -6.404886719883798E-004
   1.10850439882698      -7.645321884884125E-004
   1.12609970674487      -7.984652234333696E-004
   1.14369501466276      -9.136658993827280E-004
   1.16129032258065      -9.427457414452261E-004
   1.17888563049853      -1.052797474530251E-003
   1.19648093841642      -1.081517150395627E-003
   1.21407624633431      -1.192374146778713E-003
   1.23167155425220      -1.227185221639082E-003
   1.24926686217009      -1.343098877818268E-003
   1.26686217008798      -1.384472495728167E-003
   1.28445747800587      -1.503755243312944E-003
   1.30205278592375      -1.548838343550309E-003
   1.31964809384164      -1.667951383281409E-003
   1.33724340175953      -1.712447568584266E-003
   1.35483870967742      -1.826531751295793E-003
   1.37243401759531      -1.864825493320390E-003
   1.39002932551320      -1.967557685909864E-003
   1.40762463343109      -1.992125556952331E-003
   1.42521994134897      -2.075100260978645E-003
   1.44281524926686      -2.078859081501221E-003
   1.46041055718475      -2.138734462683096E-003
   1.47800586510264      -2.121184054977970E-003
   1.49560117302053      -2.158814280519419E-003
   1.51319648093842      -2.121560966365032E-003
   1.53079178885631      -2.139298415665319E-003
   1.54838709677419      -2.085286831217591E-003
   1.56598240469208      -2.086790696524036E-003
   1.58357771260997      -2.020383505891742E-003
   1.60117302052786      -2.011054576614346E-003
   1.61876832844575      -1.939083285844692E-003
   1.63636363636364      -1.926701996937610E-003
   1.65395894428153      -1.855427262719033E-003
   1.67155425219941      -1.843697165640058E-003
   1.68914956011730      -1.775140574424036E-003
   1.70674486803519      -1.765195239416534E-003
   1.72434017595308      -1.699723512647357E-003
   1.74193548387097      -1.691320475492162E-003
   1.75953079178886      -1.628023662309882E-003
   1.77712609970675      -1.619606149140689E-003
   1.79472140762463      -1.556088125886201E-003
   1.81231671554252      -1.544072692664243E-003
   1.82991202346041      -1.475450456280603E-003
   1.84750733137830      -1.455434374687497E-003
   1.86510263929619      -1.379428079116517E-003
   1.88269794721408      -1.350978708561457E-003
   1.90029325513196      -1.268095154873755E-003
   1.91788856304985      -1.232415431111979E-003
   1.93548387096774      -1.144407504841679E-003
   1.95307917888563      -1.103819432904496E-003
   1.97067448680352      -1.013549589278383E-003
   1.98826979472141      -9.715830540415919E-004
   2.00586510263930      -8.834640271539352E-004
   2.02346041055718      -8.456774079054897E-004
   2.04105571847507      -7.652474930245776E-004
   2.05865102639296      -7.353035695928248E-004
   2.07624633431085      -6.641440411154876E-004
   2.09384164222874      -6.425670421450071E-004
   2.11143695014663      -5.805405487072243E-004
   2.12903225806452      -5.666857811499561E-004
   2.14662756598241      -5.126584747703921E-004
   2.16422287390029      -5.049474192611301E-004
   2.18181818181818      -4.568240510025549E-004
   2.19941348973607      -4.525717778048014E-004
   2.21700879765396      -4.068020057693033E-004
   2.23460410557185      -4.019983704039684E-004
   2.25219941348974      -3.555008826912740E-004
   2.26979472140762      -3.486482772179092E-004
   2.28739002932551      -3.008350040081457E-004
   2.30498533724340      -2.918077625804952E-004
   2.32258064516129      -2.428515553134652E-004
   2.34017595307918      -2.320869846981948E-004
   2.35777126099707      -1.826325733606838E-004
   2.37536656891496      -1.710007529238307E-004
   2.39296187683284      -1.221275272955294E-004
   2.41055718475073      -1.110125940810309E-004
   2.42815249266862      -6.441078708661945E-005
   2.44574780058651      -5.552170743379987E-005
   2.46334310850440      -1.251815260535067E-005
   2.48093841642229      -6.844725106419052E-006
   2.49853372434018       3.175468576765754E-005
   2.51612903225806       3.349986619723010E-005
   2.53372434017595       6.707897127845913E-005
   2.55131964809384       6.434583056430494E-005
   2.56891495601173       9.244373698636436E-005
   2.58651026392962       8.484974281595884E-005
   2.60410557184751       1.072189936328313E-004
   2.62170087976540       9.487084096362924E-005
   2.63929618768328       1.124519606443523E-004
   2.65689149560117       9.706610612982251E-005
   2.67448680351906       1.117669661059815E-004
   2.69208211143695       9.512031223583153E-005
   2.70967741935484       1.086313483261733E-004
   2.72727272727273       9.233100034495823E-005
   2.74486803519062       1.062067422653668E-004
   2.76246334310850       9.174344707592953E-005
   2.78005865102639       1.074320392111961E-004
   2.79765395894428       9.619495670542566E-005
   2.81524926686217       1.149969415802742E-004
   2.83284457478006       1.078927466738956E-004
   2.85043988269795       1.300664237116493E-004
   2.86803519061584       1.269116619417510E-004
   2.88563049853372       1.521824280116420E-004
   2.90322580645161       1.526775013250163E-004
   2.92082111436950       1.807322209005322E-004
   2.93841642228739       1.845336627532116E-004
   2.95601173020528       2.150119294649424E-004
   2.97360703812317       2.217268097237014E-004
   2.99120234604106       2.542163853190328E-004
   3.00879765395894       2.634010282421903E-004
   3.02639296187683       2.975046435746281E-004
   3.04398826979472       3.089129356194142E-004
   3.06158357771261       3.445440225701318E-004
   3.07917888563050       3.581106080830033E-004
   3.09677419354839       3.951709003903220E-004
   3.11436950146628       4.107450185305148E-004
   3.13196480938416       4.490383537854469E-004
   3.14956011730205       4.663575020907157E-004
   3.16715542521994       5.055554630009294E-004
   3.18475073313783       5.241928377146263E-004
   3.20234604105572       5.637391208502613E-004
   3.21994134897361       5.828883218264319E-004
   3.23753665689150       6.217079319267440E-004
   3.25513196480938       6.402865676320482E-004
   3.27272727272727       6.775553619903342E-004
   3.29032258064516       6.949484084491477E-004
   3.30791788856305       7.301875827238425E-004
   3.32551319648094       7.460127873909801E-004
   3.34310850439883       7.789338918418190E-004
   3.36070381231672       7.929820224373786E-004
   3.37829912023460       8.234708161380788E-004
   3.39589442815249       8.357282912205684E-004
   3.41348973607038       8.639497985372728E-004
   3.43108504398827       8.748508610696901E-004
   3.44868035190616       9.014001240038348E-004
   3.46627565982405       9.114105590507804E-004
   3.48387096774194       9.365494744293248E-004
   3.50146627565982       9.457765568684751E-004
   3.51906158357771       9.694990866945096E-004
   3.53665689149560       9.778189197116164E-004
   3.55425219941349       9.998877694560591E-004
   3.57184750733138       1.006922094076840E-003
   3.58944281524927       1.026794389810940E-003
   3.60703812316716       1.031728448104973E-003
   3.62463343108504       1.048187632528843E-003
   3.64222873900293       1.049608773401485E-003
   3.65982404692082       1.061611503743107E-003
   3.67741935483871       1.059015958747595E-003
   3.69501466275660       1.066402976504094E-003
   3.71260997067449       1.059843322367058E-003
   3.73020527859238       1.062851433120655E-003
   3.74780058651026       1.052720455161510E-003
   3.76539589442815       1.051903176810411E-003
   3.78299120234604       1.038914809357405E-003
   3.80058651026393       1.035187721780484E-003
   3.81818181818182       1.020499347645075E-003
   3.83577712609971       1.015067587747381E-003
   3.85337243401760       9.994563247340113E-004
   3.87096774193548       9.925848492793171E-004
   3.88856304985337       9.760566137649352E-004
   3.90615835777126       9.676389048376929E-004
   3.92375366568915       9.499986104742768E-004
   3.94134897360704       9.397732186018300E-004
   3.95894428152493       9.206872921342086E-004
   3.97653958944282       9.082508492132017E-004
   3.99413489736070       8.872207320164653E-004
   4.01173020527859       8.719362948680684E-004
   4.02932551319648       8.482396290632303E-004
   4.04692082111437       8.296499120815449E-004
   4.06451612903226       8.033063477827264E-004
   4.08211143695015       7.817673580438371E-004
   4.09970674486804       7.532933283992044E-004
   4.11730205278592       7.294452658144688E-004
   4.13489736070381       6.995830444994845E-004
   4.15249266862170       6.742736217805353E-004
   4.17008797653959       6.439706323370917E-004
   4.18768328445748       6.182652388205427E-004
   4.20527859237537       5.887279552257562E-004
   4.22287390029326       5.639189563861018E-004
   4.24046920821114       5.361365399766575E-004
   4.25806451612903       5.125997321986154E-004
   4.27565982404692       4.865352323156747E-004
   4.29325513196481       4.641285979453041E-004
   4.31085043988270       4.396030968776685E-004
   4.32844574780059       4.181388158729043E-004
   4.34604105571848       3.949621667616244E-004
   4.36363636363636       3.742665239593245E-004
   4.38123167155425       3.522858318517321E-004
   4.39882697947214       3.322511455034174E-004
   4.41642228739003       3.114337637900449E-004
   4.43401759530792       2.921323430695363E-004
   4.45161290322581       2.725593485057734E-004
   4.46920821114370       2.539887878024136E-004
   4.48680351906158       2.355755390875029E-004
   4.50439882697947       2.176156117498445E-004
   4.52199413489736       2.002151435601847E-004
   4.53958944281525       1.827098400948985E-004
   4.55718475073314       1.661558476103500E-004
   4.57478005865103       1.489427831975466E-004
   4.59237536656892       1.330747252543471E-004
   4.60997067448680       1.160139070917556E-004
   4.62756598240469       1.007370520008143E-004
   4.64516129032258       8.381552513187063E-005
   4.66275659824047       6.916438388235368E-005
   4.68035190615836       5.243205992925419E-005
   4.69794721407625       3.845926461205104E-005
   4.71554252199414       2.198958493774471E-005
   4.73313782991202       8.789901721177710E-006
   4.75073313782991      -7.282655292170256E-006
   4.76832844574780      -1.952950912497102E-005
   4.78592375366569      -3.495094373545081E-005
   4.80351906158358      -4.587926216794593E-005
   4.82111436950147      -6.010786107892818E-005
   4.83870967741935      -6.915663974937559E-005
   4.85630498533724      -8.194754865500979E-005
   4.87390029325513      -8.927054606615883E-005
   4.89149560117302      -1.009930909136455E-004
   4.90909090909091      -1.070894348189555E-004
   4.92668621700880      -1.183366107616509E-004
   4.94428152492669      -1.238844120466367E-004
   4.96187683284458      -1.354024526936788E-004
   4.97947214076246      -1.412186151969255E-004
   4.99706744868035      -1.538856635887124E-004
   5.01466275659824      -1.608969960575015E-004
   5.03225806451613      -1.754684058641702E-004
   5.04985337243402      -1.839934792421889E-004
   5.06744868035191      -2.004380056780573E-004
   5.08504398826980      -2.103667339789166E-004
   5.10263929618768      -2.285768093197160E-004
   5.12023460410557      -2.398161039350385E-004
   5.13782991202346      -2.597044637046919E-004
   5.15542521994135      -2.721787195186239E-004
   5.17302052785924      -2.936683158951197E-004
   5.19061583577713      -3.072991985570354E-004
   5.20821114369502      -3.302774486200893E-004
   5.22580645161290      -3.448505511398578E-004
   5.24340175953079      -3.689543410390485E-004
   5.26099706744868      -3.840800770905479E-004
   5.27859237536657      -4.090075829024338E-004
   5.29618768328446      -4.244874756821239E-004
   5.31378299120235      -4.501131678185606E-004
   5.33137829912024      -4.658957605784215E-004
   5.34897360703812      -4.922304024495451E-004
   5.36656891495601      -5.083967088059188E-004
   5.38416422287390      -5.355855889548620E-004
   5.40175953079179      -5.523612823739797E-004
   5.41935483870968      -5.806593121647479E-004
   5.43695014662757      -5.980887902493850E-004
   5.45454545454546      -6.271043531039709E-004
   5.47214076246334      -6.445367689819389E-004
   5.48973607038123      -6.735874395148899E-004
   5.50733137829912      -6.903735522808078E-004
   5.52492668621701      -7.188448607549871E-004
   5.54252199413490      -7.344223181450359E-004
   5.56011730205279      -7.618041047098466E-004
   5.57771260997067      -7.757361986156176E-004
   5.59530791788856      -8.016749325779457E-004
   5.61290322580645      -8.137475450279170E-004
   5.63049853372434      -8.381843693531975E-004
   5.64809384164223      -8.483596801786891E-004
   5.66568914956012      -8.711036904004652E-004
   5.68328445747801      -8.790624547209299E-004
   5.70087976539589      -8.997337960898656E-004
   5.71847507331378      -9.050772611479331E-004
   5.73607038123167      -9.232654622019225E-004
   5.75366568914956      -9.255919250021678E-004
   5.77126099706745      -9.409062227523944E-004
   5.78885630498534      -9.398561488673909E-004
   5.80645161290323      -9.519807648317844E-004
   5.82404692082111      -9.473307513540850E-004
   5.84164222873900      -9.561253250860609E-004
   5.85923753665689      -9.477445905734262E-004
   5.87683284457478      -9.530246687967018E-004
   5.89442815249267      -9.407050094454055E-004
   5.91202346041056      -9.422560236042135E-004
   5.92961876832845      -9.257985930826002E-004
   5.94721407624634      -9.234415925842147E-004
   5.96480938416422      -9.027092440058786E-004
   5.98240469208211      -8.963591593226030E-004
   6.00000000000000      -8.713593996394786E-004
   6.01759530791789      -8.611999738323002E-004
   6.03519061583578      -8.324066341881668E-004
   6.05278592375367      -8.190516148108554E-004
   6.07038123167156      -7.869679618474038E-004
   6.08797653958944      -7.707588365991444E-004
   6.10557184750733      -7.356367019857381E-004
   6.12316715542522      -7.167587238224364E-004
   6.14076246334311      -6.787453352272058E-004
   6.15835777126100      -6.573126173199342E-004
   6.17595307917889      -6.165122671808821E-004
   6.19354838709677      -5.926258049479882E-004
   6.21114369501466      -5.491848380353889E-004
   6.22873900293255      -5.231538236178451E-004
   6.24633431085044      -4.776316201051361E-004
   6.26392961876833      -4.501138241135438E-004
   6.28152492668622      -4.031158990749415E-004
   6.29912023460411      -3.746395454795382E-004
   6.31671554252199      -3.266505925721184E-004
   6.33431085043988      -2.976609567147431E-004
   6.35190615835777      -2.491073688942658E-004
   6.36950146627566      -2.200146228533976E-004
   6.38709677419355      -1.713143278768263E-004
   6.40469208211144      -1.425649083535836E-004
   6.42228739002933      -9.426668164685506E-005
   6.43988269794721      -6.650923197027723E-005
   6.45747800586510      -1.922320329654448E-005
   6.47507331378299       7.096548548423974E-006
   6.49266862170088       5.305180154410739E-005
   6.51026392961877       7.770814809721066E-005
   6.52785923753666       1.221734551142901E-004
   6.54545454545455       1.450699504564382E-004
   6.56304985337243       1.879925837029663E-004
   6.58064516129032       2.091173651089415E-004
   6.59824046920821       2.505009024058303E-004
   6.61583577712610       2.698156234522060E-004
   6.63343108504399       3.093764400584081E-004
   6.65102639296188       3.262951734680024E-004
   6.66862170087977       3.633744440142253E-004
   6.68621700879765       3.773607370790497E-004
   6.70381231671554       4.115422802600654E-004
   6.72140762463343       4.222935371283719E-004
   6.73900293255132       4.533729698345327E-004
   6.75659824046921       4.607905269726852E-004
   6.77419354838710       4.887674955086434E-004
   6.79178885630499       4.929642097901488E-004
   6.80938416422287       5.180718806881235E-004
   6.82697947214076       5.193691932012292E-004
   6.84457478005865       5.418466182898269E-004
   6.86217008797654       5.403245704202913E-004
   6.87976539589443       5.601822909727042E-004
   6.89736070381232       5.558881526341043E-004
   6.91495601173021       5.732261941586271E-004
   6.93255131964809       5.663340181016672E-004
   6.95014662756598       5.814028524898969E-004
   6.96774193548387       5.722616136760014E-004
   6.98533724340176       5.855172857971279E-004
   7.00293255131965       5.747333317346492E-004
   7.02052785923754       5.869000241638180E-004
   7.03812316715543       5.749962018543157E-004
   7.05571847507331       5.860213955650045E-004
   7.07331378299120       5.725315318174497E-004
   7.09090909090909       5.818461589280072E-004
   7.10850439882698       5.662087873452099E-004
   7.12609970674487       5.732784127033931E-004
   7.14369501466276       5.550193514403671E-004
   7.16129032258065       5.594419146514786E-004
   7.17888563049853       5.382694573669671E-004
   7.19648093841642       5.398943057676195E-004
   7.21407624633431       5.159126524068441E-004
   7.23167155425220       5.151890065945607E-004
   7.24926686217009       4.889864919973743E-004
   7.26686217008798       4.862988105392634E-004
   7.28445747800587       4.580410785745791E-004
   7.30205278592375       4.534469935616643E-004
   7.31964809384164       4.231563721149249E-004
   7.33724340175953       4.166702355191028E-004
   7.35483870967742       3.843934852266241E-004
   7.37243401759531       3.761204371730944E-004
   7.39002932551320       3.420745337709505E-004
   7.40762463343109       3.324358338774264E-004
   7.42521994134897       2.974041910356139E-004
   7.44281524926686       2.873803979693291E-004
   7.46041055718475       2.520781496079177E-004
   7.47800586510264       2.419414441370333E-004
   7.49560117302053       2.063757390828893E-004
   7.51319648093842       1.959752852972759E-004
   7.53079178885631       1.598928922790429E-004
   7.54838709677419       1.489007402975655E-004
   7.56598240469208       1.119386434868548E-004
   7.58357771260997       9.998417561151574E-005
   7.60117302052786       6.182967944641163E-005
   7.61876832844575       4.883909364455641E-005
   7.63636363636364       9.983608593837671E-006
   7.65395894428153      -3.111423793421740E-006
   7.67155425219941      -4.180664534879852E-005
   7.68914956011730      -5.442427575847243E-005
   7.70674486803519      -9.257899800119189E-005
   7.72434017595308      -1.045049560203844E-004
   7.74193548387097      -1.420328901442407E-004
   7.75953079178886      -1.532981489323424E-004
   7.77712609970675      -1.903175509987049E-004
   7.79472140762463      -2.011141923674259E-004
   7.81231671554252      -2.378091188337688E-004
   7.82991202346041      -2.480229620340081E-004
   7.84750733137830      -2.837319669406464E-004
   7.86510263929619      -2.924465107806473E-004
   7.88269794721408      -3.263695809271525E-004
   7.90029325513197      -3.329855003435283E-004
   7.91788856304985      -3.646861239946455E-004
   7.93548387096774      -3.689269575985620E-004
   7.95307917888563      -3.982728921072026E-004
   7.97067448680352      -4.001565985664753E-004
   7.98826979472141      -4.273064794613334E-004
   8.00586510263930      -4.271434411171709E-004
   8.02346041055718      -4.524216891167589E-004
   8.04105571847507      -4.502092159603890E-004
   8.05865102639296      -4.731581055479398E-004
   8.07624633431085      -4.683097219204877E-004
   8.09384164222874      -4.884481386593534E-004
   8.11143695014663      -4.806295025376259E-004
   8.12903225806452      -4.977719667486919E-004
   8.14662756598241      -4.869696080933433E-004
   8.16422287390029      -5.012832851427160E-004
   8.18181818181818      -4.878827545343320E-004
   8.19941348973607      -5.000126058324061E-004
   8.21700879765396      -4.849929124047359E-004
   8.23460410557185      -4.959668430797098E-004
   8.25219941348974      -4.797969124008477E-004
   8.26979472140763      -4.894332547461957E-004
   8.28739002932551      -4.716875901584311E-004
   8.30498533724340      -4.795220742403967E-004
   8.32258064516129      -4.597678056330236E-004
   8.34017595307918      -4.654317335439844E-004
   8.35777126099707      -4.434074047984311E-004
   8.37536656891496      -4.467801977752519E-004
   8.39296187683285      -4.225679244585530E-004
   8.41055718475073      -4.240512383952049E-004
   8.42815249266862      -3.984362581069075E-004
   8.44574780058651      -3.987818719498111E-004
   8.46334310850440      -3.720072726661358E-004
   8.48093841642229      -3.710026923760196E-004
   8.49853372434018      -3.426741686823387E-004
   8.51612903225807      -3.398503418181395E-004
   8.53372434017595      -3.094866064271545E-004
   8.55131964809384      -3.043877921056889E-004
   8.56891495601173      -2.716127481181753E-004
   8.58651026392962      -2.639917544891028E-004
   8.60410557184751      -2.288063523949153E-004
   8.62170087976540      -2.191489294052320E-004
   8.63929618768329      -1.825780697493102E-004
   8.65689149560117      -1.718909301002228E-004
   8.67448680351906      -1.344701272575014E-004
   8.69208211143695      -1.229087380325021E-004
   8.70967741935484      -8.459301589411158E-005
   8.72727272727273      -7.197388173243916E-005
   8.74486803519062      -3.250297061721855E-005
   8.76246334310851      -1.852255520300748E-005
   8.78005865102639       2.239139096262471E-005
   8.79765395894428       3.794683593641317E-005
   8.81524926686217       8.024069074058237E-005
   8.83284457478006       9.668450893278070E-005
   8.85043988269795       1.391551819709260E-004
   8.86803519061584       1.554019772601840E-004
   8.88563049853373       1.973419286478913E-004
   8.90322580645161       2.129707861782127E-004
   8.92082111436950       2.541563559598697E-004
   8.93841642228739       2.691030781768600E-004
   8.95601173020528       3.095872700991643E-004
   8.97360703812317       3.239946520470107E-004
   8.99120234604106       3.639625849470894E-004
   9.00879765395895       3.779714643502400E-004
   9.02639296187683       4.172020702877098E-004
   9.04398826979472       4.300072014499142E-004
   9.06158357771261       4.674594169722498E-004
   9.07917888563050       4.782649535173216E-004
   9.09677419354839       5.134481195703507E-004
   9.11436950146628       5.220026337248481E-004
   9.13196480938416       5.548647869253934E-004
   9.14956011730205       5.612991042052701E-004
   9.16715542521994       5.921276603125279E-004
   9.18475073313783       5.968726295297789E-004
   9.20234604105572       6.262024884249011E-004
   9.21994134897361       6.296881032290514E-004
   9.23753665689150       6.572766821752866E-004
   9.25513196480938       6.584475408362692E-004
   9.27272727272727       6.830493844087481E-004
   9.29032258064516       6.809155432893070E-004
   9.30791788856305       7.018064359329067E-004
   9.32551319648094       6.959035366243799E-004
   9.34310850439883       7.128700337421000E-004
   9.36070381231672       7.032491306447577E-004
   9.37829912023460       7.166168265005834E-004
   9.39589442815249       7.039162224474950E-004
   9.41348973607038       7.146664864124735E-004
   9.43108504398827       6.997972394243424E-004
   9.44868035190616       7.079330903107659E-004
   9.46627565982405       6.899611109854849E-004
   9.48387096774194       6.942587848469602E-004
   9.50146627565982       6.720248470086787E-004
   9.51906158357771       6.714517747307572E-004
   9.53665689149560       6.440987063902840E-004
   9.55425219941349       6.380058406345477E-004
   9.57184750733138       6.051481545866080E-004
   9.58944281524927       5.934720978126737E-004
   9.60703812316716       5.555283381217575E-004
   9.62463343108504       5.393585534102622E-004
   9.64222873900293       4.977769333655204E-004
   9.65982404692082       4.781450370882781E-004
   9.67741935483871       4.333448072844929E-004
   9.69501466275660       4.103763624673008E-004
   9.71260997067449       3.623937092957385E-004
   9.73020527859238       3.361082123896382E-004
   9.74780058651026       2.850175432357332E-004
   9.76539589442815       2.555939445195701E-004
   9.78299120234604       2.017554878895673E-004
   9.80058651026393       1.698370517227223E-004
   9.81818181818182       1.144622166209692E-004
   9.83577712609971       8.206988091041513E-005
   9.85337243401760       2.751408056054486E-005
   9.87096774193548      -3.371758133838720E-006
   9.88856304985337      -5.553624589829655E-005
   9.90615835777126      -8.354816521010170E-005
   9.92375366568915      -1.320496349794059E-004
   9.94134897360704      -1.559443624405383E-004
   9.95894428152493      -1.995027700676733E-004
   9.97653958944282      -2.178964241357563E-004
   9.99413489736071      -2.549275418081485E-004
   10.0117302052786      -2.658626079465685E-004
   10.0293255131965      -2.943650154278581E-004
   10.0469208211144      -2.970701983024738E-004
   10.0645161290323      -3.180705091031690E-004
   10.0821114369501      -3.146249129032893E-004
   10.0997067448680      -3.305992562673323E-004
   10.1173020527859      -3.237050748247434E-004
   10.1348973607038      -3.374901904626326E-004
   10.1524926686217      -3.300499898047956E-004
   10.1700879765396      -3.445319691303053E-004
   10.1876832844575      -3.393224289106324E-004
   10.2052785923754      -3.569528005913738E-004
   10.2228739002933      -3.553546473156578E-004
   10.2404692082111      -3.756127539072149E-004
   10.2580645161290      -3.759776443857511E-004
   10.2756598240469      -3.976232333731285E-004
   10.2932551319648      -3.994913629088308E-004
   10.3108504398827      -4.226098351673590E-004
   10.3284457478006      -4.265129474721365E-004
   10.3460410557185      -4.520061053993815E-004
   10.3636363636364      -4.591745223413516E-004
   10.3812316715543      -4.885516415243924E-004
   10.3988269794721      -5.007304809735896E-004
   10.4164222873900      -5.357030595429879E-004
   10.4340175953079      -5.535161457457132E-004
   10.4516129032258      -5.928986465416774E-004
   10.4692082111437      -6.143363700178874E-004
   10.4868035190616      -6.563603850777102E-004
   10.5043988269795      -6.800713705556902E-004
   10.5219941348974      -7.237679063919337E-004
   10.5395894428153      -7.491603770072155E-004
   10.5571847507331      -7.943124402213086E-004
   10.5747800586510      -8.215625111161995E-004
   10.5923753665689      -8.687635624500089E-004
   10.6099706744868      -8.989532967273014E-004
   10.6275659824047      -9.494749308858220E-004
   10.6451612903226      -9.831914284309917E-004
   10.6627565982405      -1.036607339034980E-003
   10.6803519061584      -1.073027419545097E-003
   10.6979472140762      -1.128600014242906E-003
   10.7155425219941      -1.167179192809757E-003
   10.7331378299120      -1.224600427204643E-003
   10.7507331378299      -1.265314351012270E-003
   10.7683284457478      -1.324886602481377E-003
   10.7859237536657      -1.368430581235951E-003
   10.8035190615836      -1.431358128145642E-003
   10.8211143695015      -1.479312660049101E-003
   10.8387096774194      -1.546300219285862E-003
   10.8563049853372      -1.597262754594988E-003
   10.8739002932551      -1.665461985217515E-003
   10.8914956011730      -1.716291968166842E-003
   10.9090909090909      -1.782602183317097E-003
   10.9266862170088      -1.830339171341155E-003
   10.9442815249267      -1.892021502247577E-003
   10.9618768328446      -1.934227897026105E-003
   10.9794721407625      -1.989250900819786E-003
   10.9970674486804      -2.024458442828764E-003
   11.0146627565982      -2.072313584015263E-003
   11.0322580645161      -2.101276873609468E-003
   11.0498533724340      -2.143040540963204E-003
   11.0674486803519      -2.165926894240117E-003
   11.0850439882698      -2.200868684320834E-003
   11.1026392961877      -2.216525696275215E-003
   11.1202346041056      -2.243295018404449E-003
   11.1378299120235      -2.250303734646731E-003
   11.1554252199413      -2.267512111169175E-003
   11.1730205278592      -2.264624902490656E-003
   11.1906158357771      -2.271290445295506E-003
   11.2082111436950      -2.258070542719585E-003
   11.2258064516129      -2.254656898041411E-003
   11.2434017595308      -2.232001370829162E-003
   11.2609970674487      -2.218658572101427E-003
   11.2785923753666      -2.185652102281998E-003
   11.2961876832845      -2.160871090108348E-003
   11.3137829912023      -2.115719009803688E-003
   11.3313782991202      -2.077557610584106E-003
   11.3489736070381      -2.018298600974884E-003
   11.3665689149560      -1.964898690002698E-003
   11.3841642228739      -1.889949721636041E-003
   11.4017595307918      -1.820305452328107E-003
   11.4193548387097      -1.730131907859170E-003
   11.4369501466276      -1.647091680541485E-003
   11.4545454545455      -1.545594218846369E-003
   11.4721407624633      -1.451856808259639E-003
   11.4897360703812      -1.340205984747252E-003
   11.5073313782991      -1.235921927598742E-003
   11.5249266862170      -1.113481515604188E-003
   11.5425219941349      -9.973713488384043E-004
   11.5601173020528      -8.623106424870822E-004
   11.5777126099707      -7.320771607619474E-004
   11.5953079178886      -5.817143916377423E-004
   11.6129032258065      -4.347223097199144E-004
   11.6304985337243      -2.694317511149723E-004
   11.6480938416422      -1.124348276193931E-004
   11.6656891495601       5.652647903096594E-005
   11.6832844574780       2.117047985055482E-004
   11.7008797653959       3.731622334891308E-004
   11.7184750733138       5.159225537005108E-004
   11.7360703812317       6.598104734919504E-004
   11.7536656891496       7.805901963131829E-004
   11.7712609970675       8.978206025572895E-004
   11.7888563049853       9.879727995290154E-004
   11.8064516129032       1.070286271102125E-003
   11.8240469208211       1.123001120791443E-003
   11.8416422287390       1.167968296508779E-003
   11.8592375366569       1.186251661584482E-003
   11.8768328445748       1.199839845579734E-003
   11.8944281524927       1.190723330314827E-003
   11.9120234604106       1.180834801930658E-003
   11.9296187683284       1.153103443005901E-003
   11.9472140762463       1.129451926447204E-003
   11.9648093841642       1.093824106200590E-003
   11.9824046920821       1.068269432695086E-003
   12.0000000000000       1.037996136958752E-003
   12.0175953079179       1.024732844032279E-003
   12.0351906158358       1.009834051858819E-003
   12.0527859237537       1.008815752895953E-003
   12.0703812316716       1.001908980224700E-003
   12.0879765395894       1.004095876357764E-003
   12.1055718475073       9.962490274584006E-004
   12.1231671554252       9.931556044594659E-004
   12.1407624633431       9.766080344594736E-004
   12.1583577712610       9.614714006921194E-004
   12.1759530791789       9.308532915211625E-004
   12.1935483870968       9.002534396711812E-004
   12.2111436950147       8.557194919351456E-004
   12.2287390029326       8.164429578023687E-004
   12.2463343108504       7.701463734142343E-004
   12.2639296187683       7.331260095878737E-004
   12.2815249266862       6.915798608777619E-004
   12.2991202346041       6.602094023878116E-004
   12.3167155425220       6.248590545201470E-004
   12.3343108504399       5.991264693783009E-004
   12.3519061583578       5.688485268343750E-004
   12.3695014662757       5.467933255474913E-004
   12.3870967741935       5.190607421176852E-004
   12.4046920821114       4.980295268848135E-004
   12.4222873900293       4.716687827462668E-004
   12.4398826979472       4.542327677391505E-004
   12.4574780058651       4.345359227132987E-004
   12.4750733137830       4.252602756918213E-004
   12.4926686217009       4.148518501042187E-004
   12.5102639296188       4.147932348056988E-004
   12.5278592375367       4.133452067473001E-004
   12.5454545454545       4.209064697805995E-004
   12.5630498533724       4.256028252759005E-004
   12.5806451612903       4.367750235482125E-004
   12.5982404692082       4.423917478748392E-004
   12.6158357771261       4.511251537896590E-004
   12.6334310850440       4.538920946007906E-004
   12.6510263929619       4.621171812032422E-004
   12.6686217008798       4.677485969226179E-004
   12.6862170087977       4.813222769959163E-004
   12.7038123167155       4.947160649966203E-004
   12.7214076246334       5.174523354558466E-004
   12.7390029325513       5.412003129947785E-004
   12.7565982404692       5.743140313633745E-004
   12.7741935483871       6.079965697179456E-004
   12.7917888563050       6.490656962886707E-004
   12.8093841642229       6.872834795219666E-004
   12.8269794721408       7.278606183446893E-004
   12.8445747800587       7.633998429102296E-004
   12.8621700879765       8.020245140782969E-004
   12.8797653958944       8.381116466832784E-004
   12.8973607038123       8.798854418920735E-004
   12.9149560117302       9.224322906050955E-004
   12.9325513196481       9.736605475516134E-004
   12.9501466275660       1.029022068303071E-003
   12.9677419354839       1.095816605628240E-003
   12.9853372434018       1.169491202378051E-003
   13.0029325513196       1.256099330640417E-003
   13.0205278592375       1.348590204929361E-003
   13.0381231671554       1.447799230803573E-003
   13.0557184750733       1.545614371132456E-003
   13.0733137829912       1.643874840358623E-003
   13.0909090909091       1.735792285320250E-003
   13.1085043988270       1.823522512528308E-003
   13.1260997067449       1.901180196497672E-003
   13.1436950146628       1.970968331685401E-003
   13.1612903225806       2.027717881900063E-003
   13.1788856304985       2.073503449613790E-003
   13.1964809384164       2.103675907087962E-003
   13.2140762463343       2.120098819668069E-003
   13.2316715542522       2.120925480127239E-003
   13.2492668621701       2.111641879479691E-003
   13.2668621700880       2.092773369162083E-003
   13.2844574780059       2.070140575322241E-003
   13.3020527859238       2.045175195065715E-003
   13.3196480938416       2.023841912392532E-003
   13.3372434017595       2.008392940675545E-003
   13.3548387096774       2.004904044023278E-003
   13.3724340175953       2.016430654378528E-003
   13.3900293255132       2.049181765077302E-003
   13.4076246334311       2.106934815393944E-003
   13.4252199413490       2.190961805282593E-003
   13.4428152492669       2.294690996316323E-003
   13.4604105571848       2.412872507157016E-003
   13.4780058651026       2.539173082662901E-003
   13.4956011730205       2.668401440006072E-003
   13.5131964809384       2.794978499475651E-003
   13.5307917888563       2.913903323522665E-003
   13.5483870967742       3.020501282056408E-003
   13.5659824046921       3.110170251538385E-003
   13.5835777126100       3.179464180657727E-003
   13.6011730205279       3.224831404352842E-003
   13.6187683284457       3.246556106426155E-003
   13.6363636363636       3.246487806437535E-003
   13.6539589442815       3.227074855900468E-003
   13.6715542521994       3.188368969789916E-003
   13.6891495601173       3.132112287333942E-003
   13.7067448680352       3.057447185392623E-003
   13.7243401759531       2.965983156015060E-003
   13.7419354838710       2.856337896736212E-003
   13.7595307917889       2.730243336779506E-003
   13.7771260997067       2.586101973626681E-003
   13.7947214076246       2.426113126327723E-003
   13.8123167155425       2.249577247827880E-003
   13.8299120234604       2.062469980312587E-003
   13.8475073313783       1.866385447575479E-003
   13.8651026392962       1.666716402389582E-003
   13.8826979472141       1.463399210971153E-003
   13.9002932551320       1.260989008383219E-003
   13.9178885630499       1.058255820873367E-003
   13.9354838709677       8.590336003187187E-004
   13.9530791788856       6.609293799967080E-004
   13.9706744868035       4.668930897368229E-004
   13.9882697947214       2.730474978321214E-004
   14.0058651026393       8.047524119074655E-005
   14.0234604105572      -1.165687329728195E-004
   14.0410557184751      -3.138561644863881E-004
   14.0586510263930      -5.119235507812334E-004
   14.0762463343109      -7.038122161324756E-004
   14.0938416422287      -8.890604230544164E-004
   14.1114369501466      -1.059620093685414E-003
   14.1290322580645      -1.214445670471116E-003
   14.1466275659824      -1.344625385788115E-003
   14.1642228739003      -1.448557409446024E-003
   14.1818181818182      -1.516360502524341E-003
   14.1994134897361      -1.545484796723311E-003
   14.2170087976540      -1.525938833629526E-003
   14.2346041055718      -1.464903236775043E-003
   14.2521994134897      -1.365513269466598E-003
   14.2697947214076      -1.239803065431926E-003
   14.2873900293255      -1.092055226411075E-003
   14.3049853372434      -9.353576202896777E-004
   14.3225806451613      -7.747395719733689E-004
   14.3401759530792      -6.242155600293942E-004
   14.3577712609971      -4.896234679662659E-004
   14.3753665689150      -3.861231103470071E-004
   14.3929618768328      -3.208234445488771E-004
   14.4105571847507      -3.108228027411064E-004
   14.4281524926686      -3.556837257784110E-004
   14.4457478005865      -4.540966235859543E-004
   14.4633431085044      -5.941733352521846E-004
   14.4809384164223      -7.721270362019536E-004
   14.4985337243402      -9.747356021861108E-004
   14.5161290322581      -1.197117383455374E-003
   14.5337243401760      -1.425118732647000E-003
   14.5513196480938      -1.652936727824342E-003
   14.5689149560117      -1.865522993809237E-003
   14.5865102639296      -2.056003996901550E-003
   14.6041055718475      -2.207947885836489E-003
   14.6217008797654      -2.316862830615744E-003
   14.6392961876833      -2.379588604039270E-003
   14.6568914956012      -2.403979266675755E-003
   14.6744868035191      -2.389708383300014E-003
   14.6920821114370      -2.345276280692853E-003
   14.7096774193548      -2.271008810496289E-003
   14.7272727272727      -2.175723469120816E-003
   14.7448680351906      -2.060261292370058E-003
   14.7624633431085      -1.933705628909907E-003
   14.7800586510264      -1.797495210858474E-003
   14.7976539589443      -1.661170618023439E-003
   14.8152492668622      -1.526955725745662E-003
   14.8328445747801      -1.401375934685762E-003
   14.8504398826979      -1.281279568598811E-003
   14.8680351906158      -1.170232647657733E-003
   14.8856304985337      -1.064342169866778E-003
   14.9032258064516      -9.662894645678850E-004
   14.9208211143695      -8.717619285311308E-004
   14.9384164222874      -7.826019981620069E-004
   14.9560117302053      -6.940511689808959E-004
   14.9736070381232      -6.069166523048221E-004
   14.9912023460411      -5.156823258427514E-004
   15.0087976539589      -4.192148918384406E-004
   15.0263929618768      -3.136818249726196E-004
   15.0439882697947      -2.054660738007153E-004
   15.0615835777126      -9.774118553493107E-005
   15.0791788856305       1.277863285373298E-006
   15.0967741935484       8.703714226931086E-005
   15.1143695014663       1.507164919906585E-004
   15.1319648093842       1.866672225259469E-004
   15.1495601173021       1.856243986134674E-004
   15.1671554252199       1.408101548185295E-004
   15.1847507331378       4.237172606764946E-005
   15.2023460410557      -1.181335850958772E-004
   15.2199413489736      -3.467040597969395E-004
   15.2375366568915      -6.321364533186170E-004
   15.2551319648094      -9.600384999316152E-004
   15.2727272727273      -1.315011749945479E-003
   15.2903225806452      -1.681219865315864E-003
   15.3079178885631      -2.042882119515441E-003
   15.3255131964809      -2.383049601030632E-003
   15.3431085043988      -2.685725578263718E-003
   15.3607038123167      -2.932813323967138E-003
   15.3782991202346      -3.107967138399865E-003
   15.3958944281525      -3.191557264304232E-003
   15.4134897360704      -3.168245368302618E-003
   15.4310850439883      -3.039190710724804E-003
   15.4486803519062      -2.821882347946095E-003
   15.4662756598240      -2.529791836503088E-003
   15.4838709677419      -2.182552666629162E-003
   15.5014662756598      -1.794027013033400E-003
   15.5190615835777      -1.385272628111415E-003
   15.5366568914956      -9.702833179591779E-004
   15.5542521994135      -5.714985498563659E-004
   15.5718475073314      -2.030695979909313E-004
   15.5894428152493       1.109512383210387E-004
   15.6070381231672       3.558839679036093E-004
   15.6246334310850       5.166039792161446E-004
   15.6422287390029       6.052622141418648E-004
   15.6598240469208       6.238742606364447E-004
   15.6774193548387       5.877999269863274E-004
   15.6950146627566       4.989581595388228E-004
   15.7126099706745       3.740325315683450E-004
   15.7302052785924       2.145083625368358E-004
   15.7478005865103       3.824271285111494E-005
   15.7653958944282      -1.538499255077239E-004
   15.7829912023460      -3.427609326390193E-004
   15.8005865102639      -5.282005734066324E-004
   15.8181818181818      -6.919655192632757E-004
   15.8357771260997      -8.439491682337655E-004
   15.8533724340176      -9.741082121131839E-004
   15.8709677419355      -1.095024251135949E-003
   15.8885630498534      -1.195594402690058E-003
   15.9061583577713      -1.289358971721427E-003
   15.9237536656892      -1.364084677953843E-003
   15.9413489736070      -1.434314034715424E-003
   15.9589442815249      -1.486645124107806E-003
   15.9765395894428      -1.536708127946246E-003
   15.9941348973607      -1.569954017227262E-003
   16.0117302052786      -1.603431272045041E-003
   16.0293255131965      -1.621699010957702E-003
   16.0469208211144      -1.642478132631911E-003
   16.0645161290323      -1.647978050434025E-003
   16.0821114369501      -1.656306807098930E-003
   16.0997067448680      -1.647568424694099E-003
   16.1173020527859      -1.640352299391524E-003
   16.1348973607038      -1.612418173578284E-003
   16.1524926686217      -1.582563915659244E-003
   16.1700879765396      -1.525564855022606E-003
   16.1876832844575      -1.459516535453822E-003
   16.2052785923754      -1.353630390072392E-003
   16.2228739002933      -1.223413646899541E-003
   16.2404692082111      -1.043172276150542E-003
   16.2580645161290      -8.440417566549348E-004
   16.2756598240469      -6.066410812482691E-004
   16.2932551319648      -3.680656887889277E-004
   16.3108504398827      -1.110259562909505E-004
   16.3284457478006       1.222742175923713E-004
   16.3460410557185       3.473552073449077E-004
   16.3636363636364       5.164870313181172E-004
   16.3812316715543       6.424129979978240E-004
   16.3988269794721       6.694339480627692E-004
   16.4164222873900       6.057665753948808E-004
   16.4340175953079       4.142034374943152E-004
   16.4516129032258       1.454239941360375E-004
   16.4692082111437      -2.204942544495487E-004
   16.4868035190616      -6.245732729775314E-004
   16.5043988269795      -1.084736172390742E-003
   16.5219941348974      -1.536488766171437E-003
   16.5395894428153      -1.997166095188224E-003
   16.5571847507331      -2.397215703955348E-003
   16.5747800586510      -2.753634007074142E-003
   16.5923753665689      -2.991335126555004E-003
   16.6099706744868      -3.126655342859282E-003
   16.6275659824047      -3.102464336994409E-003
   16.6451612903226      -2.983580489279994E-003
   16.6627565982405      -2.736102111660198E-003
   16.6803519061584      -2.431180465416645E-003
   16.6979472140762      -2.033225599278253E-003
   16.7155425219941      -1.617393244626194E-003
   16.7331378299120      -1.145648361542502E-003
   16.7507331378299      -6.970079221912872E-004
   16.7683284457478      -2.307084784740826E-004
   16.7859237536657       1.701192604935422E-004
   16.8035190615836       5.487645908566557E-004
   16.8211143695015       8.245004429748520E-004
   16.8387096774194       1.068900723778778E-003
   16.8563049853372       1.219109343994100E-003
   16.8739002932551       1.354938554358957E-003
   16.8914956011730       1.410542762858820E-003
   16.9090909090909       1.470926520670148E-003
   16.9266862170088       1.466762207619254E-003
   16.9442815249267       1.488478501426896E-003
   16.9618768328446       1.463079163542528E-003
   16.9794721407625       1.487006317559599E-003
   16.9970674486804       1.483837353633350E-003
   17.0146627565982       1.556948024053292E-003
   17.0322580645161       1.618953305505603E-003
   17.0498533724340       1.766878780124880E-003
   17.0674486803519       1.901688194552081E-003
   17.0850439882698       2.124756536214635E-003
   17.1026392961877       2.330032984467876E-003
   17.1202346041056       2.624614995599504E-003
   17.1378299120235       2.895401742099483E-003
   17.1554252199413       3.256008430157187E-003
   17.1730205278592       3.586007226034742E-003
   17.1906158357771       4.006348886946679E-003
   17.2082111436950       4.389092921496746E-003
   17.2258064516129       4.861571579461467E-003
   17.2434017595308       5.282443267598825E-003
   17.2609970674487       5.783817435187566E-003
   17.2785923753666       6.213881698544118E-003
   17.2961876832845       6.713521490875791E-003
   17.3137829912023       7.120093861405381E-003
   17.3313782991202       7.584288386950963E-003
   17.3489736070381       7.931584932936532E-003
   17.3665689149560       8.323440247412996E-003
   17.3841642228739       8.571966645224220E-003
   17.4017595307918       8.849948236667697E-003
   17.4193548387097       8.957692219064225E-003
   17.4369501466276       9.099604538718026E-003
   17.4545454545455       9.079950112155715E-003
   17.4721407624633       9.124719029595775E-003
   17.4897360703812       9.022355614852243E-003
   17.5073313782991       9.018304958337827E-003
   17.5249266862170       8.882311447594595E-003
   17.5425219941349       8.881642719698053E-003
   17.5601173020528       8.764426003191142E-003
   17.5777126099707       8.823068875449210E-003
   17.5953079178886       8.780833254193626E-003
   17.6129032258065       8.958820898523023E-003
   17.6304985337243       9.036025246498989E-003
   17.6480938416422       9.343833699356579E-003
   17.6656891495601       9.514885152444601E-003
   17.6832844574780       9.919156519093380E-003
   17.7008797653959       1.014471480857679E-002
   17.7184750733138       1.060981111299337E-002
   17.7360703812317       1.084794940939289E-002
   17.7536656891496       1.133806802391213E-002
   17.7712609970675       1.154477878067715E-002
   17.7888563049853       1.202527046799182E-002
   17.8064516129032       1.215399511964080E-002
   17.8240469208211       1.259926249644701E-002
   17.8416422287390       1.263039051173483E-002
   17.8592375366569       1.307678466969102E-002
   17.8768328445748       1.303432198033227E-002
   17.8944281524927       1.355956960324151E-002
   17.9120234604106       1.347350734650830E-002
   17.9296187683284       1.422120068114033E-002
   17.9472140762463       1.412862182906720E-002
   17.9648093841642       1.547499826346493E-002
   17.9824046920821       1.543136100010026E-002
   18.0000000000000       1.980272738983897E-002
