  0.000000000000000E+000  5.830892422095818E-003
  1.759530791788856E-002  3.969921215952211E-003
  3.519061583577713E-002  3.726867221252526E-003
  5.278592375366570E-002  3.031897379505130E-003
  7.038123167155426E-002  2.855485732756749E-003
  8.797653958944282E-002  2.414257560446405E-003
  0.105571847507331       2.272809012591253E-003
  0.123167155425220       1.947466376117053E-003
  0.140762463343109       1.828839632402538E-003
  0.158357771260997       1.571878466421945E-003
  0.175953079178886       1.470561724416728E-003
  0.193548387096774       1.260563682036498E-003
  0.211143695014663       1.174623449172559E-003
  0.228739002932551       1.001966724687154E-003
  0.246334310850440       9.329167957137471E-004
  0.263929618768328       7.937586084636932E-004
  0.281524926686217       7.431546886825846E-004
  0.299120234604106       6.350757205726540E-004
  0.316715542521994       6.040377339966936E-004
  0.334310850439883       5.254647725638494E-004
  0.351906158357771       5.147800546377100E-004
  0.369501466275660       4.644828253150889E-004
  0.387096774193548       4.744637152317149E-004
  0.404692082111437       4.510057393184238E-004
  0.422287390029326       4.805249532354315E-004
  0.439882697947214       4.798930984706867E-004
  0.457478005865103       5.245671410827632E-004
  0.475073313782991       5.415836695441358E-004
  0.492668621700880       5.974768169114090E-004
  0.510263929618768       6.278719904724194E-004
  0.527859237536657       6.915605606873425E-004
  0.545454545454546       7.315738061361948E-004
  0.563049853372434       7.999475150306526E-004
  0.580645161290323       8.461770344187099E-004
  0.598240469208211       9.163617714155731E-004
  0.615835777126100       9.657646691223581E-004
  0.633431085043988       1.035664712225004E-003
  0.651026392961877       1.086851322372446E-003
  0.668621700879765       1.156027125958970E-003
  0.686217008797654       1.208487507873654E-003
  0.703812316715543       1.276734699377740E-003
  0.721407624633431       1.330119780271126E-003
  0.739002932551320       1.397370146740260E-003
  0.756598240469208       1.451510340386638E-003
  0.774193548387097       1.517871021470177E-003
  0.791788856304985       1.572838199625106E-003
  0.809384164222874       1.638732011247739E-003
  0.826979472140763       1.694918155517163E-003
  0.844574780058651       1.760458622793711E-003
  0.862170087976540       1.817060393417540E-003
  0.879765395894428       1.881005159942712E-003
  0.897360703812317       1.936417012791811E-003
  0.914956011730205       1.997088425651787E-003
  0.932551319648094       2.049374018001879E-003
  0.950146627565982       2.104768814024616E-003
  0.967741935483871       2.151662944791949E-003
  0.985337243401760       2.199390859373271E-003
   1.00293255131965       2.238129826310918E-003
   1.02052785923754       2.275311360542571E-003
   1.03812316715543       2.303837842916576E-003
   1.05571847507331       2.330548130564309E-003
   1.07331378299120       2.350440984794702E-003
   1.09090909090909       2.368879631490222E-003
   1.10850439882698       2.382548999694488E-003
   1.12609970674487       2.395394044507925E-003
   1.14369501466276       2.405646884105912E-003
   1.16129032258065       2.415927848187394E-003
   1.17888563049853       2.425918289770373E-003
   1.19648093841642       2.437027997058985E-003
   1.21407624633431       2.450207849322457E-003
   1.23167155425220       2.464435748266954E-003
   1.24926686217009       2.480047091676631E-003
   1.26686217008798       2.494201739323831E-003
   1.28445747800587       2.508273392659484E-003
   1.30205278592375       2.518321886962753E-003
   1.31964809384164       2.526732705222481E-003
   1.33724340175953       2.528551782380696E-003
   1.35483870967742       2.527117468180761E-003
   1.37243401759531       2.516528043853697E-003
   1.39002932551320       2.501008120159957E-003
   1.40762463343109       2.473769448264931E-003
   1.42521994134897       2.440687307908043E-003
   1.44281524926686       2.396014479487504E-003
   1.46041055718475       2.347583139383119E-003
   1.47800586510264       2.289029203468313E-003
   1.49560117302053       2.228989211130621E-003
   1.51319648093842       2.160448427158848E-003
   1.53079178885631       2.092801965171657E-003
   1.54838709677419       2.018443637259467E-003
   1.56598240469208       1.947506399772154E-003
   1.58357771260997       1.871882624153840E-003
   1.60117302052786       1.802498560437783E-003
   1.61876832844575       1.730764246914660E-003
   1.63636363636364       1.667249155522821E-003
   1.65395894428153       1.601412456904659E-003
   1.67155425219941       1.543773211236574E-003
   1.68914956011730       1.483068916039761E-003
   1.70674486803519       1.430143151760162E-003
   1.72434017595308       1.373122054610843E-003
   1.74193548387097       1.323172262890427E-003
   1.75953079178886       1.267847354279364E-003
   1.77712609970675       1.218586766291117E-003
   1.79472140762463       1.162355597594454E-003
   1.81231671554252       1.110730770831937E-003
   1.82991202346041       1.050695808962776E-003
   1.84750733137830       9.954017538185273E-004
   1.86510263929619       9.322564895041735E-004
   1.88269794721408       8.749703125546887E-004
   1.90029325513196       8.107524078427166E-004
   1.91788856304985       7.537265046021752E-004
   1.93548387096774       6.908911860321746E-004
   1.95307917888563       6.367424636212749E-004
   1.97067448680352       5.780956914596585E-004
   1.98826979472141       5.298156415732591E-004
   2.00586510263930       4.786291204919071E-004
   2.02346041055718       4.394583473105249E-004
   2.04105571847507       3.977524735334683E-004
   2.05865102639296       3.676698351430532E-004
   2.07624633431085       3.341898164559452E-004
   2.09384164222874       3.115608781515514E-004
   2.11143695014663       2.844898679938466E-004
   2.12903225806452       2.673290883190733E-004
   2.14662756598241       2.445502232557841E-004
   2.16422287390029       2.305922298083869E-004
   2.18181818181818       2.097017059369960E-004
   2.19941348973607       1.963553228390056E-004
   2.21700879765396       1.746299631406664E-004
   2.23460410557185       1.596840221693912E-004
   2.25219941348974       1.363154478569445E-004
   2.26979472140762       1.200854369302656E-004
   2.28739002932551       9.577016053634705E-005
   2.30498533724340       7.905805313093527E-005
   2.32258064516129       5.468334687816279E-005
   2.34017595307918       3.842774143617019E-005
   2.35777126099707       1.499238699001118E-005
   2.37536656891496       2.345242333671033E-007
   2.39296187683284      -2.115668630241573E-005
   2.41055718475073      -3.324366081134285E-005
   2.42815249266862      -5.142922808736678E-005
   2.44574780058651      -6.000149749088347E-005
   2.46334310850440      -7.456075049954031E-005
   2.48093841642229      -7.945683638733062E-005
   2.49853372434018      -9.032962827330047E-005
   2.51612903225806      -9.158154641613536E-005
   2.53372434017595      -9.887678227068583E-005
   2.55131964809384      -9.669034742524673E-005
   2.56891495601173      -1.007116576042608E-004
   2.58651026392962      -9.552891107410700E-005
   2.60410557184751      -9.691210492681150E-005
   2.62170087976540      -8.978883896167364E-005
   2.63929618768328      -9.015832979018232E-005
   2.65689149560117      -8.295036253465075E-005
   2.67448680351906      -8.390865134981542E-005
   2.69208211143695      -7.793503069795128E-005
   2.70967741935484      -8.060607506367130E-005
   2.72727272727273      -7.684456131773566E-005
   2.74486803519062      -8.206778343377225E-005
   2.76246334310850      -8.123773958195200E-005
   2.78005865102639      -8.959814382792213E-005
   2.79765395894428      -9.214550314398223E-005
   2.81524926686217      -1.038545291993785E-004
   2.83284457478006      -1.095615248263193E-004
   2.85043988269795      -1.239672709359336E-004
   2.86803519061584      -1.320882575284964E-004
   2.88563049853372      -1.485331270234413E-004
   2.90322580645161      -1.584877925612166E-004
   2.92082111436950      -1.764285486026929E-004
   2.93841642228739      -1.877082851185857E-004
   2.95601173020528      -2.066547699005061E-004
   2.97360703812317      -2.187955849316162E-004
   2.99120234604106      -2.383017076897933E-004
   3.00879765395894      -2.508994391942423E-004
   3.02639296187683      -2.706535950100914E-004
   3.04398826979472      -2.835409586858194E-004
   3.06158357771261      -3.034310051169097E-004
   3.07917888563050      -3.164577457559304E-004
   3.09677419354839      -3.362691615112679E-004
   3.11436950146628      -3.491765965022582E-004
   3.13196480938416      -3.685992106290044E-004
   3.14956011730205      -3.810323962608217E-004
   3.16715542521994      -3.996520795665520E-004
   3.18475073313783      -4.111346762446529E-004
   3.20234604105572      -4.283776377990724E-004
   3.21994134897361      -4.382081294537567E-004
   3.23753665689150      -4.533312725385655E-004
   3.25513196480938      -4.609757887844362E-004
   3.27272727272727      -4.737116745399312E-004
   3.29032258064516      -4.790569054352273E-004
   3.30791788856305      -4.893709325690967E-004
   3.32551319648094      -4.924509590152987E-004
   3.34310850439883      -5.004301194021870E-004
   3.36070381231672      -5.013909821063495E-004
   3.37829912023460      -5.072375594585034E-004
   3.39589442815249      -5.063579205268904E-004
   3.41348973607038      -5.104610307600719E-004
   3.43108504398827      -5.082445288922746E-004
   3.44868035190616      -5.110353274172882E-004
   3.46627565982405      -5.076887180071958E-004
   3.48387096774194      -5.091847985020831E-004
   3.50146627565982      -5.046219813178262E-004
   3.51906158357771      -5.046514262541655E-004
   3.53665689149560      -4.986275910080438E-004
   3.55425219941349      -4.968653502837397E-004
   3.57184750733138      -4.889739802026022E-004
   3.58944281524927      -4.849094926155882E-004
   3.60703812316716      -4.744960100015649E-004
   3.62463343108504      -4.673495642737029E-004
   3.64222873900293      -4.538341221115631E-004
   3.65982404692082      -4.435316251320386E-004
   3.67741935483871      -4.272359414323575E-004
   3.69501466275660      -4.142565955917008E-004
   3.71260997067449      -3.957516100031300E-004
   3.73020527859238      -3.807316918032092E-004
   3.74780058651026      -3.607119484172350E-004
   3.76539589442815      -3.443919780752137E-004
   3.78299120234604      -3.236461281924980E-004
   3.80058651026393      -3.068583700442604E-004
   3.81818181818182      -2.862232255246958E-004
   3.83577712609971      -2.695510162675640E-004
   3.85337243401760      -2.491316282637689E-004
   3.87096774193548      -2.323666938225166E-004
   3.88856304985337      -2.118950040141984E-004
   3.90615835777126      -1.947611900402874E-004
   3.92375366568915      -1.739613156773193E-004
   3.94134897360704      -1.561788865083778E-004
   3.95894428152493      -1.347716639652503E-004
   3.97653958944282      -1.160554968315488E-004
   3.99413489736070      -9.375157509397819E-005
   4.01173020527859      -7.380614276725625E-005
   4.02932551319648      -5.044729199523854E-005
   4.04692082111437      -2.947992382852438E-005
   4.06451612903226      -5.619149056377809E-006
   4.08211143695015       1.569494154887385E-005
   4.09970674486804       3.935885287308732E-005
   4.11730205278592       6.031077952178796E-005
   4.13489736070381       8.305883180770781E-005
   4.15249266862170       1.029277777918404E-004
   4.17008797653959       1.240380295303881E-004
   4.18768328445748       1.421118336099298E-004
   4.20527859237537       1.608951337074123E-004
   4.22287390029326       1.766515946198851E-004
   4.24046920821114       1.930252270882190E-004
   4.25806451612903       2.068264141232441E-004
   4.27565982404692       2.212674362797147E-004
   4.29325513196481       2.335322874473437E-004
   4.31085043988270       2.464023997968257E-004
   4.32844574780059       2.574455809566997E-004
   4.34604105571848       2.690120626181804E-004
   4.36363636363636       2.790572725422761E-004
   4.38123167155425       2.894946371284901E-004
   4.39882697947214       2.986643212684045E-004
   4.41642228739003       3.080263745689875E-004
   4.43401759530792       3.163351228779803E-004
   4.45161290322581       3.246818856151123E-004
   4.46920821114370       3.322711722682597E-004
   4.48680351906158       3.397778802975897E-004
   4.50439882697947       3.468281628768451E-004
   4.52199413489736       3.536681530870205E-004
   4.53958944281525       3.603430570339931E-004
   4.55718475073314       3.666634743565372E-004
   4.57478005865103       3.730922306901082E-004
   4.59237536656892       3.789970409192758E-004
   4.60997067448680       3.852504422098321E-004
   4.62756598240469       3.907543448483154E-004
   4.64516129032258       3.967959223703416E-004
   4.66275659824047       4.018466631895576E-004
   4.68035190615836       4.076324628796950E-004
   4.69794721407625       4.121838816836123E-004
   4.71554252199414       4.176583799587625E-004
   4.73313782991202       4.216380448852623E-004
   4.75073313782991       4.267089260303578E-004
   4.76832844574780       4.299968441698210E-004
   4.78592375366569       4.345107588684882E-004
   4.80351906158358       4.369033708926033E-004
   4.82111436950147       4.406366442834324E-004
   4.83870967741935       4.420805053414382E-004
   4.85630498533724       4.453239853395567E-004
   4.87390029325513       4.463374750181588E-004
   4.89149560117302       4.496670043395958E-004
   4.90909090909091       4.508367978797346E-004
   4.92668621700880       4.548398786113722E-004
   4.94428152492669       4.567430011955810E-004
   4.96187683284458       4.619791571962937E-004
   4.97947214076246       4.651444504313242E-004
   4.99706744868035       4.720967462320320E-004
   5.01466275659824       4.768984155940072E-004
   5.03225806451613       4.856546696548655E-004
   5.04985337243402       4.918323170823243E-004
   5.06744868035191       5.020112116004313E-004
   5.08504398826980       5.092398677921547E-004
   5.10263929618768       5.205761173381746E-004
   5.12023460410557       5.286256520808804E-004
   5.13782991202346       5.409122709249545E-004
   5.15542521994135       5.495878412475338E-004
   5.17302052785924       5.626324897877323E-004
   5.19061583577713       5.717312304988170E-004
   5.20821114369502       5.852944078084748E-004
   5.22580645161290       5.944981109910725E-004
   5.24340175953079       6.082157130031332E-004
   5.26099706744868       6.172281418167552E-004
   5.27859237536657       6.309182039777751E-004
   5.29618768328446       6.396340545878869E-004
   5.31378299120235       6.532404690336987E-004
   5.33137829912024       6.616406203104962E-004
   5.34897360703812       6.751718222026194E-004
   5.36656891495601       6.832833014651644E-004
   5.38416422287390       6.967740915363120E-004
   5.40175953079179       7.046204255432971E-004
   5.41935483870968       7.179970868872842E-004
   5.43695014662757       7.252263940492807E-004
   5.45454545454546       7.378612983372876E-004
   5.47214076246334       7.438166354465694E-004
   5.48973607038123       7.551556788304066E-004
   5.50733137829912       7.593736685774053E-004
   5.52492668621701       7.690318747719230E-004
   5.54252199413490       7.712003052840901E-004
   5.56011730205279       7.789363381815579E-004
   5.57771260997067       7.788866324197145E-004
   5.59530791788856       7.846100159451576E-004
   5.61290322580645       7.823449851305004E-004
   5.63049853372434       7.861079238083821E-004
   5.64809384164223       7.815924112110584E-004
   5.66568914956012       7.832202093396504E-004
   5.68328445747801       7.762210560961247E-004
   5.70087976539589       7.754830482523434E-004
   5.71847507331378       7.657882815115983E-004
   5.73607038123167       7.624979486153555E-004
   5.75366568914956       7.499531122670608E-004
   5.77126099706745       7.439931276143841E-004
   5.78885630498534       7.285256933699447E-004
   5.80645161290323       7.198808775225123E-004
   5.82404692082111       7.015459846795105E-004
   5.84164222873900       6.903050310880371E-004
   5.85923753665689       6.691615829003573E-004
   5.87683284457478       6.553483717377267E-004
   5.89442815249267       6.314231535316506E-004
   5.91202346041056       6.150859953808288E-004
   5.92961876832845       5.884595992522115E-004
   5.94721407624634       5.697197105120508E-004
   5.96480938416422       5.405653175946826E-004
   5.98240469208211       5.196614345946603E-004
   6.00000000000000       4.883099034819794E-004
   6.01759530791789       4.657183303251229E-004
   6.03519061583578       4.327813894458148E-004
   6.05278592375367       4.090585953184108E-004
   6.07038123167156       3.749086068538630E-004
   6.08797653958944       3.503033233442531E-004
   6.10557184750733       3.151374142571664E-004
   6.12316715542522       2.898199445004959E-004
   6.14076246334311       2.538004653279643E-004
   6.15835777126100       2.279363363947573E-004
   6.17595307917889       1.912485722280009E-004
   6.19354838709677       1.650582785070552E-004
   6.21114369501466       1.280029428985580E-004
   6.22873900293255       1.019389888649767E-004
   6.24633431085044       6.508670766557700E-005
   6.26392961876833       3.967673590058345E-005
   6.28152492668622       3.444809699000142E-006
   6.29912023460411      -2.096890338496969E-005
   6.31671554252199      -5.627947264119461E-005
   6.33431085043988      -7.942462947709246E-005
   6.35190615835777      -1.135561066754715E-004
   6.36950146627566      -1.351810150103166E-004
   6.38709677419355      -1.678729127275098E-004
   6.40469208211144      -1.876886646983144E-004
   6.42228739002933      -2.185975255612093E-004
   6.43988269794721      -2.362642726032367E-004
   6.45747800586510      -2.651720410144713E-004
   6.47507331378299      -2.806152391313313E-004
   6.49266862170088      -3.075222889176585E-004
   6.51026392961877      -3.207835822190114E-004
   6.52785923753666      -3.457556018351759E-004
   6.54545454545455      -3.569147898804858E-004
   6.56304985337243      -3.800313968468628E-004
   6.58064516129032      -3.891546836826651E-004
   6.59824046920821      -4.104418305473179E-004
   6.61583577712610      -4.174466078079428E-004
   6.63343108504399      -4.366096885180778E-004
   6.65102639296188      -4.410838790416492E-004
   6.66862170087977      -4.578149668225879E-004
   6.68621700879765      -4.596180063471780E-004
   6.70381231671554      -4.738920433110917E-004
   6.72140762463343      -4.730892834722184E-004
   6.73900293255132      -4.850443118993016E-004
   6.75659824046921      -4.818405506414701E-004
   6.77419354838710      -4.917374302833180E-004
   6.79178885630499      -4.864467578026322E-004
   6.80938416422287      -4.946377952213611E-004
   6.82697947214076      -4.875817926351703E-004
   6.84457478005865      -4.942503391010183E-004
   6.86217008797654      -4.855048967981517E-004
   6.87976539589443      -4.907332250391832E-004
   6.89736070381232      -4.804378798788336E-004
   6.91495601173021      -4.844147479289526E-004
   6.93255131964809      -4.728076109774467E-004
   6.95014662756598      -4.758133594228033E-004
   6.96774193548387      -4.632169194362269E-004
   6.98533724340176      -4.656067639886309E-004
   7.00293255131965      -4.524004493142128E-004
   7.02052785923754      -4.544667415449770E-004
   7.03812316715543      -4.405877440600714E-004
   7.05571847507331      -4.418464608741514E-004
   7.07331378299120      -4.267020121508267E-004
   7.09090909090909      -4.266563447727730E-004
   7.10850439882698      -4.098583624080703E-004
   7.12609970674487      -4.082210115752802E-004
   7.14369501466276      -3.895884577322737E-004
   7.16129032258065      -3.862860280678075E-004
   7.17888563049853      -3.658691692595287E-004
   7.19648093841642      -3.610920901494651E-004
   7.21407624633431      -3.392746174491836E-004
   7.23167155425220      -3.335533216084259E-004
   7.24926686217009      -3.107655189975653E-004
   7.26686217008798      -3.042802783054153E-004
   7.28445747800587      -2.805692782748697E-004
   7.30205278592375      -2.733426172958803E-004
   7.31964809384164      -2.487489602147067E-004
   7.33724340175953      -2.408567153709946E-004
   7.35483870967742      -2.155142389088684E-004
   7.37243401759531      -2.071643162126710E-004
   7.39002932551320      -1.813849891578629E-004
   7.40762463343109      -1.730438012172978E-004
   7.42521994134897      -1.474509334008629E-004
   7.44281524926686      -1.396302073219191E-004
   7.46041055718475      -1.143505859298812E-004
   7.47800586510264      -1.068731706322911E-004
   7.49560117302053      -8.163130511278091E-005
   7.51319648093842      -7.419257003165344E-005
   7.53079178885631      -4.868977463254410E-005
   7.54838709677419      -4.101922796168525E-005
   7.56598240469208      -1.504369791440797E-005
   7.58357771260997      -7.018146055390189E-006
   7.60117302052786       1.940107373018660E-005
   7.61876832844575       2.745961140045924E-005
   7.63636363636364       5.362222196617617E-005
   7.65395894428153       6.095746640301294E-005
   7.67155425219941       8.639743304448931E-005
   7.68914956011730       9.281063883373214E-005
   7.70674486803519       1.174712446033116E-004
   7.72434017595308       1.230009871051472E-004
   7.74193548387097       1.469756484670253E-004
   7.75953079178886       1.517487605445744E-004
   7.77712609970675       1.751615251718331E-004
   7.79472140762463       1.792672490512505E-004
   7.81231671554252       2.020674305028653E-004
   7.82991202346041       2.051215340501177E-004
   7.84750733137830       2.266226817875657E-004
   7.86510263929619       2.280027753099676E-004
   7.88269794721408       2.478339628415269E-004
   7.90029325513197       2.473696696350072E-004
   7.91788856304985       2.654955159705210E-004
   7.93548387096774       2.632633699427470E-004
   7.95307917888563       2.798452057408134E-004
   7.97067448680352       2.760772535121007E-004
   7.98826979472141       2.913906808121010E-004
   8.00586510263930       2.863693891180744E-004
   8.02346041055718       3.005398567310370E-004
   8.04105571847507       2.940500764946404E-004
   8.05865102639296       3.066487677445040E-004
   8.07624633431085       2.983662092999137E-004
   8.09384164222874       3.092573033472262E-004
   8.11143695014663       2.992020844566986E-004
   8.12903225806452       3.085385335585108E-004
   8.14662756598241       2.969908431217237E-004
   8.16422287390029       3.051679477743921E-004
   8.18181818181818       2.926393525285171E-004
   8.19941348973607       3.002765051334745E-004
   8.21700879765396       2.874360931944911E-004
   8.23460410557185       2.949064695879829E-004
   8.25219941348974       2.815452774429149E-004
   8.26979472140763       2.883138822084913E-004
   8.28739002932551       2.739314968745245E-004
   8.30498533724340       2.796061539199061E-004
   8.32258064516129       2.639283419587584E-004
   8.34017595307918       2.683522691762994E-004
   8.35777126099707       2.513528534216587E-004
   8.37536656891496       2.546363306290888E-004
   8.39296187683285       2.365856156776503E-004
   8.41055718475073       2.391892767080305E-004
   8.42815249266862       2.206191653357827E-004
   8.44574780058651       2.227551533114084E-004
   8.46334310850440       2.034212285222823E-004
   8.48093841642229       2.046450717999257E-004
   8.49853372434018       1.841178902011749E-004
   8.51612903225807       1.840580063484400E-004
   8.53372434017595       1.620544460518447E-004
   8.55131964809384       1.605332678965378E-004
   8.56891495601173       1.370134406463991E-004
   8.58651026392962       1.341579761437142E-004
   8.60410557184751       1.094940823969341E-004
   8.62170087976540       1.060015010043133E-004
   8.63929618768329       8.101779896931122E-005
   8.65689149560117       7.736312180819550E-005
   8.67448680351906       5.209608837152705E-005
   8.69208211143695       4.811561255420178E-005
   8.70967741935484       2.234435096132895E-005
   8.72727272727273       1.780340102755357E-005
   8.74486803519062      -8.674153600027969E-006
   8.76246334310851      -1.391811581244400E-005
   8.78005865102639      -4.113518345116497E-005
   8.79765395894428      -4.695253894764410E-005
   8.81524926686217      -7.446241353869125E-005
   8.83284457478006      -7.999985340567099E-005
   8.85043988269795      -1.068917642072593E-004
   8.86803519061584      -1.116176090719421E-004
   8.88563049853373      -1.377061195136238E-004
   8.90322580645161      -1.416170543219981E-004
   8.92082111436950      -1.669957904308395E-004
   8.93841642228739      -1.702432288810821E-004
   8.95601173020528      -1.950789651667683E-004
   8.97360703812317      -1.978127599126218E-004
   8.99120234604106      -2.221863332125011E-004
   9.00879765395895      -2.243205957113034E-004
   9.02639296187683      -2.477845904676880E-004
   9.04398826979472      -2.485822389210690E-004
   9.06158357771261      -2.705265705573014E-004
   9.07917888563050      -2.697328301538759E-004
   9.09677419354839      -2.901469180834284E-004
   9.11436950146628      -2.879018552183022E-004
   9.13196480938416      -3.070251038199726E-004
   9.14956011730205      -3.036364456104087E-004
   9.16715542521994      -3.218038736526628E-004
   9.18475073313783      -3.175969813528452E-004
   9.20234604105572      -3.350420506538861E-004
   9.21994134897361      -3.299307304339985E-004
   9.23753665689150      -3.459602669082500E-004
   9.25513196480938      -3.389236099593853E-004
   9.27272727272727      -3.527575586797947E-004
   9.29032258064516      -3.433916194573757E-004
   9.30791788856305      -3.548868210378716E-004
   9.32551319648094      -3.432625622591648E-004
   9.34310850439883      -3.526619018216970E-004
   9.36070381231672      -3.391769108409486E-004
   9.37829912023460      -3.470004034191093E-004
   9.39589442815249      -3.322755418569178E-004
   9.41348973607038      -3.391287415583962E-004
   9.43108504398827      -3.233005826142540E-004
   9.44868035190616      -3.284928905525577E-004
   9.46627565982405      -3.104889298053562E-004
   9.48387096774194      -3.131112567760015E-004
   9.50146627565982      -2.922988311805703E-004
   9.51906158357771      -2.919586432790431E-004
   9.53665689149560      -2.681843744875097E-004
   9.55425219941349      -2.649617851488682E-004
   9.57184750733138      -2.385572030672982E-004
   9.58944281524927      -2.330506952765636E-004
   9.60703812316716      -2.049509860609803E-004
   9.62463343108504      -1.983771346718592E-004
   9.64222873900293      -1.696292011361577E-004
   9.65982404692082      -1.624423063160763E-004
   9.67741935483871      -1.331115248289334E-004
   9.69501466275660      -1.253194667937795E-004
   9.71260997067449      -9.546901705082189E-005
   9.73020527859238      -8.722222225050516E-005
   9.74780058651026      -5.713085963988501E-005
   9.76539589442815      -4.886128482057651E-005
   9.78299120234604      -1.916506249871926E-005
   9.80058651026393      -1.177915164183168E-005
   9.81818181818182       1.619559060233376E-005
   9.83577712609971       2.104943109175552E-005
   9.85337243401760       4.588938398501689E-005
   9.87096774193548       4.734903361308149E-005
   9.88856304985337       6.851525660422794E-005
   9.90615835777126       6.617839099750674E-005
   9.92375366568915       8.333284700472330E-005
   9.94134897360704       7.689432297877931E-005
   9.95894428152493       8.973420197665801E-005
   9.97653958944282       7.888204446327287E-005
   9.99413489736071       8.706681235781529E-005
   10.0117302052786       7.148071158966107E-005
   10.0293255131965       7.526647709357073E-005
   10.0469208211144       5.654751857046469E-005
   10.0645161290323       5.857860811443059E-005
   10.0821114369501       3.954564316222653E-005
   10.0997067448680       4.246619312758388E-005
   10.1173020527859       2.557408627763675E-005
   10.1348973607038       3.161475897052865E-005
   10.1524926686217       1.883695512352690E-005
   10.1700879765396       2.964746221598830E-005
   10.1876832844575       2.222459047135394E-005
   10.2052785923754       3.840814113269845E-005
   10.2228739002933       3.582081791495846E-005
   10.2404692082111       5.572803710840597E-005
   10.2580645161290       5.637360714270735E-005
   10.2756598240469       7.931269202717107E-005
   10.2932551319648       8.318603929305042E-005
   10.3108504398827       1.095070274067244E-004
   10.3284457478006       1.171933677745039E-004
   10.3460410557185       1.476135286886316E-004
   10.3636363636364       1.598954481516647E-004
   10.3812316715543       1.951674154482815E-004
   10.3988269794721       2.126542425914495E-004
   10.4164222873900       2.528645427395069E-004
   10.4340175953079       2.744436586046019E-004
   10.4516129032258       3.174745964502739E-004
   10.4692082111437       3.411865015399712E-004
   10.4868035190616       3.857270973826341E-004
   10.5043988269795       4.107580292748996E-004
   10.5219941348974       4.563618731610571E-004
   10.5395894428153       4.825716165214813E-004
   10.5571847507331       5.293532045964280E-004
   10.5747800586510       5.570779024996501E-004
   10.5923753665689       6.055516146185179E-004
   10.6099706744868       6.354078045566746E-004
   10.6275659824047       6.858657037040834E-004
   10.6451612903226       7.173253023674993E-004
   10.6627565982405       7.686715558612875E-004
   10.6803519061584       8.007156748365414E-004
   10.6979472140762       8.522074857781652E-004
   10.7155425219941       8.843349652799733E-004
   10.7331378299120       9.356822732182545E-004
   10.7507331378299       9.677995136675209E-004
   10.7683284457478       1.019077814593419E-003
   10.7859237536657       1.051407950937078E-003
   10.8035190615836       1.102924049666134E-003
   10.8211143695015       1.135432872778033E-003
   10.8387096774194       1.185823713624144E-003
   10.8563049853372       1.215699525387008E-003
   10.8739002932551       1.261856684423312E-003
   10.8914956011730       1.286411113360549E-003
   10.9090909090909       1.326066163993004E-003
   10.9266862170088       1.343438042242462E-003
   10.9442815249267       1.375132176669884E-003
   10.9618768328446       1.384288859281710E-003
   10.9794721407625       1.407450638918281E-003
   10.9970674486804       1.408363638576659E-003
   11.0146627565982       1.423669140357848E-003
   11.0322580645161       1.417491305080484E-003
   11.0498533724340       1.425573634122303E-003
   11.0674486803519       1.411960876825989E-003
   11.0850439882698       1.411986014756697E-003
   11.1026392961877       1.390035041504843E-003
   11.1202346041056       1.381153572551717E-003
   11.1378299120235       1.350147393380900E-003
   11.1554252199413       1.331825777310086E-003
   11.1730205278592       1.291481651113132E-003
   11.1906158357771       1.263753065694042E-003
   11.2082111436950       1.214569608107898E-003
   11.2258064516129       1.178355814423661E-003
   11.2434017595308       1.120985958013217E-003
   11.2609970674487       1.076025370144923E-003
   11.2785923753666       1.009592556922299E-003
   11.2961876832845       9.549045663185094E-004
   11.3137829912023       8.785194293833119E-004
   11.3313782991202       8.133920504368433E-004
   11.3489736070381       7.266179144313516E-004
   11.3665689149560       6.509824253997333E-004
   11.3841642228739       5.542664129254234E-004
   11.4017595307918       4.693386415593337E-004
   11.4193548387097       3.651982183534457E-004
   11.4369501466276       2.746471333079430E-004
   11.4545454545455       1.662054900381283E-004
   11.4721407624633       7.151049806168496E-005
   11.4897360703812      -4.082651674572696E-005
   11.5073313782991      -1.397505057723974E-004
   11.5249266862170      -2.563201427724507E-004
   11.5425219941349      -3.598908744206993E-004
   11.5601173020528      -4.810367774568517E-004
   11.5777126099707      -5.893289829169481E-004
   11.5953079178886      -7.145806158295379E-004
   11.6129032258065      -8.256982776642734E-004
   11.6304985337243      -9.494284935955639E-004
   11.6480938416422      -1.053597122870893E-003
   11.6656891495601      -1.165308009309344E-003
   11.6832844574780      -1.253804356539330E-003
   11.7008797653959      -1.346423193174144E-003
   11.7184750733138      -1.413405313734141E-003
   11.7360703812317      -1.482150618439931E-003
   11.7536656891496      -1.523819577781463E-003
   11.7712609970675      -1.565848861968657E-003
   11.7888563049853      -1.580363146293939E-003
   11.8064516129032      -1.595065520878403E-003
   11.8240469208211      -1.584294460154743E-003
   11.8416422287390      -1.577532730281107E-003
   11.8592375366569      -1.550228570187606E-003
   11.8768328445748      -1.531060670801694E-003
   11.8944281524927      -1.495794399562683E-003
   11.9120234604106      -1.472527966465853E-003
   11.9296187683284      -1.437423753545219E-003
   11.9472140762463      -1.418007318364528E-003
   11.9648093841642      -1.390803633999016E-003
   11.9824046920821      -1.382643540311833E-003
   12.0000000000000      -1.370156325087626E-003
   12.0175953079179      -1.377935554282411E-003
   12.0351906158358      -1.378545912692553E-003
   12.0527859237537      -1.393406253202503E-003
   12.0703812316716      -1.396355745662734E-003
   12.0879765395894      -1.409301031769638E-003
   12.1055718475073      -1.407424004434930E-003
   12.1231671554252      -1.412900945598837E-003
   12.1407624633431      -1.402225747049027E-003
   12.1583577712610      -1.397908715777214E-003
   12.1759530791789      -1.377964477807416E-003
   12.1935483870968      -1.365596521656274E-003
   12.2111436950147      -1.341433383512535E-003
   12.2287390029326      -1.330002461106207E-003
   12.2463343108504      -1.310977145856384E-003
   12.2639296187683      -1.305647318638412E-003
   12.2815249266862      -1.292916593090498E-003
   12.2991202346041      -1.292973483962617E-003
   12.3167155425220      -1.284895345025904E-003
   12.3343108504399      -1.288160165552345E-003
   12.3519061583578      -1.282322081576807E-003
   12.3695014662757      -1.286403236440742E-003
   12.3870967741935      -1.280730473567676E-003
   12.4046920821114      -1.284393791090179E-003
   12.4222873900293      -1.279719162441514E-003
   12.4398826979472      -1.286333529185478E-003
   12.4574780058651      -1.286251980599885E-003
   12.4750733137830      -1.297378340338242E-003
   12.4926686217009      -1.301646859833539E-003
   12.5102639296188      -1.315938996140153E-003
   12.5278592375367      -1.322404100843695E-003
   12.5454545454545      -1.337117769280741E-003
   12.5630498533724      -1.342616285754960E-003
   12.5806451612903      -1.354367541490328E-003
   12.5982404692082      -1.355568316858727E-003
   12.6158357771261      -1.362051694693125E-003
   12.6334310850440      -1.360153577641240E-003
   12.6510263929619      -1.366500015675382E-003
   12.6686217008798      -1.367206761621873E-003
   12.6862170087977      -1.377446235802483E-003
   12.7038123167155      -1.383201481533542E-003
   12.7214076246334      -1.398455450575939E-003
   12.7390029325513      -1.409174866395273E-003
   12.7565982404692      -1.428193640178623E-003
   12.7741935483871      -1.441459171035899E-003
   12.7917888563050      -1.460592967030347E-003
   12.8093841642229      -1.471372845267065E-003
   12.8269794721408      -1.485660610607685E-003
   12.8445747800587      -1.492765550506744E-003
   12.8621700879765      -1.505791318167188E-003
   12.8797653958944      -1.514667841171352E-003
   12.8973607038123      -1.531663432428964E-003
   12.9149560117302      -1.546968346764281E-003
   12.9325513196481      -1.571840227568520E-003
   12.9501466275660      -1.596548052162108E-003
   12.9677419354839      -1.631113260153138E-003
   12.9853372434018      -1.665546017043767E-003
   13.0029325513196      -1.707913333213864E-003
   13.0205278592375      -1.746082527830588E-003
   13.0381231671554      -1.785219763145546E-003
   13.0557184750733      -1.815012047694862E-003
   13.0733137829912      -1.842005231153440E-003
   13.0909090909091      -1.857499194035598E-003
   13.1085043988270      -1.868175847054960E-003
   13.1260997067449      -1.866488459073459E-003
   13.1436950146628      -1.858983509270174E-003
   13.1612903225806      -1.839137702220700E-003
   13.1788856304985      -1.813294704638403E-003
   13.1964809384164      -1.775982843540465E-003
   13.2140762463343      -1.733855473162175E-003
   13.2316715542522      -1.684682180875395E-003
   13.2492668621701      -1.636670924220762E-003
   13.2668621700880      -1.588274491321866E-003
   13.2844574780059      -1.546621863317797E-003
   13.3020527859238      -1.510441331547280E-003
   13.3196480938416      -1.485872490736398E-003
   13.3372434017595      -1.471869319323984E-003
   13.3548387096774      -1.473444350651997E-003
   13.3724340175953      -1.489516972741491E-003
   13.3900293255132      -1.523536553037484E-003
   13.4076246334311      -1.573049676718662E-003
   13.4252199413490      -1.634616686550069E-003
   13.4428152492669      -1.699505302650485E-003
   13.4604105571848      -1.763214464448024E-003
   13.4780058651026      -1.820241006803376E-003
   13.4956011730205      -1.867066531346882E-003
   13.5131964809384      -1.900265694228824E-003
   13.5307917888563      -1.916907158747573E-003
   13.5483870967742      -1.915475134571141E-003
   13.5659824046921      -1.893646903095423E-003
   13.5835777126100      -1.852041599586993E-003
   13.6011730205279      -1.789566009103865E-003
   13.6187683284457      -1.710842807019019E-003
   13.6363636363636      -1.617050494224957E-003
   13.6539589442815      -1.512385844496438E-003
   13.6715542521994      -1.395321017064070E-003
   13.6891495601173      -1.269879156370163E-003
   13.7067448680352      -1.133396741168064E-003
   13.7243401759531      -9.903722448430846E-004
   13.7419354838710      -8.374252904400388E-004
   13.7595307917889      -6.798338325456919E-004
   13.7771260997067      -5.138542408315898E-004
   13.7947214076246      -3.459778088452076E-004
   13.8123167155425      -1.732509081104530E-004
   13.8299120234604      -5.124143880607557E-006
   13.8475073313783       1.620541180393759E-004
   13.8651026392962       3.201386506960575E-004
   13.8826979472141       4.749250427673057E-004
   13.9002932551320       6.185332062540037E-004
   13.9178885630499       7.582182568167562E-004
   13.9354838709677       8.860994804030320E-004
   13.9530791788856       1.010745574326660E-003
   13.9706744868035       1.124209666950967E-003
   13.9882697947214       1.236378384672446E-003
   14.0058651026393       1.339361430979770E-003
   14.0234604105572       1.442870211574323E-003
   14.0410557184751       1.534224646123853E-003
   14.0586510263930       1.620576810308092E-003
   14.0762463343109       1.688237304673134E-003
   14.0938416422287       1.745221886975016E-003
   14.1114369501466       1.777411885041786E-003
   14.1290322580645       1.793854084931387E-003
   14.1466275659824       1.780178701930244E-003
   14.1642228739003       1.746664439007922E-003
   14.1818181818182       1.679023879434628E-003
   14.1994134897361       1.589364876256792E-003
   14.2170087976540       1.466606610329815E-003
   14.2346041055718       1.333637619495103E-003
   14.2521994134897       1.185241116924852E-003
   14.2697947214076       1.044070566918807E-003
   14.2873900293255       9.026572591650536E-004
   14.3049853372434       7.831690249002264E-004
   14.3225806451613       6.764424728047260E-004
   14.3401759530792       6.043573391565363E-004
   14.3577712609971       5.560558890220022E-004
   14.3753665689150       5.529331437444558E-004
   14.3929618768328       5.820022944777707E-004
   14.4105571847507       6.621574678166062E-004
   14.4281524926686       7.682347477246738E-004
   14.4457478005865       9.070850737960333E-004
   14.4633431085044       1.050502155664061E-003
   14.4809384164223       1.208336144537533E-003
   14.4985337243402       1.353108442723804E-003
   14.5161290322581       1.496614676335152E-003
   14.5337243401760       1.611751462639826E-003
   14.5513196480938       1.712137764576036E-003
   14.5689149560117       1.771123423550270E-003
   14.5865102639296       1.804453198078704E-003
   14.6041055718475       1.786875751166009E-003
   14.6217008797654       1.741712675270114E-003
   14.6392961876833       1.654637994333981E-003
   14.6568914956012       1.554482850515571E-003
   14.6744868035191       1.424329060551322E-003
   14.6920821114370       1.292460899204439E-003
   14.7096774193548       1.140244636660415E-003
   14.7272727272727       9.959721533161182E-004
   14.7448680351906       8.396148084629914E-004
   14.7624633431085       6.996245834399074E-004
   14.7800586510264       5.546453229618858E-004
   14.7976539589443       4.332522394841028E-004
   14.8152492668622       3.119852824851674E-004
   14.8328445747801       2.160808839352392E-004
   14.8504398826979       1.176651391084273E-004
   14.8680351906158       4.214395835789153E-005
   14.8856304985337      -3.893622803073144E-005
   14.9032258064516      -9.937469397529036E-005
   14.9208211143695      -1.683627630206300E-004
   14.9384164222874      -2.189574763468163E-004
   14.9560117302053      -2.811009694146899E-004
   14.9736070381232      -3.270773334531041E-004
   14.9912023460411      -3.875049806100983E-004
   15.0087976539589      -4.334537889394242E-004
   15.0263929618768      -4.922691397830927E-004
   15.0439882697947      -5.279033666201038E-004
   15.0615835777126      -5.661263351266018E-004
   15.0791788856305      -5.709726300561958E-004
   15.0967741935484      -5.697166929101432E-004
   15.1143695014663      -5.264230300225759E-004
   15.1319648093842      -4.699381300455131E-004
   15.1495601173021      -3.645547423498011E-004
   15.1671554252199      -2.410459603246577E-004
   15.1847507331378      -6.458643202129791E-005
   15.2023460410557       1.306384625108226E-004
   15.2199413489736       3.711000295480623E-004
   15.2375366568915       6.046808874345486E-004
   15.2551319648094       8.514664074190966E-004
   15.2727272727273       1.062424824590462E-003
   15.2903225806452       1.261511235932703E-003
   15.3079178885631       1.401546037938084E-003
   15.3255131964809       1.509486932091496E-003
   15.3431085043988       1.539724627801171E-003
   15.3607038123167       1.522357455845358E-003
   15.3782991202346       1.413978535578039E-003
   15.3958944281525       1.249124925989553E-003
   15.4134897360704       9.925456285481786E-004
   15.4310850439883       7.027393976274869E-004
   15.4486803519062       3.608146047286574E-004
   15.4662756598240       2.428873828125533E-005
   15.4838709677419      -3.315700347489826E-004
   15.5014662756598      -6.517559910902526E-004
   15.5190615835777      -9.645064749430410E-004
   15.5366568914956      -1.216508630369392E-003
   15.5542521994135      -1.439229930919745E-003
   15.5718475073314      -1.581218258352692E-003
   15.5894428152493      -1.677830364290957E-003
   15.6070381231672      -1.682032522300954E-003
   15.6246334310850      -1.645267832308309E-003
   15.6422287390029      -1.538712659424358E-003
   15.6598240469208      -1.418713768408347E-003
   15.6774193548387      -1.251162191491503E-003
   15.6950146627566      -1.090683228818918E-003
   15.7126099706745      -9.002690919279061E-004
   15.7302052785924      -7.337634811862243E-004
   15.7478005865103      -5.517622021185827E-004
   15.7653958944282      -4.074890416679830E-004
   15.7829912023460      -2.590268147789710E-004
   15.8005865102639      -1.584144343693704E-004
   15.8181818181818      -5.813764978164837E-005
   15.8357771260997      -2.711761104283839E-006
   15.8533724340176       5.988544673685675E-005
   15.8709677419355       8.266516339858893E-005
   15.8885630498534       1.173398458371369E-004
   15.9061583577713       1.152503828385289E-004
   15.9237536656892       1.284791330765644E-004
   15.9413489736070       1.070526138456698E-004
   15.9589442815249       1.036370469305591E-004
   15.9765395894428       6.710489847184786E-005
   15.9941348973607       5.085434099482050E-005
   16.0117302052786       2.810286759817093E-006
   16.0293255131965      -2.297992226254719E-005
   16.0469208211144      -8.043598446007060E-005
   16.0645161290323      -1.154859234094241E-004
   16.0821114369501      -1.835538436506543E-004
   16.0997067448680      -2.301029290152144E-004
   16.1173020527859      -3.119863505807722E-004
   16.1348973607038      -3.742131942874335E-004
   16.1524926686217      -4.751593918366426E-004
   16.1700879765396      -5.595233289546884E-004
   16.1876832844575      -6.874887899379546E-004
   16.2052785923754      -8.040708814216175E-004
   16.2228739002933      -9.685410848529445E-004
   16.2404692082111      -1.114770384923048E-003
   16.2580645161290      -1.293712271184143E-003
   16.2756598240469      -1.436030679535268E-003
   16.2932551319648      -1.593060893369192E-003
   16.3108504398827      -1.694016872482496E-003
   16.3284457478006      -1.791077886694741E-003
   16.3460410557185      -1.812367667360553E-003
   16.3636363636364      -1.811268685097448E-003
   16.3812316715543      -1.715298519168196E-003
   16.3988269794721      -1.579885673354818E-003
   16.4164222873900      -1.338589572438514E-003
   16.4340175953079      -1.076188368836248E-003
   16.4516129032258      -7.500405384398711E-004
   16.4692082111437      -4.479649204118756E-004
   16.4868035190616      -1.231379985245599E-004
   16.5043988269795       1.379968992549911E-004
   16.5219941348974       3.858182697215400E-004
   16.5395894428153       5.352035188824109E-004
   16.5571847507331       6.404573977760050E-004
   16.5747800586510       6.186214111438205E-004
   16.5923753665689       5.294844244552029E-004
   16.6099706744868       2.980212268839524E-004
   16.6275659824047       1.435545552100392E-005
   16.6451612903226      -3.675641707965898E-004
   16.6627565982405      -7.528107452090463E-004
   16.6803519061584      -1.196166757861159E-003
   16.6979472140762      -1.605764855515864E-003
   16.7155425219941      -2.041500122946903E-003
   16.7331378299120      -2.413209564933756E-003
   16.7507331378299      -2.785311967733941E-003
   16.7683284457478      -3.069219904477859E-003
   16.7859237536657      -3.334381217510807E-003
   16.8035190615836      -3.495481848518108E-003
   16.8211143695015      -3.636511760520234E-003
   16.8387096774194      -3.691154597331052E-003
   16.8563049853372      -3.752706543886405E-003
   16.8739002932551      -3.749306108613296E-003
   16.8914956011730      -3.773594242709670E-003
   16.9090909090909      -3.750162817768033E-003
   16.9266862170088      -3.772250914993390E-003
   16.9442815249267      -3.761478825631928E-003
   16.9618768328446      -3.812071359776395E-003
   16.9794721407625      -3.842704552221411E-003
   16.9970674486804      -3.948587980040759E-003
   17.0146627565982      -4.043742227104681E-003
   17.0322580645161      -4.216935531680266E-003
   17.0498533724340      -4.371969396029855E-003
   17.0674486803519      -4.598682323551756E-003
   17.0850439882698      -4.799183003171606E-003
   17.1026392961877      -5.066057603314700E-003
   17.1202346041056      -5.299171470802813E-003
   17.1378299120235      -5.593828480904724E-003
   17.1554252199413      -5.847361928220147E-003
   17.1730205278592      -6.157854305358408E-003
   17.1906158357771      -6.419788049112121E-003
   17.2082111436950      -6.733837738582314E-003
   17.2258064516129      -6.989133009298291E-003
   17.2434017595308      -7.286165264795976E-003
   17.2609970674487      -7.509927277997059E-003
   17.2785923753666      -7.765191408498835E-003
   17.2961876832845      -7.934092871409403E-003
   17.3137829912023      -8.125846285179771E-003
   17.3313782991202      -8.219431932833095E-003
   17.3489736070381      -8.328998698995203E-003
   17.3665689149560      -8.330266864240900E-003
   17.3841642228739      -8.343243489393505E-003
   17.4017595307918      -8.241089755496160E-003
   17.4193548387097      -8.156387598549491E-003
   17.4369501466276      -7.973073789772149E-003
   17.4545454545455      -7.837314577771553E-003
   17.4721407624633      -7.624618489544480E-003
   17.4897360703812      -7.484912568795474E-003
   17.5073313782991      -7.285148537606697E-003
   17.5249266862170      -7.180595724435479E-003
   17.5425219941349      -7.029038035412711E-003
   17.5601173020528      -6.992052641462973E-003
   17.5777126099707      -6.916776655801744E-003
   17.5953079178886      -6.971526445341438E-003
   17.6129032258065      -6.987583285063321E-003
   17.6304985337243      -7.127838580981553E-003
   17.6480938416422      -7.198650067848576E-003
   17.6656891495601      -7.376028292823508E-003
   17.6832844574780      -7.455661718601111E-003
   17.7008797653959      -7.631138991794907E-003
   17.7184750733138      -7.682792608235088E-003
   17.7360703812317      -7.824810038333267E-003
   17.7536656891496      -7.817717223651247E-003
   17.7712609970675      -7.901393966942121E-003
   17.7888563049853      -7.810860817547613E-003
   17.8064516129032      -7.820503044319067E-003
   17.8240469208211      -7.638108954829087E-003
   17.8416422287390      -7.593208807372044E-003
   17.8592375366569      -7.345441959207090E-003
   17.8768328445748      -7.283276860703116E-003
   17.8944281524927      -6.987120999351790E-003
   17.9120234604106      -6.940923675486259E-003
   17.9296187683284      -6.592087581372434E-003
   17.9472140762463      -6.597630675508284E-003
   17.9648093841642      -6.124204910651189E-003
   17.9824046920821      -6.233643027026410E-003
   18.0000000000000      -4.944289566006825E-003
