  0.000000000000000E+000  4.460193471369988E-003
  1.759530791788856E-002  2.497171644526389E-003
  3.519061583577713E-002  2.542151055165260E-003
  5.278592375366570E-002  1.896965400368385E-003
  7.038123167155426E-002  1.928014445264797E-003
  8.797653958944282E-002  1.545579028222327E-003
  0.105571847507331       1.571746307781757E-003
  0.123167155425220       1.302582508582118E-003
  0.140762463343109       1.326844909088228E-003
  0.158357771260997       1.121276378686331E-003
  0.175953079178886       1.144947407895348E-003
  0.193548387096774       9.804559584879779E-004
  0.211143695014663       1.004325205747282E-003
  0.228739002932551       8.690650305187922E-004
  0.246334310850440       8.940246135392921E-004
  0.263929618768328       7.812349090111799E-004
  0.281524926686217       8.079501968073558E-004
  0.299120234604106       7.132312535385099E-004
  0.316715542521994       7.421024984026953E-004
  0.334310850439883       6.623836518737633E-004
  0.351906158357771       6.935991936224186E-004
  0.369501466275660       6.265493059511558E-004
  0.387096774193548       6.600422729698115E-004
  0.404692082111437       6.036067024496841E-004
  0.422287390029326       6.385775666174291E-004
  0.439882697947214       5.896858350713529E-004
  0.457478005865103       6.237849926709694E-004
  0.475073313782991       5.791206864274286E-004
  0.492668621700880       6.103825783049867E-004
  0.510263929618768       5.673672641237109E-004
  0.527859237536657       5.942368424343995E-004
  0.545454545454546       5.508237717531052E-004
  0.563049853372434       5.721130502657466E-004
  0.580645161290323       5.267780300950910E-004
  0.598240469208211       5.417848290434512E-004
  0.615835777126100       4.939254177523987E-004
  0.633431085043988       5.038223531908154E-004
  0.651026392961877       4.556870289668362E-004
  0.668621700879765       4.635048961739163E-004
  0.686217008797654       4.174833382379435E-004
  0.703812316715543       4.256298894387800E-004
  0.721407624633431       3.836251982897035E-004
  0.739002932551320       3.940786168172714E-004
  0.756598240469208       3.576381944498432E-004
  0.774193548387097       3.719780199983139E-004
  0.791788856304985       3.422386393330610E-004
  0.809384164222874       3.614301478661159E-004
  0.826979472140763       3.381689991707239E-004
  0.844574780058651       3.605880895902793E-004
  0.862170087976540       3.410853930250826E-004
  0.879765395894428       3.642450180832687E-004
  0.897360703812317       3.461810441348349E-004
  0.914956011730205       3.681100809251498E-004
  0.932551319648094       3.495677635254545E-004
  0.950146627565982       3.686355867568819E-004
  0.967741935483871       3.480405926084627E-004
  0.985337243401760       3.629682699859433E-004
   1.00293255131965       3.391915405982946E-004
   1.02052785923754       3.495529589472948E-004
   1.03812316715543       3.233692012988215E-004
   1.05571847507331       3.312188495960262E-004
   1.07331378299120       3.048180219687443E-004
   1.09090909090909       3.121680920639272E-004
   1.10850439882698       2.872889431526939E-004
   1.12609970674487       2.957881144219039E-004
   1.14369501466276       2.738693969267337E-004
   1.16129032258065       2.848786578570842E-004
   1.17888563049853       2.670658506642505E-004
   1.19648093841642       2.816013644238454E-004
   1.21407624633431       2.685007242882030E-004
   1.23167155425220       2.863162577467491E-004
   1.24926686217009       2.764966559592615E-004
   1.26686217008798       2.957707079703173E-004
   1.28445747800587       2.875319121452490E-004
   1.30205278592375       3.068190431233096E-004
   1.31964809384164       2.988245287235536E-004
   1.33724340175953       3.169607092867540E-004
   1.35483870967742       3.081320040901511E-004
   1.37243401759531       3.242076832615354E-004
   1.39002932551320       3.137488214738036E-004
   1.40762463343109       3.272276776060176E-004
   1.42521994134897       3.150837691512855E-004
   1.44281524926686       3.266974579177245E-004
   1.46041055718475       3.139639532218869E-004
   1.47800586510264       3.247112496770423E-004
   1.49560117302053       3.121365078076921E-004
   1.51319648093842       3.226412780194014E-004
   1.53079178885631       3.106906308081997E-004
   1.54838709677419       3.213198657273618E-004
   1.56598240469208       3.102046078718079E-004
   1.58357771260997       3.210421428930923E-004
   1.60117302052786       3.106158394921579E-004
   1.61876832844575       3.211373671094962E-004
   1.63636363636364       3.102303169473374E-004
   1.65395894428153       3.189666415397321E-004
   1.67155425219941       3.063255239178130E-004
   1.68914956011730       3.123901254647950E-004
   1.70674486803519       2.973507979489734E-004
   1.72434017595308       3.002992245625658E-004
   1.74193548387097       2.825872866338683E-004
   1.75953079178886       2.823570217909004E-004
   1.77712609970675       2.621143294146926E-004
   1.79472140762463       2.591400609312667E-004
   1.81231671554252       2.372574732155782E-004
   1.82991202346041       2.332706781771926E-004
   1.84750733137830       2.120623330838100E-004
   1.86510263929619       2.091681851169980E-004
   1.88269794721408       1.901558631094607E-004
   1.90029325513196       1.894770204551370E-004
   1.91788856304985       1.734703683753448E-004
   1.93548387096774       1.755648501494062E-004
   1.95307917888563       1.628525174835282E-004
   1.97067448680352       1.677497470995445E-004
   1.98826979472141       1.580340962572171E-004
   2.00586510263930       1.649949320217377E-004
   2.02346041055718       1.567418867483357E-004
   2.04105571847507       1.634836731750323E-004
   2.05865102639296       1.544584062282085E-004
   2.07624633431085       1.594183935418183E-004
   2.09384164222874       1.485724435297344E-004
   2.11143695014663       1.510464183283305E-004
   2.12903225806452       1.379426985367481E-004
   2.14662756598241       1.377553268753062E-004
   2.16422287390029       1.224615764758576E-004
   2.18181818181818       1.199700122856808E-004
   2.19941348973607       1.031866796827705E-004
   2.21700879765396       9.968385880426608E-005
   2.23460410557185       8.342740240765167E-005
   2.25219941348974       8.107632602759462E-005
   2.26979472140762       6.692553784532840E-005
   2.28739002932551       6.674594207834133E-005
   2.30498533724340       5.536393233358511E-005
   2.32258064516129       5.775926689988354E-005
   2.34017595307918       4.930517520568461E-005
   2.35777126099707       5.421043108200335E-005
   2.37536656891496       4.836181744890894E-005
   2.39296187683284       5.516627262433113E-005
   2.41055718475073       5.084151093415126E-005
   2.42815249266862       5.771415654149587E-005
   2.44574780058651       5.255875190137341E-005
   2.46334310850440       5.742200698700761E-005
   2.48093841642229       4.994619197616901E-005
   2.49853372434018       5.172879584516843E-005
   2.51612903225806       4.113709771254820E-005
   2.53372434017595       3.929329892840305E-005
   2.55131964809384       2.526371632012248E-005
   2.56891495601173       1.971574821906041E-005
   2.58651026392962       2.435962852760765E-006
   2.60410557184751      -6.248150001087360E-006
   2.62170087976540      -2.550885708250839E-005
   2.63929618768328      -3.511674700095197E-005
   2.65689149560117      -5.380240187277757E-005
   2.67448680351906      -6.217544530053037E-005
   2.69208211143695      -7.858904081015441E-005
   2.70967741935484      -8.432025200433315E-005
   2.72727272727273      -9.730031468843092E-005
   2.74486803519062      -9.943886699021818E-005
   2.76246334310850      -1.082531590702582E-004
   2.78005865102639      -1.062951801950347E-004
   2.79765395894428      -1.107284498593972E-004
   2.81524926686217      -1.049539684976054E-004
   2.83284457478006      -1.062425315336410E-004
   2.85043988269795      -9.871944731432969E-005
   2.86803519061584      -9.896521716527728E-005
   2.88563049853372      -9.142737125452019E-005
   2.90322580645161      -9.209327795541700E-005
   2.92082111436950      -8.580283478601350E-005
   2.93841642228739      -8.799023740407902E-005
   2.95601173020528      -8.389203676645116E-005
   2.97360703812317      -8.839664354099896E-005
   2.99120234604106      -8.711428132287966E-005
   3.00879765395894      -9.432472971716824E-005
   3.02639296187683      -9.573940807077791E-005
   3.04398826979472      -1.048621085794443E-004
   3.06158357771261      -1.078479832658002E-004
   3.07917888563050      -1.178615163240274E-004
   3.09677419354839      -1.215495222457552E-004
   3.11436950146628      -1.316816439585439E-004
   3.13196480938416      -1.353662814555838E-004
   3.14956011730205      -1.449716548806525E-004
   3.16715542521994      -1.480540504721054E-004
   3.18475073313783      -1.565846095946704E-004
   3.20234604105572      -1.585643641482288E-004
   3.21994134897361      -1.656242700553986E-004
   3.23753665689150      -1.663287862619328E-004
   3.25513196480938      -1.719936988070732E-004
   3.27272727272727      -1.715845768359153E-004
   3.29032258064516      -1.760108889588469E-004
   3.30791788856305      -1.746335195733383E-004
   3.32551319648094      -1.779675523688662E-004
   3.34310850439883      -1.757665577851889E-004
   3.36070381231672      -1.781599586531408E-004
   3.37829912023460      -1.752909944895384E-004
   3.39589442815249      -1.769135288085383E-004
   3.41348973607038      -1.735650105340002E-004
   3.43108504398827      -1.746370592981413E-004
   3.44868035190616      -1.710275948314107E-004
   3.46627565982405      -1.717354672745676E-004
   3.48387096774194      -1.680133180203055E-004
   3.50146627565982      -1.684868878876377E-004
   3.51906158357771      -1.647639079411962E-004
   3.53665689149560      -1.651050448793105E-004
   3.55425219941349      -1.614689676057039E-004
   3.57184750733138      -1.617575794454738E-004
   3.58944281524927      -1.582755173055491E-004
   3.60703812316716      -1.585718598429669E-004
   3.62463343108504      -1.552994640639033E-004
   3.64222873900293      -1.556751343343933E-004
   3.65982404692082      -1.526951034375964E-004
   3.67741935483871      -1.532318336583846E-004
   3.69501466275660      -1.506092521943801E-004
   3.71260997067449      -1.513585406792122E-004
   3.73020527859238      -1.491240885708235E-004
   3.74780058651026      -1.500973270846580E-004
   3.76539589442815      -1.482332429023575E-004
   3.78299120234604      -1.493796634009665E-004
   3.80058651026393      -1.477799939457683E-004
   3.81818181818182      -1.488884850849356E-004
   3.83577712609971      -1.471734334987037E-004
   3.85337243401760      -1.477919712166266E-004
   3.87096774193548      -1.455895289451154E-004
   3.88856304985337      -1.454559154011346E-004
   3.90615835777126      -1.425749424272706E-004
   3.92375366568915      -1.415596846354089E-004
   3.94134897360704      -1.379222231341407E-004
   3.95894428152493      -1.360030450110148E-004
   3.97653958944282      -1.316424876106603E-004
   3.99413489736070      -1.289234872014804E-004
   4.01173020527859      -1.240484652686779E-004
   4.02932551319648      -1.209027437304416E-004
   4.04692082111437      -1.159750935979531E-004
   4.06451612903226      -1.127906986492361E-004
   4.08211143695015      -1.080709236007362E-004
   4.09970674486804      -1.050294763130470E-004
   4.11730205278592      -1.006419127583042E-004
   4.13489736070381      -9.782283181489107E-005
   4.15249266862170      -9.380063510325969E-005
   4.17008797653959      -9.119343410346873E-005
   4.18768328445748      -8.747181064869333E-005
   4.20527859237537      -8.493999035549943E-005
   4.22287390029326      -8.126478280952978E-005
   4.24046920821114      -7.847253385152884E-005
   4.25806451612903      -7.456648952106135E-005
   4.27565982404692      -7.137325640839589E-005
   4.29325513196481      -6.718517240988794E-005
   4.31085043988270      -6.359835838815984E-005
   4.32844574780059      -5.918012622857252E-005
   4.34604105571848      -5.529517004763991E-005
   4.36363636363636      -5.078100019229270E-005
   4.38123167155425      -4.677764893557389E-005
   4.39882697947214      -4.239735183801808E-005
   4.41642228739003      -3.857556553498340E-005
   4.43401759530792      -3.464401020969227E-005
   4.45161290322581      -3.119942105050693E-005
   4.46920821114370      -2.775133437599743E-005
   4.48680351906158      -2.463857327972956E-005
   4.50439882697947      -2.159145024685742E-005
   4.52199413489736      -1.870625379950490E-005
   4.53958944281525      -1.593549212504755E-005
   4.55718475073314      -1.313904377945609E-005
   4.57478005865103      -1.048848003796884E-005
   4.59237536656892      -7.609785541075324E-006
   4.60997067448680      -4.884220682922393E-006
   4.62756598240469      -1.725692967268551E-006
   4.64516129032258       1.212360969942851E-006
   4.66275659824047       4.689824423779500E-006
   4.68035190615836       7.822168360330034E-006
   4.69794721407625       1.157475643971531E-005
   4.71554252199414       1.484298051387599E-005
   4.73313782991202       1.879581009225481E-005
   4.75073313782991       2.211269260178346E-005
   4.76832844574780       2.616210388341942E-005
   4.78592375366569       2.940957652503425E-005
   4.80351906158358       3.341555731976004E-005
   4.82111436950147       3.645453311464635E-005
   4.83870967741935       4.036777612040671E-005
   4.85630498533724       4.331082491428546E-005
   4.87390029325513       4.733664710305150E-005
   4.89149560117302       5.040623247287759E-005
   4.90909090909091       5.476333981465573E-005
   4.92668621700880       5.817357274957119E-005
   4.94428152492669       6.306377718469716E-005
   4.96187683284458       6.700324783973391E-005
   4.97947214076246       7.259152430143163E-005
   4.99706744868035       7.719415156760899E-005
   5.01466275659824       8.353481763260229E-005
   5.03225806451613       8.864367666237294E-005
   5.04985337243402       9.531907880444631E-005
   5.06744868035191       1.004323563616269E-004
   5.08504398826980       1.069918926225414E-004
   5.10263929618768       1.117183639379576E-004
   5.12023460410557       1.178121325378254E-004
   5.13782991202346       1.218406696195770E-004
   5.15542521994135       1.271905356262519E-004
   5.17302052785924       1.302794641761517E-004
   5.19061583577713       1.346798503504676E-004
   5.20821114369502       1.366775183668780E-004
   5.22580645161290       1.400979419297625E-004
   5.24340175953079       1.411702014519817E-004
   5.26099706744868       1.439006459182536E-004
   5.27859237536657       1.443394750649290E-004
   5.29618768328446       1.466381821359296E-004
   5.31378299120235       1.466830698006270E-004
   5.33137829912024       1.487714717317176E-004
   5.34897360703812       1.486304512887658E-004
   5.36656891495601       1.506993207821969E-004
   5.38416422287390       1.505460213180307E-004
   5.40175953079179       1.527403545071571E-004
   5.41935483870968       1.526533780599142E-004
   5.43695014662757       1.549046977203958E-004
   5.45454545454546       1.546886217357552E-004
   5.47214076246334       1.567915339469772E-004
   5.48973607038123       1.562891871318113E-004
   5.50733137829912       1.581224595336805E-004
   5.52492668621701       1.572455777481398E-004
   5.54252199413490       1.587484702767969E-004
   5.56011730205279       1.574669911762740E-004
   5.57771260997067       1.586395694616746E-004
   5.59530791788856       1.569923620860984E-004
   5.61290322580645       1.579294276389632E-004
   5.63049853372434       1.560994405918354E-004
   5.64809384164223       1.570339747581146E-004
   5.66568914956012       1.552257626861435E-004
   5.68328445747801       1.563076284651889E-004
   5.70087976539589       1.546395253692928E-004
   5.71847507331378       1.559641478133185E-004
   5.73607038123167       1.545155753080687E-004
   5.75366568914956       1.561448033763358E-004
   5.77126099706745       1.549622275631092E-004
   5.78885630498534       1.569210027860466E-004
   5.80645161290323       1.559984528442944E-004
   5.82404692082111       1.581903336749964E-004
   5.84164222873900       1.572807955581179E-004
   5.85923753665689       1.593619777852841E-004
   5.87683284457478       1.581426996677235E-004
   5.89442815249267       1.598401605047415E-004
   5.91202346041056       1.580790844607190E-004
   5.92961876832845       1.591953996896035E-004
   5.94721407624634       1.567322250330457E-004
   5.96480938416422       1.571436030392272E-004
   5.98240469208211       1.538997728739863E-004
   6.00000000000000       1.535826128870272E-004
   6.01759530791789       1.496307970065627E-004
   6.03519061583578       1.487845211134042E-004
   6.05278592375367       1.443751184645226E-004
   6.07038123167156       1.431874656761278E-004
   6.08797653958944       1.384416579283042E-004
   6.10557184750733       1.369957194587078E-004
   6.12316715542522       1.319751720942480E-004
   6.14076246334311       1.303163901548942E-004
   6.15835777126100       1.250582814284900E-004
   6.17595307917889       1.232177295929676E-004
   6.19354838709677       1.177546495679980E-004
   6.21114369501466       1.157743736048233E-004
   6.22873900293255       1.101855871177478E-004
   6.24633431085044       1.081856745468759E-004
   6.26392961876833       1.025987767488782E-004
   6.28152492668622       1.006835619632757E-004
   6.29912023460411       9.518473263941700E-005
   6.31671554252199       9.342640902372680E-005
   6.33431085043988       8.807998308453294E-005
   6.35190615835777       8.653516786170096E-005
   6.36950146627566       8.139538745241919E-005
   6.38709677419355       8.011641473961448E-005
   6.40469208211144       7.524204518072459E-005
   6.42228739002933       7.429447036068274E-005
   6.43988269794721       6.973659449494314E-005
   6.45747800586510       6.911866272039993E-005
   6.47507331378299       6.482817220094091E-005
   6.49266862170088       6.446450840479599E-005
   6.51026392961877       6.035229025976003E-005
   6.52785923753666       6.014082802825710E-005
   6.54545454545455       5.609711719594048E-005
   6.56304985337243       5.591994013596230E-005
   6.58064516129032       5.182388285697649E-005
   6.59824046920821       5.155821216294397E-005
   6.61583577712610       4.730453472483651E-005
   6.63343108504399       4.691843485494985E-005
   6.65102639296188       4.258226680211956E-005
   6.66862170087977       4.219337496064294E-005
   6.68621700879765       3.787921719643010E-005
   6.70381231671554       3.757053339859779E-005
   6.72140762463343       3.334646572278462E-005
   6.73900293255132       3.317097530785294E-005
   6.75659824046921       2.907908380224158E-005
   6.77419354838710       2.906731045906402E-005
   6.79178885630499       2.513112122653165E-005
   6.80938416422287       2.530260007625678E-005
   6.82697947214076       2.155537189946600E-005
   6.84457478005865       2.196073432101582E-005
   6.86217008797654       1.844985668117120E-005
   6.87976539589443       1.910863800619155E-005
   6.89736070381232       1.582735954033852E-005
   6.91495601173021       1.670770444780353E-005
   6.93255131964809       1.360220608086833E-005
   6.95014662756598       1.462572720956995E-005
   6.96774193548387       1.159422724730103E-005
   6.98533724340176       1.263083379196405E-005
   7.00293255131965       9.511180897337079E-006
   7.02052785923754       1.036987973329195E-005
   7.03812316715543       7.013367282939654E-006
   7.05571847507331       7.661859108613069E-006
   7.07331378299120       4.124308960086448E-006
   7.09090909090909       4.638764529894104E-006
   7.10850439882698       9.990084904803083E-007
   7.12609970674487       1.453808129106216E-006
   7.14369501466276      -2.219313713277493E-006
   7.16129032258065      -1.765555761072568E-006
   7.17888563049853      -5.424010209136283E-006
   7.19648093841642      -4.939037087871765E-006
   7.21407624633431      -8.567661109666168E-006
   7.23167155425220      -8.039668411010674E-006
   7.24926686217009      -1.159266610831935E-005
   7.26686217008798      -1.094146547949951E-005
   7.28445747800587      -1.432974233181294E-005
   7.30205278592375      -1.347549776294612E-005
   7.31964809384164      -1.663106230760742E-005
   7.33724340175953      -1.552362164870476E-005
   7.35483870967742      -1.841612059729697E-005
   7.37243401759531      -1.705274669850612E-005
   7.39002932551320      -1.971288425978586E-005
   7.40762463343109      -1.817954901047481E-005
   7.42521994134897      -2.076744413993938E-005
   7.44281524926686      -1.924994429133922E-005
   7.46041055718475      -2.187638885216081E-005
   7.47800586510264      -2.039599607360091E-005
   7.49560117302053      -2.303561218005602E-005
   7.51319648093842      -2.154656930636336E-005
   7.53079178885631      -2.414056300039908E-005
   7.54838709677419      -2.258059285266802E-005
   7.56598240469208      -2.506740121397382E-005
   7.58357771260997      -2.338520230884912E-005
   7.60117302052786      -2.573328530203541E-005
   7.61876832844575      -2.394376215650946E-005
   7.63636363636364      -2.621763201293615E-005
   7.65395894428153      -2.437347361136741E-005
   7.67155425219941      -2.655777616785433E-005
   7.68914956011730      -2.459234379249376E-005
   7.70674486803519      -2.659100319993753E-005
   7.72434017595308      -2.439066804540221E-005
   7.74193548387097      -2.607771493837575E-005
   7.75953079178886      -2.351177186545462E-005
   7.77712609970675      -2.475688690524818E-005
   7.79472140762463      -2.170609506075587E-005
   7.81231671554252      -2.242597729776665E-005
   7.82991202346041      -1.891965298672246E-005
   7.84750733137830      -1.927989210527976E-005
   7.86510263929619      -1.552011079586505E-005
   7.88269794721408      -1.567242123233629E-005
   7.90029325513197      -1.176232523090542E-005
   7.91788856304985      -1.177421609831505E-005
   7.93548387096774      -7.754582937859813E-006
   7.95307917888563      -7.643808369445046E-006
   7.97067448680352      -3.516264775259556E-006
   7.98826979472141      -3.272480750420338E-006
   8.00586510263930       9.712900888882923E-007
   8.02346041055718       1.309756434937671E-006
   8.04105571847507       5.529471796586714E-006
   8.05865102639296       5.764124404929246E-006
   8.07624633431085       9.794058584632317E-006
   8.09384164222874       9.819262867439164E-006
   8.11143695014663       1.360117426803816E-005
   8.12903225806452       1.340339373358899E-005
   8.14662756598241       1.696471983285226E-005
   8.16422287390029       1.661381941162865E-005
   8.18181818181818       2.006685692069972E-005
   8.19941348973607       1.972378879186804E-005
   8.21700879765396       2.327713731898064E-005
   8.23460410557185       2.313333218731135E-005
   8.25219941348974       2.685808814311395E-005
   8.26979472140763       2.688113649301636E-005
   8.28739002932551       3.072052752193648E-005
   8.30498533724340       3.086290529552973E-005
   8.32258064516129       3.478382791351281E-005
   8.34017595307918       3.503261488373882E-005
   8.35777126099707       3.904414306285261E-005
   8.37536656891496       3.943567342202191E-005
   8.39296187683285       4.360439170787216E-005
   8.41055718475073       4.424361581075576E-005
   8.42815249266862       4.866900980680451E-005
   8.44574780058651       4.954834770564183E-005
   8.46334310850440       5.409352383522678E-005
   8.48093841642229       5.503100487737920E-005
   8.49853372434018       5.952253937857271E-005
   8.51612903225807       6.036554968523254E-005
   8.53372434017595       6.467642587939615E-005
   8.55131964809384       6.533134675590376E-005
   8.56891495601173       6.940775271863431E-005
   8.58651026392962       6.987300439289875E-005
   8.60410557184751       7.378766918408224E-005
   8.62170087976540       7.424678446759592E-005
   8.63929618768329       7.824611548656161E-005
   8.65689149560117       7.886244857211374E-005
   8.67448680351906       8.297351645717822E-005
   8.69208211143695       8.370349826602750E-005
   8.70967741935484       8.785377096418159E-005
   8.72727272727273       8.861291418328183E-005
   8.74486803519062       9.271703841464152E-005
   8.76246334310851       9.343016042180695E-005
   8.78005865102639       9.743436030243561E-005
   8.79765395894428       9.808697258735382E-005
   8.81524926686217       1.020560631434898E-004
   8.83284457478006       1.028238212525192E-004
   8.85043988269795       1.069506262593398E-004
   8.86803519061584       1.079248273019625E-004
   8.88563049853373       1.122005902973341E-004
   8.90322580645161       1.133188169032245E-004
   8.92082111436950       1.176479376232847E-004
   8.93841642228739       1.187950430789942E-004
   8.95601173020528       1.230517573033440E-004
   8.97360703812317       1.241033198855824E-004
   8.99120234604106       1.281765440862088E-004
   9.00879765395895       1.290674875169053E-004
   9.02639296187683       1.330207163851208E-004
   9.04398826979472       1.339764659765372E-004
   9.06158357771261       1.380691558784387E-004
   9.07917888563050       1.392646239600461E-004
   9.09677419354839       1.435883566331597E-004
   9.11436950146628       1.450601188998288E-004
   9.13196480938416       1.496073086271780E-004
   9.14956011730205       1.513135240772196E-004
   9.16715542521994       1.560144365340324E-004
   9.18475073313783       1.578664386628281E-004
   9.20234604105572       1.626251136574531E-004
   9.21994134897361       1.645672297375361E-004
   9.23753665689150       1.694494710947123E-004
   9.25513196480938       1.716518159345716E-004
   9.27272727272727       1.768104120412910E-004
   9.29032258064516       1.793566178870074E-004
   9.30791788856305       1.848168289744367E-004
   9.32551319648094       1.876823489102048E-004
   9.34310850439883       1.933739650711083E-004
   9.36070381231672       1.964465193647603E-004
   9.37829912023460       2.022169589546897E-004
   9.39589442815249       2.053063279709945E-004
   9.41348973607038       2.109414291552428E-004
   9.43108504398827       2.139151414860653E-004
   9.44868035190616       2.194829330178463E-004
   9.46627565982405       2.225440169943464E-004
   9.48387096774194       2.282448945159656E-004
   9.50146627565982       2.315486730766188E-004
   9.51906158357771       2.374922573058541E-004
   9.53665689149560       2.411020380075643E-004
   9.55425219941349       2.473027431261185E-004
   9.57184750733138       2.511809793849925E-004
   9.58944281524927       2.575432387415306E-004
   9.60703812316716       2.615236333903241E-004
   9.62463343108504       2.678316600519896E-004
   9.64222873900293       2.717684340828535E-004
   9.65982404692082       2.780326041301993E-004
   9.67741935483871       2.820246515525306E-004
   9.69501466275660       2.883460964391366E-004
   9.71260997067449       2.924738430086216E-004
   9.73020527859238       2.989029037342905E-004
   9.74780058651026       3.031785515996722E-004
   9.76539589442815       3.096806604580856E-004
   9.78299120234604       3.140115501853506E-004
   9.80058651026393       3.204162480674079E-004
   9.81818181818182       3.245298586828592E-004
   9.83577712609971       3.305440112588023E-004
   9.85337243401760       3.343147768556754E-004
   9.87096774193548       3.400091505737579E-004
   9.88856304985337       3.435886202752414E-004
   9.90615835777126       3.491324902496133E-004
   9.92375366568915       3.526878447267939E-004
   9.94134897360704       3.582315306829356E-004
   9.95894428152493       3.618841512599892E-004
   9.97653958944282       3.675043583333305E-004
   9.99413489736071       3.712664377766156E-004
   10.0117302052786       3.768621923645396E-004
   10.0293255131965       3.804894540580098E-004
   10.0469208211144       3.858085394567902E-004
   10.0645161290323       3.892137969696468E-004
   10.0821114369501       3.943241282903091E-004
   10.0997067448680       3.976471829395919E-004
   10.1173020527859       4.027214202440577E-004
   10.1348973607038       4.061481920978789E-004
   10.1524926686217       4.113687024488761E-004
   10.1700879765396       4.150605007745420E-004
   10.1876832844575       4.205454824152533E-004
   10.2052785923754       4.245314020247781E-004
   10.2228739002933       4.301197706499152E-004
   10.2404692082111       4.340355686123008E-004
   10.2580645161290       4.393797779033573E-004
   10.2756598240469       4.430704763678393E-004
   10.2932551319648       4.481700725428398E-004
   10.3108504398827       4.517267442322395E-004
   10.3284457478006       4.567391832451037E-004
   10.3460410557185       4.603660081392149E-004
   10.3636363636364       4.655273426938304E-004
   10.3812316715543       4.694738494896458E-004
   10.3988269794721       4.750226315021633E-004
   10.4164222873900       4.794371011869275E-004
   10.4340175953079       4.852762053585030E-004
   10.4516129032258       4.898426354692353E-004
   10.4692082111437       4.956855341117692E-004
   10.4868035190616       5.002647485202214E-004
   10.5043988269795       5.060910957842472E-004
   10.5219941348974       5.107554092385108E-004
   10.5395894428153       5.167155981292488E-004
   10.5571847507331       5.216823603510822E-004
   10.5747800586510       5.280497566803783E-004
   10.5923753665689       5.336350675786464E-004
   10.6099706744868       5.407280455181651E-004
   10.6275659824047       5.470330452785332E-004
   10.6451612903226       5.544905965901222E-004
   10.6627565982405       5.608548001328417E-004
   10.6803519061584       5.680620371232444E-004
   10.6979472140762       5.740220076304543E-004
   10.7155425219941       5.806497489468391E-004
   10.7331378299120       5.860053628937060E-004
   10.7507331378299       5.919836468193608E-004
   10.7683284457478       5.968003131505389E-004
   10.7859237536657       6.023426213347011E-004
   10.8035190615836       6.070103011167478E-004
   10.8211143695015       6.126386292905380E-004
   10.8387096774194       6.174527654045776E-004
   10.8563049853372       6.228935895143234E-004
   10.8739002932551       6.272085806290436E-004
   10.8914956011730       6.317717913897517E-004
   10.9090909090909       6.349466471749086E-004
   10.9266862170088       6.380703487754856E-004
   10.9442815249267       6.396493984606319E-004
   10.9618768328446       6.410127053927326E-004
   10.9794721407625       6.408513914909011E-004
   10.9970674486804       6.405508112675738E-004
   11.0146627565982       6.391499511067602E-004
   11.0322580645161       6.381574733217842E-004
   11.0498533724340       6.364727971435113E-004
   11.0674486803519       6.352224482733782E-004
   11.0850439882698       6.332459859697998E-004
   11.1026392961877       6.315171980568410E-004
   11.1202346041056       6.289119044360106E-004
   11.1378299120235       6.263057046193149E-004
   11.1554252199413       6.226518394389834E-004
   11.1730205278592       6.187746701500484E-004
   11.1906158357771       6.137592446390043E-004
   11.2082111436950       6.085150055693560E-004
   11.2258064516129       6.026075712886555E-004
   11.2434017595308       5.971533069153602E-004
   11.2609970674487       5.916266745144704E-004
   11.2785923753666       5.868249333030173E-004
   11.2961876832845       5.821477823771727E-004
   11.3137829912023       5.781973015124670E-004
   11.3313782991202       5.743438222459250E-004
   11.3489736070381       5.710264443849107E-004
   11.3665689149560       5.676034686615197E-004
   11.3841642228739       5.643662594119901E-004
   11.4017595307918       5.606698201210737E-004
   11.4193548387097       5.567573441050610E-004
   11.4369501466276       5.523398618458049E-004
   11.4545454545455       5.478377827588948E-004
   11.4721407624633       5.430076190842036E-004
   11.4897360703812       5.381340723580899E-004
   11.5073313782991       5.329688370104726E-004
   11.5249266862170       5.276602264363938E-004
   11.5425219941349       5.219492509484511E-004
   11.5601173020528       5.158425774865339E-004
   11.5777126099707       5.090573238780015E-004
   11.5953079178886       5.014416077439307E-004
   11.6129032258065       4.926835413213459E-004
   11.6304985337243       4.828921363616085E-004
   11.6480938416422       4.724292160477999E-004
   11.6656891495601       4.615910125651256E-004
   11.6832844574780       4.507741201570013E-004
   11.7008797653959       4.401633134707499E-004
   11.7184750733138       4.301423372832768E-004
   11.7360703812317       4.207538943754526E-004
   11.7536656891496       4.123328776279464E-004
   11.7712609970675       4.047354334737913E-004
   11.7888563049853       3.981807348017466E-004
   11.8064516129032       3.921850448572406E-004
   11.8240469208211       3.866712848768896E-004
   11.8416422287390       3.812071091499403E-004
   11.8592375366569       3.762561971261800E-004
   11.8768328445748       3.716081662153810E-004
   11.8944281524927       3.678705452947350E-004
   11.9120234604106       3.648311586677606E-004
   11.9296187683284       3.631476700167079E-004
   11.9472140762463       3.625258591242841E-004
   11.9648093841642       3.635953272499344E-004
   11.9824046920821       3.658726509942646E-004
   12.0000000000000       3.697779347549034E-004
   12.0175953079179       3.741276200837510E-004
   12.0351906158358       3.786215698411643E-004
   12.0527859237537       3.822814665454633E-004
   12.0703812316716       3.855251523467489E-004
   12.0879765395894       3.877451618019158E-004
   12.1055718475073       3.897028513582855E-004
   12.1231671554252       3.909930664063350E-004
   12.1407624633431       3.926237294525413E-004
   12.1583577712610       3.943362322319274E-004
   12.1759530791789       3.973317602653631E-004
   12.1935483870968       4.014537256954995E-004
   12.2111436950147       4.079290936923634E-004
   12.2287390029326       4.155905982417567E-004
   12.2463343108504       4.243266315508874E-004
   12.2639296187683       4.326389313027692E-004
   12.2815249266862       4.407465754009408E-004
   12.2991202346041       4.474032250809916E-004
   12.3167155425220       4.531315786195504E-004
   12.3343108504399       4.569488203194696E-004
   12.3519061583578       4.597106007872363E-004
   12.3695014662757       4.607606467113070E-004
   12.3870967741935       4.613879613335919E-004
   12.4046920821114       4.615126936297996E-004
   12.4222873900293       4.632278449331151E-004
   12.4398826979472       4.665230647730497E-004
   12.4574780058651       4.727486503547665E-004
   12.4750733137830       4.814404945892701E-004
   12.4926686217009       4.938782296925974E-004
   12.5102639296188       5.096020882916940E-004
   12.5278592375367       5.300044226781424E-004
   12.5454545454545       5.547980184533638E-004
   12.5630498533724       5.856392249847195E-004
   12.5806451612903       6.226382977919989E-004
   12.5982404692082       6.680516852756983E-004
   12.6158357771261       7.228439010925239E-004
   12.6334310850440       7.877035436966158E-004
   12.6510263929619       8.596519199732322E-004
   12.6686217008798       9.371944405998231E-004
   12.6862170087977       1.016637972642213E-003
   12.7038123167155       1.096053074210417E-003
   12.7214076246334       1.171481903079525E-003
   12.7390029325513       1.240832277082179E-003
   12.7565982404692       1.300110052450730E-003
   12.7741935483871       1.347335365235031E-003
   12.7917888563050       1.378839952998017E-003
   12.8093841642229       1.393942608175052E-003
   12.8269794721408       1.395512914342293E-003
   12.8445747800587       1.391105027101226E-003
   12.8621700879765       1.385305277350612E-003
   12.8797653958944       1.383747435454738E-003
   12.8973607038123       1.389650423731546E-003
   12.9149560117302       1.407343013814061E-003
   12.9325513196481       1.438856861683924E-003
   12.9501466275660       1.487211205208410E-003
   12.9677419354839       1.553075210892064E-003
   12.9853372434018       1.637734032162225E-003
   13.0029325513196       1.739418391614348E-003
   13.0205278592375       1.854101484434459E-003
   13.0381231671554       1.974262234297516E-003
   13.0557184750733       2.096233845435584E-003
   13.0733137829912       2.215558876298013E-003
   13.0909090909091       2.330140840946585E-003
   13.1085043988270       2.436805701156389E-003
   13.1260997067449       2.534342566782383E-003
   13.1436950146628       2.620543549998807E-003
   13.1612903225806       2.695013814688342E-003
   13.1788856304985       2.756691137746975E-003
   13.1964809384164       2.806496417095801E-003
   13.2140762463343       2.846831154459814E-003
   13.2316715542522       2.885221154237770E-003
   13.2492668621701       2.926596094933588E-003
   13.2668621700880       2.975448485458994E-003
   13.2844574780059       3.033864616750470E-003
   13.3020527859238       3.104000058990371E-003
   13.3196480938416       3.185850366842851E-003
   13.3372434017595       3.279214298009123E-003
   13.3548387096774       3.381612738853308E-003
   13.3724340175953       3.489576848548042E-003
   13.3900293255132       3.596597744493147E-003
   13.4076246334311       3.691462793194443E-003
   13.4252199413490       3.759017574465675E-003
   13.4428152492669       3.793518685209124E-003
   13.4604105571848       3.795824161143347E-003
   13.4780058651026       3.769711468226520E-003
   13.4956011730205       3.721173779412693E-003
   13.5131964809384       3.658039375358399E-003
   13.5307917888563       3.589713588389048E-003
   13.5483870967742       3.526983873319942E-003
   13.5659824046921       3.482113946529241E-003
   13.5835777126100       3.468483810771519E-003
   13.6011730205279       3.501079965723824E-003
   13.6187683284457       3.587638377249322E-003
   13.6363636363636       3.710629951508018E-003
   13.6539589442815       3.847638110764576E-003
   13.6715542521994       3.978418306166055E-003
   13.6891495601173       4.083430370871783E-003
   13.7067448680352       4.145953720603017E-003
   13.7243401759531       4.150124732052678E-003
   13.7419354838710       4.083998296045108E-003
   13.7595307917889       3.937018895583666E-003
   13.7771260997067       3.705025162677652E-003
   13.7947214076246       3.387501503915961E-003
   13.8123167155425       3.004194323805779E-003
   13.8299120234604       2.599444521827482E-003
   13.8475073313783       2.210314912668408E-003
   13.8651026392962       1.860147010804186E-003
   13.8826979472141       1.566269461494786E-003
   13.9002932551320       1.338928783956117E-003
   13.9178885630499       1.184572256173315E-003
   13.9354838709677       1.103195635951048E-003
   13.9530791788856       1.091330631569353E-003
   13.9706744868035       1.137972310829591E-003
   13.9882697947214       1.227173773470697E-003
   14.0058651026393       1.328403794948954E-003
   14.0234604105572       1.404159083636084E-003
   14.0410557184751       1.434974272495942E-003
   14.0586510263930       1.420984295332201E-003
   14.0762463343109       1.363611608859998E-003
   14.0938416422287       1.272260975066730E-003
   14.1114369501466       1.155110997763714E-003
   14.1290322580645       1.026577366625488E-003
   14.1466275659824       8.988793310106076E-004
   14.1642228739003       7.899865484261649E-004
   14.1818181818182       7.150714918339714E-004
   14.1994134897361       6.950160370546875E-004
   14.2170087976540       7.417822916740426E-004
   14.2346041055718       8.477680353298700E-004
   14.2521994134897       9.945310362750686E-004
   14.2697947214076       1.169685823711470E-003
   14.2873900293255       1.356791109911672E-003
   14.3049853372434       1.545924712309882E-003
   14.3225806451613       1.722896878600663E-003
   14.3401759530792       1.880698977426317E-003
   14.3577712609971       2.008010204032199E-003
   14.3753665689150       2.101921300671151E-003
   14.3929618768328       2.155828401373659E-003
   14.4105571847507       2.177078799799981E-003
   14.4281524926686       2.178917401371200E-003
   14.4457478005865       2.179866817625568E-003
   14.4633431085044       2.186065239103906E-003
   14.4809384164223       2.208033951846851E-003
   14.4985337243402       2.246984207432336E-003
   14.5161290322581       2.309819192953687E-003
   14.5337243401760       2.394335296818378E-003
   14.5513196480938       2.504632171472006E-003
   14.5689149560117       2.635314131515173E-003
   14.5865102639296       2.787428286900681E-003
   14.6041055718475       2.950950806822068E-003
   14.6217008797654       3.120322166096939E-003
   14.6392961876833       3.281906550971606E-003
   14.6568914956012       3.434740742676455E-003
   14.6744868035191       3.569191274906939E-003
   14.6920821114370       3.686320839948039E-003
   14.7096774193548       3.777570211796874E-003
   14.7272727272727       3.845128343096301E-003
   14.7448680351906       3.881013004742550E-003
   14.7624633431085       3.888369256648082E-003
   14.7800586510264       3.859807721681901E-003
   14.7976539589443       3.799744616593447E-003
   14.8152492668622       3.703719359793834E-003
   14.8328445747801       3.585918507446754E-003
   14.8504398826979       3.448918467030214E-003
   14.8680351906158       3.306760006246265E-003
   14.8856304985337       3.159959060561706E-003
   14.9032258064516       3.021399940322451E-003
   14.9208211143695       2.889978629008134E-003
   14.9384164222874       2.777434349978476E-003
   14.9560117302053       2.680804399905705E-003
   14.9736070381232       2.610127734437198E-003
   14.9912023460411       2.559602795686064E-003
   15.0087976539589       2.534419562291469E-003
   15.0263929618768       2.517123522222851E-003
   15.0439882697947       2.505408051939129E-003
   15.0615835777126       2.485003351467641E-003
   15.0791788856305       2.459452052126360E-003
   15.0967741935484       2.417426785724442E-003
   15.1143695014663       2.365627056156204E-003
   15.1319648093842       2.294832096919633E-003
   15.1495601173021       2.214575451704349E-003
   15.1671554252199       2.117844981792744E-003
   15.1847507331378       2.017614432236660E-003
   15.2023460410557       1.910803970485874E-003
   15.2199413489736       1.817429302594395E-003
   15.2375366568915       1.735219589505041E-003
   15.2551319648094       1.676151671001906E-003
   15.2727272727273       1.630886630424082E-003
   15.2903225806452       1.608723190019140E-003
   15.3079178885631       1.597556521557636E-003
   15.3255131964809       1.605281074683749E-003
   15.3431085043988       1.617634618804165E-003
   15.3607038123167       1.641306839058568E-003
   15.3782991202346       1.659747772849586E-003
   15.3958944281525       1.677940928447409E-003
   15.4134897360704       1.675669057980832E-003
   15.4310850439883       1.659943821214375E-003
   15.4486803519062       1.618912936984589E-003
   15.4662756598240       1.566333665086889E-003
   15.4838709677419       1.492027932731341E-003
   15.5014662756598       1.411441705490885E-003
   15.5190615835777       1.314828209855355E-003
   15.5366568914956       1.218835413794736E-003
   15.5542521994135       1.113836813708340E-003
   15.5718475073314       1.017494860222357E-003
   15.5894428152493       9.201439521077165E-004
   15.6070381231672       8.402000724125470E-004
   15.6246334310850       7.635603357567034E-004
   15.6422287390029       7.002867856370131E-004
   15.6598240469208       6.309139452727498E-004
   15.6774193548387       5.664568123615023E-004
   15.6950146627566       4.876140387647490E-004
   15.7126099706745       4.067040828298723E-004
   15.7302052785924       3.046750566450485E-004
   15.7478005865103       1.953686101972232E-004
   15.7653958944282       6.027421707692682E-005
   15.7829912023460      -8.465327228086749E-005
   15.8005865102639      -2.562586767784840E-004
   15.8181818181818      -4.321121461825183E-004
   15.8357771260997      -6.202309013174356E-004
   15.8533724340176      -7.953055027359687E-004
   15.8709677419355      -9.696223146688526E-004
   15.8885630498534      -1.119761007089012E-003
   15.9061583577713      -1.260577857693913E-003
   15.9237536656892      -1.369532799424150E-003
   15.9413489736070      -1.463614253510648E-003
   15.9589442815249      -1.520985745118510E-003
   15.9765395894428      -1.560848789043223E-003
   15.9941348973607      -1.562361080686882E-003
   16.0117302052786      -1.548468539876634E-003
   16.0293255131965      -1.503863879671431E-003
   16.0469208211144      -1.456573597877201E-003
   16.0645161290323      -1.389962221534517E-003
   16.0821114369501      -1.331502836717705E-003
   16.0997067448680      -1.263214805986174E-003
   16.1173020527859      -1.213006724521517E-003
   16.1348973607038      -1.161932595579032E-003
   16.1524926686217      -1.138645286035212E-003
   16.1700879765396      -1.123431950844788E-003
   16.1876832844575      -1.145943459547316E-003
   16.2052785923754      -1.185978931588827E-003
   16.2228739002933      -1.270081941425085E-003
   16.2404692082111      -1.364797000595259E-003
   16.2580645161290      -1.488110788866768E-003
   16.2756598240469      -1.604311272575195E-003
   16.2932551319648      -1.732101960057167E-003
   16.3108504398827      -1.834775365149944E-003
   16.3284457478006      -1.932059965700552E-003
   16.3460410557185      -1.986514677172708E-003
   16.3636363636364      -2.019254463354644E-003
   16.3812316715543      -1.992616979029873E-003
   16.3988269794721      -1.930097757106320E-003
   16.4164222873900      -1.799505725906936E-003
   16.4340175953079      -1.646163909715094E-003
   16.4516129032258      -1.452433107524397E-003
   16.4692082111437      -1.263819048054432E-003
   16.4868035190616      -1.058095830540930E-003
   16.5043988269795      -8.790778283550623E-004
   16.5219941348974      -7.007298006957140E-004
   16.5395894428153      -5.653067406701521E-004
   16.5571847507331      -4.425755314161084E-004
   16.5747800586510      -3.723563001965909E-004
   16.5923753665689      -3.185227155328794E-004
   16.6099706744868      -3.129566767838361E-004
   16.6275659824047      -3.000307827812484E-004
   16.6451612903226      -3.034566238299244E-004
   16.6627565982405      -2.734499352593313E-004
   16.6803519061584      -2.435822056343100E-004
   16.6979472140762      -1.674623819968259E-004
   16.7155425219941      -8.429470233384584E-005
   16.7331378299120       5.038842588847359E-005
   16.7507331378299       1.923313324270711E-004
   16.7683284457478       3.841882551471940E-004
   16.7859237536657       5.759931377942114E-004
   16.8035190615836       8.065991182266443E-004
   16.8211143695015       1.015221978688750E-003
   16.8387096774194       1.238144386093852E-003
   16.8563049853372       1.419274623087952E-003
   16.8739002932551       1.603326249614341E-003
   16.8914956011730       1.735088029431536E-003
   16.9090909090909       1.863506891900989E-003
   16.9266862170088       1.932740899254364E-003
   16.9442815249267       1.995305340857455E-003
   16.9618768328446       1.994236041485519E-003
   16.9794721407625       1.985596085175179E-003
   16.9970674486804       1.911256097757123E-003
   17.0146627565982       1.832475076890307E-003
   17.0322580645161       1.695961297333901E-003
   17.0498533724340       1.571915639391738E-003
   17.0674486803519       1.404862757360043E-003
   17.0850439882698       1.267210932918489E-003
   17.1026392961877       1.100193605811271E-003
   17.1202346041056       9.790814784586062E-004
   17.1378299120235       8.417916540890687E-004
   17.1554252199413       7.668045999890787E-004
   17.1730205278592       6.885591473110615E-004
   17.1906158357771       6.890773645943054E-004
   17.2082111436950       6.988384701638614E-004
   17.2258064516129       7.951943030532978E-004
   17.2434017595308       8.871271172779650E-004
   17.2609970674487       1.046404063996793E-003
   17.2785923753666       1.177004360231737E-003
   17.2961876832845       1.355184314993731E-003
   17.3137829912023       1.480072367775157E-003
   17.3313782991202       1.632918122387462E-003
   17.3489736070381       1.707595521656062E-003
   17.3665689149560       1.790952453721013E-003
   17.3841642228739       1.771217124330495E-003
   17.4017595307918       1.741795174667375E-003
   17.4193548387097       1.591852023686796E-003
   17.4369501466276       1.447193837184313E-003
   17.4545454545455       1.210293858130506E-003
   17.4721407624633       1.016184673516338E-003
   17.4897360703812       7.578907173924660E-004
   17.5073313782991       5.778873444506594E-004
   17.5249266862170       3.587162576988350E-004
   17.5425219941349       2.513273154105248E-004
   17.5601173020528       1.260412541691364E-004
   17.5777126099707       1.429702043090288E-004
   17.5953079178886       1.571573710053606E-004
   17.6129032258065       3.334934447274642E-004
   17.6304985337243       4.853153000282740E-004
   17.6480938416422       7.692330109675423E-004
   17.6656891495601       9.810528019671802E-004
   17.6832844574780       1.302091185479863E-003
   17.7008797653959       1.511495979364860E-003
   17.7184750733138       1.817118582015665E-003
   17.7360703812317       1.975891557412194E-003
   17.7536656891496       2.227857777320087E-003
   17.7712609970675       2.301409664718781E-003
   17.7888563049853       2.478183251229938E-003
   17.8064516129032       2.451715924901191E-003
   17.8240469208211       2.569954932741553E-003
   17.8416422287390       2.485083618076851E-003
   17.8592375366569       2.614315080627222E-003
   17.8768328445748       2.520062982654790E-003
   17.8944281524927       2.722612307941538E-003
   17.9120234604106       2.651535918142272E-003
   17.9296187683284       3.007775405764391E-003
   17.9472140762463       2.985172697797322E-003
   17.9648093841642       3.675611539309782E-003
   17.9824046920821       3.726009417308726E-003
   18.0000000000000       5.885903767636929E-003
