  0.000000000000000E+000 -3.145013456963962E-003
  1.759530791788856E-002 -1.399264718048698E-003
  3.519061583577713E-002 -1.446630706198212E-003
  5.278592375366570E-002 -8.772076744678132E-004
  7.038123167155426E-002 -9.145656330004557E-004
  8.797653958944282E-002 -5.810369952472503E-004
  0.105571847507331      -6.156189298139867E-004
  0.123167155425220      -3.842552807234166E-004
  0.140762463343109      -4.182309080652443E-004
  0.158357771260997      -2.444346099997542E-004
  0.175953079178886      -2.787063267617823E-004
  0.193548387096774      -1.422428756786627E-004
  0.211143695014663      -1.774200874561784E-004
  0.228739002932551      -6.772393369544422E-005
  0.246334310850440      -1.045597815349707E-004
  0.263929618768328      -1.545345662419609E-005
  0.281524926686217      -5.428338847740545E-005
  0.299120234604106       1.846452601211343E-005
  0.316715542521994      -2.235445395446331E-005
  0.334310850439883       3.718039515494293E-005
  0.351906158357771      -5.326414455851692E-006
  0.369501466275660       4.361092613218473E-005
  0.387096774193548       1.111687069251244E-007
  0.404692082111437       4.107053190966148E-005
  0.422287390029326      -1.677038595015445E-006
  0.439882697947214       3.516309103555917E-005
  0.457478005865103      -3.937378648224494E-006
  0.475073313782991       3.207817588591392E-005
  0.492668621700880      -1.574357079292425E-006
  0.510263929618768       3.577066952722099E-005
  0.527859237536657       8.641543776122037E-006
  0.545454545454546       4.866765702470617E-005
  0.563049853372434       2.848065899075032E-005
  0.580645161290323       7.171016475562780E-005
  0.598240469208211       5.800449820064298E-005
  0.615835777126100       1.034781966101984E-004
  0.633431085043988       9.329975769260014E-005
  0.651026392961877       1.372611694127320E-004
  0.668621700879765       1.268037316824425E-004
  0.686217008797654       1.665335858963233E-004
  0.703812316715543       1.533612601493650E-004
  0.721407624633431       1.870996729614418E-004
  0.739002932551320       1.695874762098071E-004
  0.756598240469208       1.962886686991180E-004
  0.774193548387097       1.735726479319677E-004
  0.791788856304985       1.930114054928781E-004
  0.809384164222874       1.653878405771438E-004
  0.826979472140763       1.794222912030112E-004
  0.844574780058651       1.501603606371374E-004
  0.862170087976540       1.625679692170093E-004
  0.879765395894428       1.346539678844393E-004
  0.897360703812317       1.479254108526823E-004
  0.914956011730205       1.233131968268521E-004
  0.932551319648094       1.391610008181590E-004
  0.950146627565982       1.191300062235480E-004
  0.967741935483871       1.386007430499913E-004
  0.985337243401760       1.237303418402157E-004
   1.00293255131965       1.469959369470641E-004
   1.02052785923754       1.364081061875762E-004
   1.03812316715543       1.611799241268954E-004
   1.05571847507331       1.516582792996819E-004
   1.07331378299120       1.751399465675175E-004
   1.09090909090909       1.644222230851781E-004
   1.10850439882698       1.848173788297873E-004
   1.12609970674487       1.713665606272449E-004
   1.14369501466276       1.874833615261898E-004
   1.16129032258065       1.703335250519402E-004
   1.17888563049853       1.815665138956463E-004
   1.19648093841642       1.604306290951867E-004
   1.21407624633431       1.671707121957631E-004
   1.23167155425220       1.435594530135784E-004
   1.24926686217009       1.483608177160686E-004
   1.26686217008798       1.247603992554500E-004
   1.28445747800587       1.296246551676754E-004
   1.30205278592375       1.075999215163691E-004
   1.31964809384164       1.138467951596795E-004
   1.33724340175953       9.443966479392710E-005
   1.35483870967742       1.029186399881757E-004
   1.37243401759531       8.671100046747232E-005
   1.39002932551320       9.777145726759672E-005
   1.40762463343109       8.469983952764762E-005
   1.42521994134897       9.761865679474974E-005
   1.44281524926686       8.621396191666245E-005
   1.46041055718475       9.946850630011181E-005
   1.47800586510264       8.860696578275374E-005
   1.49560117302053       1.014652637578362E-004
   1.51319648093842       9.062911758286302E-005
   1.53079178885631       1.027986828959974E-004
   1.54838709677419       9.185967312675700E-005
   1.56598240469208       1.034266682916930E-004
   1.58357771260997       9.266970269225289E-005
   1.60117302052786       1.042338541114599E-004
   1.61876832844575       9.474298031800166E-005
   1.63636363636364       1.079747505832822E-004
   1.65395894428153       1.013836052411571E-004
   1.67155425219941       1.173522861533572E-004
   1.68914956011730       1.142032543726713E-004
   1.70674486803519       1.331417854587222E-004
   1.72434017595308       1.333822777135362E-004
   1.74193548387097       1.550029331097948E-004
   1.75953079178886       1.580723868927821E-004
   1.77712609970675       1.815370034049048E-004
   1.79472140762463       1.862198870054203E-004
   1.81231671554252       2.097310347895471E-004
   1.82991202346041       2.134086769669845E-004
   1.84750733137830       2.341822765732200E-004
   1.86510263929619       2.348340468765622E-004
   1.88269794721408       2.517311621091729E-004
   1.90029325513196       2.487386410552066E-004
   1.91788856304985       2.615348463835324E-004
   1.93548387096774       2.549986858004097E-004
   1.95307917888563       2.641294794940163E-004
   1.97067448680352       2.548155219901211E-004
   1.98826979472141       2.614498156346252E-004
   2.00586510263930       2.510755623163034E-004
   2.02346041055718       2.577548130256911E-004
   2.04105571847507       2.492711314779071E-004
   2.05865102639296       2.582786676045335E-004
   2.07624633431085       2.528967621291578E-004
   2.09384164222874       2.647998417720938E-004
   2.11143695014663       2.626779716551110E-004
   2.12903225806452       2.773129690010448E-004
   2.14662756598241       2.779805235996066E-004
   2.16422287390029       2.945867264340797E-004
   2.18181818181818       2.969458910396796E-004
   2.19941348973607       3.140202935615815E-004
   2.21700879765396       3.159297881567560E-004
   2.23460410557185       3.308120653891771E-004
   2.25219941348974       3.300088380712898E-004
   2.26979472140762       3.414655415070807E-004
   2.28739002932551       3.374335913855695E-004
   2.30498533724340       3.453628457389197E-004
   2.32258064516129       3.383070517921572E-004
   2.34017595307918       3.431983146099491E-004
   2.35777126099707       3.338751829944524E-004
   2.37536656891496       3.367877713326224E-004
   2.39296187683284       3.266030314813291E-004
   2.41055718475073       3.294940815768427E-004
   2.42815249266862       3.211031918142582E-004
   2.44574780058651       3.267298324211461E-004
   2.46334310850440       3.220722066134357E-004
   2.48093841642229       3.314961346685633E-004
   2.49853372434018       3.311127301387983E-004
   2.51612903225806       3.445256570538953E-004
   2.53372434017595       3.482937882598761E-004
   2.55131964809384       3.652829227185131E-004
   2.56891495601173       3.724753128648276E-004
   2.58651026392962       3.919616078073062E-004
   2.60410557184751       4.009959925488103E-004
   2.62170087976540       4.205743687748174E-004
   2.63929618768328       4.282782918834178E-004
   2.65689149560117       4.449839686846476E-004
   2.67448680351906       4.492700707643665E-004
   2.69208211143695       4.616886727212348E-004
   2.70967741935484       4.615559455593476E-004
   2.72727272727273       4.690344405029674E-004
   2.74486803519062       4.641374876722422E-004
   2.76246334310850       4.666462657040467E-004
   2.78005865102639       4.572950274557155E-004
   2.79765395894428       4.555696714998220E-004
   2.81524926686217       4.431958072633593E-004
   2.83284457478006       4.397041408781983E-004
   2.85043988269795       4.272649591744655E-004
   2.86803519061584       4.244791478964114E-004
   2.88563049853372       4.137729282906799E-004
   2.90322580645161       4.130709265243533E-004
   2.92082111436950       4.051675100240956E-004
   2.93841642228739       4.073651052546503E-004
   2.95601173020528       4.028375307620038E-004
   2.97360703812317       4.082685920245066E-004
   2.99120234604106       4.071792998761154E-004
   3.00879765395894       4.155307831934461E-004
   3.02639296187683       4.169151788675587E-004
   3.04398826979472       4.266016003845812E-004
   3.06158357771261       4.288243682836952E-004
   3.07917888563050       4.385610702706917E-004
   3.09677419354839       4.406065960563565E-004
   3.11436950146628       4.495428579713670E-004
   3.13196480938416       4.506824901123322E-004
   3.14956011730205       4.581960942707598E-004
   3.16715542521994       4.578990994798969E-004
   3.18475073313783       4.635552062294753E-004
   3.20234604105572       4.614898010223531E-004
   3.21994134897361       4.651374495484502E-004
   3.23753665689150       4.614390641969005E-004
   3.25513196480938       4.634350723450157E-004
   3.27272727272727       4.584684676672459E-004
   3.29032258064516       4.591212574596697E-004
   3.30791788856305       4.531597080213176E-004
   3.32551319648094       4.527263772190412E-004
   3.34310850439883       4.460140937079593E-004
   3.36070381231672       4.447361436708068E-004
   3.37829912023460       4.375120646218067E-004
   3.39589442815249       4.356363082154033E-004
   3.41348973607038       4.281611754612185E-004
   3.43108504398827       4.259639913095445E-004
   3.44868035190616       4.184814382370937E-004
   3.46627565982405       4.161465467768570E-004
   3.48387096774194       4.087916064282747E-004
   3.50146627565982       4.064304691160085E-004
   3.51906158357771       3.992931902459235E-004
   3.53665689149560       3.969819619111476E-004
   3.55425219941349       3.901218944430027E-004
   3.57184750733138       3.879093842779554E-004
   3.58944281524927       3.813613055265341E-004
   3.60703812316716       3.792750577665313E-004
   3.62463343108504       3.730657973833128E-004
   3.64222873900293       3.711494426299217E-004
   3.65982404692082       3.653256215727759E-004
   3.67741935483871       3.636104686207528E-004
   3.69501466275660       3.581754790186736E-004
   3.71260997067449       3.566408069629891E-004
   3.73020527859238       3.515434385328229E-004
   3.74780058651026       3.501075107224360E-004
   3.76539589442815       3.452251100051924E-004
   3.78299120234604       3.437169315692128E-004
   3.80058651026393       3.388032115887218E-004
   3.81818181818182       3.368465524746493E-004
   3.83577712609971       3.313785148394103E-004
   3.85337243401760       3.284778429829785E-004
   3.87096774193548       3.221382510952372E-004
   3.88856304985337       3.181290927492763E-004
   3.90615835777126       3.108452656677053E-004
   3.92375366568915       3.057316454976195E-004
   3.94134897360704       2.975726552530050E-004
   3.95894428152493       2.914913222158382E-004
   3.97653958944282       2.826626248825615E-004
   3.99413489736070       2.759036947287609E-004
   4.01173020527859       2.668179530423717E-004
   4.02932551319648       2.599413380379497E-004
   4.04692082111437       2.511529117504284E-004
   4.06451612903226       2.445305773177838E-004
   4.08211143695015       2.362339738963327E-004
   4.09970674486804       2.299662961134074E-004
   4.11730205278592       2.221953392204737E-004
   4.13489736070381       2.162629518893644E-004
   4.15249266862170       2.089451371862826E-004
   4.17008797653959       2.032245366117770E-004
   4.18768328445748       1.961748820332043E-004
   4.20527859237537       1.904000989506220E-004
   4.22287390029326       1.832442558218271E-004
   4.24046920821114       1.770275425329189E-004
   4.25806451612903       1.695350088045950E-004
   4.27565982404692       1.628327748728560E-004
   4.29325513196481       1.550565352977691E-004
   4.31085043988270       1.479800918649356E-004
   4.32844574780059       1.400746529566280E-004
   4.34604105571848       1.328187534218860E-004
   4.36363636363636       1.250133607652118E-004
   4.38123167155425       1.178456826428406E-004
   4.39882697947214       1.104476357873991E-004
   4.41642228739003       1.037179656955269E-004
   4.43401759530792       9.702098262192944E-005
   4.45161290322581       9.082421288787093E-005
   4.46920821114370       8.474178998519508E-005
   4.48680351906158       7.892964650596410E-005
   4.50439882697947       7.329420725204748E-005
   4.52199413489736       6.769067869588850E-005
   4.53958944281525       6.231786114129367E-005
   4.55718475073314       5.673528644717856E-005
   4.57478005865103       5.143159165737299E-005
   4.59237536656892       4.567389312168325E-005
   4.60997067448680       4.023717868330497E-005
   4.62756598240469       3.413574214827024E-005
   4.64516129032258       2.850142793548840E-005
   4.66275659824047       2.210627793573011E-005
   4.68035190615836       1.637150470386638E-005
   4.69794721407625       9.793154609276375E-006
   4.71554252199414       4.074933119604341E-006
   4.73313782991202      -2.560742352912891E-006
   4.75073313782991      -8.131703655918943E-006
   4.76832844574780      -1.468663298639889E-005
   4.78592375366569      -1.996940566530653E-005
   4.80351906158358      -2.629985672374598E-005
   4.82111436950147      -3.119248125142690E-005
   4.83870967741935      -3.734115462115908E-005
   4.85630498533724      -4.206028145640271E-005
   4.87390029325513      -4.829741219248949E-005
   4.89149560117302      -5.308884188892774E-005
   4.90909090909091      -5.962659562560667E-005
   4.92668621700880      -6.467110930512130E-005
   4.94428152492669      -7.165202291077802E-005
   4.96187683284458      -7.705133085985529E-005
   4.97947214076246      -8.452176751364170E-005
   4.99706744868035      -9.025076444948647E-005
   5.01466275659824      -9.804286051396757E-005
   5.03225806451613      -1.036652928230400E-004
   5.04985337243402      -1.111229267276678E-004
   5.06744868035191      -1.160137047805683E-004
   5.08504398826980      -1.226484449204485E-004
   5.10263929618768      -1.264234009763371E-004
   5.12023460410557      -1.319243905478591E-004
   5.13782991202346      -1.343382836994487E-004
   5.15542521994135      -1.385182773047324E-004
   5.17302052785924      -1.394455878682467E-004
   5.19061583577713      -1.422434175423943E-004
   5.20821114369502      -1.417165515057697E-004
   5.22580645161290      -1.433343055225801E-004
   5.24340175953079      -1.417551896828542E-004
   5.26099706744868      -1.426534794863339E-004
   5.27859237536657      -1.404142976909080E-004
   5.29618768328446      -1.409134044644495E-004
   5.31378299120235      -1.382913139278502E-004
   5.33137829912024      -1.386296861144277E-004
   5.34897360703812      -1.358305166953928E-004
   5.36656891495601      -1.361771183245448E-004
   5.38416422287390      -1.333306478856680E-004
   5.40175953079179      -1.337579358750840E-004
   5.41935483870968      -1.308294966411244E-004
   5.43695014662757      -1.311349848082323E-004
   5.45454545454546      -1.278395579031620E-004
   5.47214076246334      -1.277972122298146E-004
   5.48973607038123      -1.239967158902165E-004
   5.50733137829912      -1.235248518493232E-004
   5.52492668621701      -1.191854480985799E-004
   5.54252199413490      -1.182895664027242E-004
   5.56011730205279      -1.134578621265082E-004
   5.57771260997067      -1.122244922592407E-004
   5.59530791788856      -1.070361112276868E-004
   5.61290322580645      -1.056685002600759E-004
   5.63049853372434      -1.004085708148765E-004
   5.64809384164223      -9.919605185413789E-005
   5.66568914956012      -9.407297118130129E-005
   5.68328445747801      -9.314396110912727E-005
   5.70087976539589      -8.824506969516260E-005
   5.71847507331378      -8.765627598991803E-005
   5.73607038123167      -8.301455176271354E-005
   5.75366568914956      -8.277255030074125E-005
   5.77126099706745      -7.836836481991994E-005
   5.78885630498534      -7.841739518878106E-005
   5.80645161290323      -7.413972223300673E-005
   5.82404692082111      -7.424544008315783E-005
   5.84164222873900      -6.971277170468157E-005
   5.85923753665689      -6.946162012479994E-005
   5.87683284457478      -6.435199648641160E-005
   5.89442815249267      -6.351092492830146E-005
   5.91202346041056      -5.765744977964542E-005
   5.92961876832845      -5.611513518392591E-005
   5.94721407624634      -4.946251860426440E-005
   5.96480938416422      -4.721819299910556E-005
   5.98240469208211      -3.982958089399554E-005
   6.00000000000000      -3.702218658845485E-005
   6.01759530791789      -2.915375356290422E-005
   6.03519061583578      -2.615039838943210E-005
   6.05278592375367      -1.815006112488258E-005
   6.07038123167156      -1.517404969001364E-005
   6.08797653958944      -7.179269010244670E-006
   6.10557184750733      -4.326706739432482E-006
   6.12316715542522       3.587536085132636E-006
   6.14076246334311       6.255877023500868E-006
   6.15835777126100       1.403339403416491E-005
   6.17595307917889       1.646248157304969E-005
   6.19354838709677       2.403967977842086E-005
   6.21114369501466       2.614579775187725E-005
   6.22873900293255       3.339294882882610E-005
   6.24633431085044       3.501658511754592E-005
   6.26392961876833       4.179181776648515E-005
   6.28152492668622       4.283176595797212E-005
   6.29912023460411       4.905840641903661E-005
   6.31671554252199       4.945539150449447E-005
   6.33431085043988       5.508387252331566E-005
   6.35190615835777       5.479752009724592E-005
   6.36950146627566       5.979063551919689E-005
   6.38709677419355       5.878683351100808E-005
   6.40469208211144       6.310588155603797E-005
   6.42228739002933       6.134861442724533E-005
   6.43988269794721       6.499280113794814E-005
   6.45747800586510       6.255061130212156E-005
   6.47507331378299       6.563347121036203E-005
   6.49266862170088       6.263642572890081E-005
   6.51026392961877       6.529231927423256E-005
   6.52785923753666       6.187861844429685E-005
   6.54545454545455       6.424317022461452E-005
   6.56304985337243       6.054544245101305E-005
   6.58064516129032       6.274016966845788E-005
   6.59824046920821       5.886389250924474E-005
   6.61583577712610       6.094709362616046E-005
   6.63343108504399       5.684585585572901E-005
   6.65102639296188       5.866856503849229E-005
   6.66862170087977       5.418878481610656E-005
   6.68621700879765       5.563995690471549E-005
   6.70381231671554       5.070691965359397E-005
   6.72140762463343       5.173529685647983E-005
   6.73900293255132       4.631875669356530E-005
   6.75659824046921       4.690832403976080E-005
   6.77419354838710       4.100574227979864E-005
   6.79178885630499       4.116050842538170E-005
   6.80938416422287       3.477677144021568E-005
   6.82697947214076       3.448430631992264E-005
   6.84457478005865       2.759810141128805E-005
   6.86217008797654       2.685882770413460E-005
   6.87976539589443       1.951264974153428E-005
   6.89736070381232       1.840066067807623E-005
   6.91495601173021       1.069623170457662E-005
   6.93255131964809       9.335387992994291E-006
   6.95014662756598       1.420045631409522E-006
   6.96774193548387      -2.259798746925314E-008
   6.98533724340176      -7.959504515901253E-006
   7.00293255131965      -9.274856114851843E-006
   7.02052785923754      -1.702581738155035E-005
   7.03812316715543      -1.810099950671504E-005
   7.05571847507331      -2.569873358464603E-005
   7.07331378299120      -2.663960086851826E-005
   7.09090909090909      -3.418526994716727E-005
   7.10850439882698      -3.507954290827632E-005
   7.12609970674487      -4.264365808068136E-005
   7.14369501466276      -4.354682064556620E-005
   7.16129032258065      -5.116632390082296E-005
   7.17888563049853      -5.209891911303813E-005
   7.19648093841642      -5.977419168108013E-005
   7.21407624633431      -6.072112535979818E-005
   7.23167155425220      -6.844542653210130E-005
   7.24926686217009      -6.944508301838302E-005
   7.26686217008798      -7.728409386276084E-005
   7.28445747800587      -7.839531063086388E-005
   7.30205278592375      -8.638439431280195E-005
   7.31964809384164      -8.761948008601618E-005
   7.33724340175953      -9.574233901088602E-005
   7.35483870967742      -9.705583515045713E-005
   7.37243401759531      -1.052299106809716E-004
   7.39002932551320      -1.064974907085099E-004
   7.40762463343109      -1.145354519100131E-004
   7.42521994134897      -1.155089765994392E-004
   7.44281524926686      -1.231897017425866E-004
   7.46041055718475      -1.237782309156781E-004
   7.47800586510264      -1.311136331588928E-004
   7.49560117302053      -1.313666729680377E-004
   7.51319648093842      -1.384159386880137E-004
   7.53079178885631      -1.383956794344859E-004
   7.54838709677419      -1.452134952297050E-004
   7.56598240469208      -1.449632484566902E-004
   7.58357771260997      -1.515705929680073E-004
   7.60117302052786      -1.510789975082600E-004
   7.61876832844575      -1.574083116543415E-004
   7.63636363636364      -1.565755222214605E-004
   7.65395894428153      -1.625806208994042E-004
   7.67155425219941      -1.614537425079031E-004
   7.68914956011730      -1.672303989624254E-004
   7.70674486803519      -1.659252694459805E-004
   7.72434017595308      -1.715947911489147E-004
   7.74193548387097      -1.702317221441171E-004
   7.75953079178886      -1.759028154270294E-004
   7.77712609970675      -1.745710734610369E-004
   7.79472140762463      -1.802969703564232E-004
   7.81231671554252      -1.789770851739635E-004
   7.82991202346041      -1.845917704372760E-004
   7.84750733137830      -1.830042813934241E-004
   7.86510263929619      -1.882579365262279E-004
   7.88269794721408      -1.862504207067330E-004
   7.90029325513197      -1.910563125566116E-004
   7.91788856304985      -1.885852576776311E-004
   7.93548387096774      -1.929284093777616E-004
   7.95307917888563      -1.900005226371724E-004
   7.97067448680352      -1.938977057643897E-004
   7.98826979472141      -1.905318897952497E-004
   8.00586510263930      -1.939801896363188E-004
   8.02346041055718      -1.900997289154997E-004
   8.04105571847507      -1.929193445937429E-004
   8.05865102639296      -1.883350575426742E-004
   8.07624633431085      -1.904220409892581E-004
   8.09384164222874      -1.851165723223184E-004
   8.11143695014663      -1.865132436420394E-004
   8.12903225806452      -1.805817401008522E-004
   8.14662756598241      -1.814273918573310E-004
   8.16422287390029      -1.750522172342576E-004
   8.18181818181818      -1.755671464346959E-004
   8.19941348973607      -1.690074807517631E-004
   8.21700879765396      -1.694694079585682E-004
   8.23460410557185      -1.629283974451285E-004
   8.25219941348974      -1.633776560754564E-004
   8.26979472140763      -1.568044377496101E-004
   8.28739002932551      -1.571951775247186E-004
   8.30498533724340      -1.505736300371252E-004
   8.32258064516129      -1.509172163878700E-004
   8.34017595307918      -1.442885993153017E-004
   8.35777126099707      -1.446537097728990E-004
   8.37536656891496      -1.381162785936439E-004
   8.39296187683285      -1.386279038987683E-004
   8.41055718475073      -1.323293224026600E-004
   8.42815249266862      -1.330847913445672E-004
   8.44574780058651      -1.269729105425308E-004
   8.46334310850440      -1.277994286965194E-004
   8.48093841642229      -1.216990225335502E-004
   8.49853372434018      -1.224647216757054E-004
   8.51612903225807      -1.162910448045905E-004
   8.53372434017595      -1.169583762484842E-004
   8.55131964809384      -1.107272431517257E-004
   8.56891495601173      -1.113691102390978E-004
   8.58651026392962      -1.052224028167897E-004
   8.60410557184751      -1.060690230543822E-004
   8.62170087976540      -1.003411712067207E-004
   8.63929618768329      -1.017248133570327E-004
   8.65689149560117      -9.658184257735361E-005
   8.67448680351906      -9.850454757067056E-005
   8.69208211143695      -9.389311061409963E-005
   8.70967741935484      -9.629020437848391E-005
   8.72727272727273      -9.215201787186838E-005
   8.74486803519062      -9.498188652836215E-005
   8.76246334310851      -9.130449577021613E-005
   8.78005865102639      -9.459515429485325E-005
   8.79765395894428      -9.146774599924030E-005
   8.81524926686217      -9.540751139780646E-005
   8.83284457478006      -9.311059146944801E-005
   8.85043988269795      -9.792103140954283E-005
   8.86803519061584      -9.651396638967288E-005
   8.88563049853373      -1.021443534133499E-004
   8.90322580645161      -1.015338795539862E-004
   8.92082111436950      -1.078714559012610E-004
   8.93841642228739      -1.079426685920077E-004
   8.95601173020528      -1.148810821043283E-004
   8.97360703812317      -1.155529465986819E-004
   8.99120234604106      -1.230527407788893E-004
   9.00879765395895      -1.243736071342222E-004
   9.02639296187683      -1.326479946055987E-004
   9.04398826979472      -1.349632625797791E-004
   9.06158357771261      -1.443004155395694E-004
   9.07917888563050      -1.477487828743250E-004
   9.09677419354839      -1.581831469073902E-004
   9.11436950146628      -1.627393478474365E-004
   9.13196480938416      -1.742018986212103E-004
   9.14956011730205      -1.797691682627068E-004
   9.16715542521994      -1.921453699104687E-004
   9.18475073313783      -1.986071294868494E-004
   9.20234604105572      -2.117986955296788E-004
   9.21994134897361      -2.191380230417003E-004
   9.23753665689150      -2.332697310266841E-004
   9.25513196480938      -2.416719494208172E-004
   9.27272727272727      -2.568450450393096E-004
   9.29032258064516      -2.663083373132041E-004
   9.30791788856305      -2.824489110865823E-004
   9.32551319648094      -2.928447494170056E-004
   9.34310850439883      -3.097789686101575E-004
   9.36070381231672      -3.208980566339665E-004
   9.37829912023460      -3.383887958023272E-004
   9.39589442815249      -3.499790681974487E-004
   9.41348973607038      -3.677962681905864E-004
   9.43108504398827      -3.797826613362424E-004
   9.44868035190616      -3.980777168218302E-004
   9.46627565982405      -4.106920365740932E-004
   9.48387096774194      -4.296269674717004E-004
   9.50146627565982      -4.429469247437267E-004
   9.51906158357771      -4.625279864598770E-004
   9.53665689149560      -4.764960799535427E-004
   9.55425219941349      -4.966039205905978E-004
   9.57184750733138      -5.110421843963668E-004
   9.58944281524927      -5.314389961585706E-004
   9.60703812316716      -5.460501997685538E-004
   9.62463343108504      -5.664344029684090E-004
   9.64222873900293      -5.810575337979985E-004
   9.65982404692082      -6.014485713683483E-004
   9.67741935483871      -6.161588151313184E-004
   9.69501466275660      -6.365949924842628E-004
   9.71260997067449      -6.513838283700603E-004
   9.73020527859238      -6.718048211299705E-004
   9.74780058651026      -6.865574832227195E-004
   9.76539589442815      -7.067880497797522E-004
   9.78299120234604      -7.212630137062473E-004
   9.80058651026393      -7.409814160099619E-004
   9.81818181818182      -7.547814268433518E-004
   9.83577712609971      -7.736575872331182E-004
   9.85337243401760      -7.867118364385755E-004
   9.87096774193548      -8.048771818123133E-004
   9.88856304985337      -8.173566812333576E-004
   9.90615835777126      -8.349620009793675E-004
   9.92375366568915      -8.469839571842546E-004
   9.94134897360704      -8.641000645757373E-004
   9.95894428152493      -8.756794939637575E-004
   9.97653958944282      -8.922500260429565E-004
   9.99413489736071      -9.032410892264476E-004
   10.0117302052786      -9.189858445976953E-004
   10.0293255131965      -9.289977352122530E-004
   10.0469208211144      -9.436243641608719E-004
   10.0645161290323      -9.526151016638990E-004
   10.0821114369501      -9.662413808376914E-004
   10.0997067448680      -9.743741954294381E-004
   10.1173020527859      -9.871673811353463E-004
   10.1348973607038      -9.945936178139369E-004
   10.1524926686217      -1.006669386417233E-003
   10.1700879765396      -1.013449672972855E-003
   10.1876832844575      -1.024786118021287E-003
   10.2052785923754      -1.030761225464126E-003
   10.2228739002933      -1.040975676139150E-003
   10.2404692082111      -1.045628693552474E-003
   10.2580645161290      -1.054372517745729E-003
   10.2756598240469      -1.057641877369006E-003
   10.2932551319648      -1.065019485358394E-003
   10.3108504398827      -1.067091376074381E-003
   10.3284457478006      -1.073337155811229E-003
   10.3460410557185      -1.074468757684486E-003
   10.3636363636364      -1.079840410294219E-003
   10.3812316715543      -1.080263531937910E-003
   10.3988269794721      -1.084927724158089E-003
   10.4164222873900      -1.084640573033293E-003
   10.4340175953079      -1.088305024145929E-003
   10.4516129032258      -1.086883587680949E-003
   10.4692082111437      -1.089292004440191E-003
   10.4868035190616      -1.086698449452919E-003
   10.5043988269795      -1.087950805920269E-003
   10.5219941348974      -1.084379951810672E-003
   10.5395894428153      -1.084737929339491E-003
   10.5571847507331      -1.080497260733490E-003
   10.5747800586510      -1.080288096645276E-003
   10.5923753665689      -1.075693901177697E-003
   10.6099706744868      -1.075135029302817E-003
   10.6275659824047      -1.070042250328100E-003
   10.6451612903226      -1.068492588101022E-003
   10.6627565982405      -1.062120736307743E-003
   10.6803519061584      -1.059027434497577E-003
   10.6979472140762      -1.051076061375103E-003
   10.7155425219941      -1.046329845556542E-003
   10.7331378299120      -1.036858082735820E-003
   10.7507331378299      -1.030671432966984E-003
   10.7683284457478      -1.020037362574247E-003
   10.7859237536657      -1.012908336063904E-003
   10.8035190615836      -1.001747019795414E-003
   10.8211143695015      -9.943057119671812E-004
   10.8387096774194      -9.827930887431053E-004
   10.8563049853372      -9.745514103238285E-004
   10.8739002932551      -9.619503414988726E-004
   10.8914956011730      -9.522813456608399E-004
   10.9090909090909      -9.381260684277140E-004
   10.9266862170088      -9.267361723063997E-004
   10.9442815249267      -9.109226351073793E-004
   10.9618768328446      -8.979195256657378E-004
   10.9794721407625      -8.808064023835960E-004
   10.9970674486804      -8.668629698908487E-004
   11.0146627565982      -8.495800474059818E-004
   11.0322580645161      -8.361580971242819E-004
   11.0498533724340      -8.197860860041368E-004
   11.0674486803519      -8.071864517687310E-004
   11.0850439882698      -7.915661071433531E-004
   11.1026392961877      -7.794763975110221E-004
   11.1202346041056      -7.642460854433557E-004
   11.1378299120235      -7.523160184596977E-004
   11.1554252199413      -7.371873921001229E-004
   11.1730205278592      -7.252498982257481E-004
   11.1906158357771      -7.102521224925087E-004
   11.2082111436950      -6.987170695045046E-004
   11.2258064516129      -6.849643647986013E-004
   11.2434017595308      -6.754766452755866E-004
   11.2609970674487      -6.643106935316143E-004
   11.2785923753666      -6.574994458854514E-004
   11.2961876832845      -6.490565651973807E-004
   11.3137829912023      -6.447535031605871E-004
   11.3313782991202      -6.386315079470079E-004
   11.3489736070381      -6.362519075180734E-004
   11.3665689149560      -6.317192459931055E-004
   11.3841642228739      -6.304209792996333E-004
   11.4017595307918      -6.265704383776495E-004
   11.4193548387097      -6.255634079716819E-004
   11.4369501466276      -6.221187560482722E-004
   11.4545454545455      -6.216805912408229E-004
   11.4721407624633      -6.189774476243636E-004
   11.4897360703812      -6.192141303328127E-004
   11.5073313782991      -6.171487759775721E-004
   11.5249266862170      -6.177762334420929E-004
   11.5425219941349      -6.159030462354491E-004
   11.5601173020528      -6.163282079783926E-004
   11.5777126099707      -6.139216683969318E-004
   11.5953079178886      -6.133058363084111E-004
   11.6129032258065      -6.095178657389019E-004
   11.6304985337243      -6.076042643842968E-004
   11.6480938416422      -6.033609749107454E-004
   11.6656891495601      -6.017843832333600E-004
   11.6832844574780      -5.986346105815725E-004
   11.7008797653959      -5.986406109717991E-004
   11.7184750733138      -5.975405268091317E-004
   11.7360703812317      -5.997899795250800E-004
   11.7536656891496      -6.010860432799316E-004
   11.7712609970675      -6.055767480264629E-004
   11.7888563049853      -6.088605789473369E-004
   11.8064516129032      -6.146372284906295E-004
   11.8240469208211      -6.183861112949259E-004
   11.8416422287390      -6.240825242365870E-004
   11.8592375366569      -6.279587866449601E-004
   11.8768328445748      -6.340859071856916E-004
   11.8944281524927      -6.388426197919415E-004
   11.9120234604106      -6.461585329164889E-004
   11.9296187683284      -6.524608147914096E-004
   11.9472140762463      -6.614465121896141E-004
   11.9648093841642      -6.694985364515567E-004
   11.9824046920821      -6.799466424317271E-004
   12.0000000000000      -6.888993539988474E-004
   12.0175953079179      -6.987786257899791E-004
   12.0351906158358      -7.053404554764206E-004
   12.0527859237537      -7.117140398254549E-004
   12.0703812316716      -7.146767260125836E-004
   12.0879765395894      -7.176901090562393E-004
   12.1055718475073      -7.179474256126384E-004
   12.1231671554252      -7.190105808160090E-004
   12.1407624633431      -7.183436015162740E-004
   12.1583577712610      -7.195070676351041E-004
   12.1759530791789      -7.201191652626135E-004
   12.1935483870968      -7.236057528978106E-004
   12.2111436950147      -7.273301547042373E-004
   12.2287390029326      -7.331938194108089E-004
   12.2463343108504      -7.374527258676238E-004
   12.2639296187683      -7.421357142828123E-004
   12.2815249266862      -7.442449123494586E-004
   12.2991202346041      -7.461787467110521E-004
   12.3167155425220      -7.454744654658693E-004
   12.3343108504399      -7.448382387128668E-004
   12.3519061583578      -7.423240746951431E-004
   12.3695014662757      -7.409754170038209E-004
   12.3870967741935      -7.394381024314346E-004
   12.4046920821114      -7.413154213840902E-004
   12.4222873900293      -7.459715248719016E-004
   12.4398826979472      -7.564389877927819E-004
   12.4574780058651      -7.710509177954901E-004
   12.4750733137830      -7.923248362731024E-004
   12.4926686217009      -8.186552708757705E-004
   12.5102639296188      -8.525178607703002E-004
   12.5278592375367      -8.925284976566993E-004
   12.5454545454545      -9.412536186351766E-004
   12.5630498533724      -9.976383015294994E-004
   12.5806451612903      -1.064480196072613E-003
   12.5982404692082      -1.141240386335023E-003
   12.6158357771261      -1.230776716771353E-003
   12.6334310850440      -1.329474654274705E-003
   12.6510263929619      -1.435569232183324E-003
   12.6686217008798      -1.544065520224216E-003
   12.6862170087977      -1.653100776876619E-003
   12.7038123167155      -1.757934213688219E-003
   12.7214076246334      -1.856928270838578E-003
   12.7390029325513      -1.945889600991820E-003
   12.7565982404692      -2.023738151302982E-003
   12.7741935483871      -2.087340786478019E-003
   12.7917888563050      -2.136934686387707E-003
   12.8093841642229      -2.172820923219172E-003
   12.8269794721408      -2.203899841474341E-003
   12.8445747800587      -2.237459638124033E-003
   12.8621700879765      -2.280516435038122E-003
   12.8797653958944      -2.336444288958649E-003
   12.8973607038123      -2.409664994142874E-003
   12.9149560117302      -2.501396618208407E-003
   12.9325513196481      -2.614008045372433E-003
   12.9501466275660      -2.746749080993845E-003
   12.9677419354839      -2.899808674349844E-003
   12.9853372434018      -3.069968326079301E-003
   13.0029325513196      -3.253806221982036E-003
   13.0205278592375      -3.441942690194565E-003
   13.0381231671554      -3.627028414825633E-003
   13.0557184750733      -3.803716372685036E-003
   13.0733137829912      -3.969250296914753E-003
   13.0909090909091      -4.120559098106948E-003
   13.1085043988270      -4.256578705968623E-003
   13.1260997067449      -4.375600107586514E-003
   13.1436950146628      -4.477854125787825E-003
   13.1612903225806      -4.562951498485231E-003
   13.1788856304985      -4.632743298376030E-003
   13.1964809384164      -4.688967098934760E-003
   13.2140762463343      -4.738167079709060E-003
   13.2316715542522      -4.788281109880483E-003
   13.2492668621701      -4.844639089092453E-003
   13.2668621700880      -4.909339871597733E-003
   13.2844574780059      -4.983543914791454E-003
   13.3020527859238      -5.066256208054736E-003
   13.3196480938416      -5.155772885453354E-003
   13.3372434017595      -5.248212501499161E-003
   13.3548387096774      -5.338753462370668E-003
   13.3724340175953      -5.419805474806508E-003
   13.3900293255132      -5.481945302227128E-003
   13.4076246334311      -5.509690258974933E-003
   13.4252199413490      -5.489433356919644E-003
   13.4428152492669      -5.420728684564816E-003
   13.4604105571848      -5.310523136033391E-003
   13.4780058651026      -5.167059113939641E-003
   13.4956011730205      -5.001170259376389E-003
   13.5131964809384      -4.823905679481195E-003
   13.5307917888563      -4.647968907277147E-003
   13.5483870967742      -4.485607819040217E-003
   13.5659824046921      -4.350087566762329E-003
   13.5835777126100      -4.253121004238250E-003
   13.6011730205279      -4.205603589477979E-003
   13.6187683284457      -4.202782878221960E-003
   13.6363636363636      -4.213969236769254E-003
   13.6539589442815      -4.211798287258935E-003
   13.6715542521994      -4.174020407365079E-003
   13.6891495601173      -4.082642037827783E-003
   13.7067448680352      -3.924053095013457E-003
   13.7243401759531      -3.688355728675618E-003
   13.7419354838710      -3.371013826626934E-003
   13.7595307917889      -2.971822021667586E-003
   13.7771260997067      -2.499052750387607E-003
   13.7947214076246      -1.968580798148930E-003
   13.8123167155425      -1.422045247276984E-003
   13.8299120234604      -9.177907255598396E-004
   13.8475073313783      -4.905833640999807E-004
   13.8651026392962      -1.585839894401105E-004
   13.8826979472141       6.981047022988507E-005
   13.9002932551320       1.928944922904673E-004
   13.9178885630499       2.156729810581184E-004
   13.9354838709677       1.484115469522262E-004
   13.9530791788856       7.465666702621388E-006
   13.9706744868035      -1.849972299210587E-004
   13.9882697947214      -3.994695583254456E-004
   14.0058651026393      -5.947359406835729E-004
   14.0234604105572      -7.303391435288825E-004
   14.0410557184751      -7.988440877482302E-004
   14.0586510263930      -8.086849851682880E-004
   14.0762463343109      -7.709432784412237E-004
   14.0938416422287      -7.006403358609987E-004
   14.1114369501466      -6.131831300219337E-004
   14.1290322580645      -5.260956402313814E-004
   14.1466275659824      -4.562114651860615E-004
   14.1642228739003      -4.215972062974233E-004
   14.1818181818182      -4.383069999141623E-004
   14.1994134897361      -5.220735402715238E-004
   14.2170087976540      -6.752999520196943E-004
   14.2346041055718      -8.748315955453328E-004
   14.2521994134897      -1.097572864329104E-003
   14.2697947214076      -1.325307852848383E-003
   14.2873900293255      -1.542426100267871E-003
   14.3049853372434      -1.736957714410547E-003
   14.3225806451613      -1.898631303811570E-003
   14.3401759530792      -2.021091991644753E-003
   14.3577712609971      -2.099592758493594E-003
   14.3753665689150      -2.134578221462063E-003
   14.3929618768328      -2.129150755079314E-003
   14.4105571847507      -2.098541472462144E-003
   14.4281524926686      -2.066252171414714E-003
   14.4457478005865      -2.049244075940198E-003
   14.4633431085044      -2.055120470556319E-003
   14.4809384164223      -2.089718120973196E-003
   14.4985337243402      -2.154428470432923E-003
   14.5161290322581      -2.250382550687269E-003
   14.5337243401760      -2.374948504012151E-003
   14.5513196480938      -2.525771827337947E-003
   14.5689149560117      -2.696636960590424E-003
   14.5865102639296      -2.881556079205748E-003
   14.6041055718475      -3.069222867300604E-003
   14.6217008797654      -3.247603371790362E-003
   14.6392961876833      -3.406095664400243E-003
   14.6568914956012      -3.541265083537077E-003
   14.6744868035191      -3.647681592809979E-003
   14.6920821114370      -3.724233629976868E-003
   14.7096774193548      -3.767074262504867E-003
   14.7272727272727      -3.776498868198471E-003
   14.7448680351906      -3.749830860076064E-003
   14.7624633431085      -3.688764720943979E-003
   14.7800586510264      -3.592144163930201E-003
   14.7976539589443      -3.463970689453189E-003
   14.8152492668622      -3.308536273942259E-003
   14.8328445747801      -3.140766599552648E-003
   14.8504398826979      -2.968812980355028E-003
   14.8680351906158      -2.803593211533454E-003
   14.8856304985337      -2.649305570178327E-003
   14.9032258064516      -2.514130063685489E-003
   14.9208211143695      -2.399515088657530E-003
   14.9384164222874      -2.311176575048331E-003
   14.9560117302053      -2.247624263176169E-003
   14.9736070381232      -2.211404521164866E-003
   14.9912023460411      -2.196738084625155E-003
   15.0087976539589      -2.198678720078912E-003
   15.0263929618768      -2.199164820949329E-003
   15.0439882697947      -2.190816256756024E-003
   15.0615835777126      -2.164769221451048E-003
   15.0791788856305      -2.121613198770039E-003
   15.0967741935484      -2.056553167430399E-003
   15.1143695014663      -1.973977834245929E-003
   15.1319648093842      -1.871858153258295E-003
   15.1495601173021      -1.757753701163246E-003
   15.1671554252199      -1.632323858571531E-003
   15.1847507331378      -1.506766611446802E-003
   15.2023460410557      -1.386042097799973E-003
   15.2199413489736      -1.286915274466626E-003
   15.2375366568915      -1.209769378083555E-003
   15.2551319648094      -1.158689658627985E-003
   15.2727272727273      -1.126756435595499E-003
   15.2903225806452      -1.115561323543355E-003
   15.3079178885631      -1.115841350747006E-003
   15.3255131964809      -1.127977674987561E-003
   15.3431085043988      -1.141022214805600E-003
   15.3607038123167      -1.154424955979160E-003
   15.3782991202346      -1.155593405864120E-003
   15.3958944281525      -1.142834666375255E-003
   15.4134897360704      -1.101745289186856E-003
   15.4310850439883      -1.036853833312282E-003
   15.4486803519062      -9.451240978655038E-004
   15.4662756598240      -8.370378881921122E-004
   15.4838709677419      -7.101870748213495E-004
   15.5014662756598      -5.758132309606828E-004
   15.5190615835777      -4.313559411059823E-004
   15.5366568914956      -2.884536667294326E-004
   15.5542521994135      -1.440759892676257E-004
   15.5718475073314      -9.922300196429507E-006
   15.5894428152493       1.179802687326241E-004
   15.6070381231672       2.291272711787550E-004
   15.6246334310850       3.347922548498947E-004
   15.6422287390029       4.337494486885644E-004
   15.6598240469208       5.399395013691804E-004
   15.6774193548387       6.490520182354025E-004
   15.6950146627566       7.735038390769246E-004
   15.7126099706745       9.067424412339596E-004
   15.7302052785924       1.059913883868051E-003
   15.7478005865103       1.224147708015461E-003
   15.7653958944282       1.408998710104199E-003
   15.7829912023460       1.602480291730730E-003
   15.8005865102639       1.810871029837927E-003
   15.8181818181818       2.013790021146392E-003
   15.8357771260997       2.209733495029708E-003
   15.8533724340176       2.380445620238123E-003
   15.8709677419355       2.531560966015483E-003
   15.8885630498534       2.648056571299089E-003
   15.9061583577713       2.738902453145236E-003
   15.9237536656892       2.790764697652562E-003
   15.9413489736070       2.815263097184825E-003
   15.9589442815249       2.800496585234487E-003
   15.9765395894428       2.760853831681979E-003
   15.9941348973607       2.686343048563737E-003
   16.0117302052786       2.596304532826481E-003
   16.0293255131965       2.486795771457133E-003
   16.0469208211144       2.379680165666287E-003
   16.0645161290323       2.267252495923473E-003
   16.0821114369501       2.169511492908009E-003
   16.0997067448680       2.076806457138455E-003
   16.1173020527859       2.008767452263334E-003
   16.1348973607038       1.954280082746214E-003
   16.1524926686217       1.932870144713797E-003
   16.1700879765396       1.931964529522845E-003
   16.1876832844575       1.970832189041940E-003
   16.2052785923754       2.034561259634617E-003
   16.2228739002933       2.135133969118765E-003
   16.2404692082111       2.242189527581091E-003
   16.2580645161290       2.361790702717416E-003
   16.2756598240469       2.464857337765857E-003
   16.2932551319648       2.560010867597527E-003
   16.3108504398827       2.619140001274228E-003
   16.3284457478006       2.653331756590048E-003
   16.3460410557185       2.635653249731172E-003
   16.3636363636364       2.580244098624103E-003
   16.3812316715543       2.462511611526662E-003
   16.3988269794721       2.301979583367547E-003
   16.4164222873900       2.085717100829558E-003
   16.4340175953079       1.858277849868031E-003
   16.4516129032258       1.614884941486136E-003
   16.4692082111437       1.392733038662790E-003
   16.4868035190616       1.178916128232757E-003
   16.5043988269795       1.006066314859540E-003
   16.5219941348974       8.555074940166659E-004
   16.5395894428153       7.560859119708904E-004
   16.5571847507331       6.831865545053943E-004
   16.5747800586510       6.608702758517612E-004
   16.5923753665689       6.564055146567164E-004
   16.6099706744868       6.819200000545732E-004
   16.6275659824047       6.854263740549665E-004
   16.6451612903226       6.797840506000144E-004
   16.6627565982405       6.276955381353942E-004
   16.6803519061584       5.546306635862821E-004
   16.6979472140762       4.282904853116043E-004
   16.7155425219941       2.806103557323785E-004
   16.7331378299120       8.221875791492822E-005
   16.7507331378299      -1.294354115527080E-004
   16.7683284457478      -3.810758852236906E-004
   16.7859237536657      -6.291501971322832E-004
   16.8035190615836      -8.955973879971396E-004
   16.8211143695015      -1.127129154978455E-003
   16.8387096774194      -1.348683534490658E-003
   16.8563049853372      -1.517671740590882E-003
   16.8739002932551      -1.668588921187507E-003
   16.8914956011730      -1.760369781912540E-003
   16.9090909090909      -1.831820831687396E-003
   16.9266862170088      -1.841811672134541E-003
   16.9442815249267      -1.832794871060343E-003
   16.9618768328446      -1.763186725548202E-003
   16.9794721407625      -1.679269064195926E-003
   16.9970674486804      -1.539380564020271E-003
   17.0146627565982      -1.396419771396758E-003
   17.0322580645161      -1.214925183390843E-003
   17.0498533724340      -1.054104515954884E-003
   17.0674486803519      -8.737690036073872E-004
   17.0850439882698      -7.333611418536754E-004
   17.1026392961877      -5.885257314444235E-004
   17.1202346041056      -5.001035468194366E-004
   17.1378299120235      -4.196801494295534E-004
   17.1554252199413      -4.097321236884346E-004
   17.1730205278592      -4.173259865733654E-004
   17.1906158357771      -5.062632544205573E-004
   17.2082111436950      -6.166612517753185E-004
   17.2258064516129      -8.015616912415761E-004
   17.2434017595308      -9.786734394482185E-004
   17.2609970674487      -1.199615187377533E-003
   17.2785923753666      -1.381689872591805E-003
   17.2961876832845      -1.582868154833553E-003
   17.3137829912023      -1.718290743197688E-003
   17.3313782991202      -1.852248679262551E-003
   17.3489736070381      -1.897281355293379E-003
   17.3665689149560      -1.924834087710462E-003
   17.3841642228739      -1.845301297258162E-003
   17.4017595307918      -1.740130134040981E-003
   17.4193548387097      -1.529408825960753E-003
   17.4369501466276      -1.331429247930209E-003
   17.4545454545455      -1.073987432191087E-003
   17.4721407624633      -8.758885644433805E-004
   17.4897360703812      -6.521749125021908E-004
   17.5073313782991      -5.246716898699707E-004
   17.5249266862170      -3.961337998617940E-004
   17.5425219941349      -3.928282946165650E-004
   17.5601173020528      -4.035918509976590E-004
   17.5777126099707      -5.590342861675660E-004
   17.5953079178886      -7.298394211118122E-004
   17.6129032258065      -1.042079323074015E-003
   17.6304985337243      -1.320910875035869E-003
   17.6480938416422      -1.690522272256651E-003
   17.6656891495601      -1.971625577923158E-003
   17.6832844574780      -2.316648338408815E-003
   17.7008797653959      -2.535369492721782E-003
   17.7184750733138      -2.806954774923331E-003
   17.7360703812317      -2.924201939370096E-003
   17.7536656891496      -3.097574588040955E-003
   17.7712609970675      -3.097265967299683E-003
   17.7888563049853      -3.173902834373626E-003
   17.8064516129032      -3.071406190003818E-003
   17.8240469208211      -3.104047861500236E-003
   17.8416422287390      -2.975016538496639E-003
   17.8592375366569      -3.050976056111593E-003
   17.8768328445748      -2.950431377657526E-003
   17.8944281524927      -3.129767586451304E-003
   17.9120234604106      -3.087611028979801E-003
   17.9296187683284      -3.440081810555970E-003
   17.9472140762463      -3.474846605342294E-003
   17.9648093841642      -4.155301668444283E-003
   17.9824046920821      -4.281119305698316E-003
   18.0000000000000      -6.291150475352019E-003
