  0.000000000000000E+000 -4.250245672130113E-003
  1.759530791788856E-002 -2.814273012558809E-003
  3.519061583577713E-002 -2.838047057911382E-003
  5.278592375366570E-002 -2.360901778566042E-003
  7.038123167155426E-002 -2.371638147843549E-003
  8.797653958944282E-002 -2.084037900501451E-003
  0.105571847507331      -2.089328999311904E-003
  0.123167155425220      -1.882876155421802E-003
  0.140762463343109      -1.885469450563416E-003
  0.158357771260997      -1.724324879118520E-003
  0.175953079178886      -1.725497661076543E-003
  0.193548387096774      -1.593436970243298E-003
  0.211143695014663      -1.593876030713300E-003
  0.228739002932551      -1.482261245863312E-003
  0.246334310850440      -1.482639544706014E-003
  0.263929618768328      -1.386678382470929E-003
  0.281524926686217      -1.387740380467056E-003
  0.299120234604106      -1.304546554271945E-003
  0.316715542521994      -1.306967850184931E-003
  0.334310850439883      -1.234741908162001E-003
  0.351906158357771      -1.239171859769883E-003
  0.369501466275660      -1.176808210977138E-003
  0.387096774193548      -1.183908760655755E-003
  0.404692082111437      -1.130802924732788E-003
  0.422287390029326      -1.141192291118686E-003
  0.439882697947214      -1.096472291972840E-003
  0.457478005865103      -1.109494635837030E-003
  0.475073313782991      -1.071281700730898E-003
  0.492668621700880      -1.085699867749366E-003
  0.510263929618768      -1.052079172366823E-003
  0.527859237536657      -1.066525603888649E-003
  0.545454545454546      -1.035577254042968E-003
  0.563049853372434      -1.048558035496825E-003
  0.580645161290323      -1.018308555040122E-003
  0.598240469208211      -1.028150217869676E-003
  0.615835777126100      -9.965003227417621E-004
  0.633431085043988      -1.001837877350224E-003
  0.651026392961877      -9.682716641052214E-004
  0.668621700879765      -9.698524423236998E-004
  0.686217008797654      -9.352496564764441E-004
  0.703812316715543      -9.343246092364683E-004
  0.721407624633431      -8.998386315500340E-004
  0.739002932551320      -8.978571708488153E-004
  0.756598240469208      -8.648566948387537E-004
  0.774193548387097      -8.634625698424681E-004
  0.791788856304985      -8.335602860066186E-004
  0.809384164222874      -8.346836971536451E-004
  0.826979472140763      -8.095850517600569E-004
  0.844574780058651      -8.142122444083068E-004
  0.862170087976540      -7.936498490089861E-004
  0.879765395894428      -8.010214265193574E-004
  0.897360703812317      -7.839449051718532E-004
  0.914956011730205      -7.929944046627026E-004
  0.932551319648094      -7.781457927735574E-004
  0.950146627565982      -7.876115920536776E-004
  0.967741935483871      -7.735519037696958E-004
  0.985337243401760      -7.819666714448914E-004
   1.00293255131965      -7.670103995167146E-004
   1.02052785923754      -7.726780747080936E-004
   1.03812316715543      -7.555227650262870E-004
   1.05571847507331      -7.582228295931291E-004
   1.07331378299120      -7.393393775580661E-004
   1.09090909090909      -7.398559904978930E-004
   1.10850439882698      -7.200947604189008E-004
   1.12609970674487      -7.194266914862171E-004
   1.14369501466276      -6.998223221272025E-004
   1.16129032258065      -6.991347413476094E-004
   1.17888563049853      -6.808965349486323E-004
   1.19648093841642      -6.815473455450387E-004
   1.21407624633431      -6.661125893840180E-004
   1.23167155425220      -6.693910845787631E-004
   1.24926686217009      -6.572580717931726E-004
   1.26686217008798      -6.629454189332127E-004
   1.28445747800587      -6.535490361599805E-004
   1.30205278592375      -6.610153501571355E-004
   1.31964809384164      -6.536281364570780E-004
   1.33724340175953      -6.621234405990009E-004
   1.35483870967742      -6.559189033251965E-004
   1.37243401759531      -6.645999827026561E-004
   1.39002932551320      -6.586607870242099E-004
   1.40762463343109      -6.665822604149878E-004
   1.42521994134897      -6.600213675585226E-004
   1.44281524926686      -6.667642514053773E-004
   1.46041055718475      -6.596961064402496E-004
   1.47800586510264      -6.656568223526624E-004
   1.49560117302053      -6.584956703499667E-004
   1.51319648093842      -6.641211380188813E-004
   1.53079178885631      -6.572986686769887E-004
   1.54838709677419      -6.630404320864592E-004
   1.56598240469208      -6.569850782663450E-004
   1.58357771260997      -6.632804299288222E-004
   1.60117302052786      -6.583925601713525E-004
   1.61876832844575      -6.655491148834009E-004
   1.63636363636364      -6.617128713397069E-004
   1.65395894428153      -6.690859219346866E-004
   1.67155425219941      -6.653989212974653E-004
   1.68914956011730      -6.721187872672101E-004
   1.70674486803519      -6.677404994949980E-004
   1.72434017595308      -6.730196027627592E-004
   1.74193548387097      -6.671865251831871E-004
   1.75953079178886      -6.703154778602827E-004
   1.77712609970675      -6.623531290216445E-004
   1.79472140762463      -6.627318760218248E-004
   1.81231671554252      -6.521608191959385E-004
   1.82991202346041      -6.498071087938244E-004
   1.84750733137830      -6.374261583365296E-004
   1.86510263929619      -6.336220275819700E-004
   1.88269794721408      -6.207051698538372E-004
   1.90029325513196      -6.166303918940265E-004
   1.91788856304985      -6.042666336491269E-004
   1.93548387096774      -6.009472570298328E-004
   1.95307917888563      -5.900794951061363E-004
   1.97067448680352      -5.883881183048317E-004
   1.98826979472141      -5.797838196181989E-004
   2.00586510263930      -5.803516348772206E-004
   2.02346041055718      -5.742158663239346E-004
   2.04105571847507      -5.764475498143989E-004
   2.05865102639296      -5.715364323954132E-004
   2.07624633431085      -5.741399105966659E-004
   2.09384164222874      -5.693165295767999E-004
   2.11143695014663      -5.712837745928733E-004
   2.12903225806452      -5.656346923757218E-004
   2.14662756598241      -5.661550546366498E-004
   2.16422287390029      -5.589590395961631E-004
   2.18181818181818      -5.574277151167958E-004
   2.19941348973607      -5.482116612052956E-004
   2.21700879765396      -5.444509771541284E-004
   2.23460410557185      -5.336839013552706E-004
   2.25219941348974      -5.288469034233857E-004
   2.26979472140762      -5.178307775171927E-004
   2.28739002932551      -5.130678562734410E-004
   2.30498533724340      -5.028080994825767E-004
   2.32258064516129      -4.990253941938125E-004
   2.34017595307918      -4.903298768406841E-004
   2.35777126099707      -4.882522434093451E-004
   2.37536656891496      -4.817458008854983E-004
   2.39296187683284      -4.818948375942843E-004
   2.41055718475073      -4.779144053591500E-004
   2.42815249266862      -4.801387980583929E-004
   2.44574780058651      -4.777697023319551E-004
   2.46334310850440      -4.807234790271629E-004
   2.48093841642229      -4.786409739129157E-004
   2.49853372434018      -4.811283440789292E-004
   2.51612903225806      -4.782140670447874E-004
   2.53372434017595      -4.791890014211865E-004
   2.55131964809384      -4.744516600219988E-004
   2.56891495601173      -4.729852468861346E-004
   2.58651026392962      -4.655517842180824E-004
   2.60410557184751      -4.608518980241054E-004
   2.62170087976540      -4.501906980994947E-004
   2.63929618768328      -4.424436548703627E-004
   2.65689149560117      -4.295306586119237E-004
   2.67448680351906      -4.200124065299317E-004
   2.69208211143695      -4.060961227627305E-004
   2.70967741935484      -3.960288503865361E-004
   2.72727272727273      -3.823068307194478E-004
   2.74486803519062      -3.728778234575186E-004
   2.76246334310850      -3.605225540456070E-004
   2.78005865102639      -3.529003844670674E-004
   2.79765395894428      -3.430712827311315E-004
   2.81524926686217      -3.383639937173535E-004
   2.83284457478006      -3.317343430652969E-004
   2.85043988269795      -3.297893758073317E-004
   2.86803519061584      -3.256214883980392E-004
   2.88563049853372      -3.255680711203198E-004
   2.90322580645161      -3.229749020768399E-004
   2.92082111436950      -3.239179745387621E-004
   2.93841642228739      -3.219893372197438E-004
   2.95601173020528      -3.230094300837070E-004
   2.97360703812317      -3.208075710268457E-004
   2.99120234604106      -3.209513467835607E-004
   3.00879765395894      -3.174950543499140E-004
   3.02639296187683      -3.158964905290606E-004
   3.04398826979472      -3.107420266268724E-004
   3.06158357771261      -3.074476191156543E-004
   3.07917888563050      -3.008566510620565E-004
   3.09677419354839      -2.961756143434805E-004
   3.11436950146628      -2.884807068399781E-004
   3.13196480938416      -2.827717584606544E-004
   3.14956011730205      -2.743508834425311E-004
   3.16715542521994      -2.680179828774597E-004
   3.18475073313783      -2.592985436479881E-004
   3.20234604105572      -2.528067593146996E-004
   3.21994134897361      -2.442849085411555E-004
   3.23753665689150      -2.380842084120846E-004
   3.25513196480938      -2.300466278618264E-004
   3.27272727272727      -2.242882169003680E-004
   3.29032258064516      -2.168292563216070E-004
   3.30791788856305      -2.115852213746536E-004
   3.32551319648094      -2.047559512548910E-004
   3.34310850439883      -2.000650143901014E-004
   3.36070381231672      -1.938883020368692E-004
   3.37829912023460      -1.897630816662066E-004
   3.39589442815249      -1.842356287149812E-004
   3.41348973607038      -1.806561081235837E-004
   3.43108504398827      -1.757201667753683E-004
   3.44868035190616      -1.725946421190669E-004
   3.46627565982405      -1.681463636331307E-004
   3.48387096774194      -1.653814548418034E-004
   3.50146627565982      -1.613322754685004E-004
   3.51906158357771      -1.588461674297533E-004
   3.53665689149560      -1.551155742064861E-004
   3.55425219941349      -1.528332805056938E-004
   3.57184750733138      -1.493474843420806E-004
   3.58944281524927      -1.472014116367680E-004
   3.60703812316716      -1.438964825451512E-004
   3.62463343108504      -1.418305833464818E-004
   3.64222873900293      -1.386434102247360E-004
   3.65982404692082      -1.365798665984641E-004
   3.67741935483871      -1.334167083369633E-004
   3.69501466275660      -1.312583279267164E-004
   3.71260997067449      -1.280175431156256E-004
   3.73020527859238      -1.256636039689309E-004
   3.74780058651026      -1.222425880390074E-004
   3.76539589442815      -1.195938975238145E-004
   3.78299120234604      -1.158948985085378E-004
   3.80058651026393      -1.128627410417700E-004
   3.81818181818182      -1.088288381775923E-004
   3.83577712609971      -1.054746809876826E-004
   3.85337243401760      -1.013154537918464E-004
   3.87096774193548      -9.791010019407995E-005
   3.88856304985337      -9.388059770674991E-005
   3.90615835777126      -9.066131012297299E-005
   3.92375366568915      -8.697985211909574E-005
   3.94134897360704      -8.415022731391456E-005
   3.95894428152493      -8.100138053164510E-005
   3.97653958944282      -7.872821873396876E-005
   3.99413489736070      -7.625309320321814E-005
   4.01173020527859      -7.463675595272129E-005
   4.02932551319648      -7.282135220106936E-005
   4.04692082111437      -7.169309829049488E-005
   4.06451612903226      -7.029244136481188E-005
   4.08211143695015      -6.942677637919098E-005
   4.09970674486804      -6.824445001335037E-005
   4.11730205278592      -6.746820760081552E-005
   4.13489736070381      -6.634806866925531E-005
   4.15249266862170      -6.552461188952771E-005
   4.17008797653959      -6.434737559367610E-005
   4.18768328445748      -6.338139125997606E-005
   4.20527859237537      -6.208359197832544E-005
   4.22287390029326      -6.099153903166880E-005
   4.24046920821114      -5.971410795400549E-005
   4.25806451612903      -5.871238471112185E-005
   4.27565982404692      -5.764653723340080E-005
   4.29325513196481      -5.688118661911295E-005
   4.31085043988270      -5.613751182960789E-005
   4.32844574780059      -5.569092138183176E-005
   4.34604105571848      -5.532176572429939E-005
   4.36363636363636      -5.521793518336388E-005
   4.38123167155425      -5.521151766230297E-005
   4.39882697947214      -5.539618697611009E-005
   4.41642228739003      -5.562296743226248E-005
   4.43401759530792      -5.587160435458947E-005
   4.45161290322581      -5.608119838748081E-005
   4.46920821114370      -5.621395717132482E-005
   4.48680351906158      -5.629615729612430E-005
   4.50439882697947      -5.624640209509191E-005
   4.52199413489736      -5.616353726837360E-005
   4.53958944281525      -5.592011590049306E-005
   4.55718475073314      -5.568259931787485E-005
   4.57478005865103      -5.528007785791710E-005
   4.59237536656892      -5.494600884693056E-005
   4.60997067448680      -5.447872709172883E-005
   4.62756598240469      -5.418779684752602E-005
   4.64516129032258      -5.381451097368836E-005
   4.66275659824047      -5.368829808995392E-005
   4.68035190615836      -5.348486139423593E-005
   4.69794721407625      -5.356926441569642E-005
   4.71554252199414      -5.356314229937370E-005
   4.73313782991202      -5.386666013754860E-005
   4.75073313782991      -5.404998553668062E-005
   4.76832844574780      -5.454405379563337E-005
   4.78592375366569      -5.486581816071895E-005
   4.80351906158358      -5.546339319949536E-005
   4.82111436950147      -5.578685949386108E-005
   4.83870967741935      -5.633345526126751E-005
   4.85630498533724      -5.657861666881754E-005
   4.87390029325513      -5.709264295379693E-005
   4.89149560117302      -5.733746571720658E-005
   4.90909090909091      -5.793035560634420E-005
   4.92668621700880      -5.831554234230167E-005
   4.94428152492669      -5.915164683527949E-005
   4.96187683284458      -5.986662315384475E-005
   4.97947214076246      -6.115915330067966E-005
   4.99706744868035      -6.244682880534977E-005
   5.01466275659824      -6.446775324015301E-005
   5.03225806451613      -6.655267680369796E-005
   5.04985337243402      -6.934280016825380E-005
   5.06744868035191      -7.209278992334329E-005
   5.08504398826980      -7.545189538452525E-005
   5.10263929618768      -7.864866154371298E-005
   5.12023460410557      -8.234498455773025E-005
   5.13782991202346      -8.574790465188384E-005
   5.15542521994135      -8.953070754465747E-005
   5.17302052785924      -9.288068490342505E-005
   5.19061583577713      -9.647872818437457E-005
   5.20821114369502      -9.948928577233503E-005
   5.22580645161290      -1.026263921449886E-004
   5.24340175953079      -1.051222348440949E-004
   5.26099706744868      -1.077627224708557E-004
   5.27859237536657      -1.097887161498339E-004
   5.29618768328446      -1.120026437517426E-004
   5.31378299120235      -1.136467395315965E-004
   5.33137829912024      -1.155359316858778E-004
   5.34897360703812      -1.169148962160933E-004
   5.36656891495601      -1.186092186220439E-004
   5.38416422287390      -1.198689900833179E-004
   5.40175953079179      -1.215315250290188E-004
   5.41935483870968      -1.228458075218974E-004
   5.43695014662757      -1.245954680009707E-004
   5.45454545454546      -1.259668813837700E-004
   5.47214076246334      -1.277248782996110E-004
   5.48973607038123      -1.290569727360716E-004
   5.50733137829912      -1.307239408014324E-004
   5.52492668621701      -1.319193136616931E-004
   5.54252199413490      -1.334002257077935E-004
   5.56011730205279      -1.343697592914783E-004
   5.57771260997067      -1.355818483551739E-004
   5.59530791788856      -1.362537184083166E-004
   5.61290322580645      -1.371444607644201E-004
   5.63049853372434      -1.375236894900605E-004
   5.64809384164223      -1.381768839255727E-004
   5.66568914956012      -1.383882839624402E-004
   5.68328445747801      -1.389249654540792E-004
   5.70087976539589      -1.390820733738800E-004
   5.71847507331378      -1.396112922465403E-004
   5.73607038123167      -1.398227974369106E-004
   5.75366568914956      -1.404532759761056E-004
   5.77126099706745      -1.408316117028946E-004
   5.78885630498534      -1.416803554839599E-004
   5.80645161290323      -1.423531728331588E-004
   5.82404692082111      -1.435360622746424E-004
   5.84164222873900      -1.445353833856174E-004
   5.85923753665689      -1.459610427738849E-004
   5.87683284457478      -1.471287319055115E-004
   5.89442815249267      -1.486223225137152E-004
   5.91202346041056      -1.497779665786804E-004
   5.92961876832845      -1.511548052147813E-004
   5.94721407624634      -1.521133517995239E-004
   5.96480938416422      -1.531887384617783E-004
   5.98240469208211      -1.537702539261549E-004
   6.00000000000000      -1.543722813075797E-004
   6.01759530791789      -1.544365366390893E-004
   6.03519061583578      -1.545142045648619E-004
   6.05278592375367      -1.541152128891720E-004
   6.07038123167156      -1.537534146736063E-004
   6.08797653958944      -1.529582929304747E-004
   6.10557184750733      -1.522052341372310E-004
   6.12316715542522      -1.510489789164292E-004
   6.14076246334311      -1.499275371961318E-004
   6.15835777126100      -1.484236652690440E-004
   6.17595307917889      -1.469377936858900E-004
   6.19354838709677      -1.450827353223082E-004
   6.21114369501466      -1.432216782571858E-004
   6.22873900293255      -1.410147904656411E-004
   6.24633431085044      -1.388115483627978E-004
   6.26392961876833      -1.363168736220623E-004
   6.28152492668622      -1.338413042003249E-004
   6.29912023460411      -1.311254140213940E-004
   6.31671554252199      -1.284397982693834E-004
   6.33431085043988      -1.255624643060393E-004
   6.35190615835777      -1.227237240534304E-004
   6.36950146627566      -1.197413818085664E-004
   6.38709677419355      -1.168062385362148E-004
   6.40469208211144      -1.137816538749324E-004
   6.42228739002933      -1.108283754787167E-004
   6.43988269794721      -1.078562908056980E-004
   6.45747800586510      -1.049681439033352E-004
   6.47507331378299      -1.021008233053601E-004
   6.49266862170088      -9.930272658716289E-005
   6.51026392961877      -9.654555443350481E-005
   6.52785923753666      -9.382424794424694E-005
   6.54545454545455      -9.114705656372891E-005
   6.56304985337243      -8.845417453197480E-005
   6.58064516129032      -8.579003143100887E-005
   6.59824046920821      -8.303602483731197E-005
   6.61583577712610      -8.026976985103721E-005
   6.63343108504399      -7.734138169933283E-005
   6.65102639296188      -7.442091222957037E-005
   6.66862170087977      -7.133125996650889E-005
   6.68621700879765      -6.829583510813647E-005
   6.70381231671554      -6.508903445984044E-005
   6.72140762463343      -6.198402127088167E-005
   6.73900293255132      -5.870348174850223E-005
   6.75659824046921      -5.556972816628637E-005
   6.77419354838710      -5.225167080499828E-005
   6.79178885630499      -4.912065303048311E-005
   6.80938416422287      -4.579041034741877E-005
   6.82697947214076      -4.269041379204817E-005
   6.84457478005865      -3.939425236158666E-005
   6.86217008797654      -3.638919048849360E-005
   6.87976539589443      -3.319048410878696E-005
   6.89736070381232      -3.033428550022796E-005
   6.91495601173021      -2.727495264400092E-005
   6.93255131964809      -2.459656969924280E-005
   6.95014662756598      -2.168955084380092E-005
   6.96774193548387      -1.918349562217597E-005
   6.98533724340176      -1.639916409488873E-005
   7.00293255131965      -1.400185696450294E-005
   7.02052785923754      -1.122223823465483E-005
   7.03812316715543      -8.775100739490593E-006
   7.05571847507331      -5.871771444649438E-006
   7.07331378299120      -3.314681785845095E-006
   7.09090909090909      -2.693861410153712E-007
   7.10850439882698       2.395082240558657E-006
   7.12609970674487       5.567171774402453E-006
   7.14369501466276       8.315840391541017E-006
   7.16129032258065       1.158771615082754E-005
   7.17888563049853       1.439297805816223E-005
   7.19648093841642       1.774122848971881E-005
   7.21407624633431       2.059196033101016E-005
   7.23167155425220       2.402235392296079E-005
   7.24926686217009       2.691909865058526E-005
   7.26686217008798       3.040440740995043E-005
   7.28445747800587       3.329610662931196E-005
   7.30205278592375       3.677381154556565E-005
   7.31964809384164       3.959165887327411E-005
   7.33724340175953       4.299075583362052E-005
   7.35483870967742       4.566443505366450E-005
   7.37243401759531       4.891980227132156E-005
   7.39002932551320       5.139429247559264E-005
   7.40762463343109       5.447473327404259E-005
   7.42521994134897       5.677828267269011E-005
   7.44281524926686       5.978753746568374E-005
   7.46041055718475       6.204184389893380E-005
   7.47800586510264       6.506270654311053E-005
   7.49560117302053       6.731173909609733E-005
   7.51319648093842       7.036316051047743E-005
   7.53079178885631       7.260608141312037E-005
   7.54838709677419       7.567198571219525E-005
   7.56598240469208       7.788041964879344E-005
   7.58357771260997       8.092413273058169E-005
   7.60117302052786       8.305822712815494E-005
   7.61876832844575       8.605552549128056E-005
   7.63636363636364       8.813873923320455E-005
   7.65395894428153       9.115168084076798E-005
   7.67155425219941       9.323307657633966E-005
   7.68914956011730       9.627649736338278E-005
   7.70674486803519       9.834208504795491E-005
   7.72434017595308       1.013770148569698E-004
   7.74193548387097       1.033645043950695E-004
   7.75953079178886       1.063062632334372E-004
   7.77712609970675       1.081084455564747E-004
   7.79472140762463       1.108266118506766E-004
   7.81231671554252       1.122902304725326E-004
   7.82991202346041       1.146530165140159E-004
   7.84750733137830       1.157430106694925E-004
   7.86510263929619       1.178062894244351E-004
   7.88269794721408       1.186018434731985E-004
   7.90029325513197       1.204361047070696E-004
   7.91788856304985       1.209954451323463E-004
   7.93548387096774       1.226450358348546E-004
   7.95307917888563       1.229971307175331E-004
   7.97067448680352       1.244740892015569E-004
   7.98826979472141       1.246120592997446E-004
   8.00586510263930       1.258870064384564E-004
   8.02346041055718       1.257745815288015E-004
   8.04105571847507       1.268627057055614E-004
   8.05865102639296       1.265985403326534E-004
   8.07624633431085       1.276373476160208E-004
   8.09384164222874       1.273543309943230E-004
   8.11143695014663       1.284629765442998E-004
   8.12903225806452       1.282632032841798E-004
   8.14662756598241       1.295230028689015E-004
   8.16422287390029       1.294631539016356E-004
   8.18181818181818       1.308999665192166E-004
   8.19941348973607       1.309650822754139E-004
   8.21700879765396       1.325000510412944E-004
   8.23460410557185       1.325495381480624E-004
   8.25219941348974       1.340574860745558E-004
   8.26979472140763       1.340392691306193E-004
   8.28739002932551       1.355171666936205E-004
   8.30498533724340       1.354471765651847E-004
   8.32258064516129       1.369179145592947E-004
   8.34017595307918       1.368185756565350E-004
   8.35777126099707       1.382978641134856E-004
   8.37536656891496       1.381713415163508E-004
   8.39296187683285       1.396389981003831E-004
   8.41055718475073       1.394232236023520E-004
   8.42815249266862       1.407641491977513E-004
   8.44574780058651       1.403508734313186E-004
   8.46334310850440       1.415386720372619E-004
   8.48093841642229       1.409776187715089E-004
   8.49853372434018       1.420984415248328E-004
   8.51612903225807       1.414947670286548E-004
   8.53372434017595       1.426642335707020E-004
   8.55131964809384       1.421374313523591E-004
   8.56891495601173       1.434718228552178E-004
   8.58651026392962       1.431269145209004E-004
   8.60410557184751       1.447034804727835E-004
   8.62170087976540       1.445443037925528E-004
   8.63929618768329       1.462548020465999E-004
   8.65689149560117       1.461278720005672E-004
   8.67448680351906       1.478694479621726E-004
   8.69208211143695       1.477326950160471E-004
   8.70967741935484       1.495016974989082E-004
   8.72727272727273       1.493805850134951E-004
   8.74486803519062       1.512239392951915E-004
   8.76246334310851       1.511820171712781E-004
   8.78005865102639       1.531732149897274E-004
   8.79765395894428       1.532866143497228E-004
   8.81524926686217       1.554784910903274E-004
   8.83284457478006       1.557156828428841E-004
   8.85043988269795       1.579836598400133E-004
   8.86803519061584       1.582140437668332E-004
   8.88563049853373       1.604766593299628E-004
   8.90322580645161       1.606642482312240E-004
   8.92082111436950       1.629217432896641E-004
   8.93841642228739       1.630993101933814E-004
   8.95601173020528       1.654137167269859E-004
   8.97360703812317       1.656711691919813E-004
   8.99120234604106       1.681581418777791E-004
   9.00879765395895       1.686337528093935E-004
   9.02639296187683       1.714028473606438E-004
   9.04398826979472       1.720874913116734E-004
   9.06158357771261       1.750139634618544E-004
   9.07917888563050       1.757609148442818E-004
   9.09677419354839       1.787231400254235E-004
   9.11436950146628       1.794381292428279E-004
   9.13196480938416       1.823687618076572E-004
   9.14956011730205       1.830127768792327E-004
   9.16715542521994       1.859015998307425E-004
   9.18475073313783       1.864959777546004E-004
   9.20234604105572       1.893992684256941E-004
   9.21994134897361       1.900271964489445E-004
   9.23753665689150       1.929885283648090E-004
   9.25513196480938       1.935919161602155E-004
   9.27272727272727       1.964906715447042E-004
   9.29032258064516       1.969506911504120E-004
   9.30791788856305       1.996865977238983E-004
   9.32551319648094       1.999270899426106E-004
   9.34310850439883       2.024517587842810E-004
   9.36070381231672       2.024574602076478E-004
   9.37829912023460       2.047946681716383E-004
   9.39589442815249       2.046390623591856E-004
   9.41348973607038       2.069322333412269E-004
   9.43108504398827       2.068044588587502E-004
   9.44868035190616       2.091683481427014E-004
   9.46627565982405       2.090482427273501E-004
   9.48387096774194       2.113867827533724E-004
   9.50146627565982       2.111584212532087E-004
   9.51906158357771       2.133522663816360E-004
   9.53665689149560       2.129032213087495E-004
   9.55425219941349       2.148537326183415E-004
   9.57184750733138       2.141085663580931E-004
   9.58944281524927       2.157728752934269E-004
   9.60703812316716       2.147446795916363E-004
   9.62463343108504       2.162211416167836E-004
   9.64222873900293       2.150559573559932E-004
   9.65982404692082       2.164319111366434E-004
   9.67741935483871       2.151272076733677E-004
   9.69501466275660       2.163521375156160E-004
   9.71260997067449       2.148386000623107E-004
   9.73020527859238       2.158352357433106E-004
   9.74780058651026       2.140389776403341E-004
   9.76539589442815       2.147450539883159E-004
   9.78299120234604       2.126288464995108E-004
   9.80058651026393       2.130508483848129E-004
   9.81818181818182       2.107143975886765E-004
   9.83577712609971       2.110710696381941E-004
   9.85337243401760       2.087451858986245E-004
   9.87096774193548       2.091583763150727E-004
   9.88856304985337       2.068675278236793E-004
   9.90615835777126       2.073056994783980E-004
   9.92375366568915       2.049819806779934E-004
   9.94134897360704       2.053520085198139E-004
   9.95894428152493       2.028875458003944E-004
   9.97653958944282       2.030763860939292E-004
   9.99413489736071       2.003669680457455E-004
   10.0117302052786       2.003126451008047E-004
   10.0293255131965       1.974182989762362E-004
   10.0469208211144       1.973058421735241E-004
   10.0645161290323       1.944089085126032E-004
   10.0821114369501       1.943315759448774E-004
   10.0997067448680       1.914506305289808E-004
   10.1173020527859       1.913728227374050E-004
   10.1348973607038       1.884294665615737E-004
   10.1524926686217       1.882365031106009E-004
   10.1700879765396       1.850880583608219E-004
   10.1876832844575       1.846159479523990E-004
   10.2052785923754       1.810941375231592E-004
   10.2228739002933       1.802445713707605E-004
   10.2404692082111       1.764400184344828E-004
   10.2580645161290       1.754561234646905E-004
   10.2756598240469       1.716012480493234E-004
   10.2932551319648       1.706358528204256E-004
   10.3108504398827       1.668170047400198E-004
   10.3284457478006       1.658949256800822E-004
   10.3460410557185       1.620803326099303E-004
   10.3636363636364       1.611132023100803E-004
   10.3812316715543       1.571593771497212E-004
   10.3988269794721       1.559455174780638E-004
   10.4164222873900       1.516092741494397E-004
   10.4340175953079       1.499838442288976E-004
   10.4516129032258       1.453093400785176E-004
   10.4692082111437       1.434471743158843E-004
   10.4868035190616       1.386027673408976E-004
   10.5043988269795       1.366236869124973E-004
   10.5219941348974       1.316763040283971E-004
   10.5395894428153       1.295870249338438E-004
   10.5571847507331       1.244779905590133E-004
   10.5747800586510       1.221429041736520E-004
   10.5923753665689       1.166468445791873E-004
   10.6099706744868       1.137175746459921E-004
   10.6275659824047       1.074286715450408E-004
   10.6451612903226       1.036995143073499E-004
   10.6627565982405       9.674899425060856E-005
   10.6803519061584       9.253028287789511E-005
   10.6979472140762       8.525809669013382E-005
   10.7155425219941       8.087736048520208E-005
   10.7331378299120       7.358075934301795E-005
   10.7507331378299       6.928495668233244E-005
   10.7683284457478       6.214203075591340E-005
   10.7859237536657       5.801082849849326E-005
   10.8035190615836       5.094830164554434E-005
   10.8211143695015       4.666097580303929E-005
   10.8387096774194       3.920275925575201E-005
   10.8563049853372       3.448457515062267E-005
   10.8739002932551       2.671322604540527E-005
   10.8914956011730       2.185697025662878E-005
   10.9090909090909       1.416982478020493E-005
   10.9266862170088       9.636700847134278E-006
   10.9442815249267       2.530914170454756E-006
   10.9618768328446      -1.170710679051501E-006
   10.9794721407625      -7.203163673562441E-006
   10.9970674486804      -9.638331227742381E-006
   11.0146627565982      -1.434029055513819E-005
   11.0322580645161      -1.568679364023606E-005
   11.0498533724340      -1.963540143367854E-005
   11.0674486803519      -2.044721790090434E-005
   11.0850439882698      -2.394886830954385E-005
   11.1026392961877      -2.433393361714453E-005
   11.1202346041056      -2.734637800811995E-005
   11.1378299120235      -2.713774971385000E-005
   11.1554252199413      -2.938272144205070E-005
   11.1730205278592      -2.820415725139358E-005
   11.1906158357771      -2.921540644086966E-005
   11.2082111436950      -2.653411253037466E-005
   11.2258064516129      -2.593189233397400E-005
   11.2434017595308      -2.190908831549704E-005
   11.2609970674487      -2.036432189536919E-005
   11.2785923753666      -1.576401309697276E-005
   11.2961876832845      -1.392193914866710E-005
   11.3137829912023      -9.269061957125874E-006
   11.3313782991202      -7.531231903260077E-006
   11.3489736070381      -3.100368768268330E-006
   11.3665689149560      -1.602791950562427E-006
   11.3841642228739       2.624571359543221E-006
   11.4017595307918       4.093671900511825E-006
   11.4193548387097       8.567058594888349E-006
   11.4369501466276       1.054577238247489E-005
   11.4545454545455       1.554869170980425E-005
   11.4721407624633       1.801209996358291E-005
   11.4897360703812       2.340998328822522E-005
   11.5073313782991       2.622504058964162E-005
   11.5249266862170       3.192264305182737E-005
   11.5425219941349       3.506493840336275E-005
   11.5601173020528       4.113495065169853E-005
   11.5777126099707       4.481593700365663E-005
   11.5953079178886       5.166192002888664E-005
   11.6129032258065       5.661285925210621E-005
   11.6304985337243       6.528262593989223E-005
   11.6480938416422       7.234436259132084E-005
   11.6656891495601       8.302509251650742E-005
   11.6832844574780       9.189535304180049E-005
   11.7008797653959       1.040599772081270E-004
   11.7184750733138       1.140888202086445E-004
   11.7360703812317       1.270123888214964E-004
   11.7536656891496       1.374416713063441E-004
   11.7712609970675       1.503717042068596E-004
   11.7888563049853       1.605058744816439E-004
   11.8064516129032       1.729105137959546E-004
   11.8240469208211       1.826747846305913E-004
   11.8416422287390       1.950850697748557E-004
   11.8592375366569       2.051535374168599E-004
   11.8768328445748       2.178793568442355E-004
   11.8944281524927       2.281942133999217E-004
   11.9120234604106       2.409288020086726E-004
   11.9296187683284       2.509854024670625E-004
   11.9472140762463       2.630612590157155E-004
   11.9648093841642       2.720587973773973E-004
   11.9824046920821       2.825730405603625E-004
   12.0000000000000       2.895570857158077E-004
   12.0175953079179       2.977618268867776E-004
   12.0351906158358       3.029508174879576E-004
   12.0527859237537       3.102859049518764E-004
   12.0703812316716       3.154531461280339E-004
   12.0879765395894       3.233434391388907E-004
   12.1055718475073       3.295262945917245E-004
   12.1231671554252       3.386466673410234E-004
   12.1407624633431       3.461580721634915E-004
   12.1583577712610       3.564380806534378E-004
   12.1759530791789       3.647804661385759E-004
   12.1935483870968       3.752158401453720E-004
   12.2111436950147       3.826850861002777E-004
   12.2287390029326       3.911397725538985E-004
   12.2463343108504       3.964948911765273E-004
   12.2639296187683       4.034001933647454E-004
   12.2815249266862       4.080711149868101E-004
   12.2991202346041       4.151442375096360E-004
   12.3167155425220       4.209326883799549E-004
   12.3343108504399       4.299651159408617E-004
   12.3519061583578       4.385777670874568E-004
   12.3695014662757       4.511135443861593E-004
   12.3870967741935       4.638413869538537E-004
   12.4046920821114       4.807361609737440E-004
   12.4222873900293       4.974959085331182E-004
   12.4398826979472       5.173148939450559E-004
   12.4574780058651       5.360155713490609E-004
   12.4750733137830       5.569899408379509E-004
   12.4926686217009       5.762636594808526E-004
   12.5102639296188       5.971679035117393E-004
   12.5278592375367       6.157936389802025E-004
   12.5454545454545       6.352679312068093E-004
   12.5630498533724       6.516044750265391E-004
   12.5806451612903       6.674904214012625E-004
   12.5982404692082       6.784823551048320E-004
   12.6158357771261       6.857909674108193E-004
   12.6334310850440       6.840339486519471E-004
   12.6510263929619       6.758803049891321E-004
   12.6686217008798       6.581961883708662E-004
   12.6862170087977       6.348128348935378E-004
   12.7038123167155       6.036836536243456E-004
   12.7214076246334       5.693810820473513E-004
   12.7390029325513       5.308080731932723E-004
   12.7565982404692       4.932656163850116E-004
   12.7741935483871       4.567255713983472E-004
   12.7917888563050       4.274756804132378E-004
   12.8093841642229       4.072835739064818E-004
   12.8269794721408       4.014298394033423E-004
   12.8445747800587       4.059384131072193E-004
   12.8621700879765       4.210906866607049E-004
   12.8797653958944       4.416930345174111E-004
   12.8973607038123       4.673764131245789E-004
   12.9149560117302       4.927149696985327E-004
   12.9325513196481       5.170131536759281E-004
   12.9501466275660       5.348454479141013E-004
   12.9677419354839       5.453523994318425E-004
   12.9853372434018       5.432729853400635E-004
   13.0029325513196       5.278039285842196E-004
   13.0205278592375       4.957162394057611E-004
   13.0381231671554       4.513528834328240E-004
   13.0557184750733       3.952721237702962E-004
   13.0733137829912       3.317552656048910E-004
   13.0909090909091       2.612662982564355E-004
   13.1085043988270       1.878030328638670E-004
   13.1260997067449       1.118715542921503E-004
   13.1436950146628       3.728057950391473E-005
   13.1612903225806      -3.534749961578998E-005
   13.1788856304985      -1.023262882879286E-004
   13.1964809384164      -1.628490136214521E-004
   13.2140762463343      -2.137880544530523E-004
   13.2316715542522      -2.583532432645945E-004
   13.2492668621701      -2.988710532478613E-004
   13.2668621700880      -3.399173656895096E-004
   13.2844574780059      -3.837024675162421E-004
   13.3020527859238      -4.343035960228988E-004
   13.3196480938416      -4.936061996543887E-004
   13.3372434017595      -5.649052327130121E-004
   13.3548387096774      -6.493752155477385E-004
   13.3724340175953      -7.488774188391601E-004
   13.3900293255132      -8.628585066613512E-004
   13.4076246334311      -9.887204835996183E-004
   13.4252199413490      -1.115612945207003E-003
   13.4428152492669      -1.233229170214996E-003
   13.4604105571848      -1.335149277644278E-003
   13.4780058651026      -1.417778045623946E-003
   13.4956011730205      -1.479268186614609E-003
   13.5131964809384      -1.519935827128984E-003
   13.5307917888563      -1.541825157685068E-003
   13.5483870967742      -1.549126725456617E-003
   13.5659824046921      -1.548346323417097E-003
   13.5835777126100      -1.548963588067135E-003
   13.6011730205279      -1.565206869801871E-003
   13.6187683284457      -1.616596024299700E-003
   13.6363636363636      -1.710813461378770E-003
   13.6539589442815      -1.842225242319204E-003
   13.6715542521994      -2.003882244705967E-003
   13.6891495601173      -2.184107277242735E-003
   13.7067448680352      -2.371950681025383E-003
   13.7243401759531      -2.552652276426519E-003
   13.7419354838710      -2.712988547576607E-003
   13.7595307917889      -2.836135566425496E-003
   13.7771260997067      -2.907530287142805E-003
   13.7947214076246      -2.909140930990892E-003
   13.8123167155425      -2.829202253834292E-003
   13.8299120234604      -2.676877432518967E-003
   13.8475073313783      -2.476025050847119E-003
   13.8651026392962      -2.244775519646852E-003
   13.8826979472141      -2.003079804498116E-003
   13.9002932551320      -1.765235497512629E-003
   13.9178885630499      -1.547689556216409E-003
   13.9354838709677      -1.360650618483932E-003
   13.9530791788856      -1.216342747256570E-003
   13.9706744868035      -1.119456915655144E-003
   13.9882697947214      -1.075548159124742E-003
   14.0058651026393      -1.077036432768325E-003
   14.0234604105572      -1.104148522438084E-003
   14.0410557184751      -1.129443251156130E-003
   14.0586510263930      -1.142690211498124E-003
   14.0762463343109      -1.131830784590116E-003
   14.0938416422287      -1.095399252442981E-003
   14.1114369501466      -1.028287848718291E-003
   14.1290322580645      -9.350351280199393E-004
   14.1466275659824      -8.160762706077783E-004
   14.1642228739003      -6.816824078003481E-004
   14.1818181818182      -5.385173705757721E-004
   14.1994134897361      -4.048718468056165E-004
   14.2170087976540      -2.983038249906609E-004
   14.2346041055718      -2.343179181676922E-004
   14.2521994134897      -2.083036862201110E-004
   14.2697947214076      -2.216957920200694E-004
   14.2873900293255      -2.645236911995879E-004
   14.3049853372434      -3.351791804120241E-004
   14.3225806451613      -4.213468211540684E-004
   14.3401759530792      -5.199379124572467E-004
   14.3577712609971      -6.171786500168774E-004
   14.3753665689150      -7.092119892973377E-004
   14.3929618768328      -7.813428487744860E-004
   14.4105571847507      -8.303858354895135E-004
   14.4281524926686      -8.518882868607927E-004
   14.4457478005865      -8.590132675043754E-004
   14.4633431085044      -8.528240246652269E-004
   14.4809384164223      -8.454073140332502E-004
   14.4985337243402      -8.364070802486220E-004
   14.5161290322581      -8.370453059528008E-004
   14.5337243401760      -8.456440294250192E-004
   14.5513196480938      -8.725636340570213E-004
   14.5689149560117      -9.146785812643776E-004
   14.5865102639296      -9.812174307679339E-004
   14.6041055718475      -1.066832346579926E-003
   14.6217008797654      -1.176259466223923E-003
   14.6392961876833      -1.297225542780627E-003
   14.6568914956012      -1.432740636495581E-003
   14.6744868035191      -1.571561369001015E-003
   14.6920821114370      -1.717559448719407E-003
   14.7096774193548      -1.859523919659203E-003
   14.7272727272727      -2.001668777994898E-003
   14.7448680351906      -2.132416555067120E-003
   14.7624633431085      -2.256027521512504E-003
   14.7800586510264      -2.360167818195205E-003
   14.7976539589443      -2.448624027237774E-003
   14.8152492668622      -2.507717424192677E-003
   14.8328445747801      -2.545117928998664E-003
   14.8504398826979      -2.554460594371763E-003
   14.8680351906158      -2.547758471255165E-003
   14.8856304985337      -2.519671198988980E-003
   14.9032258064516      -2.483412115869649E-003
   14.9208211143695      -2.434018057881819E-003
   14.9384164222874      -2.385595836457644E-003
   14.9560117302053      -2.333356726624645E-003
   14.9736070381232      -2.292148002775972E-003
   14.9912023460411      -2.257210596202429E-003
   15.0087976539589      -2.243671084935894E-003
   15.0263929618768      -2.241059785348807E-003
   15.0439882697947      -2.254963134875613E-003
   15.0615835777126      -2.270151106215570E-003
   15.0791788856305      -2.293204873746933E-003
   15.0967741935484      -2.309308294777264E-003
   15.1143695014663      -2.326169051710915E-003
   15.1319648093842      -2.329442310486056E-003
   15.1495601173021      -2.328134026034016E-003
   15.1671554252199      -2.308646498074309E-003
   15.1847507331378      -2.281812866005212E-003
   15.2023460410557      -2.235948411844639E-003
   15.2199413489736      -2.187793800162433E-003
   15.2375366568915      -2.132296782790228E-003
   15.2551319648094      -2.086686316142945E-003
   15.2727272727273      -2.041917873892684E-003
   15.2903225806452      -2.013397777679908E-003
   15.3079178885631      -1.989916274029560E-003
   15.3255131964809      -1.985809171879990E-003
   15.3431085043988      -1.988006758283168E-003
   15.3607038123167      -2.009798486811214E-003
   15.3782991202346      -2.035972159805208E-003
   15.3958944281525      -2.078124083137429E-003
   15.4134897360704      -2.116609211659075E-003
   15.4310850439883      -2.159102627419711E-003
   15.4486803519062      -2.187212116001785E-003
   15.4662756598240      -2.213548791642359E-003
   15.4838709677419      -2.221971312946896E-003
   15.5014662756598      -2.227215689968970E-003
   15.5190615835777      -2.214094149224599E-003
   15.5366568914956      -2.199027911121891E-003
   15.5542521994135      -2.167604417024082E-003
   15.5718475073314      -2.137995157521356E-003
   15.5894428152493      -2.096841584222800E-003
   15.6070381231672      -2.065104879459981E-003
   15.6246334310850      -2.030445148693676E-003
   15.6422287390029      -2.010501624596618E-003
   15.6598240469208      -1.986843575681151E-003
   15.6774193548387      -1.975157130318119E-003
   15.6950146627566      -1.955482114409014E-003
   15.7126099706745      -1.943165959233797E-003
   15.7302052785924      -1.917174692810107E-003
   15.7478005865103      -1.892820738071138E-003
   15.7653958944282      -1.848137095811575E-003
   15.7829912023460      -1.798505810994508E-003
   15.8005865102639      -1.721030426795061E-003
   15.8181818181818      -1.632533590777188E-003
   15.8357771260997      -1.515975794150000E-003
   15.8533724340176      -1.395236940141475E-003
   15.8709677419355      -1.254026588757200E-003
   15.8885630498534      -1.116701278507390E-003
   15.9061583577713      -9.663435751503706E-004
   15.9237536656892      -8.277516070908908E-004
   15.9413489736070      -6.833469397114461E-004
   15.9589442815249      -5.583800541132744E-004
   15.9765395894428      -4.346086462915494E-004
   15.9941348973607      -3.377835787109857E-004
   16.0117302052786      -2.488845657247105E-004
   16.0293255131965      -1.912743699742808E-004
   16.0469208211144      -1.403010990088852E-004
   16.0645161290323      -1.174033932994415E-004
   16.0821114369501      -9.669445947502454E-005
   16.0997067448680      -9.970339714948568E-005
   16.1173020527859      -9.931906772863513E-005
   16.1348973607038      -1.170553251622934E-004
   16.1524926686217      -1.243386688958917E-004
   16.1700879765396      -1.423173768023879E-004
   16.1876832844575      -1.403178646736523E-004
   16.2052785923754      -1.375670615031553E-004
   16.2228739002933      -9.999333930344134E-005
   16.2404692082111      -5.144817784757760E-005
   16.2580645161290       3.434222771783235E-005
   16.2756598240469       1.279863184978103E-004
   16.2932551319648       2.539875244413488E-004
   16.3108504398827       3.800077145561278E-004
   16.3284457478006       5.294441916625558E-004
   16.3460410557185       6.672317269872734E-004
   16.3636363636364       8.156085175375503E-004
   16.3812316715543       9.363128962001237E-004
   16.3988269794721       1.049420702335631E-003
   16.4164222873900       1.112318383627361E-003
   16.4340175953079       1.152990786585943E-003
   16.4516129032258       1.143734574429604E-003
   16.4692082111437       1.121321022420349E-003
   16.4868035190616       1.059531331996271E-003
   16.5043988269795       9.975573272107048E-004
   16.5219941348974       9.092398813106401E-004
   16.5395894428153       8.354996888590236E-004
   16.5571847507331       7.497418554331811E-004
   16.5747800586510       6.942396031037675E-004
   16.5923753665689       6.415229943999927E-004
   16.6099706744868       6.339334618915185E-004
   16.6275659824047       6.328851304732669E-004
   16.6451612903226       6.666859206436722E-004
   16.6627565982405       6.903812820493373E-004
   16.6803519061584       7.349220724285435E-004
   16.6979472140762       7.554664078138229E-004
   16.7155425219941       7.853463133801554E-004
   16.7331378299120       7.796708177803411E-004
   16.7507331378299       7.742478516064987E-004
   16.7683284457478       7.242740818262991E-004
   16.7859237536657       6.685105612527384E-004
   16.8035190615836       5.632536045030789E-004
   16.8211143695015       4.548733213288788E-004
   16.8387096774194       3.073208316449226E-004
   16.8563049853372       1.709118836546237E-004
   16.8739002932551       5.840060417922066E-006
   16.8914956011730      -1.373364930375092E-004
   16.9090909090909      -3.008689378703814E-004
   16.9266862170088      -4.331437928816228E-004
   16.9442815249267      -5.784587964548396E-004
   16.9618768328446      -6.837271029195624E-004
   16.9794721407625      -7.950370785300376E-004
   16.9970674486804      -8.573023428929985E-004
   17.0146627565982      -9.179720233702325E-004
   17.0322580645161      -9.228052705383217E-004
   17.0498533724340      -9.272391433938719E-004
   17.0674486803519      -8.786132819951540E-004
   17.0850439882698      -8.360462548228936E-004
   17.1026392961877      -7.459507401077972E-004
   17.1202346041056      -6.709118627941576E-004
   17.1378299120235      -5.562421473409059E-004
   17.1554252199413      -4.683326448247437E-004
   17.1730205278592      -3.516548128406730E-004
   17.1906158357771      -2.773727539479471E-004
   17.2082111436950      -1.911762816618507E-004
   17.2258064516129      -1.692204177336209E-004
   17.2434017595308      -1.464281904493561E-004
   17.2609970674487      -1.911963931954666E-004
   17.2785923753666      -2.299808097361264E-004
   17.2961876832845      -3.316422106262513E-004
   17.3137829912023      -4.165148856446900E-004
   17.3313782991202      -5.548660515561872E-004
   17.3489736070381      -6.607089105815895E-004
   17.3665689149560      -8.058059652637118E-004
   17.3841642228739      -8.966017000946937E-004
   17.4017595307918      -1.004671400896657E-003
   17.4193548387097      -1.026151266061710E-003
   17.4369501466276      -1.045127260592342E-003
   17.4545454545455      -9.709921003101151E-004
   17.4721407624633      -9.035567401616729E-004
   17.4897360703812      -7.505022387291256E-004
   17.5073313782991      -6.213870947354192E-004
   17.5249266862170      -4.197676748281571E-004
   17.5425219941349      -2.651019018093044E-004
   17.5601173020528      -5.565156129519455E-005
   17.5777126099707       7.787330235186646E-005
   17.5953079178886       2.429286753681166E-004
   17.6129032258065       2.946454866613376E-004
   17.6304985337243       3.592906135235136E-004
   17.6480938416422       3.023637973918866E-004
   17.6656891495601       2.754883699263789E-004
   17.6832844574780       1.335749946648448E-004
   17.7008797653959       4.507354995529495E-005
   17.7184750733138      -1.507626935872807E-004
   17.7360703812317      -2.659148385539861E-004
   17.7536656891496      -4.814877375960260E-004
   17.7712609970675      -5.852648982650912E-004
   17.7888563049853      -7.849840810770292E-004
   17.8064516129032      -8.372697664726558E-004
   17.8240469208211      -9.921466385283411E-004
   17.8416422287390      -9.792115709362974E-004
   17.8592375366569      -1.109216576136458E-003
   17.8768328445748      -1.051820288737952E-003
   17.8944281524927      -1.195496564043025E-003
   17.9120234604106      -1.114808719927257E-003
   17.9296187683284      -1.331492605578647E-003
   17.9472140762463      -1.249246390784727E-003
   17.9648093841642      -1.676262731679469E-003
   17.9824046920821      -1.618069526102922E-003
   18.0000000000000      -3.093950682993684E-003
