  0.000000000000000E+000 -2.078403685497836E-003
  1.759530791788856E-002 -1.713354012370820E-003
  3.519061583577713E-002 -1.710253353697208E-003
  5.278592375366570E-002 -1.583692226434907E-003
  7.038123167155426E-002 -1.574406508560008E-003
  8.797653958944282E-002 -1.493342462166821E-003
  0.105571847507331      -1.480782954857163E-003
  0.123167155425220      -1.418618926957111E-003
  0.140762463343109      -1.404058631036689E-003
  0.158357771260997      -1.352188877214416E-003
  0.175953079178886      -1.336271593188285E-003
  0.193548387096774      -1.290822215859713E-003
  0.211143695014663      -1.273832688606151E-003
  0.228739002932551      -1.232635931843689E-003
  0.246334310850440      -1.214766463197446E-003
  0.263929618768328      -1.176759933941483E-003
  0.281524926686217      -1.158460867458028E-003
  0.299120234604106      -1.123247085706208E-003
  0.316715542521994      -1.105077380349787E-003
  0.334310850439883      -1.072650698413093E-003
  0.351906158357771      -1.055292492001856E-003
  0.369501466275660      -1.025977792230552E-003
  0.387096774193548      -1.010317357114760E-003
  0.404692082111437      -9.848682327906718E-004
  0.422287390029326      -9.722766427792307E-004
  0.439882697947214      -9.518563103059622E-004
  0.457478005865103      -9.432359662252505E-004
  0.475073313782991      -9.279150864975224E-004
  0.492668621700880      -9.231502123279003E-004
  0.510263929618768      -9.124095090369691E-004
  0.527859237536657      -9.109168941807652E-004
  0.545454545454546      -9.038385147983760E-004
  0.563049853372434      -9.046046741515866E-004
  0.580645161290323      -8.998176762764592E-004
  0.598240469208211      -9.012440994694864E-004
  0.615835777126100      -8.965390552837664E-004
  0.633431085043988      -8.960358555685759E-004
  0.651026392961877      -8.891045993372316E-004
  0.668621700879765      -8.853835998728569E-004
  0.686217008797654      -8.755784707891597E-004
  0.703812316715543      -8.684473252453462E-004
  0.721407624633431      -8.558250369616353E-004
  0.739002932551320      -8.456588134741526E-004
  0.756598240469208      -8.308102821703914E-004
  0.774193548387097      -8.185234461043150E-004
  0.791788856304985      -8.026505221130529E-004
  0.809384164222874      -7.899722244838773E-004
  0.826979472140763      -7.753955531783671E-004
  0.844574780058651      -7.647690668671705E-004
  0.862170087976540      -7.531545116222721E-004
  0.879765395894428      -7.454518732162123E-004
  0.897360703812317      -7.371806634450906E-004
  0.914956011730205      -7.325056487206882E-004
  0.932551319648094      -7.273999213309073E-004
  0.950146627565982      -7.253587599272198E-004
  0.967741935483871      -7.227593065223592E-004
  0.985337243401760      -7.224391047030475E-004
   1.00293255131965      -7.210470419478656E-004
   1.02052785923754      -7.206175505267779E-004
   1.03812316715543      -7.182158970509403E-004
   1.05571847507331      -7.158850113549293E-004
   1.07331378299120      -7.114561436421650E-004
   1.09090909090909      -7.067330255296442E-004
   1.10850439882698      -7.000713929738851E-004
   1.12609970674487      -6.930042842342684E-004
   1.14369501466276      -6.843582656832452E-004
   1.16129032258065      -6.754176947713097E-004
   1.17888563049853      -6.654725061561665E-004
   1.19648093841642      -6.556266768433087E-004
   1.21407624633431      -6.457529788855845E-004
   1.23167155425220      -6.368133256148935E-004
   1.24926686217009      -6.286955046283158E-004
   1.26686217008798      -6.217272048078709E-004
   1.28445747800587      -6.159033923689070E-004
   1.30205278592375      -6.111748548986579E-004
   1.31964809384164      -6.077099397601165E-004
   1.33724340175953      -6.051303850828480E-004
   1.35483870967742      -6.037738849980745E-004
   1.37243401759531      -6.029471131592622E-004
   1.39002932551320      -6.031254767244699E-004
   1.40762463343109      -6.032510167062145E-004
   1.42521994134897      -6.038827747216028E-004
   1.44281524926686      -6.038912611391778E-004
   1.46041055718475      -6.043136228808414E-004
   1.47800586510264      -6.039701220745515E-004
   1.49560117302053      -6.041554020087697E-004
   1.51319648093842      -6.035653003486104E-004
   1.53079178885631      -6.037166005038774E-004
   1.54838709677419      -6.031805960380072E-004
   1.56598240469208      -6.036842866827752E-004
   1.58357771260997      -6.036939428438014E-004
   1.60117302052786      -6.051648270644553E-004
   1.61876832844575      -6.064964074969711E-004
   1.63636363636364      -6.096513658679996E-004
   1.65395894428153      -6.125737298740238E-004
   1.67155425219941      -6.171963795795880E-004
   1.68914956011730      -6.212637681840545E-004
   1.70674486803519      -6.267811327520691E-004
   1.72434017595308      -6.313253693250533E-004
   1.74193548387097      -6.369742435062463E-004
   1.75953079178886      -6.411441489593017E-004
   1.77712609970675      -6.459666837888789E-004
   1.79472140762463      -6.486823712364653E-004
   1.81231671554252      -6.514145476620806E-004
   1.82991202346041      -6.514203142973976E-004
   1.84750733137830      -6.513642690190724E-004
   1.86510263929619      -6.487276759420806E-004
   1.88269794721408      -6.463714665301086E-004
   1.90029325513196      -6.417560189688971E-004
   1.91788856304985      -6.378794434047853E-004
   1.93548387096774      -6.321710495283805E-004
   1.95307917888563      -6.277537317823533E-004
   1.97067448680352      -6.220344633506717E-004
   1.98826979472141      -6.182669946471862E-004
   2.00586510263930      -6.138810391728617E-004
   2.02346041055718      -6.121556493269041E-004
   2.04105571847507      -6.100357611336923E-004
   2.05865102639296      -6.104297905638465E-004
   2.07624633431085      -6.100961560203302E-004
   2.09384164222874      -6.119463027043951E-004
   2.11143695014663      -6.126444147345944E-004
   2.12903225806452      -6.151185649404987E-004
   2.14662756598241      -6.159530038380445E-004
   2.16422287390029      -6.180893430753366E-004
   2.18181818181818      -6.180318049636351E-004
   2.19941348973607      -6.187150895570593E-004
   2.21700879765396      -6.165863848265357E-004
   2.23460410557185      -6.149208209003060E-004
   2.25219941348974      -6.105817057048644E-004
   2.26979472140762      -6.070476463762394E-004
   2.28739002932551      -6.011995742482341E-004
   2.30498533724340      -5.965785007972395E-004
   2.32258064516129      -5.900691321674634E-004
   2.34017595307918      -5.852648501590330E-004
   2.35777126099707      -5.790585114682979E-004
   2.37536656891496      -5.750989590830580E-004
   2.39296187683284      -5.703058833277159E-004
   2.41055718475073      -5.684154757145581E-004
   2.42815249266862      -5.661959449510288E-004
   2.44574780058651      -5.669562045767455E-004
   2.46334310850440      -5.671419324482800E-004
   2.48093841642229      -5.699774755969879E-004
   2.49853372434018      -5.718471788045028E-004
   2.51612903225806      -5.759310583746674E-004
   2.53372434017595      -5.785649095096138E-004
   2.55131964809384      -5.828813697974510E-004
   2.56891495601173      -5.851622146449633E-004
   2.58651026392962      -5.884688275182353E-004
   2.60410557184751      -5.889758677277889E-004
   2.62170087976540      -5.896638220507594E-004
   2.63929618768328      -5.870003565416214E-004
   2.65689149560117      -5.844181909491668E-004
   2.67448680351906      -5.786054466598059E-004
   2.69208211143695      -5.730803251724524E-004
   2.70967741935484      -5.646261535040899E-004
   2.72727272727273      -5.568159202000051E-004
   2.74486803519062      -5.465205738102265E-004
   2.76246334310850      -5.373680352615570E-004
   2.78005865102639      -5.263378191384120E-004
   2.79765395894428      -5.171506158782454E-004
   2.81524926686217      -5.069934939236075E-004
   2.83284457478006      -4.995350003084313E-004
   2.85043988269795      -4.915830515573649E-004
   2.86803519061584      -4.864703083878034E-004
   2.88563049853372      -4.809007564604991E-004
   2.90322580645161      -4.780906200604826E-004
   2.92082111436950      -4.747021105118640E-004
   2.93841642228739      -4.738555222739126E-004
   2.95601173020528      -4.721818222746242E-004
   2.97360703812317      -4.726994691474108E-004
   2.99120234604106      -4.719946343551673E-004
   3.00879765395894      -4.729220946741892E-004
   3.02639296187683      -4.720032687956153E-004
   3.04398826979472      -4.721943046210550E-004
   3.06158357771261      -4.702903051922231E-004
   3.07917888563050      -4.693228509848241E-004
   3.09677419354839      -4.661840325709684E-004
   3.11436950146628      -4.639093433673994E-004
   3.13196480938416      -4.594692064043792E-004
   3.14956011730205      -4.558894723345475E-004
   3.16715542521994      -4.502172844613448E-004
   3.18475073313783      -4.454688514885670E-004
   3.20234604105572      -4.387836669468137E-004
   3.21994134897361      -4.332018887507302E-004
   3.23753665689150      -4.259450692575212E-004
   3.25513196480938      -4.199477752128698E-004
   3.27272727272727      -4.124292314182503E-004
   3.29032258064516      -4.062506813629794E-004
   3.30791788856305      -3.986684467905105E-004
   3.32551319648094      -3.924808306075608E-004
   3.34310850439883      -3.849902483236442E-004
   3.36070381231672      -3.789340775706555E-004
   3.37829912023460      -3.716656727044411E-004
   3.39589442815249      -3.658617882567303E-004
   3.41348973607038      -3.589290460709698E-004
   3.43108504398827      -3.534668635526287E-004
   3.44868035190616      -3.469149870471715E-004
   3.46627565982405      -3.418005319400534E-004
   3.48387096774194      -3.356206898439894E-004
   3.50146627565982      -3.308376517990740E-004
   3.51906158357771      -3.250087594512810E-004
   3.53665689149560      -3.205303362544819E-004
   3.55425219941349      -3.150221387252933E-004
   3.57184750733138      -3.108138178863126E-004
   3.58944281524927      -3.055901840135896E-004
   3.60703812316716      -3.016154044165942E-004
   3.62463343108504      -2.966463114636194E-004
   3.64222873900293      -2.928778520596867E-004
   3.65982404692082      -2.881256473692896E-004
   3.67741935483871      -2.845050222402079E-004
   3.69501466275660      -2.798945793594040E-004
   3.71260997067449      -2.763310262966218E-004
   3.73020527859238      -2.717573854823087E-004
   3.74780058651026      -2.681293432694578E-004
   3.76539589442815      -2.634537448446011E-004
   3.78299120234604      -2.595999290750983E-004
   3.80058651026393      -2.546317898280098E-004
   3.81818181818182      -2.503242317332797E-004
   3.83577712609971      -2.448608272859048E-004
   3.85337243401760      -2.400308518644221E-004
   3.87096774193548      -2.341400118916349E-004
   3.88856304985337      -2.289165878920176E-004
   3.90615835777126      -2.227572360911879E-004
   3.92375366568915      -2.173208451679558E-004
   3.94134897360704      -2.110928860114786E-004
   3.95894428152493      -2.056604801221626E-004
   3.97653958944282      -1.995994949618485E-004
   3.99413489736070      -1.944263758544629E-004
   4.01173020527859      -1.888133167169471E-004
   4.02932551319648      -1.841572737564032E-004
   4.04692082111437      -1.791197925226261E-004
   4.06451612903226      -1.749576171906348E-004
   4.08211143695015      -1.704029658503219E-004
   4.09970674486804      -1.666204381562844E-004
   4.11730205278592      -1.624214950523329E-004
   4.13489736070381      -1.588798550954539E-004
   4.15249266862170      -1.548883616719039E-004
   4.17008797653959      -1.514290689817360E-004
   4.18768328445748      -1.474766906786613E-004
   4.20527859237537      -1.439187295607450E-004
   4.22287390029326      -1.398385974043425E-004
   4.24046920821114      -1.361121198739703E-004
   4.25806451612903      -1.319729767700064E-004
   4.27565982404692      -1.282158158103306E-004
   4.29325513196481      -1.241643744848616E-004
   4.31085043988270      -1.205217109756135E-004
   4.32844574780059      -1.167003615191764E-004
   4.34604105571848      -1.133087797114960E-004
   4.36363636363636      -1.098469158568157E-004
   4.38123167155425      -1.068242245221963E-004
   4.39882697947214      -1.038229511104428E-004
   4.41642228739003      -1.012269680564207E-004
   4.43401759530792      -9.863525250588474E-005
   4.45161290322581      -9.629450308982187E-005
   4.46920821114370      -9.391133545536278E-005
   4.48680351906158      -9.165366787817551E-005
   4.50439882697947      -8.933451426953032E-005
   4.52199413489736      -8.703591421924340E-005
   4.53958944281525      -8.467523856694341E-005
   4.55718475073314      -8.224691216952269E-005
   4.57478005865103      -7.977361877269581E-005
   4.59237536656892      -7.716324211137645E-005
   4.60997067448680      -7.455290548996629E-005
   4.62756598240469      -7.179150690114858E-005
   4.64516129032258      -6.914344714371684E-005
   4.66275659824047      -6.635587836438635E-005
   4.68035190615836      -6.377945143892745E-005
   4.69794721407625      -6.105614041032439E-005
   4.71554252199414      -5.862927063620301E-005
   4.73313782991202      -5.603634655334962E-005
   4.75073313782991      -5.381360232025571E-005
   4.76832844574780      -5.139162718213040E-005
   4.78592375366569      -4.939586278296603E-005
   4.80351906158358      -4.713838154375493E-005
   4.82111436950147      -4.529976928937586E-005
   4.83870967741935      -4.304852374441063E-005
   4.85630498533724      -4.118370899617410E-005
   4.87390029325513      -3.881131972906709E-005
   4.89149560117302      -3.685548186770229E-005
   4.90909090909091      -3.434215142765125E-005
   4.92668621700880      -3.231583659996296E-005
   4.94428152492669      -2.972103846357479E-005
   4.96187683284458      -2.772513089737560E-005
   4.97947214076246      -2.519719646592319E-005
   4.99706744868035      -2.344043093565579E-005
   5.01466275659824      -2.128346193135414E-005
   5.03225806451613      -2.016559375517753E-005
   5.04985337243402      -1.873910190873188E-005
   5.06744868035191      -1.846291236603299E-005
   5.08504398826980      -1.784591558309151E-005
   5.10263929618768      -1.842380926170188E-005
   5.12023460410557      -1.858121822854334E-005
   5.13782991202346      -1.993832426175311E-005
   5.15542521994135      -2.075815983032632E-005
   5.17302052785924      -2.274505373023840E-005
   5.19061583577713      -2.403593359063369E-005
   5.20821114369502      -2.640222550820680E-005
   5.22580645161290      -2.783750319879591E-005
   5.24340175953079      -3.023943708531546E-005
   5.26099706744868      -3.156041147962232E-005
   5.27859237536657      -3.383964097403930E-005
   5.29618768328446      -3.494466034551917E-005
   5.31378299120235      -3.703595757075377E-005
   5.33137829912024      -3.789062607025794E-005
   5.34897360703812      -3.978834518340539E-005
   5.36656891495601      -4.041628408097826E-005
   5.38416422287390      -4.217698577115039E-005
   5.40175953079179      -4.267751798602401E-005
   5.41935483870968      -4.446286483637012E-005
   5.43695014662757      -4.503673489294583E-005
   5.45454545454546      -4.699394459002027E-005
   5.47214076246334      -4.769275582783311E-005
   5.48973607038123      -4.981554274872745E-005
   5.50733137829912      -5.060281715944872E-005
   5.52492668621701      -5.283286627518703E-005
   5.54252199413490      -5.363298308820799E-005
   5.56011730205279      -5.587950911913653E-005
   5.57771260997067      -5.658747541051634E-005
   5.59530791788856      -5.873068199451930E-005
   5.61290322580645      -5.920981453770972E-005
   5.63049853372434      -6.112071406542998E-005
   5.64809384164223      -6.130470035380438E-005
   5.66568914956012      -6.298983107697309E-005
   5.68328445747801      -6.292080400096418E-005
   5.70087976539589      -6.443609150395393E-005
   5.71847507331378      -6.418120724181603E-005
   5.73607038123167      -6.560515962975385E-005
   5.75366568914956      -6.525592618468096E-005
   5.77126099706745      -6.669608660630100E-005
   5.78885630498534      -6.638169298382566E-005
   5.80645161290323      -6.800349365488979E-005
   5.82404692082111      -6.794115564163647E-005
   5.84164222873900      -6.996672909174123E-005
   5.85923753665689      -7.029385807534113E-005
   5.87683284457478      -7.276067320546775E-005
   5.89442815249267      -7.345695720391976E-005
   5.91202346041056      -7.630745206859993E-005
   5.92961876832845      -7.728438805768692E-005
   5.94721407624634      -8.040221474101212E-005
   5.96480938416422      -8.151696635521770E-005
   5.98240469208211      -8.473194457260144E-005
   6.00000000000000      -8.578392473117946E-005
   6.01759530791789      -8.886447593167515E-005
   6.03519061583578      -8.964138169518450E-005
   6.05278592375367      -9.247038796084895E-005
   6.07038123167156      -9.294042290848570E-005
   6.08797653958944      -9.551276247782228E-005
   6.10557184750733      -9.567502044417217E-005
   6.12316715542522      -9.798891877336557E-005
   6.14076246334311      -9.783828685817974E-005
   6.15835777126100      -9.988291280175270E-005
   6.17595307917889      -9.940098387528171E-005
   6.19354838709677      -1.011473186165242E-004
   6.21114369501466      -1.002890251011341E-004
   6.22873900293255      -1.016773617179152E-004
   6.24633431085044      -1.003954570816014E-004
   6.26392961876833      -1.014122950905123E-004
   6.28152492668622      -9.971779989555929E-005
   6.29912023460411      -1.003834073149491E-004
   6.31671554252199      -9.830148435810499E-005
   6.33431085043988      -9.864365728724862E-005
   6.35190615835777      -9.620419240752634E-005
   6.36950146627566      -9.625395955439046E-005
   6.38709677419355      -9.348974486162022E-005
   6.40469208211144      -9.328279076200673E-005
   6.42228739002933      -9.024406118575805E-005
   6.43988269794721      -8.986207128840514E-005
   6.45747800586510      -8.665495530870142E-005
   6.47507331378299      -8.619983347743368E-005
   6.49266862170088      -8.291107868905311E-005
   6.51026392961877      -8.245504862158463E-005
   6.52785923753666      -7.914288914811930E-005
   6.54545454545455      -7.872852267768910E-005
   6.56304985337243      -7.541856198249461E-005
   6.58064516129032      -7.505019387477089E-005
   6.59824046920821      -7.171962736902320E-005
   6.61583577712610      -7.132922968533277E-005
   6.63343108504399      -6.785846149405067E-005
   6.65102639296188      -6.732491922873335E-005
   6.66862170087977      -6.364397462007940E-005
   6.68621700879765      -6.294004444322589E-005
   6.70381231671554      -5.904366517817053E-005
   6.72140762463343      -5.817667976734742E-005
   6.73900293255132      -5.408085505501206E-005
   6.75659824046921      -5.307161485794840E-005
   6.77419354838710      -4.879982620839274E-005
   6.79178885630499      -4.767098973740091E-005
   6.80938416422287      -4.324107805219385E-005
   6.82697947214076      -4.200412172102870E-005
   6.84457478005865      -3.743750962556918E-005
   6.86217008797654      -3.613859566649115E-005
   6.87976539589443      -3.150132492868459E-005
   6.89736070381232      -3.021396658291796E-005
   6.91495601173021      -2.558289816095712E-005
   6.93255131964809      -2.438379340659197E-005
   6.95014662756598      -1.983352544886049E-005
   6.96774193548387      -1.879126842817805E-005
   6.98533724340176      -1.438079420252879E-005
   7.00293255131965      -1.353516659476037E-005
   7.02052785923754      -9.256889984256846E-006
   7.03812316715543      -8.517977284430752E-006
   7.05571847507331      -4.234367463529529E-006
   7.07331378299120      -3.485970843004203E-006
   7.09090909090909       8.813198407339262E-007
   7.10850439882698       1.693206989249465E-006
   7.12609970674487       6.179001839265339E-006
   7.14369501466276       7.075001876096415E-006
   7.16129032258065       1.168755287580593E-005
   7.17888563049853       1.266734977258287E-005
   7.19648093841642       1.740000764224671E-005
   7.21407624633431       1.845984712765091E-005
   7.23167155425220       2.332767857592742E-005
   7.24926686217009       2.450102494762343E-005
   7.26686217008798       2.952775612643976E-005
   7.28445747800587       3.081479921166678E-005
   7.30205278592375       3.597932845534420E-005
   7.31964809384164       3.734228504082656E-005
   7.33724340175953       4.259090304139403E-005
   7.35483870967742       4.396232143705237E-005
   7.37243401759531       4.921377172442376E-005
   7.39002932551320       5.050047424412425E-005
   7.40762463343109       5.565089906245967E-005
   7.42521994134897       5.676938720047210E-005
   7.44281524926686       6.181168878836534E-005
   7.46041055718475       6.283287857579435E-005
   7.47800586510264       6.785490385072006E-005
   7.49560117302053       6.885202761438529E-005
   7.51319648093842       7.391046227514986E-005
   7.53079178885631       7.492483087200167E-005
   7.54838709677419       8.004432400208777E-005
   7.56598240469208       8.108452404062288E-005
   7.58357771260997       8.625562336949286E-005
   7.60117302052786       8.729360604547306E-005
   7.61876832844575       9.247375344169631E-005
   7.63636363636364       9.349061016460535E-005
   7.65395894428153       9.871843275380307E-005
   7.67155425219941       9.978660779047302E-005
   7.68914956011730       1.051291796639381E-004
   7.70674486803519       1.063010593048887E-004
   7.72434017595308       1.117921837572628E-004
   7.74193548387097       1.130812243368918E-004
   7.75953079178886       1.187095908778297E-004
   7.77712609970675       1.200757462971600E-004
   7.79472140762463       1.257638387526588E-004
   7.81231671554252       1.270742575260231E-004
   7.82991202346041       1.326334110186132E-004
   7.84750733137830       1.337213422940388E-004
   7.86510263929619       1.390729665256543E-004
   7.88269794721408       1.399264617899655E-004
   7.90029325513197       1.450834671581503E-004
   7.91788856304985       1.457262297016539E-004
   7.93548387096774       1.507145217320116E-004
   7.95307917888563       1.511700153012345E-004
   7.97067448680352       1.560035872585214E-004
   7.98826979472141       1.562707431594142E-004
   8.00586510263930       1.609186335517358E-004
   8.02346041055718       1.609234406474937E-004
   8.04105571847507       1.653016294267233E-004
   8.05865102639296       1.650227584543460E-004
   8.07624633431085       1.691832584100381E-004
   8.09384164222874       1.687112171797298E-004
   8.11143695014663       1.727621622113887E-004
   8.12903225806452       1.722165121752511E-004
   8.14662756598241       1.762814609633425E-004
   8.16422287390029       1.757859456329651E-004
   8.18181818181818       1.799810346676517E-004
   8.19941348973607       1.796361369285599E-004
   8.21700879765396       1.840163510928864E-004
   8.23460410557185       1.837865695281393E-004
   8.25219941348974       1.882473420661069E-004
   8.26979472140763       1.880441849610474E-004
   8.28739002932551       1.925410080052313E-004
   8.30498533724340       1.923507186932508E-004
   8.32258064516129       1.968892676200156E-004
   8.34017595307918       1.967318117310598E-004
   8.35777126099707       2.013398065633520E-004
   8.37536656891496       2.012459024590099E-004
   8.39296187683285       2.059481688082150E-004
   8.41055718475073       2.059180565927893E-004
   8.42815249266862       2.106439529598149E-004
   8.44574780058651       2.105368917735381E-004
   8.46334310850440       2.151538548322327E-004
   8.48093841642229       2.149001929041009E-004
   8.49853372434018       2.193908753574164E-004
   8.51612903225807       2.190126008581296E-004
   8.53372434017595       2.234310902048221E-004
   8.55131964809384       2.230118076901278E-004
   8.56891495601173       2.274670231194028E-004
   8.58651026392962       2.271399548449810E-004
   8.60410557184751       2.317848751048780E-004
   8.62170087976540       2.316920322140962E-004
   8.63929618768329       2.365735293507534E-004
   8.65689149560117       2.366433663320738E-004
   8.67448680351906       2.416532876441868E-004
   8.69208211143695       2.418022796973670E-004
   8.70967741935484       2.468842493683026E-004
   8.72727272727273       2.470839514892993E-004
   8.74486803519062       2.522359903269558E-004
   8.76246334310851       2.525129056523753E-004
   8.78005865102639       2.577898668633900E-004
   8.79765395894428       2.582311510606535E-004
   8.81524926686217       2.637492727070741E-004
   8.83284457478006       2.644463217766939E-004
   8.85043988269795       2.701920450864808E-004
   8.86803519061584       2.710486994016369E-004
   8.88563049853373       2.769140891404030E-004
   8.90322580645161       2.778402364452289E-004
   8.92082111436950       2.837564515619667E-004
   8.93841642228739       2.847098969493919E-004
   8.95601173020528       2.906638594718940E-004
   8.97360703812317       2.916677000463063E-004
   8.99120234604106       2.977248602087503E-004
   9.00879765395895       2.989070240181365E-004
   9.02639296187683       3.052537754369618E-004
   9.04398826979472       3.067699099404933E-004
   9.06158357771261       3.134406974516562E-004
   9.07917888563050       3.152350045111328E-004
   9.09677419354839       3.221442587466284E-004
   9.11436950146628       3.241251235964286E-004
   9.13196480938416       3.311826564663941E-004
   9.14956011730205       3.332703871859678E-004
   9.16715542521994       3.404122951464765E-004
   9.18475073313783       3.425688525454161E-004
   9.20234604105572       3.497958377854863E-004
   9.21994134897361       3.520855545481522E-004
   9.23753665689150       3.595013059738295E-004
   9.25513196480938       3.619760989643987E-004
   9.27272727272727       3.695406349663614E-004
   9.29032258064516       3.721117403620429E-004
   9.30791788856305       3.797166768179342E-004
   9.32551319648094       3.822694069368356E-004
   9.34310850439883       3.898014437334660E-004
   9.36070381231672       3.922332803811689E-004
   9.37829912023460       3.996094698178541E-004
   9.39589442815249       4.018724502298281E-004
   9.41348973607038       4.091154579708619E-004
   9.43108504398827       4.113499954085958E-004
   9.44868035190616       4.186537715842109E-004
   9.46627565982405       4.209827050007183E-004
   9.48387096774194       4.283722371200153E-004
   9.50146627565982       4.307622283532246E-004
   9.51906158357771       4.381661579398434E-004
   9.53665689149560       4.405204133227765E-004
   9.55425219941349       4.478232992872142E-004
   9.57184750733138       4.500173346002678E-004
   9.58944281524927       4.570930240528924E-004
   9.60703812316716       4.590191557208344E-004
   9.62463343108504       4.658310493026281E-004
   9.64222873900293       4.675642996768225E-004
   9.65982404692082       4.742282619853473E-004
   9.67741935483871       4.758362233989148E-004
   9.69501466275660       4.823609180119957E-004
   9.71260997067449       4.838132387721400E-004
   9.73020527859238       4.901360876988037E-004
   9.74780058651026       4.913463217085203E-004
   9.76539589442815       4.973610616582788E-004
   9.78299120234604       4.982116972540084E-004
   9.80058651026393       5.037986283303008E-004
   9.81818181818182       5.042123468514783E-004
   9.83577712609971       5.094291180594673E-004
   9.85337243401760       5.096021931009032E-004
   9.87096774193548       5.146522199166641E-004
   9.88856304985337       5.147246826610932E-004
   9.90615835777126       5.196903716552509E-004
   9.92375366568915       5.196971597969718E-004
   9.94134897360704       5.245691800298040E-004
   9.95894428152493       5.244609889015737E-004
   9.97653958944282       5.291505629451270E-004
   9.99413489736071       5.288021730232301E-004
   10.0117302052786       5.331539425529569E-004
   10.0293255131965       5.324583474103385E-004
   10.0469208211144       5.365173464921588E-004
   10.0645161290323       5.356379656168564E-004
   10.0821114369501       5.395695754572318E-004
   10.0997067448680       5.386305184732858E-004
   10.1173020527859       5.425146964494225E-004
   10.1348973607038       5.415516582415911E-004
   10.1524926686217       5.453756805665560E-004
   10.1700879765396       5.443250497692445E-004
   10.1876832844575       5.479666053103889E-004
   10.2052785923754       5.466349295724697E-004
   10.2228739002933       5.498487213538416E-004
   10.2404692082111       5.480796959821919E-004
   10.2580645161290       5.509146768065287E-004
   10.2756598240469       5.488859450046271E-004
   10.2932551319648       5.515332728896454E-004
   10.3108504398827       5.494195650574518E-004
   10.3284457478006       5.520252560896674E-004
   10.3460410557185       5.499356003148004E-004
   10.3636363636364       5.525607476553102E-004
   10.3812316715543       5.504965798118181E-004
   10.3988269794721       5.530610632700782E-004
   10.4164222873900       5.508233212656845E-004
   10.4340175953079       5.530463631176505E-004
   10.4516129032258       5.504573536815070E-004
   10.4692082111437       5.523484236089610E-004
   10.4868035190616       5.495182020624704E-004
   10.5043988269795       5.512137346653571E-004
   10.5219941348974       5.482802954365234E-004
   10.5395894428153       5.498998665433846E-004
   10.5571847507331       5.469496078396575E-004
   10.5747800586510       5.485238117757425E-004
   10.5923753665689       5.455055115315136E-004
   10.6099706744868       5.468295391713202E-004
   10.6275659824047       5.433060247058927E-004
   10.6451612903226       5.438555099527709E-004
   10.6627565982405       5.395078587616251E-004
   10.6803519061584       5.392239636410477E-004
   10.6979472140762       5.341424441485572E-004
   10.7155425219941       5.331987899781624E-004
   10.7331378299120       5.276139838425451E-004
   10.7507331378299       5.262736724474428E-004
   10.7683284457478       5.204615776434436E-004
   10.7859237536657       5.189855727337164E-004
   10.8035190615836       5.131442262533514E-004
   10.8211143695015       5.115157224840098E-004
   10.8387096774194       5.052657582039270E-004
   10.8563049853372       5.029408929768058E-004
   10.8739002932551       4.959155523882796E-004
   10.8914956011730       4.927602132263128E-004
   10.9090909090909       4.849936032302817E-004
   10.9266862170088       4.811808783980799E-004
   10.9442815249267       4.729698225186197E-004
   10.9618768328446       4.689101166025930E-004
   10.9794721407625       4.607743781530875E-004
   10.9970674486804       4.570932883951123E-004
   11.0146627565982       4.497321856656648E-004
   11.0322580645161       4.469272571787793E-004
   11.0498533724340       4.403217857742524E-004
   11.0674486803519       4.380181939397639E-004
   11.0850439882698       4.317800223064199E-004
   11.1026392961877       4.296831854349713E-004
   11.1202346041056       4.236214207452224E-004
   11.1378299120235       4.216522022067519E-004
   11.1554252199413       4.158129319225920E-004
   11.1730205278592       4.141604341459028E-004
   11.1906158357771       4.089058187292421E-004
   11.2082111436950       4.081761836039459E-004
   11.2258064516129       4.043358789091036E-004
   11.2434017595308       4.051814769243758E-004
   11.2609970674487       4.028482654406475E-004
   11.2785923753666       4.049412116740085E-004
   11.2961876832845       4.036466010974932E-004
   11.3137829912023       4.064711811919982E-004
   11.3313782991202       4.056895988542877E-004
   11.3489736070381       4.087386694797263E-004
   11.3665689149560       4.080088274788414E-004
   11.3841642228739       4.108983503862489E-004
   11.4017595307918       4.099687988819655E-004
   11.4193548387097       4.127093582133361E-004
   11.4369501466276       4.119287389220534E-004
   11.4545454545455       4.149396437936255E-004
   11.4721407624633       4.145014484364273E-004
   11.4897360703812       4.177711181103710E-004
   11.5073313782991       4.175620303083254E-004
   11.5249266862170       4.209207231650104E-004
   11.5425219941349       4.207519428297432E-004
   11.5601173020528       4.240210965001318E-004
   11.5777126099707       4.237671425258700E-004
   11.5953079178886       4.269292504624866E-004
   11.6129032258065       4.268479192239573E-004
   11.6304985337243       4.307306090522094E-004
   11.6480938416422       4.320757058807108E-004
   11.6656891495601       4.377410693865961E-004
   11.6832844574780       4.411200885932152E-004
   11.7008797653959       4.488352488159007E-004
   11.7184750733138       4.542684896867892E-004
   11.7360703812317       4.638447803153238E-004
   11.7536656891496       4.709608373155384E-004
   11.7712609970675       4.818603680992425E-004
   11.7888563049853       4.899702573475082E-004
   11.8064516129032       5.013746594367017E-004
   11.8240469208211       5.097678835326046E-004
   11.8416422287390       5.215510371057297E-004
   11.8592375366569       5.307189922573202E-004
   11.8768328445748       5.434751255198264E-004
   11.8944281524927       5.538176423708870E-004
   11.9120234604106       5.677370599170637E-004
   11.9296187683284       5.792302687730732E-004
   11.9472140762463       5.940599598445750E-004
   11.9648093841642       6.062013298580031E-004
   11.9824046920821       6.211496392605925E-004
   12.0000000000000       6.327883434245974E-004
   12.0175953079179       6.462945398206275E-004
   12.0351906158358       6.560438472969087E-004
   12.0527859237537       6.678861902421324E-004
   12.0703812316716       6.766280092860876E-004
   12.0879765395894       6.880519045363551E-004
   12.1055718475073       6.970693397721034E-004
   12.1231671554252       7.093028523601278E-004
   12.1407624633431       7.196981058439602E-004
   12.1583577712610       7.336493823977861E-004
   12.1759530791789       7.460419907036999E-004
   12.1935483870968       7.619086560174081E-004
   12.2111436950147       7.757070755939216E-004
   12.2287390029326       7.916279488804835E-004
   12.2463343108504       8.043733957378331E-004
   12.2639296187683       8.187740327418286E-004
   12.2815249266862       8.301539855703938E-004
   12.2991202346041       8.435143229153126E-004
   12.3167155425220       8.545251988985451E-004
   12.3343108504399       8.682470574112572E-004
   12.3519061583578       8.806235606440906E-004
   12.3695014662757       8.967227786460595E-004
   12.3870967741935       9.127217648102259E-004
   12.4046920821114       9.336503900841060E-004
   12.4222873900293       9.555566066572945E-004
   12.4398826979472       9.825370676012704E-004
   12.4574780058651       1.010247505643666E-003
   12.4750733137830       1.042700799674817E-003
   12.4926686217009       1.075755810097284E-003
   12.5102639296188       1.113353125252390E-003
   12.5278592375367       1.151515899864987E-003
   12.5454545454545       1.194055611138057E-003
   12.5630498533724       1.237091275297108E-003
   12.5806451612903       1.284173459208374E-003
   12.5982404692082       1.331285393329603E-003
   12.6158357771261       1.380745569491280E-003
   12.6334310850440       1.426197623575750E-003
   12.6510263929619       1.468897985971703E-003
   12.6686217008798       1.503718360714813E-003
   12.6862170087977       1.532856866019311E-003
   12.7038123167155       1.552235804559707E-003
   12.7214076246334       1.564795156214879E-003
   12.7390029325513       1.567534664392660E-003
   12.7565982404692       1.564288680988789E-003
   12.7741935483871       1.553487968454773E-003
   12.7917888563050       1.540454388171417E-003
   12.8093841642229       1.526841942589044E-003
   12.8269794721408       1.521514148008944E-003
   12.8445747800587       1.524927432516193E-003
   12.8621700879765       1.540891865167504E-003
   12.8797653958944       1.566908493368454E-003
   12.8973607038123       1.604958944424700E-003
   12.9149560117302       1.651287136982326E-003
   12.9325513196481       1.706588100139641E-003
   12.9501466275660       1.766138889505737E-003
   12.9677419354839       1.829423984741649E-003
   12.9853372434018       1.890647675443281E-003
   13.0029325513196       1.947568124208255E-003
   13.0205278592375       1.993038881572846E-003
   13.0381231671554       2.027085486976820E-003
   13.0557184750733       2.047616420702260E-003
   13.0733137829912       2.056841728263928E-003
   13.0909090909091       2.053707765912677E-003
   13.1085043988270       2.041014690701689E-003
   13.1260997067449       2.018413849404319E-003
   13.1436950146628       1.989180686245513E-003
   13.1612903225806       1.953713934515065E-003
   13.1788856304985       1.915981040355552E-003
   13.1964809384164       1.877582634200854E-003
   13.2140762463343       1.844335710045176E-003
   13.2316715542522       1.817629820086268E-003
   13.2492668621701       1.798248874180191E-003
   13.2668621700880       1.783614826192776E-003
   13.2844574780059       1.772562334929379E-003
   13.3020527859238       1.761417763460878E-003
   13.3196480938416       1.747885130259491E-003
   13.3372434017595       1.727538646128784E-003
   13.3548387096774       1.697155943885667E-003
   13.3724340175953       1.651709681353775E-003
   13.3900293255132       1.587187940344318E-003
   13.4076246334311       1.498480038554194E-003
   13.4252199413490       1.388200128872454E-003
   13.4428152492669       1.265005817518402E-003
   13.4604105571848       1.137731771706688E-003
   13.4780058651026       1.013583593883732E-003
   13.4956011730205       8.994120923312087E-004
   13.5131964809384       8.004712441418663E-004
   13.5307917888563       7.212170352071012E-004
   13.5483870967742       6.641932349059127E-004
   13.5659824046921       6.303327452949611E-004
   13.5835777126100       6.174126571517552E-004
   13.6011730205279       6.186257594356084E-004
   13.6187683284457       6.149239745931246E-004
   13.6363636363636       5.838473825077859E-004
   13.6539589442815       5.159231195626421E-004
   13.6715542521994       4.051725237978911E-004
   13.6891495601173       2.518727136109038E-004
   13.7067448680352       5.769647875088147E-005
   13.7243401759531      -1.704762800247572E-004
   13.7419354838710      -4.245781597205333E-004
   13.7595307917889      -6.912098291157045E-004
   13.7771260997067      -9.548699529931964E-004
   13.7947214076246      -1.193230123341698E-003
   13.8123167155425      -1.376690662709129E-003
   13.8299120234604      -1.484232871958216E-003
   13.8475073313783      -1.518546725005761E-003
   13.8651026392962      -1.485458642632109E-003
   13.8826979472141      -1.397280295776679E-003
   13.9002932551320      -1.264659480428087E-003
   13.9178885630499      -1.103508802238048E-003
   13.9354838709677      -9.268761223468491E-004
   13.9530791788856      -7.526549953650599E-004
   13.9706744868035      -5.950427274862342E-004
   13.9882697947214      -4.727160595023108E-004
   14.0058651026393      -3.987841013486258E-004
   14.0234604105572      -3.758466634926013E-004
   14.0410557184751      -3.837809987556422E-004
   14.0586510263930      -4.094738886066194E-004
   14.0762463343109      -4.368178775743661E-004
   14.0938416422287      -4.569264360405976E-004
   14.1114369501466      -4.574856609539712E-004
   14.1290322580645      -4.334920435491480E-004
   14.1466275659824      -3.766507025323642E-004
   14.1642228739003      -2.865727992210178E-004
   14.1818181818182      -1.606502763429510E-004
   14.1994134897361      -6.469681098547952E-006
   14.2170087976540       1.624642343063334E-004
   14.2346041055718       3.211311635744113E-004
   14.2521994134897       4.616463938070697E-004
   14.2697947214076       5.732393299754208E-004
   14.2873900293255       6.562670429493756E-004
   14.3049853372434       7.056189074513264E-004
   14.3225806451613       7.262718648716051E-004
   14.3401759530792       7.171348556925894E-004
   14.3577712609971       6.871408474807486E-004
   14.3753665689150       6.391939082810752E-004
   14.3929618768328       5.868680477355011E-004
   14.4105571847507       5.397845287890733E-004
   14.4281524926686       5.132014986673446E-004
   14.4457478005865       5.043046696880670E-004
   14.4633431085044       5.161272393513676E-004
   14.4809384164223       5.413128155721852E-004
   14.4985337243402       5.810510076597966E-004
   14.5161290322581       6.264097975097505E-004
   14.5337243401760       6.777275679556876E-004
   14.5513196480938       7.250934923242589E-004
   14.5689149560117       7.683177252666848E-004
   14.5865102639296       7.966681184274475E-004
   14.6041055718475       8.093454598400388E-004
   14.6217008797654       7.964199943944732E-004
   14.6392961876833       7.631777683595875E-004
   14.6568914956012       7.052653275075547E-004
   14.6744868035191       6.296199573885643E-004
   14.6920821114370       5.322959837136175E-004
   14.7096774193548       4.209808352029141E-004
   14.7272727272727       2.921287221381902E-004
   14.7448680351906       1.543141142910036E-004
   14.7624633431085       4.639315297685243E-006
   14.7800586510264      -1.469302348010158E-004
   14.7976539589443      -3.017553001741561E-004
   14.8152492668622      -4.460158769846439E-004
   14.8328445747801      -5.787842370872798E-004
   14.8504398826979      -6.903044661220369E-004
   14.8680351906158      -7.852436989194500E-004
   14.8856304985337      -8.566606683673541E-004
   14.9032258064516      -9.115896529231510E-004
   14.9208211143695      -9.447617437353918E-004
   14.9384164222874      -9.651826253602549E-004
   14.9560117302053      -9.691758473725229E-004
   14.9736070381232      -9.679348365766860E-004
   14.9912023460411      -9.599157827927065E-004
   15.0087976539589      -9.602396275419156E-004
   15.0263929618768      -9.687366337823467E-004
   15.0439882697947      -9.939870977796620E-004
   15.0615835777126      -1.027450685040842E-003
   15.0791788856305      -1.074647358011735E-003
   15.0967741935484      -1.125390163553417E-003
   15.1143695014663      -1.184291557859334E-003
   15.1319648093842      -1.240206975094584E-003
   15.1495601173021      -1.297296354040703E-003
   15.1671554252199      -1.343730486003232E-003
   15.1847507331378      -1.383437451657691E-003
   15.2023460410557      -1.404103895051385E-003
   15.2199413489736      -1.411921603345219E-003
   15.2375366568915      -1.402358029180779E-003
   15.2551319648094      -1.388152147026709E-003
   15.2727272727273      -1.364946064464010E-003
   15.2903225806452      -1.345151892337933E-003
   15.3079178885631      -1.323719416535452E-003
   15.3255131964809      -1.312743861718819E-003
   15.3431085043988      -1.306419246228534E-003
   15.3607038123167      -1.316407258474722E-003
   15.3782991202346      -1.335885578583472E-003
   15.3958944281525      -1.375635628371448E-003
   15.4134897360704      -1.425945407933454E-003
   15.4310850439883      -1.491155277361745E-003
   15.4486803519062      -1.556974848353099E-003
   15.4662756598240      -1.629002522051678E-003
   15.4838709677419      -1.694555889506989E-003
   15.5014662756598      -1.760669367024250E-003
   15.5190615835777      -1.815547404642297E-003
   15.5366568914956      -1.867464330726298E-003
   15.5542521994135      -1.905515687740290E-003
   15.5718475073314      -1.939436182381158E-003
   15.5894428152493      -1.959681973607313E-003
   15.6070381231672      -1.978952726673880E-003
   15.6246334310850      -1.992256817287332E-003
   15.6422287390029      -2.014243087263974E-003
   15.6598240469208      -2.036176005186251E-003
   15.6774193548387      -2.069533965560160E-003
   15.6950146627566      -2.103530463749255E-003
   15.7126099706745      -2.148253807096017E-003
   15.7302052785924      -2.191378824271773E-003
   15.7478005865103      -2.241825083893424E-003
   15.7653958944282      -2.285691152628925E-003
   15.7829912023460      -2.330424774033150E-003
   15.8005865102639      -2.359723419960593E-003
   15.8181818181818      -2.378080324230697E-003
   15.8357771260997      -2.370094312733744E-003
   15.8533724340176      -2.347060038976899E-003
   15.8709677419355      -2.297675023097471E-003
   15.8885630498534      -2.235228131024268E-003
   15.9061583577713      -2.149521848943906E-003
   15.9237536656892      -2.055050887949311E-003
   15.9413489736070      -1.942356851428567E-003
   15.9589442815249      -1.827023582470759E-003
   15.9765395894428      -1.700387876350356E-003
   15.9941348973607      -1.579397690827697E-003
   16.0117302052786      -1.457169807192228E-003
   16.0293255131965      -1.351710924182357E-003
   16.0469208211144      -1.252764099787106E-003
   16.0645161290323      -1.174921373404864E-003
   16.0821114369501      -1.105959340501229E-003
   16.0997067448680      -1.059591145677955E-003
   16.1173020527859      -1.022369751580940E-003
   16.1348973607038      -1.007276114802116E-003
   16.1524926686217      -9.995667976412529E-004
   16.1700879765396      -1.011194707276532E-003
   16.1876832844575      -1.025502011684983E-003
   16.2052785923754      -1.051655154155620E-003
   16.2228739002933      -1.066423523940592E-003
   16.2404692082111      -1.075057013037561E-003
   16.2580645161290      -1.057874566892845E-003
   16.2756598240469      -1.025456614782240E-003
   16.2932551319648      -9.608867918603855E-004
   16.3108504398827      -8.777305572386731E-004
   16.3284457478006      -7.612248849394970E-004
   16.3460410557185      -6.278363337080908E-004
   16.3636363636364      -4.652887466686407E-004
   16.3812316715543      -2.939202518874991E-004
   16.3988269794721      -1.059414151154469E-004
   16.4164222873900       6.878691638834505E-005
   16.4340175953079       2.319767951232687E-004
   16.4516129032258       3.619004193728663E-004
   16.4692082111437       4.712370436013063E-004
   16.4868035190616       5.435170580901309E-004
   16.5043988269795       5.957225256563592E-004
   16.5219941348974       6.142697053211221E-004
   16.5395894428153       6.194728809467190E-004
   16.5571847507331       6.002952522679105E-004
   16.5747800586510       5.805539653681842E-004
   16.5923753665689       5.524550500474933E-004
   16.6099706744868       5.457552545255660E-004
   16.6275659824047       5.529908713373055E-004
   16.6451612903226       5.921912324399764E-004
   16.6627565982405       6.435259892647959E-004
   16.6803519061584       7.210873108132039E-004
   16.6979472140762       8.026848822401142E-004
   16.7155425219941       9.012617249534291E-004
   16.7331378299120       9.931474274655640E-004
   16.7507331378299       1.090684271983894E-003
   16.7683284457478       1.168975568655951E-003
   16.7859237536657       1.239879320171260E-003
   16.8035190615836       1.277084057636955E-003
   16.8211143695015       1.294077182556335E-003
   16.8387096774194       1.272325805975320E-003
   16.8563049853372       1.233766988972770E-003
   16.8739002932551       1.161344069229583E-003
   16.8914956011730       1.077949019662625E-003
   16.9090909090909       9.665617784037977E-004
   16.9266862170088       8.509409341254996E-004
   16.9442815249267       7.141151855204988E-004
   16.9618768328446       5.808749595156742E-004
   16.9794721407625       4.346056708969329E-004
   16.9970674486804       3.017622110824272E-004
   17.0146627565982       1.678435116736367E-004
   17.0322580645161       6.179278435394564E-005
   17.0498533724340      -3.439448065572481E-005
   17.0674486803519      -9.538587228193723E-005
   17.0850439882698      -1.422052019838815E-004
   17.1026392961877      -1.507778564447067E-004
   17.1202346041056      -1.443924222811804E-004
   17.1378299120235      -1.000319400903246E-004
   17.1554252199413      -4.342204383739022E-005
   17.1730205278592       4.695004132272065E-005
   17.1906158357771       1.419453706395581E-004
   17.2082111436950       2.586180201164952E-004
   17.2258064516129       3.580994640274107E-004
   17.2434017595308       4.552123864069635E-004
   17.2609970674487       5.167818490457299E-004
   17.2785923753666       5.646307507235675E-004
   17.2961876832845       5.683100012432495E-004
   17.3137829912023       5.537926396491078E-004
   17.3313782991202       4.925373795419214E-004
   17.3489736070381       4.146216202796598E-004
   17.3665689149560       2.937459469072082E-004
   17.3841642228739       1.653787081611905E-004
   17.4017595307918       8.294236349631334E-006
   17.4193548387097      -1.283459295233571E-004
   17.4369501466276      -2.577114758125234E-004
   17.4545454545455      -3.376046097710755E-004
   17.4721407624633      -3.942489822301220E-004
   17.4897360703812      -3.902556223692737E-004
   17.5073313782991      -3.586644889077127E-004
   17.5249266862170      -2.646115479187755E-004
   17.5425219941349      -1.473838166764790E-004
   17.5601173020528       2.555268605161344E-005
   17.5777126099707       2.074633675775802E-004
   17.5953079178886       4.268319092445854E-004
   17.6129032258065       6.225770222280827E-004
   17.6304985337243       8.162129771542976E-004
   17.6480938416422       9.537037022724399E-004
   17.6656891495601       1.075667402386315E-003
   17.6832844574780       1.132923211594037E-003
   17.7008797653959       1.175045562250570E-003
   17.7184750733138       1.152658409700742E-003
   17.7360703812317       1.123656069534481E-003
   17.7536656891496       1.036704896906594E-003
   17.7712609970675       9.591974720685468E-004
   17.7888563049853       8.368552763071384E-004
   17.8064516129032       7.506998537884493E-004
   17.8240469208211       6.419607379711949E-004
   17.8416422287390       5.952415155420827E-004
   17.8592375366569       5.261699422180660E-004
   17.8768328445748       5.288059740223160E-004
   17.8944281524927       4.966790284591459E-004
   17.9120234604106       5.459239018547614E-004
   17.9296187683284       5.350784362960883E-004
   17.9472140762463       6.221203328894199E-004
   17.9648093841642       5.922932221716422E-004
   17.9824046920821       7.028552881475897E-004
   18.0000000000000       4.327266168909618E-004
