  0.000000000000000E+000 -1.760640092517297E-003
  1.759530791788856E-002 -7.313574880307359E-004
  3.519061583577713E-002 -8.076123454702322E-004
  5.278592375366570E-002 -4.954047660217751E-004
  7.038123167155426E-002 -5.534121418460081E-004
  8.797653958944282E-002 -3.781936881159004E-004
  0.105571847507331      -4.261085753706212E-004
  0.123167155425220      -3.073507138129788E-004
  0.140762463343109      -3.486556231920800E-004
  0.158357771260997      -2.602730384176835E-004
  0.175953079178886      -2.968798794114173E-004
  0.193548387096774      -2.273417462844830E-004
  0.211143695014663      -2.604396210951134E-004
  0.228739002932551      -2.036760405078521E-004
  0.246334310850440      -2.340093565182796E-004
  0.263929618768328      -1.863992089799074E-004
  0.281524926686217      -2.144577838963366E-004
  0.299120234604106      -1.736871379165288E-004
  0.316715542521994      -1.998210149602678E-004
  0.334310850439883      -1.643208207156944E-004
  0.351906158357771      -1.887832093836720E-004
  0.369501466275660      -1.574353094872153E-004
  0.387096774193548      -1.804085281100123E-004
  0.404692082111437      -1.523790955157405E-004
  0.422287390029326      -1.739825243971090E-004
  0.439882697947214      -1.486067537977531E-004
  0.457478005865103      -1.689007279343094E-004
  0.475073313782991      -1.456468033519900E-004
  0.492668621700880      -1.646767768760530E-004
  0.510263929618768      -1.431214520297027E-004
  0.527859237536657      -1.609203723928952E-004
  0.545454545454546      -1.407181459695889E-004
  0.563049853372434      -1.573082448654199E-004
  0.580645161290323      -1.381715508760368E-004
  0.598240469208211      -1.535655897803350E-004
  0.615835777126100      -1.352499940972371E-004
  0.633431085043988      -1.494613272054817E-004
  0.651026392961877      -1.317892529020507E-004
  0.668621700879765      -1.448729189016978E-004
  0.686217008797654      -1.277304942313530E-004
  0.703812316715543      -1.397581157466689E-004
  0.721407624633431      -1.230707019367621E-004
  0.739002932551320      -1.341286056091143E-004
  0.756598240469208      -1.178609267603703E-004
  0.774193548387097      -1.280589900696639E-004
  0.791788856304985      -1.122258790551549E-004
  0.809384164222874      -1.217293182484545E-004
  0.826979472140763      -1.064822248414924E-004
  0.844574780058651      -1.156449991825734E-004
  0.862170087976540      -1.012756536435351E-004
  0.879765395894428      -1.104300877557238E-004
  0.897360703812317      -9.714644840585973E-005
  0.914956011730205      -1.065435314539138E-004
  0.932551319648094      -9.449836625009734E-005
  0.950146627565982      -1.043308524820205E-004
  0.967741935483871      -9.362700438806770E-005
  0.985337243401760      -1.040263207963598E-004
   1.00293255131965      -9.469890927762222E-005
   1.02052785923754      -1.056682595197173E-004
   1.03812316715543      -9.751393960412758E-005
   1.05571847507331      -1.087719965000870E-004
   1.07331378299120      -1.014558309434402E-004
   1.09090909090909      -1.127464813833272E-004
   1.10850439882698      -1.059944406625657E-004
   1.12609970674487      -1.170983986427622E-004
   1.14369501466276      -1.106652152735736E-004
   1.16129032258065      -1.213808450656600E-004
   1.17888563049853      -1.150363376831676E-004
   1.19648093841642      -1.251676611866121E-004
   1.21407624633431      -1.186809693955289E-004
   1.23167155425220      -1.280307956363934E-004
   1.24926686217009      -1.212151405525333E-004
   1.26686217008798      -1.296787946231598E-004
   1.28445747800587      -1.224420575970599E-004
   1.30205278592375      -1.299771540461600E-004
   1.31964809384164      -1.222754104194331E-004
   1.33724340175953      -1.288833855743744E-004
   1.35483870967742      -1.207204516764611E-004
   1.37243401759531      -1.264546479747601E-004
   1.39002932551320      -1.178991676981955E-004
   1.40762463343109      -1.229051139477816E-004
   1.42521994134897      -1.141994098881533E-004
   1.44281524926686      -1.188678439190279E-004
   1.46041055718475      -1.104078499170370E-004
   1.47800586510264      -1.150788421764727E-004
   1.49560117302053      -1.071211865964318E-004
   1.51319648093842      -1.120219127611677E-004
   1.53079178885631      -1.047405855578014E-004
   1.54838709677419      -1.100247313312333E-004
   1.56598240469208      -1.035245775944178E-004
   1.58357771260997      -1.092728059058022E-004
   1.60117302052786      -1.035745590881234E-004
   1.61876832844575      -1.097482434454924E-004
   1.63636363636364      -1.047234872412151E-004
   1.65395894428153      -1.112017425628911E-004
   1.67155425219941      -1.067797465538006E-004
   1.68914956011730      -1.135520292620085E-004
   1.70674486803519      -1.097357096938253E-004
   1.72434017595308      -1.168303349034961E-004
   1.74193548387097      -1.136467908983230E-004
   1.75953079178886      -1.211055206470010E-004
   1.77712609970675      -1.185868201736155E-004
   1.79472140762463      -1.264448579584378E-004
   1.81231671554252      -1.245826496091041E-004
   1.82991202346041      -1.326514349549742E-004
   1.84750733137830      -1.309085740379580E-004
   1.86510263929619      -1.384443659405298E-004
   1.88269794721408      -1.360632705580899E-004
   1.90029325513196      -1.423665645801768E-004
   1.91788856304985      -1.386833606173430E-004
   1.93548387096774      -1.431404927307664E-004
   1.95307917888563      -1.375799639551898E-004
   1.97067448680352      -1.396755679627304E-004
   1.98826979472141      -1.317814387208908E-004
   2.00586510263930      -1.311713840903191E-004
   2.02346041055718      -1.209362822050179E-004
   2.04105571847507      -1.183370681568690E-004
   2.05865102639296      -1.070793785375452E-004
   2.07624633431085      -1.039073224373646E-004
   2.09384164222874      -9.291206652432880E-005
   2.11143695014663      -9.036111119473652E-005
   2.12903225806452      -8.073375609918482E-005
   2.14662756598241      -7.983736261548305E-005
   2.16422287390029      -7.252678389485758E-005
   2.18181818181818      -7.414985985323278E-005
   2.19941348973607      -6.990266872655006E-005
   2.21700879765396      -7.454176037115701E-005
   2.23460410557185      -7.318140406522268E-005
   2.25219941348974      -7.987271811927182E-005
   2.26979472140762      -8.014828090972168E-005
   2.28739002932551      -8.773914320282522E-005
   2.30498533724340      -8.859841607273710E-005
   2.32258064516129      -9.611851375248952E-005
   2.34017595307918      -9.665236034084188E-005
   2.35777126099707      -1.032576633211147E-004
   2.37536656891496      -1.026795115913121E-004
   2.39296187683284      -1.076553858788215E-004
   2.41055718475073      -1.053512662627137E-004
   2.42815249266862      -1.083780266199459E-004
   2.44574780058651      -1.044894524764388E-004
   2.46334310850440      -1.060054664927561E-004
   2.48093841642229      -1.009821129298965E-004
   2.49853372434018      -1.013877418724766E-004
   2.51612903225806      -9.559508809660607E-005
   2.53372434017595      -9.523660606405545E-005
   2.55131964809384      -8.900052950519323E-005
   2.56891495601173      -8.819361055581711E-005
   2.58651026392962      -8.181577458600446E-005
   2.60410557184751      -8.085711400072741E-005
   2.62170087976540      -7.461313132560413E-005
   2.63929618768328      -7.372328541437673E-005
   2.65689149560117      -6.774871119654987E-005
   2.67448680351906      -6.701661917749662E-005
   2.69208211143695      -6.138011727989378E-005
   2.70967741935484      -6.086500336359795E-005
   2.72727272727273      -5.561086079190074E-005
   2.74486803519062      -5.534709580530589E-005
   2.76246334310850      -5.049305765982624E-005
   2.78005865102639      -5.048449901348372E-005
   2.79765395894428      -4.601031140922754E-005
   2.81524926686217      -4.620414300763950E-005
   2.83284457478006      -4.201598535068998E-005
   2.85043988269795      -4.232817691998245E-005
   2.86803519061584      -3.839068339361576E-005
   2.88563049853372      -3.883122828064343E-005
   2.90322580645161      -3.517619191942719E-005
   2.92082111436950      -3.579676840953715E-005
   2.93841642228739      -3.248842156915590E-005
   2.95601173020528      -3.336948505624184E-005
   2.97360703812317      -3.050025681386613E-005
   2.99120234604106      -3.175242686328034E-005
   3.00879765395894      -2.945213149230169E-005
   3.02639296187683      -3.120369774279265E-005
   3.04398826979472      -2.951301305777610E-005
   3.06158357771261      -3.168332795092483E-005
   3.07917888563050      -3.045007146590274E-005
   3.09677419354839      -3.286691755291480E-005
   3.11436950146628      -3.190330216982163E-005
   3.13196480938416      -3.436921621787869E-005
   3.14956011730205      -3.346463728788151E-005
   3.16715542521994      -3.575913591180646E-005
   3.18475073313783      -3.467716581071955E-005
   3.20234604105572      -3.654593230720033E-005
   3.21994134897361      -3.501219341456505E-005
   3.23753665689150      -3.622476404417100E-005
   3.25513196480938      -3.412797194925798E-005
   3.27272727272727      -3.467837815702105E-005
   3.29032258064516      -3.205447533729922E-005
   3.30791788856305      -3.200437814889574E-005
   3.32551319648094      -2.893373921430039E-005
   3.34310850439883      -2.838482469540999E-005
   3.36070381231672      -2.498788479519748E-005
   3.37829912023460      -2.408600605690512E-005
   3.39589442815249      -2.053699655306666E-005
   3.41348973607038      -1.950821607327734E-005
   3.43108504398827      -1.609577202774933E-005
   3.44868035190616      -1.523640491206147E-005
   3.46627565982405      -1.218580342305435E-005
   3.48387096774194      -1.165250952933953E-005
   3.50146627565982      -9.076429826968022E-006
   3.51906158357771      -8.952414670680157E-006
   3.53665689149560      -6.905160111235379E-006
   3.55425219941349      -7.219928118874644E-006
   3.57184750733138      -5.701746457043758E-006
   3.58944281524927      -6.425270793953830E-006
   3.60703812316716      -5.358832363979771E-006
   3.62463343108504      -6.338660787691280E-006
   3.64222873900293      -5.501910024181524E-006
   3.65982404692082      -6.527992889512349E-006
   3.67741935483871      -5.769841025145366E-006
   3.69501466275660      -6.737374701220792E-006
   3.71260997067449      -5.979230086491656E-006
   3.73020527859238      -6.833274092518086E-006
   3.74780058651026      -6.038152819902176E-006
   3.76539589442815      -6.761645466526016E-006
   3.78299120234604      -5.930458596140012E-006
   3.80058651026393      -6.548675571956456E-006
   3.81818181818182      -5.734536739868009E-006
   3.83577712609971      -6.310173073938866E-006
   3.85337243401760      -5.530638712181629E-006
   3.87096774193548      -6.026180476623977E-006
   3.88856304985337      -5.214174266595572E-006
   3.90615835777126      -5.551434614838183E-006
   3.92375366568915      -4.619250310025216E-006
   3.94134897360704      -4.705804117950114E-006
   3.95894428152493      -3.554935585842595E-006
   3.97653958944282      -3.289584701230860E-006
   3.99413489736070      -1.814123163416770E-006
   4.01173020527859      -1.092454371841585E-006
   4.02932551319648       7.691945104573542E-007
   4.04692082111437       1.899950271795382E-006
   4.06451612903226       4.010410803765872E-006
   4.08211143695015       5.385778830579703E-006
   4.09970674486804       7.582463158710352E-006
   4.11730205278592       9.039795879452663E-006
   4.13489736070381       1.116232107550489E-005
   4.15249266862170       1.254102998391082E-005
   4.17008797653959       1.443081622794837E-005
   4.18768328445748       1.557175934181695E-005
   4.20527859237537       1.707107076078060E-005
   4.22287390029326       1.783176639330056E-005
   4.24046920821114       1.886218369169452E-005
   4.25806451612903       1.924417854007245E-005
   4.27565982404692       1.984843318959786E-005
   4.29325513196481       1.990075785572886E-005
   4.31085043988270       2.013294435073964E-005
   4.32844574780059       1.991252310842763E-005
   4.34604105571848       1.983490788123892E-005
   4.36363636363636       1.940767080237018E-005
   4.38123167155425       1.909312567717716E-005
   4.39882697947214       1.853870006413624E-005
   4.41642228739003       1.807781184157156E-005
   4.43401759530792       1.747738633012698E-005
   4.45161290322581       1.690965304733858E-005
   4.46920821114370       1.625787982402199E-005
   4.48680351906158       1.555947612113612E-005
   4.50439882697947       1.482330866461493E-005
   4.52199413489736       1.395645844280391E-005
   4.53958944281525       1.309243149348477E-005
   4.55718475073314       1.201068043437856E-005
   4.57478005865103       1.096760981533234E-005
   4.59237536656892       9.617205536868817E-006
   4.60997067448680       8.337813987749615E-006
   4.62756598240469       6.687754428387424E-006
   4.64516129032258       5.214886602612034E-006
   4.66275659824047       3.382109162232820E-006
   4.68035190615836       1.856853826360500E-006
   4.69794721407625      -1.574457293867897E-008
   4.71554252199414      -1.451989980322371E-006
   4.73313782991202      -3.222711110244862E-006
   4.75073313782991      -4.430078815605103E-006
   4.76832844574780      -5.958994567016396E-006
   4.78592375366569      -6.799564233646670E-006
   4.80351906158358      -7.948975534132496E-006
   4.82111436950147      -8.304025525229195E-006
   4.83870967741935      -9.025752994321527E-006
   4.85630498533724      -8.944785667095094E-006
   4.87390029325513      -9.335522692265907E-006
   4.89149560117302      -8.922602099120341E-006
   4.90909090909091      -9.087136808644914E-006
   4.92668621700880      -8.449979620182436E-006
   4.94428152492669      -8.497472817437507E-006
   4.96187683284458      -7.749138376069864E-006
   4.97947214076246      -7.795663908860092E-006
   4.99706744868035      -7.058828600447087E-006
   5.01466275659824      -7.234316161434660E-006
   5.03225806451613      -6.632834743188011E-006
   5.04985337243402      -7.019448324513114E-006
   5.06744868035191      -6.590674183457987E-006
   5.08504398826980      -7.201810700285581E-006
   5.10263929618768      -6.949472570387908E-006
   5.12023460410557      -7.779608497137502E-006
   5.13782991202346      -7.691402958953353E-006
   5.15542521994135      -8.719568713648703E-006
   5.17302052785924      -8.766894775698009E-006
   5.19061583577713      -9.953389376139907E-006
   5.20821114369502      -1.008196650594756E-005
   5.22580645161290      -1.134974181819186E-005
   5.24340175953079      -1.147547872347648E-005
   5.26099706744868      -1.276025672229464E-005
   5.27859237536657      -1.284707115803915E-005
   5.29618768328446      -1.412808061995537E-005
   5.31378299120235      -1.416636494212356E-005
   5.33137829912024      -1.544162138024018E-005
   5.34897360703812      -1.543787250316391E-005
   5.36656891495601      -1.672041468517856E-005
   5.38416422287390      -1.669641794797006E-005
   5.40175953079179      -1.801673687395619E-005
   5.41935483870968      -1.801424306283260E-005
   5.43695014662757      -1.940827502700695E-005
   5.45454545454546      -1.943472411773615E-005
   5.47214076246334      -2.088111495211913E-005
   5.48973607038123      -2.090481945440064E-005
   5.50733137829912      -2.236657743904138E-005
   5.52492668621701      -2.234857706787573E-005
   5.54252199413490      -2.378403563350292E-005
   5.56011730205279      -2.368224358427641E-005
   5.57771260997067      -2.504775316865710E-005
   5.59530791788856      -2.481919311124297E-005
   5.61290322580645      -2.607386963327493E-005
   5.63049853372434      -2.570235853834547E-005
   5.64809384164223      -2.687633627187778E-005
   5.66568914956012      -2.642612429101355E-005
   5.68328445747801      -2.758819385034813E-005
   5.70087976539589      -2.712575772288162E-005
   5.71847507331378      -2.833884140606066E-005
   5.73607038123167      -2.792526271869650E-005
   5.75366568914956      -2.924680710536893E-005
   5.77126099706745      -2.893711863136380E-005
   5.78885630498534      -3.041731222976243E-005
   5.80645161290323      -3.025582840186520E-005
   5.82404692082111      -3.191173166073345E-005
   5.84164222873900      -3.185685683130798E-005
   5.85923753665689      -3.359277054361554E-005
   5.87683284457478      -3.353817402885132E-005
   5.89442815249267      -3.525479365725002E-005
   5.91202346041056      -3.510846426975295E-005
   5.92961876832845      -3.671873922461521E-005
   5.94721407624634      -3.640001232760950E-005
   5.96480938416422      -3.782839469033652E-005
   5.98240469208211      -3.726939515371182E-005
   6.00000000000000      -3.845628743871938E-005
   6.01759530791789      -3.761815143276726E-005
   6.03519061583578      -3.856983162565338E-005
   6.05278592375367      -3.750721043174044E-005
   6.07038123167156      -3.828885746915849E-005
   6.08797653958944      -3.705756391952426E-005
   6.10557184750733      -3.771550115371704E-005
   6.12316715542522      -3.635615343509718E-005
   6.14076246334311      -3.692481072156224E-005
   6.15835777126100      -3.546762823493997E-005
   6.17595307917889      -3.597153384983233E-005
   6.19354838709677      -3.443649282403813E-005
   6.21114369501466      -3.488760489225643E-005
   6.22873900293255      -3.327736668785308E-005
   6.24633431085044      -3.367187571757298E-005
   6.26392961876833      -3.198718100930417E-005
   6.28152492668622      -3.233154139203656E-005
   6.29912023460411      -3.058335445376141E-005
   6.31671554252199      -3.089000539523847E-005
   6.33431085043988      -2.909324539363263E-005
   6.35190615835777      -2.937788910649920E-005
   6.36950146627566      -2.755052901020993E-005
   6.38709677419355      -2.783215529361285E-005
   6.40469208211144      -2.599645071386612E-005
   6.42228739002933      -2.629814207845762E-005
   6.43988269794721      -2.447094192765309E-005
   6.45747800586510      -2.479339222679150E-005
   6.47507331378299      -2.296445910779064E-005
   6.49266862170088      -2.329209799068749E-005
   6.51026392961877      -2.144393308054814E-005
   6.52785923753666      -2.175632509159670E-005
   6.54545454545455      -1.986721122239790E-005
   6.56304985337243      -2.013999797576282E-005
   6.58064516129032      -1.818431688378153E-005
   6.59824046920821      -1.838901382945951E-005
   6.61583577712610      -1.633834850632018E-005
   6.63343108504399      -1.645873157280388E-005
   6.65102639296188      -1.432578880962251E-005
   6.66862170087977      -1.439420780273692E-005
   6.68621700879765      -1.221650238983335E-005
   6.70381231671554      -1.226946160305964E-005
   6.72140762463343      -1.008345720359430E-005
   6.73900293255132      -1.015570824790485E-005
   6.75659824046921      -7.995530216011815E-006
   6.77419354838710      -8.118807187285505E-006
   6.79178885630499      -6.014601674072772E-006
   6.80938416422287      -6.214117221973376E-006
   6.82697947214076      -4.175635204432395E-006
   6.84457478005865      -4.429745622124399E-006
   6.86217008797654      -2.413102257849063E-006
   6.87976539589443      -2.673970867040589E-006
   6.89736070381232      -6.353083556348777E-007
   6.91495601173021      -8.606779352412471E-007
   6.93255131964809       1.239798007808587E-006
   6.95014662756598       1.088819477988434E-006
   6.96774193548387       3.287862926214120E-006
   6.98533724340176       3.247103839678158E-006
   7.00293255131965       5.577844095091115E-006
   7.02052785923754       5.673169456668721E-006
   7.03812316715543       8.137340972381191E-006
   7.05571847507331       8.343446899985350E-006
   7.07331378299120       1.090468371116484E-005
   7.09090909090909       1.118753751344816E-005
   7.10850439882698       1.381353396712695E-005
   7.12609970674487       1.414359243370213E-005
   7.14369501466276       1.680633202016110E-005
   7.16129032258065       1.715854685377848E-005
   7.17888563049853       1.983517151354132E-005
   7.19648093841642       2.019094420619407E-005
   7.21407624633431       2.286887399915392E-005
   7.23167155425220       2.322893375635837E-005
   7.24926686217009       2.591927799912066E-005
   7.26686217008798       2.629511527201516E-005
   7.28445747800587       2.900308262993502E-005
   7.30205278592375       2.939633935159650E-005
   7.31964809384164       3.212020305412082E-005
   7.33724340175953       3.252758744364642E-005
   7.35483870967742       3.526166858035149E-005
   7.37243401759531       3.567651789163514E-005
   7.39002932551320       3.841211006111885E-005
   7.40762463343109       3.882472240914550E-005
   7.42521994134897       4.154886752349255E-005
   7.44281524926686       4.194305810924870E-005
   7.46041055718475       4.463654661104691E-005
   7.47800586510264       4.499358946133941E-005
   7.49560117302053       4.763772280747021E-005
   7.51319648093842       4.793998097551596E-005
   7.53079178885631       5.051713569760037E-005
   7.54838709677419       5.074830036423993E-005
   7.56598240469208       5.324265745895802E-005
   7.58357771260997       5.338902093409627E-005
   7.60117302052786       5.578891973534500E-005
   7.61876832844575       5.584630259221977E-005
   7.63636363636364       5.816202019228701E-005
   7.65395894428153       5.815423978755665E-005
   7.67155425219941       6.040930332613526E-005
   7.68914956011730       6.035503107965859E-005
   7.70674486803519       6.256342587307898E-005
   7.72434017595308       6.247388025871677E-005
   7.74193548387097       6.464347460685478E-005
   7.75953079178886       6.452445362773410E-005
   7.77712609970675       6.665807350684525E-005
   7.79472140762463       6.651048494889163E-005
   7.81231671554252       6.860621728411326E-005
   7.82991202346041       6.842984731663169E-005
   7.84750733137830       7.049402968831809E-005
   7.86510263929619       7.030226384941522E-005
   7.88269794721408       7.234907014529049E-005
   7.90029325513197       7.215538492537137E-005
   7.91788856304985       7.419633542770917E-005
   7.93548387096774       7.401112091649158E-005
   7.95307917888563       7.605434535729013E-005
   7.97067448680352       7.588423037647249E-005
   7.98826979472141       7.793360239415539E-005
   8.00586510263930       7.777995534592908E-005
   8.02346041055718       7.983181302973666E-005
   8.04105571847507       7.968675083562689E-005
   8.05865102639296       8.173149309080722E-005
   8.07624633431085       8.158726690157555E-005
   8.09384164222874       8.361745732321751E-005
   8.11143695014663       8.346687716439905E-005
   8.12903225806452       8.547424053857493E-005
   8.14662756598241       8.530847643879356E-005
   8.16422287390029       8.728240873140846E-005
   8.18181818181818       8.708952030993333E-005
   8.19941348973607       8.901518229508535E-005
   8.21700879765396       8.877716338139932E-005
   8.23460410557185       9.063460082572550E-005
   8.25219941348974       9.033704966400128E-005
   8.26979472140763       9.211873502446957E-005
   8.28739002932551       9.175826185117622E-005
   8.30498533724340       9.346173434019949E-005
   8.32258064516129       9.303690134924987E-005
   8.34017595307918       9.466048011324763E-005
   8.35777126099707       9.416985549670412E-005
   8.37536656891496       9.571122606770012E-005
   8.39296187683285       9.515206895709919E-005
   8.41055718475073       9.660684017164973E-005
   8.42815249266862       9.597696031728419E-005
   8.44574780058651       9.735143396472118E-005
   8.46334310850440       9.666746421764505E-005
   8.48093841642229       9.798187179541836E-005
   8.49853372434018       9.726461154497335E-005
   8.51612903225807       9.853884878700356E-005
   8.53372434017595       9.780759568400599E-005
   8.55131964809384       9.905915423161380E-005
   8.56891495601173       9.832973250821936E-005
   8.58651026392962       9.957118846230925E-005
   8.60410557184751       9.885175261275640E-005
   8.62170087976540       1.000799807412874E-004
   8.63929618768329       9.935067175663402E-005
   8.65689149560117       1.005362562833080E-004
   8.67448680351906       9.977232885285098E-005
   8.69208211143695       1.008969068624328E-004
   8.70967741935484       1.000844842035987E-004
   8.72727272727273       1.011368634075230E-004
   8.74486803519062       1.002672907466753E-004
   8.76246334310851       1.012401676064984E-004
   8.78005865102639       1.003075506154384E-004
   8.79765395894428       1.011951534191902E-004
   8.81524926686217       1.001926666618901E-004
   8.83284457478006       1.009829882891034E-004
   8.85043988269795       9.989453140948123E-005
   8.86803519061584       1.005723987465560E-004
   8.88563049853373       9.938710936564571E-005
   8.90322580645161       9.994468827597405E-005
   8.92082111436950       9.865765168088737E-005
   8.93841642228739       9.909202403581890E-005
   8.95601173020528       9.770263247096034E-005
   8.97360703812317       9.801474762404289E-005
   8.99120234604106       9.652586408080283E-005
   9.00879765395895       9.671967472398141E-005
   9.02639296187683       9.513634654258780E-005
   9.04398826979472       9.521742596804155E-005
   9.06158357771261       9.354710201174083E-005
   9.07917888563050       9.352484440992284E-005
   9.09677419354839       9.177919343745761E-005
   9.11436950146628       9.166683290826643E-005
   9.13196480938416       8.986102206101396E-005
   9.14956011730205       8.967509316531987E-005
   9.16715542521994       8.782739152435284E-005
   9.18475073313783       8.758731379936796E-005
   9.20234604105572       8.571847122853576E-005
   9.21994134897361       8.544192012830203E-005
   9.23753665689150       8.355457816496567E-005
   9.25513196480938       8.322336665910492E-005
   9.27272727272727       8.129129557486689E-005
   9.29032258064516       8.088100343038461E-005
   9.30791788856305       7.888305553794738E-005
   9.32551319648094       7.837536462441335E-005
   9.34310850439883       7.629651679786515E-005
   9.36070381231672       7.567952514883078E-005
   9.37829912023460       7.351175540757024E-005
   9.39589442815249       7.278163257675085E-005
   9.41348973607038       7.052752949876890E-005
   9.43108504398827       6.969416128667342E-005
   9.44868035190616       6.736597582912298E-005
   9.46627565982405       6.643713521655443E-005
   9.48387096774194       6.403876184705036E-005
   9.50146627565982       6.301690986132584E-005
   9.51906158357771       6.055092664659135E-005
   9.53665689149560       5.943911964564441E-005
   9.55425219941349       5.690984541974602E-005
   9.57184750733138       5.571390929205153E-005
   9.58944281524927       5.312952863734101E-005
   9.60703812316716       5.186091776103035E-005
   9.62463343108504       4.923638861318060E-005
   9.64222873900293       4.790785835745915E-005
   9.65982404692082       4.524808187086599E-005
   9.67741935483871       4.385835882256784E-005
   9.69501466275660       4.116053062560791E-005
   9.71260997067449       3.970674659288810E-005
   9.73020527859238       3.696884399729836E-005
   9.74780058651026       3.545032165802725E-005
   9.76539589442815       3.267386637674665E-005
   9.78299120234604       3.109513278144704E-005
   9.80058651026393       2.828945590953440E-005
   9.81818181818182       2.666845794507357E-005
   9.83577712609971       2.386170535272802E-005
   9.85337243401760       2.222660459918137E-005
   9.87096774193548       1.943731979633110E-005
   9.88856304985337       1.779860859711649E-005
   9.90615835777126       1.503313731712840E-005
   9.92375366568915       1.339448468145171E-005
   9.94134897360704       1.065492349920155E-005
   9.95894428152493       9.017525294253925E-006
   9.97653958944282       6.305076059287984E-006
   9.99413489736071       4.671052504031041E-006
   10.0117302052786       1.991294310149945E-006
   10.0293255131965       3.746807229661198E-007
   10.0469208211144      -2.250503877010389E-006
   10.0645161290323      -3.829033187180732E-006
   10.0821114369501      -6.385270632073649E-006
   10.0997067448680      -7.916251643287124E-006
   10.1173020527859      -1.039737317593900E-005
   10.1348973607038      -1.187714811836649E-005
   10.1524926686217      -1.428141748286795E-005
   10.1700879765396      -1.570957462452678E-005
   10.1876832844575      -1.803728605594287E-005
   10.2052785923754      -1.941349335347376E-005
   10.2228739002933      -2.165931662671678E-005
   10.2404692082111      -2.296827285095562E-005
   10.2580645161290      -2.511140277171429E-005
   10.2756598240469      -2.633570662540775E-005
   10.2932551319648      -2.836442923263841E-005
   10.3108504398827      -2.949663856358852E-005
   10.3284457478006      -3.140732101260679E-005
   10.3460410557185      -3.244713228103339E-005
   10.3636363636364      -3.424274254079047E-005
   10.3812316715543      -3.519615574640651E-005
   10.3988269794721      -3.688589198840564E-005
   10.4164222873900      -3.776466815791903E-005
   10.4340175953079      -3.935863429689771E-005
   10.4516129032258      -4.016582293458527E-005
   10.4692082111437      -4.166238658357432E-005
   10.4868035190616      -4.239644440314173E-005
   10.5043988269795      -4.379590273197827E-005
   10.5219941348974      -4.445891818395628E-005
   10.5395894428153      -4.576546428097087E-005
   10.5571847507331      -4.636357065880753E-005
   10.5747800586510      -4.758558499593838E-005
   10.5923753665689      -4.812922915589448E-005
   10.6099706744868      -4.927926944264263E-005
   10.6275659824047      -4.977735419383973E-005
   10.6451612903226      -5.085153682671041E-005
   10.6627565982405      -5.128810409984355E-005
   10.6803519061584      -5.226840437335365E-005
   10.6979472140762      -5.262784859590920E-005
   10.7155425219941      -5.350176332881411E-005
   10.7331378299120      -5.377463096140569E-005
   10.7507331378299      -5.453646137664614E-005
   10.7683284457478      -5.472099177985233E-005
   10.7859237536657      -5.537410429181153E-005
   10.8035190615836      -5.548027128050030E-005
   10.8211143695015      -5.604520578949760E-005
   10.8387096774194      -5.610200017297731E-005
   10.8563049853372      -5.660481603254116E-005
   10.8739002932551      -5.662821533313305E-005
   10.8914956011730      -5.707901588026817E-005
   10.9090909090909      -5.707630944268661E-005
   10.9266862170088      -5.748123645729326E-005
   10.9442815249267      -5.745783585267642E-005
   10.9618768328446      -5.782259777183250E-005
   10.9794721407625      -5.778465798163233E-005
   10.9970674486804      -5.811697998424100E-005
   11.0146627565982      -5.807399252483844E-005
   11.0322580645161      -5.838146864571760E-005
   11.0498533724340      -5.833041722352649E-005
   11.0674486803519      -5.859983757207727E-005
   11.0850439882698      -5.852333330032268E-005
   11.1026392961877      -5.873702747856011E-005
   11.1202346041056      -5.861743590728317E-005
   11.1378299120235      -5.875894501223824E-005
   11.1554252199413      -5.858101363851279E-005
   11.1730205278592      -5.863759656488929E-005
   11.1906158357771      -5.839152582504170E-005
   11.2082111436950      -5.835943061808565E-005
   11.2258064516129      -5.805220230682606E-005
   11.2434017595308      -5.794913458327562E-005
   11.2609970674487      -5.759740893137530E-005
   11.2785923753666      -5.743240261545451E-005
   11.2961876832845      -5.703905252439203E-005
   11.3137829912023      -5.681204630100041E-005
   11.3313782991202      -5.637450512384149E-005
   11.3489736070381      -5.608192936862815E-005
   11.3665689149560      -5.559565756791132E-005
   11.3841642228739      -5.523350098674111E-005
   11.4017595307918      -5.469561616183173E-005
   11.4193548387097      -5.426769015538834E-005
   11.4369501466276      -5.369700087409679E-005
   11.4545454545455      -5.323630594298409E-005
   11.4721407624633      -5.266609934274615E-005
   11.4897360703812      -5.220092394828462E-005
   11.5073313782991      -5.165497946644446E-005
   11.5249266862170      -5.120627543817115E-005
   11.5425219941349      -5.070254704531881E-005
   11.5601173020528      -5.028642579091746E-005
   11.5777126099707      -4.983875455904519E-005
   11.5953079178886      -4.946790144205543E-005
   11.6129032258065      -4.908752372449621E-005
   11.6304985337243      -4.877269288863998E-005
   11.6480938416422      -4.846789865137369E-005
   11.6656891495601      -4.821467814491212E-005
   11.6832844574780      -4.798795296037047E-005
   11.7008797653959      -4.779732212842215E-005
   11.7184750733138      -4.764762791333709E-005
   11.7360703812317      -4.751762286632345E-005
   11.7536656891496      -4.744140097165216E-005
   11.7712609970675      -4.736799718110781E-005
   11.7888563049853      -4.736016898137978E-005
   11.8064516129032      -4.733888604536831E-005
   11.8240469208211      -4.739879462417967E-005
   11.8416422287390      -4.744003072730576E-005
   11.8592375366569      -4.758634878742957E-005
   11.8768328445748      -4.770963967255582E-005
   11.8944281524927      -4.795839651358041E-005
   11.9120234604106      -4.817778350631047E-005
   11.9296187683284      -4.854038709448544E-005
   11.9472140762463      -4.886588895193214E-005
   11.9648093841642      -4.935016762098719E-005
   11.9824046920821      -4.978866357253526E-005
   12.0000000000000      -5.039985829729769E-005
   12.0175953079179      -5.095739604654684E-005
   12.0351906158358      -5.170494247209155E-005
   12.0527859237537      -5.239616330441853E-005
   12.0703812316716      -5.329430245825079E-005
   12.0879765395894      -5.413108178384219E-005
   12.1055718475073      -5.518829405622472E-005
   12.1231671554252      -5.617708149320907E-005
   12.1407624633431      -5.739683434082933E-005
   12.1583577712610      -5.853931190432672E-005
   12.1759530791789      -5.992045624638104E-005
   12.1935483870968      -6.121384326614124E-005
   12.2111436950147      -6.275136824637398E-005
   12.2287390029326      -6.419511480417855E-005
   12.2463343108504      -6.589949865257182E-005
   12.2639296187683      -6.751377425288063E-005
   12.2815249266862      -6.940507732402230E-005
   12.2991202346041      -7.120760466787596E-005
   12.3167155425220      -7.329997469344070E-005
   12.3343108504399      -7.530248140649273E-005
   12.3519061583578      -7.760389447676864E-005
   12.3695014662757      -7.981167813937068E-005
   12.3870967741935      -8.232326685124083E-005
   12.4046920821114      -8.473410613895974E-005
   12.4222873900293      -8.745223883539490E-005
   12.4398826979472      -9.007409143034233E-005
   12.4574780058651      -9.302343330634963E-005
   12.4750733137830      -9.588939288777265E-005
   12.4926686217009      -9.910093515720617E-005
   12.5102639296188      -1.022394854638282E-004
   12.5278592375367      -1.057373200674608E-004
   12.5454545454545      -1.091689014176428E-004
   12.5630498533724      -1.129677934523720E-004
   12.5806451612903      -1.167018420061461E-004
   12.5982404692082      -1.208029195087135E-004
   12.6158357771261      -1.248308235023950E-004
   12.6334310850440      -1.292198217592110E-004
   12.6510263929619      -1.335406817674260E-004
   12.6686217008798      -1.382343205181841E-004
   12.6862170087977      -1.428737995197205E-004
   12.7038123167155      -1.478981971584061E-004
   12.7214076246334      -1.528819713098045E-004
   12.7390029325513      -1.582592234124448E-004
   12.7565982404692      -1.636057468774459E-004
   12.7741935483871      -1.693471421583043E-004
   12.7917888563050      -1.750593378231902E-004
   12.8093841642229      -1.811507035928585E-004
   12.8269794721408      -1.871841966291019E-004
   12.8445747800587      -1.935523006752890E-004
   12.8621700879765      -1.998370603386457E-004
   12.8797653958944      -2.064314903275776E-004
   12.8973607038123      -2.129325145818823E-004
   12.9149560117302      -2.197255452406270E-004
   12.9325513196481      -2.264211385118526E-004
   12.9501466275660      -2.333931739762179E-004
   12.9677419354839      -2.402653958298149E-004
   12.9853372434018      -2.473959603189321E-004
   13.0029325513196      -2.544189228530705E-004
   13.0205278592375      -2.616578733747816E-004
   13.0381231671554      -2.687320877100685E-004
   13.0557184750733      -2.759398291299843E-004
   13.0733137829912      -2.829300840736379E-004
   13.0909090909091      -2.899899271767521E-004
   13.1085043988270      -2.967947894539636E-004
   13.1260997067449      -3.036159502335890E-004
   13.1436950146628      -3.101551776824363E-004
   13.1612903225806      -3.166650261918010E-004
   13.1788856304985      -3.228742700973919E-004
   13.1964809384164      -3.290138689053581E-004
   13.2140762463343      -3.348376733044903E-004
   13.2316715542522      -3.405383155425158E-004
   13.2492668621701      -3.458855928843757E-004
   13.2668621700880      -3.510461265490252E-004
   13.2844574780059      -3.558246334503608E-004
   13.3020527859238      -3.603630170152591E-004
   13.3196480938416      -3.645020294618417E-004
   13.3372434017595      -3.683568611265541E-004
   13.3548387096774      -3.718064424118278E-004
   13.3724340175953      -3.749379762089759E-004
   13.3900293255132      -3.776716680178953E-004
   13.4076246334311      -3.800681046849328E-004
   13.4252199413490      -3.820966468085613E-004
   13.4428152492669      -3.837854629756956E-004
   13.4604105571848      -3.851385752698566E-004
   13.4780058651026      -3.861420571803890E-004
   13.4956011730205      -3.868416293995876E-004
   13.5131964809384      -3.871834591873126E-004
   13.5307917888563      -3.872589451590375E-004
   13.5483870967742      -3.869740186961438E-004
   13.5659824046921      -3.864695613033145E-004
   13.5835777126100      -3.856115326530592E-004
   13.6011730205279      -3.845965029874027E-004
   13.6187683284457      -3.832556307931030E-004
   13.6363636363636      -3.818368325750154E-004
   13.6539589442815      -3.801039094804912E-004
   13.6715542521994      -3.783442479717985E-004
   13.6891495601173      -3.762654164927603E-004
   13.7067448680352      -3.742070265818454E-004
   13.7243401759531      -3.718221003249977E-004
   13.7419354838710      -3.695076951723453E-004
   13.7595307917889      -3.668625081237209E-004
   13.7771260997067      -3.643466625405728E-004
   13.7947214076246      -3.615066075415841E-004
   13.8123167155425      -3.588791475747026E-004
   13.8299120234604      -3.559644619396134E-004
   13.8475073313783      -3.533488493041013E-004
   13.8651026392962      -3.504434352281986E-004
   13.8826979472141      -3.478861927965533E-004
   13.9002932551320      -3.450138139080504E-004
   13.9178885630499      -3.425263723747989E-004
   13.9354838709677      -3.396873014826229E-004
   13.9530791788856      -3.372640180241684E-004
   13.9706744868035      -3.344466818775732E-004
   13.9882697947214      -3.320754009183853E-004
   14.0058651026393      -3.292701826018707E-004
   14.0234604105572      -3.269658307115319E-004
   14.0410557184751      -3.242294169602210E-004
   14.0586510263930      -3.220724255953872E-004
   14.0762463343109      -3.194683420892476E-004
   14.0938416422287      -3.174994477727247E-004
   14.1114369501466      -3.150482804708552E-004
   14.1290322580645      -3.132726108628760E-004
   14.1466275659824      -3.109622037138582E-004
   14.1642228739003      -3.093530848269116E-004
   14.1818181818182      -3.071385541689725E-004
   14.1994134897361      -3.056332669961708E-004
   14.2170087976540      -3.034284320842118E-004
   14.2346041055718      -3.019413963690090E-004
   14.2521994134897      -2.996998350437283E-004
   14.2697947214076      -2.982290719623297E-004
   14.2873900293255      -2.959621643554846E-004
   14.3049853372434      -2.945216144228764E-004
   14.3225806451613      -2.922392710742261E-004
   14.3401759530792      -2.908353948986700E-004
   14.3577712609971      -2.885355110904456E-004
   14.3753665689150      -2.871579955704786E-004
   14.3929618768328      -2.848153436586066E-004
   14.4105571847507      -2.834177499808371E-004
   14.4281524926686      -2.809528903006912E-004
   14.4457478005865      -2.794500340565521E-004
   14.4633431085044      -2.768076822054455E-004
   14.4809384164223      -2.751813248003846E-004
   14.4985337243402      -2.723609915308397E-004
   14.5161290322581      -2.706238466152873E-004
   14.5337243401760      -2.676450256753022E-004
   14.5513196480938      -2.658246634587466E-004
   14.5689149560117      -2.627180768924157E-004
   14.5865102639296      -2.608505120875175E-004
   14.6041055718475      -2.576522948462485E-004
   14.6217008797654      -2.557725551121164E-004
   14.6392961876833      -2.525064881600965E-004
   14.6568914956012      -2.506334933429188E-004
   14.6744868035191      -2.473196679069515E-004
   14.6920821114370      -2.454816031318833E-004
   14.7096774193548      -2.421512253036521E-004
   14.7272727272727      -2.403853504254203E-004
   14.7448680351906      -2.370773706711183E-004
   14.7624633431085      -2.354278396171394E-004
   14.7800586510264      -2.321873800414706E-004
   14.7976539589443      -2.307039853276796E-004
   14.8152492668622      -2.275784231223621E-004
   14.8328445747801      -2.262903255248125E-004
   14.8504398826979      -2.232660756368497E-004
   14.8680351906158      -2.221342737758586E-004
   14.8856304985337      -2.191654077496744E-004
   14.9032258064516      -2.181470971774085E-004
   14.9208211143695      -2.151890641780459E-004
   14.9384164222874      -2.142414774504770E-004
   14.9560117302053      -2.112476865677467E-004
   14.9736070381232      -2.103227217001774E-004
   14.9912023460411      -2.072355097317696E-004
   15.0087976539589      -2.062603134191365E-004
   15.0263929618768      -2.029910839163927E-004
   15.0439882697947      -2.019273895631330E-004
   15.0615835777126      -1.985425046280771E-004
   15.0791788856305      -1.975491132004253E-004
   15.0967741935484      -1.942583970080210E-004
   15.1143695014663      -1.935920565682540E-004
   15.1319648093842      -1.906948031915165E-004
   15.1495601173021      -1.907071079873273E-004
   15.1671554252199      -1.886109778898474E-004
   15.1847507331378      -1.897880499832146E-004
   15.2023460410557      -1.890912322503640E-004
   15.2199413489736      -1.922121063701728E-004
   15.2375366568915      -1.937571737245757E-004
   15.2551319648094      -1.993935731077102E-004
   15.2727272727273      -2.033556011566730E-004
   15.2903225806452      -2.114433572566333E-004
   15.3079178885631      -2.176069257962268E-004
   15.3255131964809      -2.278093782540662E-004
   15.3431085043988      -2.357197860742483E-004
   15.3607038123167      -2.474692398471792E-004
   15.3782991202346      -2.564278247942229E-004
   15.3958944281525      -2.688752256639022E-004
   15.4134897360704      -2.777991542587899E-004
   15.4310850439883      -2.896350667996359E-004
   15.4486803519062      -2.972951533376081E-004
   15.4662756598240      -3.076557393387588E-004
   15.4838709677419      -3.134680865808017E-004
   15.5014662756598      -3.219106825611434E-004
   15.5190615835777      -3.255143320266084E-004
   15.5366568914956      -3.317442252903979E-004
   15.5542521994135      -3.328888499864092E-004
   15.5718475073314      -3.366963533054007E-004
   15.5894428152493      -3.351953976648187E-004
   15.6070381231672      -3.364107911766408E-004
   15.6246334310850      -3.321553646438392E-004
   15.6422287390029      -3.309194758297066E-004
   15.6598240469208      -3.243810883641989E-004
   15.6774193548387      -3.213716911737877E-004
   15.6950146627566      -3.133060707694118E-004
   15.7126099706745      -3.093460360400800E-004
   15.7302052785924      -3.006319464180115E-004
   15.7478005865103      -2.966660273092113E-004
   15.7653958944282      -2.883095494430425E-004
   15.7829912023460      -2.854246798137001E-004
   15.8005865102639      -2.786059386142713E-004
   15.8181818181818      -2.780725338197119E-004
   15.8357771260997      -2.738324298774698E-004
   15.8533724340176      -2.760661160107487E-004
   15.8709677419355      -2.743000260501879E-004
   15.8885630498534      -2.790269102784557E-004
   15.9061583577713      -2.793961370618633E-004
   15.9237536656892      -2.862453375839142E-004
   15.9413489736070      -2.883477628437010E-004
   15.9589442815249      -2.969048076581324E-004
   15.9765395894428      -3.003079483596263E-004
   15.9941348973607      -3.101394494223681E-004
   16.0117302052786      -3.144067332921029E-004
   16.0293255131965      -3.251313503286486E-004
   16.0469208211144      -3.299739576694947E-004
   16.0645161290323      -3.413807636604542E-004
   16.0821114369501      -3.465934575748046E-004
   16.0997067448680      -3.584811360758233E-004
   16.1173020527859      -3.638577424366718E-004
   16.1348973607038      -3.760349121173441E-004
   16.1524926686217      -3.813897321374885E-004
   16.1700879765396      -3.936999412154104E-004
   16.1876832844575      -3.989022384698897E-004
   16.2052785923754      -4.112867281500039E-004
   16.2228739002933      -4.164190033977740E-004
   16.2404692082111      -4.291685200290706E-004
   16.2580645161290      -4.345659433870467E-004
   16.2756598240469      -4.479083964367649E-004
   16.2932551319648      -4.536670879830505E-004
   16.3108504398827      -4.676243978654896E-004
   16.3284457478006      -4.736861094593038E-004
   16.3460410557185      -4.881480935527508E-004
   16.3636363636364      -4.943331593807333E-004
   16.3812316715543      -5.090729965084841E-004
   16.3988269794721      -5.150826375803846E-004
   16.4164222873900      -5.297704883150872E-004
   16.4340175953079      -5.353852889517749E-004
   16.4516129032258      -5.501242101433760E-004
   16.4692082111437      -5.556505598471142E-004
   16.4868035190616      -5.707852369668712E-004
   16.5043988269795      -5.765194871978356E-004
   16.5219941348974      -5.923153172080305E-004
   16.5395894428153      -5.984529560725719E-004
   16.5571847507331      -6.150526054776923E-004
   16.5747800586510      -6.216322681445178E-004
   16.5923753665689      -6.389702476823543E-004
   16.6099706744868      -6.456808166965913E-004
   16.6275659824047      -6.628593864653889E-004
   16.6451612903226      -6.679621329298018E-004
   16.6627565982405      -6.829285401875858E-004
   16.6803519061584      -6.845733045281418E-004
   16.6979472140762      -6.957891619467554E-004
   16.7155425219941      -6.926465086293872E-004
   16.7331378299120      -6.990259549030495E-004
   16.7507331378299      -6.902268287915672E-004
   16.7683284457478      -6.912077954323122E-004
   16.7859237536657      -6.765412563495628E-004
   16.8035190615836      -6.725533664816241E-004
   16.8211143695015      -6.541491994978830E-004
   16.8387096774194      -6.507645551175166E-004
   16.8563049853372      -6.367417447852591E-004
   16.8739002932551      -6.418260349493914E-004
   16.8914956011730      -6.386654099233659E-004
   16.9090909090909      -6.576076573015274E-004
   16.9266862170088      -6.696054992237795E-004
   16.9442815249267      -7.056266428008234E-004
   16.9618768328446      -7.347097126449560E-004
   16.9794721407625      -7.881863319615068E-004
   16.9970674486804      -8.324944890620968E-004
   17.0146627565982      -8.971448742436271E-004
   17.0322580645161      -9.413747252616347E-004
   17.0498533724340      -9.944996656551591E-004
   17.0674486803519      -1.016986233867720E-003
   17.0850439882698      -1.042078589966729E-003
   17.1026392961877      -1.030352496057783E-003
   17.1202346041056      -1.018291213080211E-003
   17.1378299120235      -9.662675307880356E-004
   17.1554252199413      -9.142216629025059E-004
   17.1730205278592      -8.225969625263747E-004
   17.1906158357771      -7.357352021416302E-004
   17.2082111436950      -6.165975366809407E-004
   17.2258064516129      -5.198063694164170E-004
   17.2434017595308      -4.094392013523447E-004
   17.2609970674487      -3.373270885684759E-004
   17.2785923753666      -2.600031974495818E-004
   17.2961876832845      -2.289186667888980E-004
   17.3137829912023      -1.954059641622754E-004
   17.3313782991202      -2.115123760093112E-004
   17.3489736070381      -2.233673620572788E-004
   17.3665689149560      -2.837442802815853E-004
   17.3841642228739      -3.326208246865332E-004
   17.4017595307918      -4.221068616582330E-004
   17.4193548387097      -4.813618529129587E-004
   17.4369501466276      -5.626528410393282E-004
   17.4545454545455      -5.978119282239163E-004
   17.4721407624633      -6.503034690539811E-004
   17.4897360703812      -6.508719566884097E-004
   17.5073313782991      -6.705151071583166E-004
   17.5249266862170      -6.369531590784999E-004
   17.5425219941349      -6.287977884153168E-004
   17.5601173020528      -5.698614719916350E-004
   17.5777126099707      -5.474525845151543E-004
   17.5953079178886      -4.812665335509748E-004
   17.6129032258065      -4.705917132165371E-004
   17.6304985337243      -4.283881654661589E-004
   17.6480938416422      -4.552352560848953E-004
   17.6656891495601      -4.472396460748485E-004
   17.6832844574780      -5.123711136022121E-004
   17.7008797653959      -5.334419396782710E-004
   17.7184750733138      -6.298316251048329E-004
   17.7360703812317      -6.689932269721984E-004
   17.7536656891496      -7.852369897153776E-004
   17.7712609970675      -8.269904203524989E-004
   17.7888563049853      -9.479985022093405E-004
   17.8064516129032      -9.715604839475843E-004
   17.8240469208211      -1.079242619019666E-003
   17.8416422287390      -1.068374576065605E-003
   17.8592375366569      -1.165684248315999E-003
   17.8768328445748      -1.124477838406013E-003
   17.8944281524927      -1.231489328473850E-003
   17.9120234604106      -1.168494409350075E-003
   17.9296187683284      -1.324181933672212E-003
   17.9472140762463      -1.251037218569430E-003
   17.9648093841642      -1.556256987693055E-003
   17.9824046920821      -1.490310056096425E-003
   18.0000000000000      -2.583392819979314E-003
