  0.000000000000000E+000  3.431421829812307E-003
  1.759530791788856E-002  1.889670778697993E-003
  3.519061583577713E-002  1.926976473551552E-003
  5.278592375366570E-002  1.437667004795088E-003
  7.038123167155426E-002  1.472059796787092E-003
  8.797653958944282E-002  1.190386970372162E-003
  0.105571847507331       1.221840321944872E-003
  0.123167155425220       1.027735842706317E-003
  0.140762463343109       1.056686426534656E-003
  0.158357771260997       9.105021167685487E-004
  0.175953079178886       9.374096813576043E-004
  0.193548387096774       8.213577673092317E-004
  0.211143695014663       8.466427725961907E-004
  0.228739002932551       7.512934611221555E-004
  0.246334310850440       7.752735835203922E-004
  0.263929618768328       6.949847957336962E-004
  0.281524926686217       7.178616780741498E-004
  0.299120234604106       6.489984438474608E-004
  0.316715542521994       6.709246518623962E-004
  0.334310850439883       6.110130887179916E-004
  0.351906158357771       6.321037520916743E-004
  0.369501466275660       5.793809903214364E-004
  0.387096774193548       5.997203447535579E-004
  0.404692082111437       5.528801496815761E-004
  0.422287390029326       5.725189599841222E-004
  0.439882697947214       5.305347884008766E-004
  0.457478005865103       5.494608765217025E-004
  0.475073313782991       5.114909618804011E-004
  0.492668621700880       5.296693887265192E-004
  0.510263929618768       4.950270093178644E-004
  0.527859237536657       5.124098031022369E-004
  0.545454545454546       4.805197657063083E-004
  0.563049853372434       4.970451606004383E-004
  0.580645161290323       4.674119578187582E-004
  0.598240469208211       4.830008481492436E-004
  0.615835777126100       4.551786683300732E-004
  0.633431085043988       4.697275370652903E-004
  0.651026392961877       4.433274470711592E-004
  0.668621700879765       4.567666498314703E-004
  0.686217008797654       4.314848365231490E-004
  0.703812316715543       4.437695614620339E-004
  0.721407624633431       4.193541627047471E-004
  0.739002932551320       4.304524259547770E-004
  0.756598240469208       4.066937916422868E-004
  0.774193548387097       4.165870670386682E-004
  0.791788856304985       3.933160316191569E-004
  0.809384164222874       4.020114122417966E-004
  0.826979472140763       3.791733980773203E-004
  0.844574780058651       3.869168389202331E-004
  0.862170087976540       3.647662336070801E-004
  0.879765395894428       3.719619306858415E-004
  0.897360703812317       3.507830369195722E-004
  0.914956011730205       3.578146164465307E-004
  0.932551319648094       3.378887099084849E-004
  0.950146627565982       3.451277698350302E-004
  0.967741935483871       3.267366083994447E-004
  0.985337243401760       3.345464417432725E-004
   1.00293255131965       3.179740225563812E-004
   1.02052785923754       3.266792745484178E-004
   1.03812316715543       3.120271528300041E-004
   1.05571847507331       3.215766039283785E-004
   1.07331378299120       3.086127893924296E-004
   1.09090909090909       3.188153975698713E-004
   1.10850439882698       3.072853432473882E-004
   1.12609970674487       3.179351345615407E-004
   1.14369501466276       3.075737109463377E-004
   1.16129032258065       3.184471933415200E-004
   1.17888563049853       3.089728253917093E-004
   1.19648093841642       3.198192462724035E-004
   1.21407624633431       3.109111543161988E-004
   1.23167155425220       3.214160473708060E-004
   1.24926686217009       3.127175030743228E-004
   1.26686217008798       3.226023350044408E-004
   1.28445747800587       3.138390016090906E-004
   1.30205278592375       3.228901575713881E-004
   1.31964809384164       3.138344803196183E-004
   1.33724340175953       3.218745315362129E-004
   1.35483870967742       3.123357115671017E-004
   1.37243401759531       3.192228068032430E-004
   1.39002932551320       3.090528095387331E-004
   1.40762463343109       3.147020395225035E-004
   1.42521994134897       3.039009325210097E-004
   1.44281524926686       3.085496997759856E-004
   1.46041055718475       2.974913943633719E-004
   1.47800586510264       3.015546926084870E-004
   1.49560117302053       2.905972990835817E-004
   1.51319648093842       2.944304950267557E-004
   1.53079178885631       2.838863816257328E-004
   1.54838709677419       2.878020425903176E-004
   1.56598240469208       2.779422361325109E-004
   1.58357771260997       2.822056305594695E-004
   1.60117302052786       2.732424452996782E-004
   1.61876832844575       2.780135396716096E-004
   1.63636363636364       2.699649366809555E-004
   1.65395894428153       2.751929017497303E-004
   1.67155425219941       2.680129199208036E-004
   1.68914956011730       2.737231821483120E-004
   1.70674486803519       2.674624999901475E-004
   1.72434017595308       2.737548462987127E-004
   1.74193548387097       2.685309323148342E-004
   1.75953079178886       2.755705863518004E-004
   1.77712609970675       2.715737877395018E-004
   1.79472140762463       2.796135792358560E-004
   1.81231671554252       2.771524567348857E-004
   1.82991202346041       2.864540508390446E-004
   1.84750733137830       2.854115149168675E-004
   1.86510263929619       2.954374773540158E-004
   1.88269794721408       2.950473089976144E-004
   1.90029325513196       3.049600751538916E-004
   1.91788856304985       3.043131097835557E-004
   1.93548387096774       3.131592401470972E-004
   1.95307917888563       3.112369552511549E-004
   1.97067448680352       3.179486218124300E-004
   1.98826979472141       3.136025699759673E-004
   2.00586510263930       3.169398461165236E-004
   2.02346041055718       3.089756264125395E-004
   2.04105571847507       3.084040757491105E-004
   2.05865102639296       2.972839495779784E-004
   2.07624633431085       2.938639947902564E-004
   2.09384164222874       2.808036814183326E-004
   2.11143695014663       2.758457587625259E-004
   2.12903225806452       2.622202145119319E-004
   2.14662756598241       2.571741589609899E-004
   2.16422287390029       2.444929732031887E-004
   2.18181818181818       2.409511499434201E-004
   2.19941348973607       2.308936215037918E-004
   2.21700879765396       2.305996296975069E-004
   2.23460410557185       2.244666587417074E-004
   2.25219941348974       2.276828254468001E-004
   2.26979472140762       2.249105284546715E-004
   2.28739002932551       2.308166750833669E-004
   2.30498533724340       2.304930363690221E-004
   2.32258064516129       2.381205650488900E-004
   2.34017595307918       2.392173310861468E-004
   2.35777126099707       2.474942416773896E-004
   2.37536656891496       2.488824300464043E-004
   2.39296187683284       2.566287834722847E-004
   2.41055718475073       2.570535049822491E-004
   2.42815249266862       2.631175370401325E-004
   2.44574780058651       2.618947704358259E-004
   2.46334310850440       2.661394636638536E-004
   2.48093841642229       2.633714097388961E-004
   2.49853372434018       2.659632123992271E-004
   2.51612903225806       2.618451556700198E-004
   2.53372434017595       2.630114814175156E-004
   2.55131964809384       2.577891433322601E-004
   2.56891495601173       2.578028428434257E-004
   2.58651026392962       2.517674648650199E-004
   2.60410557184751       2.509537333782251E-004
   2.62170087976540       2.444582474435708E-004
   2.63929618768328       2.431663675266056E-004
   2.65689149560117       2.364837913179771E-004
   2.67448680351906       2.349196934302034E-004
   2.69208211143695       2.282180493559768E-004
   2.70967741935484       2.265355603960239E-004
   2.72727272727273       2.199492842093942E-004
   2.74486803519062       2.182730325911200E-004
   2.76246334310850       2.119082474065522E-004
   2.78005865102639       2.103316399129874E-004
   2.79765395894428       2.042558844867150E-004
   2.81524926686217       2.028090666977517E-004
   2.83284457478006       1.969756970875864E-004
   2.85043988269795       1.955670759838355E-004
   2.86803519061584       1.899025647608528E-004
   2.88563049853372       1.885083576677308E-004
   2.90322580645161       1.830194491893758E-004
   2.92082111436950       1.816773359788092E-004
   2.93841642228739       1.764238282399273E-004
   2.95601173020528       1.752233703429236E-004
   2.97360703812317       1.703210426609810E-004
   2.99120234604106       1.694175933067288E-004
   3.00879765395894       1.650749507299272E-004
   3.02639296187683       1.647459884943558E-004
   3.04398826979472       1.612196366924007E-004
   3.06158357771261       1.615989820563747E-004
   3.07917888563050       1.588986216286887E-004
   3.09677419354839       1.599342360876455E-004
   3.11436950146628       1.579616407502278E-004
   3.13196480938416       1.595210444171709E-004
   3.14956011730205       1.581056121719836E-004
   3.16715542521994       1.599849270365986E-004
   3.18475073313783       1.588787899118926E-004
   3.20234604105572       1.607783745735632E-004
   3.21994134897361       1.595983000801980E-004
   3.23753665689150       1.610884480492273E-004
   3.25513196480938       1.594743259142159E-004
   3.27272727272727       1.603250219575481E-004
   3.29032258064516       1.581237631848822E-004
   3.30791788856305       1.582300068492182E-004
   3.32551319648094       1.553697841925401E-004
   3.34310850439883       1.546938508852599E-004
   3.36070381231672       1.511649706848859E-004
   3.37829912023460       1.497325130419857E-004
   3.39589442815249       1.455968684050309E-004
   3.41348973607038       1.435362732040972E-004
   3.43108504398827       1.390369759711068E-004
   3.44868035190616       1.366949962887355E-004
   3.46627565982405       1.321744679007657E-004
   3.48387096774194       1.298420126938681E-004
   3.50146627565982       1.255478994164439E-004
   3.51906158357771       1.234463616766771E-004
   3.53665689149560       1.195733778289267E-004
   3.55425219941349       1.178769990588804E-004
   3.57184750733138       1.145736401102242E-004
   3.58944281524927       1.134067022822400E-004
   3.60703812316716       1.107565497496703E-004
   3.62463343108504       1.101170472979786E-004
   3.64222873900293       1.079822649841554E-004
   3.65982404692082       1.076582282775450E-004
   3.67741935483871       1.058418500445041E-004
   3.69501466275660       1.056753745541112E-004
   3.71260997067449       1.040424237900086E-004
   3.73020527859238       1.039217162749136E-004
   3.74780058651026       1.023777904086010E-004
   3.76539589442815       1.022303859321436E-004
   3.78299120234604       1.007234778053222E-004
   3.80058651026393       1.005287981441834E-004
   3.81818181818182       9.908506789455160E-005
   3.83577712609971       9.892410171388279E-005
   3.85337243401760       9.761718184152338E-005
   3.87096774193548       9.750682560898543E-005
   3.88856304985337       9.630245128574113E-005
   3.90615835777126       9.618024362437300E-005
   3.92375366568915       9.499014647767924E-005
   3.94134897360704       9.474821218167008E-005
   3.95894428152493       9.344132252550575E-005
   3.97653958944282       9.292718152787846E-005
   3.99413489736070       9.132141494650556E-005
   4.01173020527859       9.031465444786354E-005
   4.02932551319648       8.817251263930646E-005
   4.04692082111437       8.652155842760486E-005
   4.06451612903226       8.382494725477809E-005
   4.08211143695015       8.159667935114267E-005
   4.09970674486804       7.844590572739442E-005
   4.11730205278592       7.576598836114360E-005
   4.13489736070381       7.230499235335764E-005
   4.15249266862170       6.933757742871798E-005
   4.17008797653959       6.574757468241330E-005
   4.18768328445748       6.269641131889615E-005
   4.20527859237537       5.920765127178647E-005
   4.22287390029326       5.633237201776776E-005
   4.24046920821114       5.317874112493963E-005
   4.25806451612903       5.062646169294477E-005
   4.27565982404692       4.787656754288204E-005
   4.29325513196481       4.568392218173213E-005
   4.31085043988270       4.335396624203945E-005
   4.32844574780059       4.152338621848189E-005
   4.34604105571848       3.960041837075927E-005
   4.36363636363636       3.810674291868662E-005
   4.38123167155425       3.654876429666905E-005
   4.39882697947214       3.533231786244018E-005
   4.41642228739003       3.404827042081826E-005
   4.43401759530792       3.299394435323289E-005
   4.45161290322581       3.188699156046335E-005
   4.46920821114370       3.095086610437035E-005
   4.48680351906158       3.001298825104974E-005
   4.50439882697947       2.920987914251958E-005
   4.52199413489736       2.847100632689108E-005
   4.53958944281525       2.784726929594469E-005
   4.55718475073314       2.736719380056913E-005
   4.57478005865103       2.700041317005434E-005
   4.59237536656892       2.687486357374725E-005
   4.60997067448680       2.689147942390491E-005
   4.62756598240469       2.726311264452012E-005
   4.64516129032258       2.775542093546151E-005
   4.66275659824047       2.861426321854750E-005
   4.68035190615836       2.950373463422015E-005
   4.69794721407625       3.073888929426526E-005
   4.71554252199414       3.189524924972492E-005
   4.73313782991202       3.335704564546382E-005
   4.75073313782991       3.461486111949220E-005
   4.76832844574780       3.611870497135962E-005
   4.78592375366569       3.727434958050777E-005
   4.80351906158358       3.858747485188602E-005
   4.82111436950147       3.938072428154106E-005
   4.83870967741935       4.026985710689260E-005
   4.85630498533724       4.057599579084053E-005
   4.87390029325513       4.101165439293338E-005
   4.89149560117302       4.084455283797873E-005
   4.90909090909091       4.086181118223054E-005
   4.92668621700880       4.027586084810054E-005
   4.94428152492669       3.994382035440254E-005
   4.96187683284458       3.902498590735064E-005
   4.97947214076246       3.844512601426275E-005
   4.99706744868035       3.731610981841466E-005
   5.01466275659824       3.663981855989286E-005
   5.03225806451613       3.548198077456035E-005
   5.04985337243402       3.487688418968389E-005
   5.06744868035191       3.381233009711625E-005
   5.08504398826980       3.336329918054803E-005
   5.10263929618768       3.245900392264539E-005
   5.12023460410557       3.221832759678924E-005
   5.13782991202346       3.151629376259636E-005
   5.15542521994135       3.151404285227108E-005
   5.17302052785924       3.103434550960436E-005
   5.19061583577713       3.127672908721144E-005
   5.20821114369502       3.100781309970772E-005
   5.22580645161290       3.144663883597662E-005
   5.24340175953079       3.130372532052745E-005
   5.26099706744868       3.184787836455872E-005
   5.27859237536657       3.176206234882880E-005
   5.29618768328446       3.236029642936164E-005
   5.31378299120235       3.229405044542746E-005
   5.33137829912024       3.291857730149628E-005
   5.34897360703812       3.285536824270035E-005
   5.36656891495601       3.349905837900376E-005
   5.38416422287390       3.344473696400772E-005
   5.40175953079179       3.412813019345180E-005
   5.41935483870968       3.412858566250250E-005
   5.43695014662757       3.491549973447533E-005
   5.45454545454546       3.502073386602042E-005
   5.47214076246334       3.592542279138584E-005
   5.48973607038123       3.612717898223814E-005
   5.50733137829912       3.712688403826521E-005
   5.52492668621701       3.739293940967082E-005
   5.54252199413490       3.844531331190474E-005
   5.56011730205279       3.872555736297473E-005
   5.57771260997067       3.977021215200407E-005
   5.59530791788856       3.999441166361660E-005
   5.61290322580645       4.094553411133281E-005
   5.63049853372434       4.102990283540900E-005
   5.64809384164223       4.184676990022594E-005
   5.66568914956012       4.180878160487769E-005
   5.68328445747801       4.253844053157578E-005
   5.70087976539589       4.243830842879611E-005
   5.71847507331378       4.314858746215934E-005
   5.73607038123167       4.306254954352164E-005
   5.75366568914956       4.383591585260940E-005
   5.77126099706745       4.385494810647581E-005
   5.78885630498534       4.479022133836051E-005
   5.80645161290323       4.502637798041089E-005
   5.82404692082111       4.623536480930898E-005
   5.84164222873900       4.675188021005332E-005
   5.85923753665689       4.821450451528070E-005
   5.87683284457478       4.894119468529016E-005
   5.89442815249267       5.057058683478747E-005
   5.91202346041056       5.141310495225057E-005
   5.92961876832845       5.310739016631419E-005
   5.94721407624634       5.395907137186118E-005
   5.96480938416422       5.560547246635110E-005
   5.98240469208211       5.634920614821879E-005
   6.00000000000000       5.782408448827476E-005
   6.01759530791789       5.833661292109639E-005
   6.03519061583578       5.955016669675103E-005
   6.05278592375367       5.981098393517188E-005
   6.07038123167156       6.078782269208484E-005
   6.08797653958944       6.083213215917134E-005
   6.10557184750733       6.160721439906578E-005
   6.12316715542522       6.147049653893891E-005
   6.14076246334311       6.207765695005398E-005
   6.15835777126100       6.179326052658042E-005
   6.17595307917889       6.226319934587158E-005
   6.19354838709677       6.185999061335159E-005
   6.21114369501466       6.221577644974357E-005
   6.22873900293255       6.170595367171887E-005
   6.24633431085044       6.194552712570255E-005
   6.26392961876833       6.132435388646263E-005
   6.28152492668622       6.144716997689416E-005
   6.29912023460411       6.071977329952302E-005
   6.31671554252199       6.073375966616257E-005
   6.33431085043988       5.991195652012815E-005
   6.35190615835777       5.983128967359250E-005
   6.36950146627566       5.893333738790960E-005
   6.38709677419355       5.877959043610488E-005
   6.40469208211144       5.783381643013261E-005
   6.42228739002933       5.764350663642874E-005
   6.43988269794721       5.669006998850752E-005
   6.45747800586510       5.649055263560114E-005
   6.47507331378299       5.554084126095038E-005
   6.49266862170088       5.533251274630999E-005
   6.51026392961877       5.438084835869610E-005
   6.52785923753666       5.415145306940250E-005
   6.54545454545455       5.318058131742146E-005
   6.56304985337243       5.290629673179387E-005
   6.58064516129032       5.188628395497613E-005
   6.59824046920821       5.152795006708660E-005
   6.61583577712610       5.040817718315803E-005
   6.63343108504399       4.991173600420148E-005
   6.65102639296188       4.866319777294985E-005
   6.66862170087977       4.803201081902399E-005
   6.68621700879765       4.667673710077068E-005
   6.70381231671554       4.594057030761381E-005
   6.72140762463343       4.451486670183126E-005
   6.73900293255132       4.371433185183291E-005
   6.75659824046921       4.226388290399300E-005
   6.77419354838710       4.144854272898872E-005
   6.79178885630499       4.002840317816227E-005
   6.80938416422287       3.925912992847272E-005
   6.82697947214076       3.792816820988153E-005
   6.84457478005865       3.723452070968329E-005
   6.86217008797654       3.598393042740147E-005
   6.87976539589443       3.533561585852025E-005
   6.89736070381232       3.412903157261027E-005
   6.91495601173021       3.348488622129521E-005
   6.93255131964809       3.227791509346550E-005
   6.95014662756598       3.158935662119915E-005
   6.96774193548387       3.033004133538626E-005
   6.98533724340176       2.954004070022708E-005
   7.00293255131965       2.816562858751780E-005
   7.02052785923754       2.720603303818170E-005
   7.03812316715543       2.566269116761083E-005
   7.05571847507331       2.451440289021080E-005
   7.07331378299120       2.281101622792851E-005
   7.09090909090909       2.149212316247160E-005
   7.10850439882698       1.965142937732450E-005
   7.12609970674487       1.818709409300804E-005
   7.14369501466276       1.623678789519593E-005
   7.16129032258065       1.465576948984439E-005
   7.17888563049853       1.262604047352612E-005
   7.19648093841642       1.095846499505344E-005
   7.21407624633431       8.877984650153771E-006
   7.23167155425220       7.140662778924699E-006
   7.24926686217009       5.008034741597830E-006
   7.26686217008798       3.189332033913209E-006
   7.28445747800587       9.944335044261670E-007
   7.30205278592375      -9.131226022103152E-007
   7.31964809384164      -3.174934557587255E-006
   7.33724340175953      -5.174283778283637E-006
   7.35483870967742      -7.503651464671045E-006
   7.37243401759531      -9.594081808538195E-006
   7.39002932551320      -1.198828465486807E-005
   7.40762463343109      -1.416593585535222E-005
   7.42521994134897      -1.661816162595802E-005
   7.44281524926686      -1.887141237934267E-005
   7.46041055718475      -2.136394231492123E-005
   7.47800586510264      -2.367209119143591E-005
   7.49560117302053      -2.618213535290898E-005
   7.51319648093842      -2.852116097568108E-005
   7.53079178885631      -3.102280572995791E-005
   7.54838709677419      -3.336558225955708E-005
   7.56598240469208      -3.582981935346433E-005
   7.58357771260997      -3.814608205036943E-005
   7.60117302052786      -4.054070406609399E-005
   7.61876832844575      -4.279971115058093E-005
   7.63636363636364      -4.510710548374599E-005
   7.65395894428153      -4.731363745548035E-005
   7.67155425219941      -4.955010943535113E-005
   7.68914956011730      -5.172107797657980E-005
   7.70674486803519      -5.390146929440979E-005
   7.72434017595308      -5.605004964170730E-005
   7.74193548387097      -5.818512498584134E-005
   7.75953079178886      -6.031996049868091E-005
   7.77712609970675      -6.241531140542749E-005
   7.79472140762463      -6.453883418338785E-005
   7.81231671554252      -6.659175611737837E-005
   7.82991202346041      -6.869795836269581E-005
   7.84750733137830      -7.070687980344709E-005
   7.86510263929619      -7.280423714604213E-005
   7.88269794721408      -7.478350443580452E-005
   7.90029325513197      -7.688858472018836E-005
   7.91788856304985      -7.885529543838547E-005
   7.93548387096774      -8.098557226391278E-005
   7.95307917888563      -8.295674512263358E-005
   7.97067448680352      -8.512880028778075E-005
   7.98826979472141      -8.711980020000464E-005
   8.00586510263930      -8.934744657016318E-005
   8.02346041055718      -9.136780049150785E-005
   8.04105571847507      -9.365387481399714E-005
   8.05865102639296      -9.570131235592335E-005
   8.07624633431085      -9.804315007559653E-005
   8.09384164222874      -1.001153960307317E-004
   8.11143695014663      -1.025106611492313E-004
   8.12903225806452      -1.046045650282020E-004
   8.14662756598241      -1.070491138723679E-004
   8.16422287390029      -1.091588090636140E-004
   8.18181818181818      -1.116446289796937E-004
   8.19941348973607      -1.137586208681110E-004
   8.21700879765396      -1.162682423712501E-004
   8.23460410557185      -1.183615237155904E-004
   8.25219941348974      -1.208694305161593E-004
   8.26979472140763      -1.229230307424875E-004
   8.28739002932551      -1.254160660605159E-004
   8.30498533724340      -1.274196234586872E-004
   8.32258064516129      -1.298891412765895E-004
   8.34017595307918      -1.318347746287598E-004
   8.35777126099707      -1.342731698307335E-004
   8.37536656891496      -1.361526853332510E-004
   8.39296187683285      -1.385503963735495E-004
   8.41055718475073      -1.403507463849823E-004
   8.42815249266862      -1.426915910140287E-004
   8.44574780058651      -1.444020687094723E-004
   8.46334310850440      -1.466886906394921E-004
   8.48093841642229      -1.483223622900184E-004
   8.49853372434018      -1.505731036771451E-004
   8.51612903225807      -1.521517175166946E-004
   8.53372434017595      -1.543910057579798E-004
   8.55131964809384      -1.559410915703238E-004
   8.56891495601173      -1.581970990738234E-004
   8.58651026392962      -1.597479892334309E-004
   8.60410557184751      -1.620503612464662E-004
   8.62170087976540      -1.636259111027527E-004
   8.63929618768329      -1.659787787110554E-004
   8.65689149560117      -1.675612144349421E-004
   8.67448680351906      -1.699402300094050E-004
   8.69208211143695      -1.715082801044910E-004
   8.70967741935484      -1.738951827254545E-004
   8.72727272727273      -1.754332743260565E-004
   8.74486803519062      -1.778147726752806E-004
   8.76246334310851      -1.793118234550247E-004
   8.78005865102639      -1.816787144661230E-004
   8.79765395894428      -1.831273434918341E-004
   8.81524926686217      -1.854728208464897E-004
   8.83284457478006      -1.868619185635050E-004
   8.85043988269795      -1.891663019786889E-004
   8.86803519061584      -1.904721182860352E-004
   8.88563049853373      -1.927129436278735E-004
   8.90322580645161      -1.939156364192457E-004
   8.92082111436950      -1.960752909814038E-004
   8.93841642228739      -1.971596385734901E-004
   8.95601173020528      -1.992250021187472E-004
   8.97360703812317      -2.001802176981102E-004
   8.99120234604106      -2.021425423130192E-004
   9.00879765395895      -2.029620965426983E-004
   9.02639296187683      -2.048161868167783E-004
   9.04398826979472      -2.054959315629095E-004
   9.06158357771261      -2.072390352967649E-004
   9.07917888563050      -2.077791322514695E-004
   9.09677419354839      -2.094144157028054E-004
   9.11436950146628      -2.098214817121487E-004
   9.13196480938416      -2.113588581171097E-004
   9.14956011730205      -2.116468010969934E-004
   9.16715542521994      -2.131042641278016E-004
   9.18475073313783      -2.132963449115698E-004
   9.20234604105572      -2.147036477063289E-004
   9.21994134897361      -2.148366054876910E-004
   9.23753665689150      -2.162236701509822E-004
   9.25513196480938      -2.163027912629244E-004
   9.27272727272727      -2.176535491842760E-004
   9.29032258064516      -2.176558396743861E-004
   9.30791788856305      -2.189449800517991E-004
   9.32551319648094      -2.188446303453466E-004
   9.34310850439883      -2.200462937514855E-004
   9.36070381231672      -2.198186014775817E-004
   9.37829912023460      -2.209095498159341E-004
   9.39589442815249      -2.205342662762564E-004
   9.41348973607038      -2.214993884871481E-004
   9.43108504398827      -2.209720736843193E-004
   9.44868035190616      -2.218156116818328E-004
   9.46627565982405      -2.211407284979218E-004
   9.48387096774194      -2.218626263686843E-004
   9.50146627565982      -2.210378179261347E-004
   9.51906158357771      -2.216343168798997E-004
   9.53665689149560      -2.206558809858999E-004
   9.55425219941349      -2.211234256345277E-004
   9.57184750733138      -2.199893641814171E-004
   9.58944281524927      -2.203278202873572E-004
   9.60703812316716      -2.190425885968306E-004
   9.62463343108504      -2.192633350523634E-004
   9.64222873900293      -2.178428112159866E-004
   9.65982404692082      -2.179558756126728E-004
   9.67741935483871      -2.164014963106293E-004
   9.69501466275660      -2.164026706909412E-004
   9.71260997067449      -2.147078566408219E-004
   9.73020527859238      -2.145885231798670E-004
   9.74780058651026      -2.127442622810531E-004
   9.76539589442815      -2.124950604924203E-004
   9.78299120234604      -2.104934522365987E-004
   9.80058651026393      -2.101088307512636E-004
   9.81818181818182      -2.079528704363288E-004
   9.83577712609971      -2.074519891326831E-004
   9.85337243401760      -2.051732108599200E-004
   9.87096774193548      -2.045838983724606E-004
   9.88856304985337      -2.022021567695931E-004
   9.90615835777126      -2.015378822900408E-004
   9.92375366568915      -1.990625730727223E-004
   9.94134897360704      -1.983286992415874E-004
   9.95894428152493      -1.957626222656231E-004
   9.97653958944282      -1.949591053063142E-004
   9.99413489736071      -1.923008738322173E-004
   10.0117302052786      -1.914258457573568E-004
   10.0293255131965      -1.886814166327907E-004
   10.0469208211144      -1.877541774434819E-004
   10.0645161290323      -1.849505237303592E-004
   10.0821114369501      -1.839950252298772E-004
   10.0997067448680      -1.811519091209365E-004
   10.1173020527859      -1.801835338516822E-004
   10.1348973607038      -1.773132760704979E-004
   10.1524926686217      -1.763405351722782E-004
   10.1700879765396      -1.734489851058206E-004
   10.1876832844575      -1.724741903907732E-004
   10.2052785923754      -1.695613137597612E-004
   10.2228739002933      -1.685849504052402E-004
   10.2404692082111      -1.656625380817343E-004
   10.2580645161290      -1.647093097739172E-004
   10.2756598240469      -1.618064775469304E-004
   10.2932551319648      -1.609021081911013E-004
   10.3108504398827      -1.580416736279074E-004
   10.3284457478006      -1.572049033725222E-004
   10.3460410557185      -1.544024473122202E-004
   10.3636363636364      -1.536443473342026E-004
   10.3812316715543      -1.509070985411621E-004
   10.3988269794721      -1.502291593418360E-004
   10.4164222873900      -1.475525868059519E-004
   10.4340175953079      -1.469457626928595E-004
   10.4516129032258      -1.443261298194548E-004
   10.4692082111437      -1.437937962389367E-004
   10.4868035190616      -1.412380493683516E-004
   10.5043988269795      -1.407862745124105E-004
   10.5219941348974      -1.382997261925660E-004
   10.5395894428153      -1.379311487145154E-004
   10.5571847507331      -1.355143580513004E-004
   10.5747800586510      -1.352254712930824E-004
   10.5923753665689      -1.328711168209559E-004
   10.6099706744868      -1.326474139805351E-004
   10.6275659824047      -1.303373840484022E-004
   10.6451612903226      -1.301693193213521E-004
   10.6627565982405      -1.279126911079696E-004
   10.6803519061584      -1.278197843737669E-004
   10.6979472140762      -1.256397803840682E-004
   10.7155425219941      -1.256452763165791E-004
   10.7331378299120      -1.235654092971611E-004
   10.7507331378299      -1.236908495017353E-004
   10.7683284457478      -1.217311005450401E-004
   10.7859237536657      -1.219923906770438E-004
   10.8035190615836      -1.201636974861453E-004
   10.8211143695015      -1.205590071862162E-004
   10.8387096774194      -1.188423863744293E-004
   10.8563049853372      -1.193434426999006E-004
   10.8739002932551      -1.177168087482303E-004
   10.8914956011730      -1.183079174222663E-004
   10.9090909090909      -1.167601126808126E-004
   10.9266862170088      -1.174317351104726E-004
   10.9442815249267      -1.159551275055034E-004
   10.9618768328446      -1.166992388556896E-004
   10.9794721407625      -1.152857920113122E-004
   10.9970674486804      -1.160915477362068E-004
   11.0146627565982      -1.147262207135899E-004
   11.0322580645161      -1.155736152640414E-004
   11.0498533724340      -1.142436750859475E-004
   11.0674486803519      -1.151334217376388E-004
   11.0850439882698      -1.138505523045063E-004
   11.1026392961877      -1.147989604925539E-004
   11.1202346041056      -1.135838329061504E-004
   11.1378299120235      -1.146134448618131E-004
   11.1554252199413      -1.134912536205984E-004
   11.1730205278592      -1.146276128906816E-004
   11.1906158357771      -1.136249194804417E-004
   11.2082111436950      -1.148919536848721E-004
   11.2258064516129      -1.140236362431955E-004
   11.2434017595308      -1.154179591017752E-004
   11.2609970674487      -1.146716533745063E-004
   11.2785923753666      -1.161835665732519E-004
   11.2961876832845      -1.155568353799026E-004
   11.3137829912023      -1.171879487348365E-004
   11.3313782991202      -1.166873878823167E-004
   11.3489736070381      -1.184472127063664E-004
   11.3665689149560      -1.180866334103907E-004
   11.3841642228739      -1.199914910427350E-004
   11.4017595307918      -1.197913932655988E-004
   11.4193548387097      -1.218612909446618E-004
   11.4369501466276      -1.218295529393684E-004
   11.4545454545455      -1.240487042638494E-004
   11.4721407624633      -1.241577535003223E-004
   11.4897360703812      -1.264970354400249E-004
   11.5073313782991      -1.267200971008679E-004
   11.5249266862170      -1.291534513126355E-004
   11.5425219941349      -1.294669186318512E-004
   11.5601173020528      -1.319714230512660E-004
   11.5777126099707      -1.323547147163558E-004
   11.5953079178886      -1.349102269252567E-004
   11.6129032258065      -1.353448945943890E-004
   11.6304985337243      -1.379321310874736E-004
   11.6480938416422      -1.384006210716432E-004
   11.6656891495601      -1.410039900889387E-004
   11.6832844574780      -1.414951241225179E-004
   11.7008797653959      -1.441056264175528E-004
   11.7184750733138      -1.446141560219759E-004
   11.7360703812317      -1.472284377858706E-004
   11.7536656891496      -1.477547769386683E-004
   11.7712609970675      -1.503753197891126E-004
   11.7888563049853      -1.509261141390252E-004
   11.8064516129032      -1.535624858215271E-004
   11.8240469208211      -1.541494573663002E-004
   11.8416422287390      -1.568037290601648E-004
   11.8592375366569      -1.574155113494209E-004
   11.8768328445748      -1.600679439025886E-004
   11.8944281524927      -1.606852853527641E-004
   11.9120234604106      -1.633165830573163E-004
   11.9296187683284      -1.639224347211313E-004
   11.9472140762463      -1.665161603511711E-004
   11.9648093841642      -1.670968542548853E-004
   11.9824046920821      -1.696404140288081E-004
   12.0000000000000      -1.701866920399471E-004
   12.0175953079179      -1.726718825293880E-004
   12.0351906158358      -1.731742550743139E-004
   12.0527859237537      -1.755834781023176E-004
   12.0703812316716      -1.760207773591442E-004
   12.0879765395894      -1.783322586320231E-004
   12.1055718475073      -1.786856927823099E-004
   12.1231671554252      -1.808820084593318E-004
   12.1407624633431      -1.811379203419254E-004
   12.1583577712610      -1.832075492082513E-004
   12.1759530791789      -1.833591641602057E-004
   12.1935483870968      -1.852988206902530E-004
   12.2111436950147      -1.853500513975168E-004
   12.2287390029326      -1.871656128518651E-004
   12.2463343108504      -1.871140884410309E-004
   12.2639296187683      -1.887870475961923E-004
   12.2815249266862      -1.886075926180765E-004
   12.2991202346041      -1.901106533031356E-004
   12.3167155425220      -1.897778153230855E-004
   12.3343108504399      -1.910862104680285E-004
   12.3519061583578      -1.905789239478587E-004
   12.3695014662757      -1.916741276852802E-004
   12.3870967741935      -1.909798398993804E-004
   12.4046920821114      -1.918557178524767E-004
   12.4222873900293      -1.909783249834811E-004
   12.4398826979472      -1.916351913604545E-004
   12.4574780058651      -1.905562589056952E-004
   12.4750733137830      -1.909558686379910E-004
   12.4926686217009      -1.896309289054947E-004
   12.5102639296188      -1.897252925187652E-004
   12.5278592375367      -1.881068469804231E-004
   12.5454545454545      -1.878482695846384E-004
   12.5630498533724      -1.858920418957933E-004
   12.5806451612903      -1.852393165608938E-004
   12.5982404692082      -1.829122274579358E-004
   12.6158357771261      -1.818450621804644E-004
   12.6334310850440      -1.791452612499810E-004
   12.6510263929619      -1.776596875183672E-004
   12.6686217008798      -1.745637546184179E-004
   12.6862170087977      -1.726171297553910E-004
   12.7038123167155      -1.690736268063532E-004
   12.7214076246334      -1.666069030422307E-004
   12.7390029325513      -1.625535756084880E-004
   12.7565982404692      -1.595005359341394E-004
   12.7741935483871      -1.548713238691636E-004
   12.7917888563050      -1.511657907260792E-004
   12.8093841642229      -1.459025251283519E-004
   12.8269794721408      -1.415144252112675E-004
   12.8445747800587      -1.356372047819976E-004
   12.8621700879765      -1.306118965793097E-004
   12.8797653958944      -1.241592016288223E-004
   12.8973607038123      -1.185186484251850E-004
   12.9149560117302      -1.115022484097777E-004
   12.9325513196481      -1.052471663811007E-004
   12.9501466275660      -9.766021602222105E-005
   12.9677419354839      -9.077431649219750E-005
   12.9853372434018      -8.259394203161244E-005
   13.0029325513196      -7.504540456664985E-005
   13.0205278592375      -6.624576171808752E-005
   13.0381231671554      -5.805603150425462E-005
   13.0557184750733      -4.873294690878724E-005
   13.0733137829912      -4.003179733044410E-005
   13.0909090909091      -3.031547978672275E-005
   13.1085043988270      -2.122578563156957E-005
   13.1260997067449      -1.123404132857481E-005
   13.1436950146628      -1.865584658328784E-006
   13.1612903225806       8.297662403545735E-006
   13.1788856304985       1.785015503483486E-005
   13.1964809384164       2.809788899874208E-005
   13.2140762463343       3.775894389723900E-005
   13.2316715542522       4.801092286106537E-005
   13.2492668621701       5.767204375581181E-005
   13.2668621700880       6.778843980108290E-005
   13.2844574780059       7.730170403261360E-005
   13.3020527859238       8.713423632169464E-005
   13.3196480938416       9.635578561257970E-005
   13.3372434017595       1.057635138934761E-004
   13.3548387096774       1.145591358808042E-004
   13.3724340175953       1.234130628219678E-004
   13.3900293255132       1.316633032977630E-004
   13.4076246334311       1.398544208062534E-004
   13.4252199413490       1.474745297495262E-004
   13.4428152492669       1.549469697627764E-004
   13.4604105571848       1.618986579134755E-004
   13.4780058651026       1.686113889748451E-004
   13.4956011730205       1.748524560655585E-004
   13.5131964809384       1.807631759557507E-004
   13.5307917888563       1.862562244806021E-004
   13.5483870967742       1.913315923242344E-004
   13.5659824046921       1.960523739615615E-004
   13.5835777126100       2.002773405629155E-004
   13.6011730205279       2.042283026027901E-004
   13.6187683284457       2.076341168997930E-004
   13.6363636363636       2.108890792456231E-004
   13.6539589442815       2.135618253632171E-004
   13.6715542521994       2.161866135599690E-004
   13.6891495601173       2.181684151926549E-004
   13.7067448680352       2.201953217045823E-004
   13.7243401759531       2.215105907357285E-004
   13.7419354838710       2.229628638637537E-004
   13.7595307917889       2.236335166876191E-004
   13.7771260997067       2.245386609902056E-004
   13.7947214076246       2.245995754500629E-004
   13.8123167155425       2.250173857955812E-004
   13.8299120234604       2.245789840175652E-004
   13.8475073313783       2.246669447362226E-004
   13.8651026392962       2.238758703686570E-004
   13.8826979472141       2.237441723320847E-004
   13.9002932551320       2.226790479098952E-004
   13.9178885630499       2.223863961255818E-004
   13.9354838709677       2.210861503863232E-004
   13.9530791788856       2.206572299769330E-004
   13.9706744868035       2.191303934472429E-004
   13.9882697947214       2.185620240725838E-004
   14.0058651026393       2.167915685831492E-004
   14.0234604105572       2.160742917867180E-004
   14.0410557184751       2.140967112957167E-004
   14.0586510263930       2.133253253800822E-004
   14.0762463343109       2.112487149639200E-004
   14.0938416422287       2.105204651801289E-004
   14.1114369501466       2.084253833339172E-004
   14.1290322580645       2.078070563965035E-004
   14.1466275659824       2.057416557104294E-004
   14.1642228739003       2.052645783110954E-004
   14.1818181818182       2.032363597971098E-004
   14.1994134897361       2.028817720099585E-004
   14.2170087976540       2.008275609717419E-004
   14.2346041055718       2.004945077023589E-004
   14.2521994134897       1.983242014656791E-004
   14.2697947214076       1.979747955431690E-004
   14.2873900293255       1.956824234194877E-004
   14.3049853372434       1.953267113747930E-004
   14.3225806451613       1.929271287896280E-004
   14.3401759530792       1.925842188754875E-004
   14.3577712609971       1.900934542260880E-004
   14.3753665689150       1.897764417238715E-004
   14.3929618768328       1.871960034133347E-004
   14.4105571847507       1.868866874776821E-004
   14.4281524926686       1.841483050364229E-004
   14.4457478005865       1.837340576545645E-004
   14.4633431085044       1.807250523972179E-004
   14.4809384164223       1.801281394620528E-004
   14.4985337243402       1.767950500625850E-004
   14.5161290322581       1.759818934352073E-004
   14.5337243401760       1.723032631653028E-004
   14.5513196480938       1.712666779013141E-004
   14.5689149560117       1.672437577288474E-004
   14.5865102639296       1.659969055195542E-004
   14.6041055718475       1.616495884094271E-004
   14.6217008797654       1.602198694313574E-004
   14.6392961876833       1.555674898021548E-004
   14.6568914956012       1.539653532496052E-004
   14.6744868035191       1.490137066570018E-004
   14.6920821114370       1.472530566731417E-004
   14.7096774193548       1.420204480887945E-004
   14.7272727272727       1.401290784606301E-004
   14.7448680351906       1.346482883882123E-004
   14.7624633431085       1.326695521719047E-004
   14.7800586510264       1.269907209639986E-004
   14.7976539589443       1.249888870363376E-004
   14.8152492668622       1.191892503419125E-004
   14.8328445747801       1.172447333221863E-004
   14.8504398826979       1.113640277067658E-004
   14.8680351906158       1.094715534861626E-004
   14.8856304985337       1.034768660500779E-004
   14.9032258064516       1.015948485819300E-004
   14.9208211143695       9.543281980958081E-005
   14.9384164222874       9.350184894669517E-005
   14.9560117302053       8.710017417909673E-005
   14.9736070381232       8.503763889855592E-005
   14.9912023460411       7.829185761088517E-005
   15.0087976539589       7.595860147885759E-005
   15.0263929618768       6.866160801558006E-005
   15.0439882697947       6.582891807020915E-005
   15.0615835777126       5.782470106761269E-005
   15.0791788856305       5.445011880597894E-005
   15.0967741935484       4.577473448732898E-005
   15.1143695014663       4.196413324685372E-005
   15.1319648093842       3.278652642777072E-005
   15.1495601173021       2.878424962976987E-005
   15.1671554252199       1.942959581059019E-005
   15.1847507331378       1.567211903216370E-005
   15.2023460410557       6.735741541005188E-006
   15.2199413489736       4.133819090735041E-006
   15.2375366568915      -3.096559013542055E-006
   15.2551319648094      -3.216141319096422E-006
   15.2727272727273      -7.747940985171148E-006
   15.2903225806452      -4.698821284230326E-006
   15.3079178885631      -6.055386735783680E-006
   15.3255131964809       4.709790044669371E-007
   15.3431085043988       2.435596883683222E-006
   15.3607038123167       1.242954321555109E-005
   15.3782991202346       1.752669812668739E-005
   15.3958944281525       3.059470017563376E-005
   15.4134897360704       3.809558356401346E-005
   15.4310850439883       5.299804641841219E-005
   15.4486803519062       6.133305799243513E-005
   15.4662756598240       7.665034534535048E-005
   15.4838709677419       8.468084610050760E-005
   15.5014662756598       9.945160928653418E-005
   15.5190615835777       1.063136747799728E-004
   15.5366568914956       1.197482766991791E-004
   15.5542521994135       1.246941745964996E-004
   15.5718475073314       1.360756672118798E-004
   15.5894428152493       1.383865745842373E-004
   15.6070381231672       1.469575632988778E-004
   15.6246334310850       1.458056608926555E-004
   15.6422287390029       1.508623190094297E-004
   15.6598240469208       1.459111873927050E-004
   15.6774193548387       1.474833289391566E-004
   15.6950146627566       1.389754406017229E-004
   15.7126099706745       1.374770655154094E-004
   15.7302052785924       1.259767013373145E-004
   15.7478005865103       1.221359618749435E-004
   15.7653958944282       1.085355152119624E-004
   15.7829912023460       1.034505873541841E-004
   15.8005865102639       8.910512859177469E-005
   15.8181818181818       8.452391369133025E-005
   15.8357771260997       7.139288155250189E-005
   15.8533724340176       6.885911844933487E-005
   15.8709677419355       5.778321700314107E-005
   15.8885630498534       5.773342497820602E-005
   15.9061583577713       4.893591356458615E-005
   15.9237536656892       5.145589820672811E-005
   15.9413489736070       4.490308568733925E-005
   15.9589442815249       4.987266967903057E-005
   15.9765395894428       4.535416121054847E-005
   15.9941348973607       5.249455987665216E-005
   16.0117302052786       4.964706263354832E-005
   16.0293255131965       5.856555594751836E-005
   16.0469208211144       5.704336644570501E-005
   16.0645161290323       6.748933678330218E-005
   16.0821114369501       6.706243982650076E-005
   16.0997067448680       7.880597292830873E-005
   16.1173020527859       7.922009185275511E-005
   16.1348973607038       9.200203837520540E-005
   16.1524926686217       9.297451485972669E-005
   16.1700879765396       1.065125728777268E-004
   16.1876832844575       1.077459070657937E-004
   16.2052785923754       1.217651387643472E-004
   16.2228739002933       1.230846372883727E-004
   16.2404692082111       1.377036881583926E-004
   16.2580645161290       1.394623338529397E-004
   16.2756598240469       1.550626390146586E-004
   16.2932551319648       1.575397177024653E-004
   16.3108504398827       1.743331041128217E-004
   16.3284457478006       1.776499838612678E-004
   16.3460410557185       1.956932259945741E-004
   16.3636363636364       1.998079787279744E-004
   16.3812316715543       2.189762939298402E-004
   16.3988269794721       2.236256725613785E-004
   16.4164222873900       2.435012016114755E-004
   16.4340175953079       2.481907767215791E-004
   16.4516129032258       2.685649375068444E-004
   16.4692082111437       2.734423522152770E-004
   16.4868035190616       2.946754627054815E-004
   16.5043988269795       3.001610604142723E-004
   16.5219941348974       3.227389078334512E-004
   16.5395894428153       3.293282625171210E-004
   16.5571847507331       3.537860133060813E-004
   16.5747800586510       3.620040470830802E-004
   16.5923753665689       3.888930744221628E-004
   16.6099706744868       3.992439335359334E-004
   16.6275659824047       4.286533848613555E-004
   16.6451612903226       4.400744263859498E-004
   16.6627565982405       4.699144304346288E-004
   16.6803519061584       4.799324595387629E-004
   16.6979472140762       5.077269438195785E-004
   16.7155425219941       5.138102728130011E-004
   16.7331378299120       5.370224200420228E-004
   16.7507331378299       5.365597701308768E-004
   16.7683284457478       5.525547713353771E-004
   16.7859237536657       5.428058761958713E-004
   16.8035190615836       5.487784089993914E-004
   16.8211143695015       5.276414743488484E-004
   16.8387096774194       5.251618605227066E-004
   16.8563049853372       4.993201605369983E-004
   16.8739002932551       4.977307464868252E-004
   16.8914956011730       4.767698503725203E-004
   16.9090909090909       4.856429692568146E-004
   16.9266862170088       4.789793229234442E-004
   16.9442815249267       5.076059729102858E-004
   16.9618768328446       5.242230773996666E-004
   16.9794721407625       5.812357868076886E-004
   16.9970674486804       6.290505995811234E-004
   17.0146627565982       7.201438460171267E-004
   17.0322580645161       7.953713619066788E-004
   17.0498533724340       9.022800829878656E-004
   17.0674486803519       9.789768729573968E-004
   17.0850439882698       1.076367745315555E-003
   17.1026392961877       1.131160698582230E-003
   17.1202346041056       1.197508843019864E-003
   17.1378299120235       1.210552245586426E-003
   17.1554252199413       1.228018143371813E-003
   17.1730205278592       1.183647462074273E-003
   17.1906158357771       1.139572162924534E-003
   17.2082111436950       1.030048786317761E-003
   17.2258064516129       9.307758970107662E-004
   17.2434017595308       7.845840078424806E-004
   17.2609970674487       6.715707896448114E-004
   17.2785923753666       5.273839427336031E-004
   17.2961876832845       4.332870412019420E-004
   17.3137829912023       3.190550238008995E-004
   17.3313782991202       2.679419304816920E-004
   17.3489736070381       2.035766018369600E-004
   17.3665689149560       2.113360852650281E-004
   17.3841642228739       2.075305665033791E-004
   17.4017595307918       2.782652571181236E-004
   17.4193548387097       3.252364603878506E-004
   17.4369501466276       4.274071275920088E-004
   17.4545454545455       4.803081700588933E-004
   17.4721407624633       5.751946157710807E-004
   17.4897360703812       6.051789718734355E-004
   17.5073313782991       6.714083692673642E-004
   17.5249266862170       6.623938581669360E-004
   17.5425219941349       6.895933041620365E-004
   17.5601173020528       6.358762724875871E-004
   17.5777126099707       6.247025242466765E-004
   17.5953079178886       5.332026887996122E-004
   17.6129032258065       5.024934529709009E-004
   17.6304985337243       4.073428574031471E-004
   17.6480938416422       3.992323563015756E-004
   17.6656891495601       3.316131861836935E-004
   17.6832844574780       3.654834910598015E-004
   17.7008797653959       3.351663996249370E-004
   17.7184750733138       4.169220168407236E-004
   17.7360703812317       4.230899357232228E-004
   17.7536656891496       5.500120400804499E-004
   17.7712609970675       5.827780258453528E-004
   17.7888563049853       7.437493730372251E-004
   17.8064516129032       7.813685618203584E-004
   17.8240469208211       9.517248713729224E-004
   17.8416422287390       9.610344420704093E-004
   17.8592375366569       1.126840111828374E-003
   17.8768328445748       1.095726211441363E-003
   17.8944281524927       1.269211670826647E-003
   17.9120234604106       1.195070250932983E-003
   17.9296187683284       1.416185430586768E-003
   17.9472140762463       1.300897830664276E-003
   17.9648093841642       1.693210363208935E-003
   17.9824046920821       1.541540751315691E-003
   18.0000000000000       2.949876813280361E-003
